0.000000000000000000e+00
0.000000000000000000e+00
0.000000000000000000e+00
0.000000000000000000e+00
0.000000000000000000e+00
0.000000000000000000e+00
0.000000000000000000e+00
0.000000000000000000e+00
0.000000000000000000e+00
0.000000000000000000e+00
0.000000000000000000e+00
0.000000000000000000e+00
0.000000000000000000e+00
0.000000000000000000e+00
0.000000000000000000e+00
0.000000000000000000e+00
0.000000000000000000e+00
0.000000000000000000e+00
0.000000000000000000e+00
0.000000000000000000e+00
0.000000000000000000e+00
1.761407682397391839e-03
2.575326579887490808e-01
2.077825528073043326e+00
3.484145109989577271e+00
2.557024066684133068e+00
1.314730937269861011e+00
6.267993121625808906e-01
3.397990400915393838e-01
3.054274842100236365e-01
4.379070128612228552e-01
6.323783851412531076e-01
7.958879814258483787e-01
8.948432409427954370e-01
9.392090548576962350e-01
9.570474895006434446e-01
9.669965766314440048e-01
9.892094145068333066e-01
1.028592204334281002e+00
1.069481951989218471e+00
1.095713391886634414e+00
1.113792535539120943e+00
1.144601156827044663e+00
1.172553772092126856e+00
1.187512021121459815e+00
1.188460661481834046e+00
1.178982241358868865e+00
1.149908260409453931e+00
1.108269747348475054e+00
1.061081062341529435e+00
1.017547956237686790e+00
9.797872289055916672e-01
9.574059988768947038e-01
9.448888825584637052e-01
9.430355891509601962e-01
9.435050830612383699e-01
9.453625493987105610e-01
9.457239451935035568e-01
9.468997821343650978e-01
9.469735923438425962e-01
9.482928697742027957e-01
9.524182261188276488e-01
9.578732744892762829e-01
9.651804827687454624e-01
9.721563317933359372e-01
9.807179806775858655e-01
9.875746633062829627e-01
9.916681576952387500e-01
9.966681569002253660e-01
1.000591280262283833e+00
1.001950486282413344e+00
1.003097829732868540e+00
1.004240803131330351e+00
1.005775428486545664e+00
1.007492003729749230e+00
1.008815795973993179e+00
1.009007308834505068e+00
1.008090235569291337e+00
1.008756077056321976e+00
1.007648200524896787e+00
1.006633506405335110e+00
1.004768935305190958e+00
1.002404895084840764e+00
1.000648474581951497e+00
9.991792312357573591e-01
9.977555219166204248e-01
9.949424005986332586e-01
9.945993945280361404e-01
9.945830862769805547e-01
9.944294055261309051e-01
9.947600767795198307e-01
9.935134095838058510e-01
9.944713591683103093e-01
9.944860726342376056e-01
9.954141048238541734e-01
9.972530789268078122e-01
9.969409020431844182e-01
9.977816097510061599e-01
9.988633159036093279e-01
9.997003773815479333e-01
1.001313325597715354e+00
1.002009213985541880e+00
1.002495942081326419e+00
1.003217932370201737e+00
1.003440889077985565e+00
1.003796827176612227e+00
1.003884836450391171e+00
1.003779490750759118e+00
1.002747317954384432e+00
1.003628969687500927e+00
1.003394408759803902e+00
1.003081971979846498e+00
1.002614119834003725e+00
1.002234901883304996e+00
1.002332977225879107e+00
1.001897101349509933e+00
1.000620573275839309e+00
1.000824546243286317e+00
1.000410184127590751e+00
9.998414069280893157e-01
9.997745211616905214e-01
1.000117470526251662e+00
1.001023105935229918e+00
9.999935464502702764e-01
9.993427674111758918e-01
1.000174951030823767e+00
9.995704459501519867e-01
1.000181818230481801e+00
9.996870229138572483e-01
1.000209573450328016e+00
1.000257941587920474e+00
1.000655377108897293e+00
1.001254356496133369e+00
1.001405289912368657e+00
1.001316467183765990e+00
1.000907586190324494e+00
1.001197647462684026e+00
1.001277364321766061e+00
1.001151760590204276e+00
1.000886328516842116e+00
1.000576141288088916e+00
1.001077105770517672e+00
1.000291998808132687e+00
1.000924424906949772e+00
1.000378034932910554e+00
1.000341151038327547e+00
1.000105651465788892e+00
1.000192374961272446e+00
1.000074609243420731e+00
1.000398846538216091e+00
1.000450844683392404e+00
1.000035010086422815e+00
1.000345403319117921e+00
1.000238961022753115e+00
9.999126557243608326e-01
9.995952995271299990e-01
1.000362277737106398e+00
1.000363402086723585e+00
1.000307896892728365e+00
1.000261979362865761e+00
1.000540641477521753e+00
1.000400951403825234e+00
1.000549007211836816e+00
1.000442765115078014e+00
1.000951487414252661e+00
1.000714169150171751e+00
1.000577006676135916e+00
1.000287076725757451e+00
1.000565974776358669e+00
1.000670729794211677e+00
1.000172772692815126e+00
1.000522267186551684e+00
1.000355022807652983e+00
1.000443436698926769e+00
1.000167750816540524e+00
1.000285555700665796e+00
1.000225967679220895e+00
1.000321186532895368e+00
1.000237032657877778e+00
9.997226332034917506e-01
1.000437576069792778e+00
1.000221754406359631e+00
1.000474897026587984e+00
1.000547271992377807e+00
1.000085030269656006e+00
1.000608281315624293e+00
1.000490310309905650e+00
1.000357710850158233e+00
1.000478057095685713e+00
9.999880947172972157e-01
1.000334705688455061e+00
1.000499017930962520e+00
1.000577550981225583e+00
1.000566639411216263e+00
1.000646727451904194e+00
1.000502998855834713e+00
1.000153836083471859e+00
9.997790223583580271e-01
1.000419268547671381e+00
1.000189120100857254e+00
1.000588460241387256e+00
1.000298352658248735e+00
1.000094901239685807e+00
1.000433798235730976e+00
1.000184505587871975e+00
1.000635382010484964e+00
1.000296060083630145e+00
1.000269725346472738e+00
1.000249763236368938e+00
1.000178726096462301e+00
1.000466456854639752e+00
1.000429221875418273e+00
1.000483692881316555e+00
1.000488855072812378e+00
1.000371489747190035e+00
1.000320221657260866e+00
1.000396560172825966e+00
1.000113854987551010e+00
1.000079523178060592e+00
1.000709344676171231e+00
1.000366026338635139e+00
1.000270198103638153e+00
1.000214550551708381e+00
1.000264306641565293e+00
1.000191263065626890e+00
1.000213943540467554e+00
1.000425647171860444e+00
1.000231086348529530e+00
9.999990089314999553e-01
1.000229371944003187e+00
1.000362448773755686e+00
9.999469787674042376e-01
1.000312839013290045e+00
1.000185466936547973e+00
1.000358756101574986e+00
1.000182643712307362e+00
1.000422463682486107e+00
1.000164017594726618e+00
1.000325284751340638e+00
1.000236808920153875e+00
1.000168386973699031e+00
1.000165650217053726e+00
1.000037273927626646e+00
1.000064293959328054e+00
1.000059587936545036e+00
1.000130697472039198e+00
9.999778769494374053e-01
9.999233582779306628e-01
1.000288406486235182e+00
1.000441667625935116e+00
9.999049777103741210e-01
1.000082670192190992e+00
1.000028773258886394e+00
1.000131395189313599e+00
1.000234206496875444e+00
9.998562182642971585e-01
1.000043945746830198e+00
9.999357075567115727e-01
1.000263727775446476e+00
1.000160849260440576e+00
1.000399294375975634e+00
9.999708819740262822e-01
9.996892820058808082e-01
1.000242926495764184e+00
9.998190269580351508e-01
9.998343113423751038e-01
9.999503959918826235e-01
9.999302808329155745e-01
1.000044239239550548e+00
9.998056806104994587e-01
9.999646111842187546e-01
9.997853686890114666e-01
1.000150571593880100e+00
9.998959984937921819e-01
1.000124003814351292e+00
1.000014018041458508e+00
1.000016353846971295e+00
1.000050570370826009e+00
1.000059275535255310e+00
1.000012167610378366e+00
