0.000000000000000000e+00
0.000000000000000000e+00
0.000000000000000000e+00
0.000000000000000000e+00
0.000000000000000000e+00
0.000000000000000000e+00
0.000000000000000000e+00
0.000000000000000000e+00
0.000000000000000000e+00
0.000000000000000000e+00
0.000000000000000000e+00
0.000000000000000000e+00
0.000000000000000000e+00
0.000000000000000000e+00
0.000000000000000000e+00
0.000000000000000000e+00
0.000000000000000000e+00
0.000000000000000000e+00
0.000000000000000000e+00
0.000000000000000000e+00
0.000000000000000000e+00
0.000000000000000000e+00
0.000000000000000000e+00
0.000000000000000000e+00
0.000000000000000000e+00
0.000000000000000000e+00
2.412368758697718690e-02
4.436492585824227675e-01
1.569552294867434972e+00
2.018984868333359106e+00
1.471791328953265587e+00
8.778272170656574724e-01
4.870791647109408151e-01
3.246531713634316918e-01
2.786209548728447727e-01
2.832335958801271425e-01
2.712893856833208939e-01
2.765397195017734733e-01
2.727402273835641822e-01
2.668443662849245834e-01
2.590540341189659923e-01
2.838077420185585176e-01
3.344349223174956642e-01
4.279121021157646365e-01
5.568984225927435805e-01
7.204428221394069132e-01
9.075620744726103917e-01
1.055752058335839516e+00
1.217318872598444512e+00
1.310579019990394833e+00
1.414890262979976443e+00
1.508795265450709966e+00
1.553678714585960519e+00
1.575065108596882757e+00
1.515829534363429820e+00
1.438938610432417553e+00
1.299388726564371987e+00
1.160698883542876203e+00
1.076459463990261822e+00
9.956945684574367572e-01
9.468244931271679876e-01
9.205579819512377249e-01
8.995622927425136472e-01
8.888398603253802044e-01
8.889706631613377708e-01
8.964411787963421085e-01
9.190050300107543979e-01
9.163402416066646072e-01
9.383399821032796240e-01
9.665651292438153241e-01
9.639066340405012534e-01
9.879496535358536224e-01
9.904869753496970963e-01
1.020170549127723758e+00
1.031528462903835930e+00
1.044185510606985279e+00
1.034568834250679803e+00
1.038909958692179947e+00
1.036216990599640786e+00
1.035394353495590059e+00
1.015930889668062109e+00
1.002323816054072836e+00
9.920496388618317285e-01
9.903285987725558570e-01
9.842922951399422082e-01
9.779461203381776269e-01
9.799834061984025180e-01
9.762293516260066584e-01
9.772423130747599496e-01
9.839472164691657197e-01
9.795377912969861489e-01
9.955078462217888946e-01
9.921716727217395615e-01
1.002984181784625450e+00
1.008474306516858654e+00
1.006704162386381052e+00
1.009412119472582248e+00
1.013743913925898354e+00
1.009322575193462024e+00
1.007981251144851376e+00
1.017753355672408766e+00
1.009045374249823324e+00
1.009953722716254276e+00
1.002730632663868304e+00
9.988790600400458963e-01
9.998742632250550155e-01
9.956425482053581355e-01
9.962984045765911345e-01
9.979852002966443925e-01
9.907550668982074704e-01
9.957912820767653717e-01
9.968227729576821794e-01
9.900591126128863717e-01
1.000747745526824328e+00
1.001867268254835963e+00
9.972362179259602888e-01
9.932902463712360852e-01
9.976276235262903080e-01
9.960055362755201314e-01
1.001171011622313367e+00
9.993091689225563901e-01
1.007385506090380245e+00
9.992074374152808414e-01
1.002665270514507601e+00
9.960208163129194991e-01
1.003023873528885002e+00
1.002039230688449356e+00
1.002207842771944302e+00
1.002037567001316853e+00
1.000382732911197836e+00
1.002171363269267923e+00
1.003339612744374998e+00
1.002439538956347409e+00
9.982848928328077465e-01
1.008912341231059218e+00
9.976819995059066359e-01
9.981057645356474772e-01
1.001965397027732685e+00
1.002614956542690949e+00
9.989699331917072378e-01
9.994405906656733674e-01
9.978821000201837377e-01
1.001696926505805996e+00
1.002254196757048854e+00
9.972253460792895874e-01
1.000113918461253526e+00
9.976316571199401739e-01
1.004111565670928963e+00
1.000498063545198768e+00
1.003548045321867033e+00
9.970485663617029148e-01
1.002816829923794062e+00
9.966167480586992644e-01
9.975923270782376395e-01
9.933846532685407515e-01
9.947514813134529232e-01
9.948732850798029936e-01
1.004301171131552817e+00
9.945445717883872883e-01
9.936336954034670210e-01
9.964481856939604310e-01
1.001566026958903288e+00
9.984514776395492230e-01
9.990460351591697874e-01
9.939821239024204669e-01
9.941647039543122233e-01
1.003417574425477188e+00
9.990312750466766589e-01
9.953983145731442050e-01
1.001359165366336290e+00
9.991401486092621465e-01
1.001632198745268543e+00
9.998370596361874085e-01
9.985988899317344014e-01
1.000028654699705255e+00
9.960056348846574314e-01
1.000442463079127986e+00
1.000315377931765504e+00
1.002224783662978291e+00
1.000989441737185626e+00
9.976158323831922914e-01
9.983169423750242188e-01
1.005216766001380657e+00
9.991950555638148268e-01
9.977068829204367439e-01
1.001371090188198032e+00
1.003124673794516752e+00
1.000723587202177356e+00
1.000120037513418936e+00
9.961870557357844769e-01
1.001548960507607555e+00
1.001641513607893774e+00
9.969324722793485583e-01
1.001785244281345300e+00
9.994434817516313352e-01
9.967862724906099148e-01
9.960478207498166814e-01
9.968308902414030337e-01
9.966481288204780409e-01
9.967271941282197512e-01
9.961834652720457095e-01
9.987766327717894077e-01
1.001236872861341887e+00
9.991707885995020355e-01
9.953508646418233186e-01
9.980692463412249582e-01
9.971170565775623329e-01
9.959061417506884784e-01
9.988252662704698581e-01
1.001705526616324837e+00
9.963816506846221444e-01
9.966947228093038236e-01
9.996402835657480779e-01
9.974840839612588717e-01
9.990789069787783250e-01
9.991544954501846432e-01
1.001624934173057868e+00
9.971740924976517650e-01
9.983917390642531586e-01
9.981836942844780625e-01
9.974817263993071004e-01
1.000546415806982559e+00
9.990431605679307436e-01
9.989262968710154178e-01
9.986095794769104250e-01
9.994732193039981283e-01
9.978456538292934663e-01
9.999481833593336644e-01
9.996445913904686842e-01
9.962172456230888873e-01
1.000058176894489836e+00
9.982468438399326738e-01
9.988721973039675905e-01
9.981715205953353154e-01
9.992844548534450810e-01
9.959356728986171747e-01
1.000553163493464348e+00
1.001912464597934038e+00
9.988384018987214175e-01
9.990535419732261557e-01
1.001745686708273242e+00
9.965121271457123564e-01
9.978479619766059683e-01
1.000067651293800930e+00
9.972660325084282684e-01
9.981377342280044473e-01
9.982381555071208057e-01
9.937199736721459287e-01
9.998351736035406834e-01
9.994824109338700246e-01
9.984206329620247677e-01
9.975534685726520356e-01
1.000318857650854598e+00
9.984275674653487753e-01
9.993794042294589230e-01
9.970340693086253703e-01
1.000526067374423178e+00
9.982242094099437191e-01
9.966886083611504743e-01
9.979955664671547044e-01
9.975455885494690644e-01
9.967714150388738981e-01
1.000066801056862742e+00
9.977412085269526942e-01
9.989545913895887530e-01
9.976294385531053743e-01
9.988378726199077517e-01
9.962854424762007666e-01
9.945320467238754070e-01
9.974775578715403546e-01
9.959928095782426549e-01
9.986718572767355750e-01
9.854914499255117422e-01
9.812426383095934623e-01
9.636312363372527834e-01
9.552064482415139057e-01
9.454821981414356369e-01
9.346060492144594445e-01
9.224955600343591744e-01
9.154127413382286971e-01
