0.000000000000000000e+00
0.000000000000000000e+00
0.000000000000000000e+00
0.000000000000000000e+00
0.000000000000000000e+00
0.000000000000000000e+00
0.000000000000000000e+00
0.000000000000000000e+00
0.000000000000000000e+00
0.000000000000000000e+00
0.000000000000000000e+00
0.000000000000000000e+00
0.000000000000000000e+00
0.000000000000000000e+00
0.000000000000000000e+00
0.000000000000000000e+00
0.000000000000000000e+00
0.000000000000000000e+00
0.000000000000000000e+00
0.000000000000000000e+00
1.669290543051035459e-05
3.554327561465010082e-02
1.052016527665281753e+00
3.451537141547068366e+00
3.419118163321300585e+00
1.896182532896601103e+00
8.669161753544003535e-01
3.940172504097319561e-01
2.054877479121514083e-01
1.238960611249787930e-01
1.861066726916969227e-01
7.037278439740856095e-01
1.484110596367112178e+00
1.745566615294773971e+00
1.470081555990873090e+00
1.073799101661560229e+00
8.108710618748636856e-01
6.914736836751075311e-01
6.791397501079150523e-01
7.324019211527768025e-01
8.132622193783184406e-01
9.044061122085707005e-01
9.875205105283508811e-01
1.071761356581880875e+00
1.128852835100777829e+00
1.179884281079485842e+00
1.205381520766928283e+00
1.210399712111809523e+00
1.197867303082720936e+00
1.171409775973347500e+00
1.129228084895885553e+00
1.091936465562368896e+00
1.058149152182074060e+00
1.027508417486740822e+00
1.003809393657566718e+00
9.863361996118337194e-01
9.624663065592112821e-01
9.501993387045523098e-01
9.401184555427470890e-01
9.318237049596502786e-01
9.324325897271975583e-01
9.308269003756932669e-01
9.345900266078395191e-01
9.447627841099371926e-01
9.532227762216087807e-01
9.665338448230116342e-01
9.764708974777636108e-01
9.827150454441072602e-01
9.926027305069163864e-01
1.001114725483021939e+00
1.007831603944790100e+00
1.011771641577383640e+00
1.014399500210717786e+00
1.013898853334126660e+00
1.016371513300645901e+00
1.017980419013584825e+00
1.015484865162051609e+00
1.015535258815355224e+00
1.012831668378638916e+00
1.007717133670543053e+00
1.008299554056686365e+00
1.003675117968497066e+00
1.003317301747345569e+00
1.000605483709047228e+00
1.002483590049278561e+00
9.990364203987653902e-01
9.989316448804304027e-01
9.985514164599222919e-01
9.973768753299311340e-01
9.983501138267261155e-01
9.962185113052846042e-01
9.976989924353926176e-01
9.959988375388959536e-01
9.951965934053914609e-01
9.973376625692617070e-01
9.946068269272846374e-01
9.961272109611736258e-01
9.965481457969308510e-01
9.965037458372026924e-01
9.972824916616512825e-01
9.973565198683415067e-01
9.994216307392169707e-01
9.968489921784415841e-01
9.987691245494632053e-01
1.000887808757972008e+00
1.000696379289387927e+00
1.001179415261290062e+00
1.001630452589399090e+00
1.001025250384509846e+00
1.000574012371148402e+00
1.000418120999031713e+00
1.001267203135198347e+00
1.000914709644726619e+00
1.001713265210054216e+00
1.000591970988897295e+00
9.998651439109985661e-01
1.000227513341923835e+00
1.001729214100676391e+00
9.997481282373006373e-01
9.999736101997453996e-01
1.000077613204818139e+00
9.998445285467628674e-01
9.998116359992003099e-01
1.000163014861888966e+00
9.983321361232297964e-01
9.992696902566592376e-01
9.999972564009954601e-01
9.999571807217110253e-01
9.991232875577362726e-01
9.991342537921047429e-01
9.995697493737326633e-01
9.987647004010070662e-01
9.994898196679812274e-01
1.000180425298365705e+00
9.996241850201672552e-01
9.999288434602182640e-01
1.000505938671171435e+00
1.000937891115755374e+00
1.001097640070617079e+00
1.000624982419558107e+00
9.997874157133368467e-01
1.001163602877185754e+00
1.000965392512962904e+00
1.000605600133587902e+00
1.000221351468590925e+00
1.000069952603782841e+00
1.001169533957241731e+00
1.001029974555393887e+00
1.001642081510431881e+00
1.000354456619587884e+00
9.996339121003818828e-01
1.000740821912889711e+00
1.000130162333856765e+00
9.998988887126315506e-01
1.000072445471258842e+00
1.001170116632899232e+00
9.996468667383978657e-01
9.998968212897417773e-01
1.000267864281615626e+00
1.000810005500891275e+00
1.000398937148097023e+00
1.000472760474328204e+00
1.000543137343583577e+00
1.000397309582839567e+00
1.000693433062090909e+00
9.997471298811009266e-01
9.997259950604239220e-01
9.995328102109843904e-01
1.000569228585822090e+00
1.000625886774942908e+00
9.999396953031906010e-01
1.000472225544488447e+00
1.000802617837138087e+00
1.000003041110426372e+00
1.000824760452071693e+00
1.000504698481588184e+00
1.000046080934320125e+00
9.999335661172044087e-01
1.000640994607161716e+00
1.000866237412066262e+00
1.000820912727593992e+00
9.997198502312403257e-01
1.000898210451873327e+00
1.000423528163833620e+00
9.997772455804673220e-01
9.998238465879372150e-01
9.996697446205705662e-01
1.001194617271550458e+00
1.000356485383575356e+00
1.000621716286395957e+00
1.000515555178088434e+00
1.000847609614414102e+00
9.998143562731512946e-01
1.000147865516229251e+00
1.000440037824805728e+00
1.000331346623648532e+00
9.999833282521177757e-01
1.000416353963556215e+00
1.001207148707058847e+00
1.000188831037119863e+00
1.000359783356106202e+00
9.997358539168976765e-01
1.000829816603535649e+00
1.000260706353260032e+00
1.000973917836068150e+00
1.000501901886792666e+00
1.000514819122756860e+00
1.001233576498170130e+00
1.000549186985083772e+00
1.000135315509652179e+00
1.000731145554459856e+00
1.000213329667554385e+00
9.999755681701435472e-01
1.000735867168859539e+00
1.000545817625063227e+00
1.000121286059728831e+00
1.000422640834368382e+00
1.000324956210224103e+00
1.000431406964691128e+00
9.998981818197570925e-01
9.999457783550970147e-01
1.000500071410873160e+00
1.000797806699198267e+00
1.000044292952399827e+00
1.000339216431906930e+00
9.999661708610733113e-01
9.999262852899323262e-01
1.000308445753246955e+00
1.000693201159639889e+00
9.997554638503730606e-01
1.000521838305570066e+00
1.000713203671834917e+00
1.000718239559681422e+00
1.000329232175025673e+00
1.000348872232424302e+00
1.000250503313373285e+00
1.000728578782629441e+00
1.000345514657478896e+00
1.000168785775836566e+00
1.000983491307121387e+00
1.000076625860772506e+00
1.000419181487901987e+00
1.000852857055615885e+00
1.000537420094932406e+00
1.000538724750967834e+00
1.000229730398025207e+00
1.000839016565212125e+00
1.000184199829917908e+00
1.000234912299900136e+00
1.000268233869574530e+00
9.997637295517807221e-01
1.000039959130732292e+00
1.000443558196725480e+00
1.000205220808189743e+00
9.999056059756304959e-01
1.000173985226442630e+00
1.000196309686800733e+00
1.000437856676316351e+00
1.000532648378935630e+00
1.000027151028735739e+00
1.000371656526062525e+00
9.999947953656980193e-01
1.000566984462458731e+00
1.000233725412972063e+00
1.000200540777677505e+00
1.000543009666796657e+00
1.000623177528051189e+00
1.000087509881713022e+00
1.000402742077395324e+00
9.995893744231896250e-01
1.000000575062717889e+00
9.987494519114089586e-01
9.898296869167640955e-01
9.789811259785566877e-01
9.684808710287775568e-01
9.580641021805796909e-01
9.472730597897455196e-01
9.361530800891013637e-01
9.255034491878753045e-01
9.158150469542577499e-01
