0.000000000000000000e+00
0.000000000000000000e+00
0.000000000000000000e+00
0.000000000000000000e+00
0.000000000000000000e+00
0.000000000000000000e+00
0.000000000000000000e+00
0.000000000000000000e+00
0.000000000000000000e+00
0.000000000000000000e+00
0.000000000000000000e+00
0.000000000000000000e+00
0.000000000000000000e+00
0.000000000000000000e+00
0.000000000000000000e+00
0.000000000000000000e+00
0.000000000000000000e+00
0.000000000000000000e+00
0.000000000000000000e+00
0.000000000000000000e+00
0.000000000000000000e+00
0.000000000000000000e+00
0.000000000000000000e+00
3.546873720693244098e-03
5.942607134326794577e-02
2.516137042133441137e-01
5.477411224891716168e-01
8.615831888101064262e-01
1.145783456365432329e+00
1.303168120846531552e+00
1.357659573083811910e+00
1.315331434523160148e+00
1.222657460488841386e+00
1.143500100711763334e+00
1.036337439771808810e+00
9.342735645576240033e-01
8.287611881057598273e-01
7.850791998423226614e-01
7.686861984376252011e-01
7.637631188845249719e-01
7.354398029466389097e-01
7.618475783008734625e-01
7.835579416427103094e-01
8.297334677508823031e-01
8.426378273901574678e-01
8.712986710083663322e-01
8.847726611727594337e-01
9.265575569446354853e-01
9.611552425868868932e-01
1.006704488634801775e+00
1.064989135862393077e+00
1.107030308424284515e+00
1.138392792292725497e+00
1.160174843891084162e+00
1.177627792644075688e+00
1.170854833816944884e+00
1.159232919238951665e+00
1.133546163032967069e+00
1.101933552034499719e+00
1.082767591308209987e+00
1.056481538295101386e+00
1.043340544638912126e+00
1.030836058488637796e+00
1.026522364492500117e+00
1.015931342397056847e+00
9.960107108761019346e-01
1.003119538971797287e+00
9.918576816920373629e-01
9.847763606500166134e-01
9.795247348666477061e-01
9.826158003947134123e-01
9.785770102632938006e-01
9.831539834320428550e-01
9.863578536504735705e-01
9.936808290478610362e-01
1.001484240181496954e+00
9.941837926859073971e-01
1.005000645949061910e+00
1.004439471189518374e+00
1.005105509610945136e+00
1.003137486309137794e+00
1.000466090418622667e+00
1.006899771157733658e+00
1.008303659873826419e+00
9.976917278807605483e-01
1.005379401231145220e+00
1.001408994073906378e+00
9.990263397328724704e-01
9.987988309726424374e-01
9.914326583730627140e-01
9.984852531825835209e-01
9.950682155920655969e-01
9.908658207219943614e-01
9.904594880546792046e-01
9.942588659945051921e-01
9.952068802295769290e-01
9.961679999440941069e-01
9.960453513507045997e-01
9.941920010874772951e-01
9.981895615530592680e-01
9.930118873377854483e-01
1.001234500579551545e+00
9.949443142077842861e-01
9.903454016457803322e-01
9.983537845936619748e-01
9.977021583720532272e-01
9.956988961638394420e-01
9.944804596903435989e-01
9.954410673795310860e-01
9.983162875197966191e-01
9.952840289509790050e-01
9.971838890454929327e-01
9.909161197054991987e-01
9.974475748255432483e-01
9.990313247781105188e-01
1.000944230563127979e+00
9.993322565080658970e-01
9.983692767276758362e-01
9.970026270175907923e-01
9.986969764554020079e-01
9.984298526667417795e-01
9.990349739479396085e-01
9.921422697203030605e-01
1.001930342077393732e+00
9.964964398120299549e-01
9.995199573183271013e-01
9.976780663824900142e-01
9.992084800341408668e-01
9.968926969807423433e-01
9.966624471208741509e-01
9.986107136191699762e-01
9.933189229147095789e-01
1.000552632421064736e+00
1.000256198189489076e+00
9.958510884131001051e-01
9.948248375095556373e-01
9.913531736695385677e-01
9.975298327501094242e-01
9.933146995175612393e-01
9.965722979929892977e-01
1.001344841016782228e+00
9.994257267174532222e-01
9.979745107559119255e-01
9.961060254563526284e-01
9.997290538792640291e-01
9.997348193626836022e-01
1.002476910299367141e+00
9.989915153044679474e-01
1.000436867760319259e+00
9.990462915611800776e-01
9.993021743985294192e-01
9.983367080169939234e-01
9.988977569762426123e-01
9.953729778530611139e-01
9.999415962320148399e-01
1.000588151886912858e+00
9.960974306205825357e-01
9.961828110653719870e-01
9.975165196200128648e-01
9.945599856046122289e-01
9.980356354677171193e-01
9.955894169108956415e-01
9.982740031008603410e-01
9.963984346623080413e-01
1.000869200191656816e+00
9.948676056225099762e-01
9.978527645073431707e-01
9.969657607330028037e-01
9.954375175750119764e-01
9.951857534787125203e-01
9.939172899168037256e-01
9.929471926435058382e-01
9.986030110929257075e-01
9.979830087612113765e-01
9.974165582597427360e-01
9.972300228824821922e-01
1.002060913593326053e+00
1.000773592987548977e+00
9.987402076664960715e-01
9.993011679953011095e-01
9.961711258273094893e-01
9.965547624658501746e-01
1.000278621003163781e+00
9.972726842794934488e-01
1.001690996099515729e+00
9.975423453480504188e-01
9.971925711014153482e-01
9.987057078462502346e-01
9.990715297870100819e-01
9.972894865079179327e-01
9.973052326135686263e-01
9.956017892887305543e-01
9.977446785169979959e-01
1.000134427790570157e+00
9.978952798751838937e-01
9.979695433390606274e-01
9.991228371957450172e-01
9.938628572081161794e-01
9.967752212368722331e-01
9.982141300016836860e-01
9.969381371604246755e-01
9.979110630011885918e-01
9.988941422765746925e-01
9.969041603838608712e-01
9.955585951836968261e-01
9.965187590988884292e-01
9.965722193417114738e-01
9.953594454857825902e-01
9.967757206926477487e-01
9.972645450984867210e-01
9.965938075082768632e-01
9.997520201399543449e-01
9.965435232396584464e-01
9.963143808724360673e-01
9.945671364749021359e-01
9.972387006456905345e-01
9.950780832362455808e-01
9.973939990834548297e-01
9.996388881270557025e-01
9.944911536973811694e-01
9.968623896479493762e-01
9.959349491370704799e-01
9.957648952142836851e-01
9.968460212987306779e-01
9.966879953802156855e-01
9.956176012247793805e-01
9.949151075073743300e-01
9.940231056454018610e-01
9.929940365034848337e-01
9.951849720543061162e-01
9.950979338925743933e-01
9.965605809002913151e-01
9.965955869949117973e-01
9.950219184417158358e-01
9.988857365428899238e-01
9.957712443053692297e-01
9.956304869070494723e-01
9.978130221399902355e-01
9.964781594473727244e-01
9.967809069771152997e-01
9.955984559834227809e-01
9.983296487024312382e-01
9.980434044574075791e-01
9.966900062247145975e-01
9.981194660244633310e-01
9.934604592568838655e-01
9.983620193308221369e-01
9.988228294588176182e-01
9.978597163923624835e-01
9.987184692783095397e-01
9.975418775568598573e-01
9.988431905328549743e-01
9.984624758751665663e-01
9.942476121093482000e-01
9.968527333335862606e-01
9.981246934166296825e-01
9.991396861664147977e-01
9.990529718224169242e-01
9.967527750618331295e-01
9.989246624581814560e-01
1.000313683455056779e+00
9.992744503149915136e-01
9.996240722547922175e-01
9.978249476429099651e-01
9.978710865921603945e-01
9.975400912966836398e-01
9.996075103499639791e-01
9.970426540162284912e-01
9.988932976326232449e-01
9.952078755430584511e-01
9.980584279958254479e-01
9.993391541750646923e-01
9.972889369210237165e-01
9.993523471546417181e-01
9.978083153282083506e-01
9.982572766600731340e-01
9.980910307362323985e-01
9.973067528770370727e-01
9.967711958321683330e-01
9.964949285005184620e-01
