0.000000000000000000e+00
0.000000000000000000e+00
0.000000000000000000e+00
0.000000000000000000e+00
0.000000000000000000e+00
0.000000000000000000e+00
0.000000000000000000e+00
0.000000000000000000e+00
0.000000000000000000e+00
0.000000000000000000e+00
0.000000000000000000e+00
0.000000000000000000e+00
0.000000000000000000e+00
0.000000000000000000e+00
0.000000000000000000e+00
0.000000000000000000e+00
0.000000000000000000e+00
0.000000000000000000e+00
0.000000000000000000e+00
0.000000000000000000e+00
0.000000000000000000e+00
1.638205248410140981e-03
2.539875954121799673e-01
2.078358716641144355e+00
3.486032296739866698e+00
2.535241491856432994e+00
1.291641830344480990e+00
6.255260017628430091e-01
4.504378158388858133e-01
5.701963282498135888e-01
7.688681395701383314e-01
8.864876501854347390e-01
9.140182261123690477e-01
8.926607992777688683e-01
8.594607982375199740e-01
8.309016220827597499e-01
8.243360631826772700e-01
8.398557775024441119e-01
8.609419462932879075e-01
8.933363099268347707e-01
9.462788861237295679e-01
1.011260651530769161e+00
1.074881425894905762e+00
1.128898554074117433e+00
1.170731582142710003e+00
1.190855359875641284e+00
1.193669446136464529e+00
1.171787286732007827e+00
1.135034349367603168e+00
1.097157629816106317e+00
1.056879575312941855e+00
1.024307262443276301e+00
9.945631497441060898e-01
9.771212486626941196e-01
9.676835987662938399e-01
9.636188543210983948e-01
9.616779263768397978e-01
9.590850546724548620e-01
9.602813361093819333e-01
9.630188366583901649e-01
9.640333135738625714e-01
9.668055151140693138e-01
9.731469374418587615e-01
9.801822569125082651e-01
9.820325569426737733e-01
9.899549043513050650e-01
9.944825340654067647e-01
9.972193215378929443e-01
1.000141448349670670e+00
1.003064616396746933e+00
1.001914393296995165e+00
1.003034648053072520e+00
1.002840886060960557e+00
1.002901132012317564e+00
1.003122497438356797e+00
1.003325797259536856e+00
1.002564996127374819e+00
1.003787320422425466e+00
1.003165627026809448e+00
1.005341702816665794e+00
1.004627953529311002e+00
1.005911623267589983e+00
1.005285102073077530e+00
1.004948704619064381e+00
1.005347685067728314e+00
1.003573454847230151e+00
1.002670108132601268e+00
1.001773662535108356e+00
1.000340975578835723e+00
9.999645303601869539e-01
9.983951004144370200e-01
9.977022617185691278e-01
9.957486834002166054e-01
9.943150177019709490e-01
9.948555622973300760e-01
9.951705686217603430e-01
9.946741007849720928e-01
9.951327804390286413e-01
9.951980093219624512e-01
9.959065871902486045e-01
9.968567478608550969e-01
9.982295636880750278e-01
9.989610959855126371e-01
1.000824851924402736e+00
1.001377132881679843e+00
1.002350241360010719e+00
1.001934186156302697e+00
1.003514134503350475e+00
1.003062305041093172e+00
1.001879281387528353e+00
1.002375504459116273e+00
1.002141057492802911e+00
1.000999064941053396e+00
1.000834555823562511e+00
1.001328832500598010e+00
1.000304775119976952e+00
1.000899440280826891e+00
9.998564795128039862e-01
9.996535085868435422e-01
9.998534570460486659e-01
9.996569935361920844e-01
9.989914254596640175e-01
9.994666921067464349e-01
9.986251280519125029e-01
9.994750472997154800e-01
9.990775276009099537e-01
9.995299966534310077e-01
9.996208871809488805e-01
9.998301244583501779e-01
9.995823011280503545e-01
1.000331379633727868e+00
1.000066157798049415e+00
9.999761935588596939e-01
9.998068412740785949e-01
9.995792035475953297e-01
1.000697093407134641e+00
1.000367487485783080e+00
1.000880136738355297e+00
9.999639893044920402e-01
1.000848025896792226e+00
1.000661454156939412e+00
1.000646218852621949e+00
9.999987733297142078e-01
1.000886791005678456e+00
1.000482730552479271e+00
1.000305586752725961e+00
1.000169258729790123e+00
9.998513286308458037e-01
9.992878386159631532e-01
9.998554920678234259e-01
9.995421847320956621e-01
1.000229683341771647e+00
1.000028686974634429e+00
9.998655671214726759e-01
9.998155125345115080e-01
1.000197586196663435e+00
1.000792808643388598e+00
9.993267622664081529e-01
1.000209979725952936e+00
1.000226009393063276e+00
1.000095521867897963e+00
1.000224120813802520e+00
9.999383699133463921e-01
9.997408551400033261e-01
1.000405864462392103e+00
1.000260001819256894e+00
1.000275865156339705e+00
9.997474959732489674e-01
1.000413551100838516e+00
1.000694311491192146e+00
1.000123393827177853e+00
9.991167151454048989e-01
1.000024177177965656e+00
9.996069678884532683e-01
1.000044326438063180e+00
9.998892639252696668e-01
9.996959624090445695e-01
1.000073367656991952e+00
1.000574170336813395e+00
1.000745430980810147e+00
1.000020015156882769e+00
1.000015624155360383e+00
1.000020474854571795e+00
1.000204143528650835e+00
9.996069412510787400e-01
1.000023898243216580e+00
1.000166659707825811e+00
9.998461137968099877e-01
1.000054624975868167e+00
1.000016753983551610e+00
9.994226764922353734e-01
9.993672810497056247e-01
9.997874915232081161e-01
1.000252481254047643e+00
1.000185443578217592e+00
9.997908495698945019e-01
1.000572913387104412e+00
1.000602762477790009e+00
1.000330237959302648e+00
1.000275495564517447e+00
1.000078949091713021e+00
1.000156095409151291e+00
1.000057435119145355e+00
9.999221612191266928e-01
9.999553208239834179e-01
1.000346151325564925e+00
1.000215737680384631e+00
1.000020256114584560e+00
9.996302600990963905e-01
1.000032000458628501e+00
9.998485175301208283e-01
1.000031436848768163e+00
1.000023269954510186e+00
9.999096610437785415e-01
9.998005531661857681e-01
1.000332198877144307e+00
1.000049385102649957e+00
1.000477996705381400e+00
9.999472596529391799e-01
9.998957677000472888e-01
9.999708312721955483e-01
1.000656124300283167e+00
1.000179623551709085e+00
1.000511924812212294e+00
1.000323541759383206e+00
1.000193970797856435e+00
1.000259822712866509e+00
9.997860170909929067e-01
1.000375240963671919e+00
9.999692310266835582e-01
1.000286368087728084e+00
1.000120927856746889e+00
1.000257588789945418e+00
1.000364554150202867e+00
1.000466768815410967e+00
9.999038851547907836e-01
9.997955727614612487e-01
9.999038264953273858e-01
1.000282314917468440e+00
1.000067696034636411e+00
1.000124724232238860e+00
1.000018259201644666e+00
1.000401336728703461e+00
1.000361427561718752e+00
1.000389937392801354e+00
1.000014430362273110e+00
1.000131506942833592e+00
9.998293360357830561e-01
1.000403271428982110e+00
9.998812579541883627e-01
1.000280587213928651e+00
1.000267169457585537e+00
1.000385335512881557e+00
1.000196737633619382e+00
1.000487319369096628e+00
9.997770813334322382e-01
1.000448760303340734e+00
1.000628564227603379e+00
1.000082624784597085e+00
1.000109276786155021e+00
9.999968261269800429e-01
9.999754595195967655e-01
1.000153967823812717e+00
1.000130640002449445e+00
1.000068967916712293e+00
9.999128715906286935e-01
1.000162191911826204e+00
9.996535366520206134e-01
1.000276398199082983e+00
9.999458247763585161e-01
1.000017679555121441e+00
1.000117663603127038e+00
1.000428505747951835e+00
1.000674077675828055e+00
1.000315190172168744e+00
9.999020155780140584e-01
1.000358409935452997e+00
1.000209653875232974e+00
9.998319843634244641e-01
1.000389547936784806e+00
