0.000000000000000000e+00
0.000000000000000000e+00
0.000000000000000000e+00
0.000000000000000000e+00
0.000000000000000000e+00
0.000000000000000000e+00
0.000000000000000000e+00
0.000000000000000000e+00
0.000000000000000000e+00
0.000000000000000000e+00
0.000000000000000000e+00
0.000000000000000000e+00
0.000000000000000000e+00
0.000000000000000000e+00
0.000000000000000000e+00
0.000000000000000000e+00
0.000000000000000000e+00
0.000000000000000000e+00
0.000000000000000000e+00
0.000000000000000000e+00
0.000000000000000000e+00
1.810280417694821705e-03
2.550701176717591334e-01
2.067913335817956000e+00
3.491485188350883728e+00
2.523700803030169304e+00
1.285760676888719090e+00
6.226730601292055356e-01
4.494449225610238075e-01
5.719060792153755068e-01
7.644192608484611240e-01
8.847067443816742927e-01
9.167165085160524640e-01
8.930356352460597780e-01
8.586488273095784773e-01
8.303485094642134579e-01
8.263135328188990769e-01
8.383424745461134364e-01
8.599409071205812438e-01
8.936134184153439186e-01
9.446664923477469111e-01
1.009909698733669980e+00
1.074130310903952168e+00
1.130986900347063173e+00
1.168545726184387457e+00
1.192331800177485190e+00
1.192760767320682147e+00
1.170707598452655596e+00
1.133493874170559579e+00
1.094120042095773515e+00
1.054035336703624592e+00
1.022390513778401067e+00
9.948805145409110873e-01
9.786492237832488117e-01
9.693921033295717082e-01
9.629012253720572456e-01
9.608567244445643807e-01
9.594040268973158536e-01
9.590916054710053595e-01
9.619141527317935925e-01
9.617390660439646410e-01
9.658193801136756296e-01
9.715724747125316085e-01
9.775623710761809360e-01
9.836427196471648760e-01
9.892293429714673625e-01
9.932585599657941522e-01
9.975943925328508710e-01
9.988414442688717809e-01
1.000005247605105785e+00
1.003898794645718295e+00
1.004377729556185983e+00
1.001957084480815441e+00
1.001901113227128937e+00
1.001516331692938522e+00
1.002534334006971228e+00
1.003226850495728462e+00
1.004808940243662629e+00
1.004657595265968650e+00
1.004554309821113156e+00
1.004732815454962180e+00
1.005414274155498999e+00
1.004448945557691930e+00
1.005393090459608452e+00
1.003756086909923129e+00
1.003186940431443075e+00
1.001776356189198358e+00
1.002090741939962948e+00
1.000371103461045408e+00
9.995031667057445723e-01
9.979947999550298210e-01
9.979984597768213339e-01
9.951925629443703070e-01
9.950833797567980588e-01
9.941455209747535049e-01
9.946882576752790195e-01
9.945271289443362583e-01
9.954960760841622402e-01
9.938527232241238796e-01
9.963307714102346280e-01
9.956365089036927074e-01
9.983348187855395350e-01
9.989234172162179126e-01
1.001006690322168380e+00
1.000869327907023987e+00
1.001592191748076788e+00
1.003648421217574249e+00
1.003615529761110459e+00
1.002788190712910588e+00
1.003227400674942649e+00
1.003126671904064793e+00
1.001503456055332197e+00
1.001382527564200764e+00
1.001233294404674901e+00
1.000760106240438096e+00
1.002599119933526683e+00
1.000390671862069647e+00
1.000181843313487473e+00
9.998550215208320546e-01
9.993199439784398175e-01
9.992876971748143600e-01
1.000193684883664114e+00
9.996506357900197814e-01
9.996368257100188837e-01
9.993292273548526339e-01
9.986307481401773822e-01
9.996026759589276001e-01
9.993839093889084202e-01
9.993746347771764738e-01
9.998354465917543843e-01
1.000403345951110579e+00
1.000555506388282723e+00
9.997943113142245819e-01
1.000001999185649915e+00
1.000392527231996231e+00
1.000787604021418531e+00
1.000834326124956375e+00
1.001128354776362972e+00
1.000579498238862053e+00
1.001531584096632344e+00
1.001091566995023552e+00
1.000250575981829648e+00
1.000909969375920472e+00
1.000328132440401419e+00
9.999781571800681057e-01
9.999800183864553382e-01
1.000629071138744886e+00
1.000744498532843085e+00
1.000468505422925425e+00
1.001041654042999829e+00
1.000227868901702344e+00
1.000848987420255076e+00
1.000126102965202435e+00
1.000357651797307179e+00
9.996725890107570622e-01
1.000190050031799727e+00
1.000114550191512741e+00
1.000847437661390282e+00
9.999549435038783685e-01
1.000786719656228563e+00
1.000723070474660137e+00
1.000078990660288047e+00
1.000212384767651397e+00
1.000128299309721802e+00
1.000384005233616147e+00
1.000090188644858546e+00
9.997787358828192916e-01
9.997099478825590690e-01
1.000079462141740372e+00
1.000242737546121363e+00
1.000543610738910294e+00
1.000729854355333348e+00
1.000413304191140718e+00
1.000419002919669120e+00
1.000502334864981080e+00
1.000185467420892094e+00
9.996702473147632828e-01
1.000634127774848947e+00
1.000774145821726302e+00
1.000630384359195713e+00
1.000788674656336363e+00
1.000051216769723972e+00
1.000431020844405383e+00
1.000448542396203733e+00
1.000095646020600082e+00
1.000333912072574272e+00
1.000237419443202658e+00
1.000050054325964055e+00
1.000062348981224147e+00
1.000101265949132179e+00
9.999410061928346583e-01
1.000040301918693642e+00
1.000274286118026934e+00
1.000867704076657594e+00
1.000749707338470795e+00
9.998513676971234609e-01
9.999535174008700178e-01
1.000404468322114049e+00
1.000315291366070225e+00
1.000429609727159663e+00
1.000525987589932164e+00
1.000746302806547305e+00
1.000186536048857988e+00
1.000648796365560367e+00
1.000262394543449451e+00
1.000769552226005388e+00
1.000110377706895148e+00
1.000019569327979418e+00
1.000157259570056523e+00
9.998093175711091352e-01
1.000169410074278176e+00
1.000151948263875878e+00
1.000000080400399449e+00
9.999691750709153171e-01
1.000153807393243000e+00
1.000260805645655671e+00
1.000520803526231628e+00
1.000221659826854292e+00
1.000446139809833435e+00
1.000211028439050631e+00
9.995393117078806844e-01
1.000241216458239935e+00
1.000264338146886534e+00
1.000018206262667908e+00
1.000106887189850191e+00
1.000504210713300424e+00
1.000233567998918494e+00
9.996287320612473604e-01
9.997291644373512698e-01
1.000584754996943770e+00
1.000305297649248359e+00
1.000075576565672586e+00
1.000447658236519377e+00
9.997288807380855236e-01
9.998245603519748670e-01
1.000575647350556485e+00
1.000479491746608218e+00
1.000213375177869679e+00
1.000368919943191992e+00
1.000120143463584688e+00
1.000303198732141352e+00
1.000174788521162039e+00
1.000409235777973693e+00
9.999795965722892976e-01
1.000091788800768766e+00
1.000496866150862640e+00
9.998004265444728755e-01
1.000329785224906010e+00
9.999885234949422719e-01
1.000011471894780790e+00
1.000514941503662714e+00
1.000191212434728083e+00
1.000354315100331570e+00
9.998278049910838128e-01
1.000078984210478472e+00
1.000362032504851673e+00
1.000154177860309135e+00
1.000088143590663892e+00
9.999330525938842085e-01
1.000692333614202623e+00
1.000025332278218881e+00
1.000419682712299307e+00
9.999381443410280124e-01
1.000127163647697159e+00
1.000562941122074223e+00
1.000241053239804501e+00
1.000501284076868780e+00
9.998548121249699605e-01
1.000065610235719493e+00
9.995648253134821193e-01
1.000156039322259049e+00
1.000405605989042712e+00
9.996032288581392367e-01
1.000196289024356977e+00
1.000189432397277756e+00
9.999145336351135116e-01
1.000008902785195053e+00
1.000045493551760423e+00
1.000167122788999441e+00
1.000329110888798168e+00
