0.000000000000000000e+00
0.000000000000000000e+00
0.000000000000000000e+00
0.000000000000000000e+00
0.000000000000000000e+00
0.000000000000000000e+00
0.000000000000000000e+00
0.000000000000000000e+00
0.000000000000000000e+00
0.000000000000000000e+00
0.000000000000000000e+00
0.000000000000000000e+00
0.000000000000000000e+00
0.000000000000000000e+00
0.000000000000000000e+00
0.000000000000000000e+00
0.000000000000000000e+00
0.000000000000000000e+00
0.000000000000000000e+00
0.000000000000000000e+00
0.000000000000000000e+00
0.000000000000000000e+00
0.000000000000000000e+00
0.000000000000000000e+00
0.000000000000000000e+00
1.780073505500397797e-05
2.538349335650766803e-03
5.386169007088959654e-02
3.115441736188344635e-01
7.988122874944214580e-01
1.261638041509739683e+00
1.511112488975324242e+00
1.563494995344900884e+00
1.508148192102022778e+00
1.402274276305052636e+00
1.310562438180214340e+00
1.229399246982616933e+00
1.167121226778516041e+00
1.091339043035554734e+00
1.010987220132477660e+00
9.673266743982921190e-01
9.527014637758207671e-01
9.601393125620824032e-01
9.809678067679543645e-01
1.009570826470581384e+00
1.034079580015925925e+00
1.049639839084143267e+00
1.041774410170503984e+00
1.030897722605013778e+00
1.029406908038507318e+00
1.027608123622970604e+00
1.023866442842033875e+00
1.026826568014298058e+00
1.028004742236409808e+00
1.025968063778826656e+00
1.025081768234317403e+00
1.020857078588941480e+00
1.011363334382005208e+00
9.986371474988993135e-01
9.870495646540604628e-01
9.762011029842103671e-01
9.668542867095644144e-01
9.641904021436502603e-01
9.640111343946808908e-01
9.610740239065812540e-01
9.659184594151206671e-01
9.719081000247195012e-01
9.799657921201465616e-01
9.899854730584563001e-01
9.968004373422050257e-01
1.004817522517242434e+00
1.011362985212429288e+00
1.016303056996036069e+00
1.020566340160135699e+00
1.021626819550219833e+00
1.018775309277942132e+00
1.019523675964111087e+00
1.015566529701279253e+00
1.013679597350135131e+00
1.008464719182440295e+00
1.005109516155119342e+00
1.001646567850432712e+00
9.963279628933241483e-01
9.954889139916013319e-01
9.915568414921236418e-01
9.908132827419907640e-01
9.887914382566029836e-01
9.893870264207524912e-01
9.884433388563138578e-01
9.881862425113592252e-01
9.913372310051558056e-01
9.926543447245458340e-01
9.926318374293993108e-01
9.957823631150802823e-01
9.967229258287074734e-01
9.999914924228366919e-01
9.997598859598599841e-01
1.000828843563112525e+00
1.000961267264051546e+00
1.001438705297531317e+00
1.001240002230123105e+00
1.000588933421081794e+00
1.002670418115378936e+00
1.001679639051804349e+00
1.002714010050315130e+00
1.002232381521842575e+00
1.001286267197299296e+00
1.001201475441268363e+00
1.002487657851589775e+00
1.000625497361543825e+00
1.001298115603733052e+00
1.000313121592915966e+00
1.001118261664595721e+00
1.001649090630372774e+00
1.000422426711595536e+00
9.998988279567155857e-01
1.000135327098613081e+00
1.000615147550696360e+00
1.000270696294558448e+00
1.000005925687103447e+00
1.000034677716078235e+00
9.993329856344869144e-01
1.000120015457299338e+00
9.993498965280123159e-01
1.000815627836404875e+00
9.998062942170332645e-01
9.988501588514419050e-01
1.000067209321743755e+00
1.000929589315346702e+00
1.000202425062362677e+00
1.000201058180380631e+00
1.000772583937759252e+00
1.000878010964050491e+00
1.001345726030400396e+00
1.001171552433255840e+00
1.002443223034113373e+00
1.001084136600496999e+00
1.000857902444706404e+00
1.001183463507481664e+00
1.001974482562348445e+00
1.001602171375893136e+00
1.001480517919874691e+00
1.001424953167035170e+00
1.001038395998591568e+00
1.000988493229221454e+00
1.001787836029930823e+00
1.001127738329877559e+00
1.001527015196031378e+00
1.000355437755468202e+00
1.000964989503902114e+00
1.001140154026543660e+00
1.000455336098955206e+00
1.000582888738323684e+00
1.001349593023833640e+00
1.000420760621397731e+00
1.000769599498611884e+00
1.000286499747186753e+00
1.001585763165716569e+00
1.001116356551144282e+00
1.000531483024598600e+00
1.000511660782227974e+00
1.000660829165837207e+00
1.001190654688210113e+00
1.001221729049698972e+00
1.000996665971053856e+00
1.001371698843402269e+00
1.001005123515460005e+00
1.000497496639824124e+00
1.001463214417402714e+00
1.000735506288601862e+00
1.001037886959646350e+00
1.000967042192387746e+00
1.000365455475755949e+00
1.000709341633390315e+00
1.000346673929614960e+00
1.000810899608812532e+00
1.000445864403279872e+00
1.000603654441613699e+00
1.000699480364533711e+00
1.000660646125743236e+00
1.000123309764556323e+00
1.000075924643216485e+00
1.000405550635031116e+00
1.000565127885667316e+00
1.000084172410928174e+00
1.000728173978486124e+00
1.000347020041403967e+00
1.001066081359590187e+00
1.000225529732071461e+00
1.000821278953204052e+00
1.000474586331231430e+00
9.997538145626919670e-01
1.000639239863286845e+00
1.000118896177002448e+00
1.000221740621910715e+00
1.000499739566282464e+00
9.997267110691392400e-01
1.000689496749403551e+00
1.000284911020398182e+00
1.000902396139068395e+00
1.000179969896819676e+00
1.000900449748992616e+00
1.000602197982403574e+00
1.001110000198943251e+00
1.000274937443165202e+00
9.992932706414581201e-01
1.000829569461069823e+00
1.000213718217103365e+00
1.000393779887717383e+00
1.000109679431133269e+00
9.996888841827615835e-01
1.000442075813257947e+00
1.000677700243403079e+00
9.998212198330478362e-01
1.000857422154043830e+00
1.000785419713614788e+00
9.998165087835063636e-01
1.000905194227432959e+00
1.000706875684465480e+00
1.000493800920383869e+00
1.000752115251225982e+00
1.000460050993050576e+00
1.000488929981359965e+00
1.000241084291965343e+00
1.000763807537008443e+00
1.000939594606224281e+00
1.000313954904192393e+00
9.999650291152215598e-01
1.000890908207695995e+00
1.000619916458285852e+00
1.000399826873477283e+00
1.000589007885303916e+00
1.000931737836481705e+00
1.000593871118263811e+00
1.000258928866419650e+00
1.000309898655807661e+00
9.999122642360084301e-01
9.999252474365887267e-01
9.999021438267422512e-01
1.000504004519036316e+00
1.000463270233558966e+00
1.000289059205571540e+00
1.000514215389451511e+00
1.000445585563116468e+00
9.999107322510313312e-01
1.000038236518712598e+00
1.000025978018006523e+00
1.000094467173407775e+00
1.000109783983412548e+00
9.997486882629172955e-01
1.000840199988363377e+00
1.000092386376995934e+00
1.000208896094076705e+00
1.000667413430716080e+00
1.000718597101945218e+00
9.997514607368682693e-01
1.000001776810523602e+00
1.000198502438950809e+00
1.000478678072263650e+00
1.000558773431580395e+00
1.000349793707216772e+00
1.000308408028315332e+00
1.000046254276772739e+00
9.999724221648209621e-01
1.000415763578050621e+00
1.000824476899663917e+00
1.000362314386630702e+00
1.000429291837718893e+00
9.998251305438796699e-01
9.997966497792881713e-01
1.000397602412315345e+00
9.998809975444797882e-01
1.000092938000471054e+00
1.000479101596626341e+00
1.000207196158793943e+00
1.000006973984303604e+00
1.000080563596590588e+00
1.000678309590200543e+00
1.000037823253774549e+00
1.000381574039619359e+00
