0.000000000000000000e+00
0.000000000000000000e+00
0.000000000000000000e+00
0.000000000000000000e+00
0.000000000000000000e+00
0.000000000000000000e+00
0.000000000000000000e+00
0.000000000000000000e+00
0.000000000000000000e+00
0.000000000000000000e+00
0.000000000000000000e+00
0.000000000000000000e+00
0.000000000000000000e+00
0.000000000000000000e+00
0.000000000000000000e+00
0.000000000000000000e+00
0.000000000000000000e+00
0.000000000000000000e+00
0.000000000000000000e+00
0.000000000000000000e+00
0.000000000000000000e+00
0.000000000000000000e+00
0.000000000000000000e+00
0.000000000000000000e+00
8.677669101192039174e-04
7.533873587492403989e-02
7.084573959016284839e-01
1.763926867978835800e+00
2.144037057551590131e+00
1.947318573608677772e+00
1.663746765348051992e+00
1.429670999155572053e+00
1.242850911696095961e+00
1.095543543559692967e+00
9.849872816868554537e-01
9.104076472354919458e-01
8.631833118922344061e-01
8.363919405951576458e-01
8.155878557708390320e-01
8.016881921929851496e-01
8.057336631419560469e-01
8.356732815983727303e-01
8.750729048642568175e-01
9.242653635627013919e-01
9.710651177238273091e-01
1.013927793437443992e+00
1.043609335597186050e+00
1.056230235103285953e+00
1.061934845660136517e+00
1.057610200826158531e+00
1.050448519776996825e+00
1.041068418232135917e+00
1.026201231046688367e+00
1.010408472748391073e+00
9.958721550083207141e-01
9.817414839647891078e-01
9.711533270792270800e-01
9.651770687642473590e-01
9.619272097637495689e-01
9.610080143375420159e-01
9.641604321734772443e-01
9.664980307535981918e-01
9.705599861230548298e-01
9.769943733276282849e-01
9.826309480398411900e-01
9.893640385623491129e-01
9.961532653905209589e-01
1.001407618300146796e+00
1.008516519704661496e+00
1.011370782614541941e+00
1.014319334721648591e+00
1.014142801355695678e+00
1.011587448317384119e+00
1.011368924861358876e+00
1.008174178764402740e+00
1.004335775390823304e+00
1.001477774484007099e+00
9.965700281260273519e-01
9.944806759087762016e-01
9.919139267470932220e-01
9.912897253064757441e-01
9.903864140143433525e-01
9.906121992828583744e-01
9.913309885893754059e-01
9.925195480031508977e-01
9.927070003291587064e-01
9.938749287577158809e-01
9.977647339844388785e-01
9.969270006792962935e-01
9.990413158093194301e-01
1.000514305342535826e+00
1.001319561391055046e+00
1.000573343942835480e+00
1.001776343967015981e+00
1.000290843755178516e+00
9.999609898430426025e-01
9.986681643728840818e-01
9.982491899888529252e-01
9.979210831121502201e-01
9.964049644655582627e-01
9.981786078435689324e-01
9.985290535842078485e-01
9.985133491820645801e-01
9.987116760075183119e-01
9.988330062137968923e-01
9.992661678228000888e-01
9.991656017666492584e-01
9.996368727350291028e-01
9.997940001427926271e-01
1.001110337847771259e+00
1.001104065590848080e+00
1.000851299950758388e+00
1.001029884486056565e+00
1.000601091252167230e+00
1.000053709283415415e+00
9.994736852278400807e-01
9.990286224035188622e-01
1.000019765827721008e+00
9.994966688940065680e-01
9.986448394719624755e-01
9.986282676677172843e-01
9.992676146547255778e-01
9.990722704358950823e-01
9.987095018256597623e-01
9.995304702659792984e-01
9.992450674034876190e-01
9.994425539277691506e-01
9.985990481456016310e-01
9.994501785494886992e-01
9.993758119135085494e-01
9.987137352329267248e-01
9.992699648613825314e-01
9.994586391763944366e-01
9.999619884675673420e-01
9.997340682550737156e-01
1.000439247538240650e+00
1.000833392011961420e+00
9.991574517822715551e-01
1.000020314664264776e+00
9.998580085306587595e-01
9.995108756617706591e-01
1.000429928963306292e+00
9.995222261138895226e-01
9.996235083127156251e-01
9.998846221300797810e-01
9.995004565165611643e-01
9.994722306188766892e-01
1.000140933717721392e+00
9.994079253674584828e-01
9.996380447673431924e-01
9.991216543060511546e-01
9.997184227814590596e-01
9.993573525389558565e-01
9.995968600483003952e-01
9.993082744859687061e-01
9.996740450422478830e-01
9.996663598805858308e-01
9.998019280273386933e-01
9.996803151759288131e-01
9.992346849181779067e-01
9.991242743463166764e-01
9.997400086518508644e-01
9.998173491072472885e-01
1.000140635200299943e+00
9.997332025214802353e-01
9.997956318996920055e-01
9.999634842445038752e-01
9.997121493392628899e-01
1.000057268589602533e+00
9.996120720390434533e-01
1.000001913761928707e+00
9.993870052821103300e-01
9.997078679350496211e-01
9.997226709380301335e-01
1.000199926335407108e+00
9.995418657738636137e-01
9.998405158799484882e-01
9.998569004786339587e-01
1.000159504082525075e+00
9.999659363091345510e-01
9.997660613940362317e-01
1.000433844915672887e+00
9.999179531021589185e-01
1.000482560159200229e+00
1.000215692461724259e+00
9.999539431309004689e-01
9.997584349588181096e-01
9.998649287609071568e-01
9.998381230660495778e-01
1.000178991935009032e+00
9.998103670101144980e-01
1.000484122278745058e+00
9.998866389987252079e-01
1.000442265278165044e+00
1.000284345014855303e+00
9.997778112889121882e-01
1.000323634933488970e+00
9.998314013366880193e-01
1.000219149320547674e+00
1.000553844806753467e+00
1.000325283654408315e+00
1.000095871814454362e+00
1.000090248492683243e+00
1.000171736288259394e+00
9.996883695923921564e-01
1.000672823993143501e+00
1.000453245025082927e+00
1.000382776496167914e+00
1.000234142371537294e+00
1.000123135614060743e+00
9.999788838323891982e-01
1.000554734264128998e+00
9.998151743753290743e-01
1.000038378446537202e+00
9.998595769688816137e-01
1.000369166265239640e+00
1.000431835654045587e+00
9.999553269004026745e-01
9.999884076208961359e-01
1.000196048316942088e+00
1.000099799584122318e+00
9.999891702074150679e-01
1.000559770640512269e+00
1.000387489325819779e+00
1.000457989011506843e+00
9.999123098733354587e-01
1.000783977513957979e+00
1.000525104756666783e+00
9.999958406139999312e-01
1.000156572226595042e+00
1.000324977073024257e+00
1.000336020614392529e+00
1.000368543686249723e+00
1.000015809614281492e+00
1.000396784231913250e+00
1.000384925540279468e+00
1.000175898763035587e+00
1.000212189229886528e+00
1.000098022709486889e+00
1.000273952946480804e+00
9.998976500695865299e-01
1.000182636325460006e+00
1.000858179675680582e+00
1.000550358687155139e+00
1.000269366780522029e+00
1.000392831414901762e+00
1.000111804648628144e+00
1.000007273758574122e+00
1.000161436407819071e+00
1.000336562232437831e+00
1.000550768622071152e+00
1.000183208424162418e+00
1.000743848799277469e+00
1.000428921198286192e+00
1.000621776376545258e+00
1.000506272127611007e+00
1.000606333018198679e+00
1.000391211770907951e+00
1.000434366433450739e+00
1.000441515541262705e+00
1.000339487280869299e+00
1.000507119694749036e+00
1.000641613764553961e+00
1.000454384902977001e+00
1.000661971043659282e+00
1.000912939073842711e+00
1.000405558185592625e+00
1.000291051228008099e+00
1.000684906825407117e+00
1.000885592915069067e+00
1.000730081057032317e+00
1.000744011916145926e+00
1.000695200812980801e+00
1.000381777677080697e+00
1.000760153112199458e+00
1.000679959302850142e+00
1.000784918881633123e+00
1.000328656195937915e+00
1.000342017370557279e+00
1.000927450344278435e+00
