0.000000000000000000e+00
0.000000000000000000e+00
0.000000000000000000e+00
0.000000000000000000e+00
0.000000000000000000e+00
0.000000000000000000e+00
0.000000000000000000e+00
0.000000000000000000e+00
0.000000000000000000e+00
0.000000000000000000e+00
0.000000000000000000e+00
0.000000000000000000e+00
0.000000000000000000e+00
0.000000000000000000e+00
0.000000000000000000e+00
0.000000000000000000e+00
0.000000000000000000e+00
0.000000000000000000e+00
0.000000000000000000e+00
0.000000000000000000e+00
0.000000000000000000e+00
0.000000000000000000e+00
0.000000000000000000e+00
0.000000000000000000e+00
0.000000000000000000e+00
0.000000000000000000e+00
0.000000000000000000e+00
0.000000000000000000e+00
0.000000000000000000e+00
0.000000000000000000e+00
0.000000000000000000e+00
0.000000000000000000e+00
2.086336508055355540e-04
5.753486532373128237e-02
7.518820834540831388e-01
3.384314044591566262e+00
6.731029352858736381e+00
8.321151204609178009e+00
7.485812454222633860e+00
5.742106439196539291e+00
4.121199562820508255e+00
2.873429426132772413e+00
2.029965073921904839e+00
1.475701754319559633e+00
1.143814658303545118e+00
9.563454828520748796e-01
8.026260691069194708e-01
7.291416300992007438e-01
6.689361883712018342e-01
6.641281092300147515e-01
6.818996040945003445e-01
6.989667275927949897e-01
7.288831683632115421e-01
7.607921683170469906e-01
8.105906666451498932e-01
8.612037002803596408e-01
8.907745628499086354e-01
9.269171799510657062e-01
9.358115995520229768e-01
9.631983136878479179e-01
9.709979014159001443e-01
9.906621124460580630e-01
9.851673869827325403e-01
9.895811914876431192e-01
9.615717518819488774e-01
9.350552557880575932e-01
9.137234734641777045e-01
8.798860397084854457e-01
8.496871686321624262e-01
8.391909878362190378e-01
8.561248769893551325e-01
8.433810400257679696e-01
8.616589491892805430e-01
8.763929861472870009e-01
9.078194691528954641e-01
9.223609765529022786e-01
9.480757049611799880e-01
9.762375275181387480e-01
1.000055075556814943e+00
1.017281946602791365e+00
1.042803882938446947e+00
1.031040709812825362e+00
1.052727126747728281e+00
1.058861221014137932e+00
1.055676991162501910e+00
1.054310742692656566e+00
1.054433476659631941e+00
1.059341363145965609e+00
1.050478263226048092e+00
1.041992183941576222e+00
1.023854930579720657e+00
1.010390052650989245e+00
9.982694942199543675e-01
9.921308007295650544e-01
9.885195229112802018e-01
9.859527037648855297e-01
9.870896690213286639e-01
9.887610252998694227e-01
9.933414533658981860e-01
9.830918427037240725e-01
9.955476042965368810e-01
9.965211529924388190e-01
9.965541784937849146e-01
9.948980410578806000e-01
1.004948729345834790e+00
1.005669743381908399e+00
1.019515892304988069e+00
1.009351795709967359e+00
1.015281377719762679e+00
9.964730025904214861e-01
1.009473392584316231e+00
1.013198466689089416e+00
1.019174483030970801e+00
1.009266864816541709e+00
1.006591827297454333e+00
1.006682695610961575e+00
9.993637700479316432e-01
9.909339415737539181e-01
9.972723522626438797e-01
9.981061223671953142e-01
9.983955233330771284e-01
9.884332885229563104e-01
9.881639585777907131e-01
9.922674612816627659e-01
9.896997488816570154e-01
9.952171975729583453e-01
9.956582383531794589e-01
9.960715121293768348e-01
9.944027441246207077e-01
9.941778001012988586e-01
9.979969512974781187e-01
9.971247212211875599e-01
9.964160946217269776e-01
9.964946934608267526e-01
9.943654020771800495e-01
1.001984972842612454e+00
1.002698872215842085e+00
1.000208698689188269e+00
1.004016103069946153e+00
9.966267612332726511e-01
9.993150255304762419e-01
9.997586897782808624e-01
9.941114615993823511e-01
9.915420653405900842e-01
9.969593825421880773e-01
9.970960894023770393e-01
9.966124780504245217e-01
9.900635819630356771e-01
9.972316539716518102e-01
9.978683937223676859e-01
9.980791235133342765e-01
1.000914702461344730e+00
9.979423731087440075e-01
9.974409241007321514e-01
1.001180454298831179e+00
9.946703047950768983e-01
1.000490799312873991e+00
9.952804490005338067e-01
1.003341743556322774e+00
1.000632510466736846e+00
1.000624709935747703e+00
9.998390520082270916e-01
9.955166141960678505e-01
9.980674819533655873e-01
9.947575113971108829e-01
1.004867349806255916e+00
9.931352469420459128e-01
9.983501670198210443e-01
9.972085218083462932e-01
9.910151617978623095e-01
9.996055065921637395e-01
1.001859358640736275e+00
9.979132759301369004e-01
9.973005477697337584e-01
9.946025214261822178e-01
1.001288852651619932e+00
9.977993545420966726e-01
9.938280654495215138e-01
1.000216647220571797e+00
9.964151906145631843e-01
9.948685979795456324e-01
9.965067375227073532e-01
9.983206259551237194e-01
9.987399765649512817e-01
9.943977514120069250e-01
9.943435556896067506e-01
9.917305548532983073e-01
9.964635711284098862e-01
9.957809398575127036e-01
1.000408766863774668e+00
9.915123262691306616e-01
9.955171034224202797e-01
9.978212160839273759e-01
9.948155095353308219e-01
9.956112105274267376e-01
9.973938334357032032e-01
9.972508200703271708e-01
9.979014091666480457e-01
9.958315136611453067e-01
9.972358366864392254e-01
9.995494676175312732e-01
9.960199830088996009e-01
1.001115795280924647e+00
9.966653520238546449e-01
9.963854275830620333e-01
9.982347088348273445e-01
9.948591042140710883e-01
9.957658111884943875e-01
9.992253010448134409e-01
9.998469534362981470e-01
9.946123757402441923e-01
9.995514799441532761e-01
9.992975543319243537e-01
9.967611177080911711e-01
9.968676885654844666e-01
9.948935022044397281e-01
1.000163423353050529e+00
1.000929372569671738e+00
9.978680234705336050e-01
9.996877387829474770e-01
9.981063892084220956e-01
9.946486116631761965e-01
1.002079101189733645e+00
9.985101804895729627e-01
9.968364673681260335e-01
9.946893639713982882e-01
9.961926985606952556e-01
9.963665485051442783e-01
9.948023726608732353e-01
9.984160553503449442e-01
1.000436422277756199e+00
9.948756725939067458e-01
9.936215861418350448e-01
9.935004092796553277e-01
9.968799791538845989e-01
9.939077513375800255e-01
9.945553588302671333e-01
1.000118891885908523e+00
9.937799470643060573e-01
9.940626353549605332e-01
9.974916458254545759e-01
9.973534218441481025e-01
9.970786137729773513e-01
9.991423664202557786e-01
9.973713534550044946e-01
9.982470431378398512e-01
9.975015929632862210e-01
9.972788381183327333e-01
9.946040854654130126e-01
1.000691781770305377e+00
9.951836924374273252e-01
9.953863223841937780e-01
9.960039016954441715e-01
9.980623138860212906e-01
9.960120068037673358e-01
9.989799001205558193e-01
9.957848604111871893e-01
9.959795215498873366e-01
9.965371442967633220e-01
9.961729708972878461e-01
9.995425406454592210e-01
9.954866337349966843e-01
9.962577307049828024e-01
1.000473655115631688e+00
9.997714079182575819e-01
9.979289280175386301e-01
9.996047688896309014e-01
1.000356092207285386e+00
9.980145634706407698e-01
9.987084700549240246e-01
9.959673557557822132e-01
9.875169369867885516e-01
9.750113914614439992e-01
9.656023660305113054e-01
9.496883607417615503e-01
9.413634858627817348e-01
9.305597589769847300e-01
9.207255770150796215e-01
9.094058338068291558e-01
8.998096968681140728e-01
