0.000000000000000000e+00
0.000000000000000000e+00
0.000000000000000000e+00
0.000000000000000000e+00
0.000000000000000000e+00
0.000000000000000000e+00
0.000000000000000000e+00
0.000000000000000000e+00
0.000000000000000000e+00
0.000000000000000000e+00
0.000000000000000000e+00
0.000000000000000000e+00
0.000000000000000000e+00
0.000000000000000000e+00
0.000000000000000000e+00
0.000000000000000000e+00
0.000000000000000000e+00
0.000000000000000000e+00
0.000000000000000000e+00
0.000000000000000000e+00
0.000000000000000000e+00
0.000000000000000000e+00
0.000000000000000000e+00
0.000000000000000000e+00
0.000000000000000000e+00
0.000000000000000000e+00
0.000000000000000000e+00
0.000000000000000000e+00
0.000000000000000000e+00
0.000000000000000000e+00
0.000000000000000000e+00
0.000000000000000000e+00
4.172422484549963913e-04
2.719488193072656240e-02
3.892482555245778686e-01
1.696601609361117813e+00
3.355471061224861273e+00
4.104853741785681187e+00
3.675558532083059493e+00
2.841009667403970429e+00
2.007207575648212838e+00
1.427607939504162315e+00
1.006991568270062309e+00
7.635433374601666712e-01
6.205584229823184472e-01
5.488224902338292299e-01
5.479950797863281098e-01
5.789808526206126071e-01
6.614013914268388472e-01
7.567673953822766642e-01
8.476788082160213733e-01
9.431579200574724542e-01
1.011828334350953318e+00
1.075716015824177640e+00
1.087276245306985301e+00
1.101390290608323275e+00
1.084632225554985840e+00
1.066363984523489572e+00
1.034630476863906745e+00
1.011163676359625674e+00
9.840945780189352954e-01
9.664522502999709497e-01
9.472823819489571973e-01
9.262625550020764376e-01
9.168337033269670089e-01
9.087515424318568513e-01
9.086605026413402397e-01
9.089256009771332634e-01
9.006631648566448822e-01
9.228128611777320911e-01
9.387633971899289609e-01
9.644373728162290993e-01
9.896890614009703491e-01
1.012321403346843285e+00
1.022272864266601688e+00
1.037009068005745105e+00
1.040783488717852423e+00
1.044349266549556177e+00
1.035541827386604607e+00
1.035700577969295155e+00
1.029495740652767832e+00
1.020677311300483447e+00
1.015073405321745170e+00
9.996770453869053830e-01
9.914490401080269244e-01
9.817023628400850521e-01
9.867177672010912781e-01
9.808580468271781427e-01
9.773168958966446107e-01
9.670993053190670707e-01
9.735455129587082812e-01
9.805464651659360209e-01
9.801935190863549918e-01
9.756862768770234728e-01
9.850670896625498552e-01
9.902911488714641886e-01
9.898465008229589968e-01
9.869630277874686941e-01
9.989828876770926458e-01
9.958207242352005162e-01
9.980733149264120474e-01
9.940227885009044195e-01
1.007223208070546105e+00
1.000351585504295704e+00
1.003344613342881830e+00
9.969570427603869911e-01
1.001307725635490087e+00
9.968674168164178839e-01
9.980451802246065318e-01
9.988759941009763832e-01
9.977627273178681921e-01
9.958638102824476368e-01
1.001257173618566698e+00
9.990962427537510848e-01
1.001850044597384359e+00
1.000377944374978734e+00
9.990358573666546782e-01
1.000164192089066706e+00
9.998568308320537890e-01
1.001641840342950118e+00
9.995193757723153105e-01
9.948825894213830789e-01
9.957777302042868373e-01
9.937755475553755602e-01
9.951566526744599628e-01
9.971232731803224558e-01
9.954469733592996583e-01
9.904130131021198213e-01
9.937224505967479082e-01
9.948277049293546836e-01
9.927480685410789985e-01
9.974471727478204652e-01
9.946554237576540336e-01
9.966945282476595835e-01
9.954264281384834767e-01
9.974358053919968325e-01
9.996285768860240228e-01
9.970423038500566548e-01
1.002106195822966228e+00
9.956609836964924742e-01
9.975358291862969073e-01
9.971837049744882719e-01
9.932378404517286929e-01
1.001370924205187807e+00
9.993639100255116148e-01
9.999144607499590443e-01
9.960854502138370981e-01
9.996369715859729776e-01
9.980561776432651522e-01
9.952153105560973545e-01
9.951101165347826516e-01
9.929766966295400232e-01
9.962004928521007718e-01
9.971425406981599959e-01
9.979306497765658701e-01
9.976545753686466567e-01
9.980013632706965510e-01
9.991828471479515805e-01
9.969261780981062415e-01
9.935775719030992548e-01
1.000586018301414359e+00
9.971935819106338972e-01
9.959742619332998537e-01
9.965896398438601755e-01
9.996451325238957519e-01
1.000377877932536297e+00
9.961202041736154644e-01
9.997551223898938355e-01
9.958407979379982899e-01
9.971380110141148112e-01
9.984804010409166208e-01
9.969964799155328627e-01
9.958796787231831704e-01
9.952713710706005967e-01
9.967935562601697441e-01
9.985814195306357277e-01
9.987970174847318194e-01
9.988114843955380184e-01
9.994822417246143065e-01
9.963211669416823790e-01
9.998581927203196162e-01
9.997649841918323510e-01
1.001287763262973307e+00
9.955582158184391739e-01
9.972804307457143747e-01
9.961795214911751684e-01
9.945791364652580846e-01
1.001058018615297973e+00
9.975972734637369443e-01
9.986304057650609023e-01
1.000856078103049107e+00
9.944447718813239634e-01
1.001442489408767456e+00
9.938199572887351785e-01
1.003342786143065268e+00
9.978211648465670214e-01
9.947710348814531311e-01
9.987256696509695386e-01
9.987415546697699931e-01
9.967579200190043176e-01
9.981299471308675564e-01
9.968937290945333318e-01
9.980058673618700249e-01
9.989629112799639499e-01
9.973215445096662579e-01
1.001378852151999066e+00
9.974117705916690779e-01
9.951532524627451082e-01
9.973276923874366817e-01
9.984161880795461297e-01
9.986557213079695350e-01
9.973681481325564757e-01
9.964924241784808290e-01
9.968487271851355080e-01
9.975813642749913335e-01
9.968552668070711498e-01
9.961916682058827854e-01
9.987124206471358345e-01
9.935199469195361566e-01
9.978530318645949526e-01
9.980237991950005050e-01
9.958802566584482596e-01
9.951592981965842188e-01
9.959002809116394017e-01
9.962147551603726114e-01
9.974639247914678375e-01
9.972841024618466221e-01
9.975330017045654918e-01
1.000132498452130259e+00
9.964523827512558052e-01
9.966786005631349532e-01
9.952805989779235363e-01
9.960018551054699021e-01
9.974806307366609337e-01
9.965015296620244323e-01
9.952745743345208229e-01
9.965030752020415106e-01
9.974021572224628374e-01
9.983576950417488716e-01
9.978198920269354399e-01
9.968488207035756110e-01
9.965170491256301055e-01
9.958570404774751417e-01
9.990247676127445020e-01
1.000175793007358482e+00
9.991834808878818919e-01
9.987600474374407344e-01
9.981741131454914262e-01
9.962555437271451986e-01
9.962277939773552804e-01
9.961581977297536694e-01
9.947778225976681155e-01
9.980231823454096540e-01
9.964009160741384985e-01
1.001351786223658724e+00
9.967543436784833677e-01
9.969208549676289444e-01
9.988195328927587102e-01
9.960370413873986806e-01
9.986428274830378982e-01
9.980503989858394709e-01
9.976343901778319534e-01
9.999157748399952750e-01
9.965366287184105332e-01
9.965031289478862853e-01
9.993649426240314160e-01
9.983253215822688320e-01
9.980370554223270130e-01
9.988625178582846154e-01
9.980356023748748751e-01
9.972508137898374869e-01
9.868701809125415281e-01
9.755048503110512748e-01
9.633584010049845991e-01
9.555683825442023993e-01
9.462892997596714650e-01
9.349746365348655663e-01
9.213857350693017700e-01
9.119012478680929012e-01
8.999305701877308161e-01
