0.000000000000000000e+00
0.000000000000000000e+00
0.000000000000000000e+00
0.000000000000000000e+00
0.000000000000000000e+00
0.000000000000000000e+00
0.000000000000000000e+00
0.000000000000000000e+00
0.000000000000000000e+00
0.000000000000000000e+00
0.000000000000000000e+00
0.000000000000000000e+00
0.000000000000000000e+00
0.000000000000000000e+00
0.000000000000000000e+00
0.000000000000000000e+00
0.000000000000000000e+00
0.000000000000000000e+00
0.000000000000000000e+00
0.000000000000000000e+00
0.000000000000000000e+00
0.000000000000000000e+00
0.000000000000000000e+00
0.000000000000000000e+00
0.000000000000000000e+00
0.000000000000000000e+00
0.000000000000000000e+00
0.000000000000000000e+00
0.000000000000000000e+00
0.000000000000000000e+00
0.000000000000000000e+00
0.000000000000000000e+00
3.129593526085901905e-04
2.729547137707362403e-02
3.959481510181914743e-01
1.715287694644922478e+00
3.455680650507452878e+00
4.237640467548330570e+00
3.808431473846304094e+00
2.905881498297387733e+00
2.080005869386674533e+00
1.428054058800019011e+00
1.024406189327175420e+00
7.645425721168352950e-01
6.238407204364425640e-01
5.612195448218143534e-01
5.586435887890137675e-01
6.100446368992011870e-01
6.778558257233243678e-01
7.793203163774368170e-01
8.797713625387000302e-01
9.807997831658168408e-01
1.043941263995437962e+00
1.095253025591570006e+00
1.117014490892753065e+00
1.123202604758383849e+00
1.098225084907410665e+00
1.091188308255554240e+00
1.067661750966470313e+00
1.016606747697181845e+00
1.002244930958859248e+00
9.748410324144465289e-01
9.533183764072934441e-01
9.404731320759844859e-01
9.279335241513662069e-01
9.167171266873227475e-01
9.242648587912176694e-01
9.144476602539202137e-01
9.231468759553128622e-01
9.306281993439448064e-01
9.580463406849419883e-01
9.770245523105361984e-01
9.982252582378402517e-01
1.020264109093241611e+00
1.046823404048900175e+00
1.053281284639875581e+00
1.061889217705291655e+00
1.054513942054167597e+00
1.058790910152353160e+00
1.046479940174636747e+00
1.040554823750323932e+00
1.042218449552682724e+00
1.025654451510729315e+00
1.012693768590075427e+00
1.015550376897550899e+00
1.002500925184249603e+00
1.001709287111046232e+00
9.884146541182031731e-01
9.862951801560726484e-01
9.819045707131721645e-01
9.868034947869259721e-01
9.823178883637627701e-01
9.855605414907970818e-01
9.871295756214446548e-01
9.906946459036806152e-01
9.979061005265192907e-01
9.984422199669750198e-01
9.991985963174968566e-01
1.002194582949049728e+00
1.003466429396453474e+00
1.006736956823684137e+00
1.005438012348593757e+00
1.004532784219190233e+00
1.001479001185549000e+00
1.004815778209592780e+00
1.010183218718749609e+00
1.002736990492642422e+00
1.008198011300097230e+00
1.005238136063471677e+00
1.000931059283438396e+00
1.009962292389107175e+00
1.004718053225018171e+00
1.011349835336903702e+00
1.002563433013288652e+00
1.005426823303241957e+00
9.993760151537024461e-01
1.003654694690345295e+00
1.004578637263836782e+00
1.005085305829389153e+00
1.002710411140764979e+00
1.005534841261958690e+00
1.005719722306557484e+00
1.000514095051630914e+00
1.004469549048046195e+00
9.998585678236432406e-01
1.003515232841438509e+00
1.000155671169074889e+00
1.000472012252300980e+00
9.962461641682667235e-01
1.004141224788980269e+00
9.997205551319860994e-01
9.989436931692520227e-01
1.002218953469516505e+00
1.001722906799617840e+00
9.979571074797888297e-01
1.000614955358194447e+00
1.000249237382806689e+00
9.983136474667417826e-01
1.000729897245520306e+00
1.001168136988772606e+00
1.002636926774354897e+00
1.000375940020023835e+00
9.983887676002797251e-01
1.002048102138274999e+00
9.971037654268264383e-01
1.001569637503076926e+00
9.992387581182949896e-01
9.988440343221235418e-01
1.002851630541204075e+00
9.980199572836616628e-01
9.960738147588833469e-01
1.003108388449728272e+00
9.958147326454714898e-01
9.988161352807033433e-01
9.994222809275200570e-01
9.997707659882034692e-01
9.982020770685613442e-01
9.947667216190768658e-01
9.969836115064185655e-01
1.000149767294369996e+00
1.000122649288751608e+00
9.993054931402847174e-01
9.959162571849966561e-01
9.967107259924715690e-01
9.964757103975742103e-01
1.000434135761589571e+00
9.974762982781971710e-01
9.989951305080729815e-01
9.970427459773717471e-01
9.960755046313598537e-01
9.957521979491581465e-01
9.977889864899338601e-01
9.991932938760601512e-01
1.000100006167315758e+00
9.972544285732278802e-01
1.000261811066094797e+00
9.932255734301403960e-01
9.981722890136472959e-01
1.000193139183924940e+00
9.991658448018058136e-01
9.991077796794621824e-01
9.964814799175240045e-01
9.974026897789716184e-01
1.000872593616327411e+00
9.951996546175682079e-01
9.974364782827058740e-01
1.001237858891656396e+00
9.990746375381678313e-01
9.964883687305389204e-01
9.975249873617375584e-01
9.937176367758857598e-01
9.955333202904651513e-01
9.984740064800464721e-01
9.942757081181166079e-01
9.991262063620711675e-01
9.986561282337859113e-01
9.961518077478314082e-01
1.000898884528534927e+00
9.990563859543137859e-01
9.955585828296856787e-01
9.940214407414262876e-01
9.986862831957338260e-01
9.971105478856566728e-01
9.963024602601415758e-01
9.945639205509684277e-01
9.977280922833402510e-01
9.972260261259980885e-01
9.938182322065751695e-01
9.950685817225176644e-01
9.946680733763916260e-01
9.952150661430436696e-01
9.943080191685542690e-01
9.944793977642331084e-01
9.961414925301577128e-01
9.953320039468765978e-01
9.941149481497479901e-01
9.932258032541517734e-01
9.959448440249177859e-01
9.963660231622412100e-01
9.963036404512664035e-01
9.947667265528971070e-01
9.970194538692113140e-01
9.946618667674186343e-01
9.945632314570227450e-01
9.937141051934073044e-01
9.939525996056909340e-01
9.952393265985347570e-01
9.938888115838476756e-01
9.934439609386814807e-01
9.972162571431151257e-01
9.947590091607955154e-01
9.960635866921098147e-01
9.941206735595299326e-01
9.954385518969769420e-01
9.963972535558140997e-01
9.959964009828752296e-01
9.949815432745677812e-01
9.921159325382405969e-01
9.975780625955879000e-01
9.968380416625562956e-01
9.936447944481242578e-01
9.945248792724380449e-01
9.967077564235784504e-01
9.952343432528401035e-01
9.958530663967788410e-01
9.983430066993613794e-01
9.967028998710304455e-01
9.947094552390495226e-01
9.973001096289115797e-01
9.954396140453806163e-01
9.937315189958944028e-01
9.956480062109831497e-01
9.965247460300994398e-01
9.963638280689479654e-01
9.978674982094554169e-01
9.961486781148076730e-01
9.955417684665184286e-01
9.982347569212350891e-01
9.945650558105335604e-01
9.960588581820130072e-01
9.959821351158919533e-01
9.976565204589508129e-01
9.976261354754821786e-01
9.975849315134674988e-01
9.947735322440153238e-01
9.984293448727841191e-01
9.961219074137935836e-01
9.961001970966567587e-01
9.957745081236892837e-01
9.956780739733668284e-01
9.939865655390229815e-01
9.842650198866003119e-01
9.725948968091253644e-01
9.651612862982811292e-01
9.541596978056438028e-01
9.428420437774223117e-01
9.311367581634558688e-01
9.183332932709193930e-01
9.088874816596786976e-01
9.000975901221954789e-01
