0.000000000000000000e+00
0.000000000000000000e+00
0.000000000000000000e+00
0.000000000000000000e+00
0.000000000000000000e+00
0.000000000000000000e+00
0.000000000000000000e+00
0.000000000000000000e+00
0.000000000000000000e+00
0.000000000000000000e+00
0.000000000000000000e+00
0.000000000000000000e+00
0.000000000000000000e+00
0.000000000000000000e+00
0.000000000000000000e+00
0.000000000000000000e+00
0.000000000000000000e+00
0.000000000000000000e+00
0.000000000000000000e+00
0.000000000000000000e+00
0.000000000000000000e+00
0.000000000000000000e+00
0.000000000000000000e+00
0.000000000000000000e+00
0.000000000000000000e+00
0.000000000000000000e+00
0.000000000000000000e+00
0.000000000000000000e+00
0.000000000000000000e+00
6.459470566699301343e-03
2.171331178566140441e-01
1.303542362589990899e+00
2.781731321988661687e+00
3.129099286044595640e+00
2.443743927956306905e+00
1.606483660919869827e+00
1.015199682979273765e+00
6.866201055779842521e-01
5.394988976211337883e-01
4.982477306302497966e-01
5.248187324929185493e-01
5.877137957726724649e-01
6.719313453930084723e-01
7.648025427958611289e-01
8.715064476539150506e-01
9.692033515234363961e-01
1.060010906916003748e+00
1.133696373953323899e+00
1.185624440480460340e+00
1.215156350161988419e+00
1.213328575241206853e+00
1.200896612776305439e+00
1.170494871616602151e+00
1.138966184366832834e+00
1.095066471670256281e+00
1.057119791219719440e+00
1.015918861290532993e+00
9.808329471574460667e-01
9.435383894586232278e-01
9.102930850662227513e-01
8.850480343082487433e-01
8.665674387394612932e-01
8.599750901019723726e-01
8.695447825847805179e-01
8.878238327846593725e-01
9.156680648014352553e-01
9.447171053784763073e-01
9.755536368763156885e-01
1.005479507634273517e+00
1.030192800465093317e+00
1.047021584330973143e+00
1.056000825134903121e+00
1.063011069544568921e+00
1.069490081159071959e+00
1.066251367601365629e+00
1.059162339349023041e+00
1.049442078470414375e+00
1.039096530544165509e+00
1.023799349320494212e+00
1.012785091931749815e+00
1.004247700097680829e+00
9.954228694433624458e-01
9.903811180823239857e-01
9.833611457673279155e-01
9.817517159813553551e-01
9.786908755095938828e-01
9.786557364851967700e-01
9.820472933349524425e-01
9.865269479515660356e-01
9.860235210482802826e-01
9.909426739562996467e-01
9.923415501769401459e-01
9.942786586281148198e-01
9.977522321121040649e-01
1.001485072012985977e+00
9.999672475997489762e-01
1.003266266149737351e+00
1.004001625089011140e+00
1.002944226471543798e+00
1.003109151103494634e+00
1.003029950241240087e+00
1.000862525334016429e+00
1.000341309113560895e+00
1.000149112767171999e+00
9.996597063034144970e-01
9.985543574228323838e-01
9.994608473894540657e-01
9.988843342407661696e-01
1.000095745338414943e+00
1.001536491377462479e+00
1.001413482338112448e+00
1.001001256819283869e+00
1.001358288314221801e+00
1.001791994097251948e+00
1.000931650829474551e+00
1.000270204662123019e+00
1.002928649229426039e+00
1.000387046514556122e+00
9.999563973313012610e-01
1.000696384076952050e+00
9.995643650484961062e-01
9.998345541941204839e-01
9.979519599455640710e-01
9.999689847015118538e-01
9.980371525302776936e-01
9.977053802529517457e-01
9.981461912565963157e-01
9.999909195881984125e-01
9.999118482936382168e-01
9.988746788828564149e-01
9.974174352152425094e-01
9.985173033598292447e-01
9.982242613204749260e-01
1.000549680189376289e+00
9.990939680311253790e-01
9.987845188272623798e-01
1.000422972960986590e+00
9.993444617195019752e-01
9.983239728579740291e-01
1.001013103368713075e+00
1.001049952088322259e+00
1.000729433755142894e+00
1.002843890116410508e+00
1.000431955441473786e+00
1.000694366657091106e+00
1.000237138591353769e+00
1.000394276599081644e+00
1.001231523619338537e+00
1.000449234864759340e+00
9.990086271311690025e-01
1.000361379652914495e+00
1.000730820897374640e+00
9.996121547488929782e-01
1.001212109806267181e+00
1.000041820887206168e+00
1.000442761350832432e+00
1.000054930030354061e+00
1.000539832315058275e+00
1.000345675063692541e+00
9.988447107374595069e-01
9.990715190051020489e-01
9.999730567220224131e-01
1.000080697811211117e+00
1.000416308112797026e+00
1.000538863507405063e+00
1.000125672189254411e+00
9.997617092455952648e-01
1.000699480079181525e+00
1.000549969192781496e+00
1.000693265262325493e+00
1.000046245626635688e+00
1.000441126064613551e+00
1.000886416957156300e+00
9.998822612662666698e-01
1.000935966771924424e+00
1.000718053987307732e+00
1.000397891974970532e+00
1.000510112193787382e+00
1.000653680130628498e+00
1.000300747642450805e+00
9.997271284203139707e-01
1.000991326274462745e+00
1.000251641066579378e+00
9.997135247988243600e-01
9.998916292269254269e-01
1.001057094343649423e+00
1.000513190723082424e+00
1.001059925338538825e+00
1.000667728651102095e+00
1.000267256852578557e+00
1.000829433838373195e+00
1.000693917878294092e+00
1.000836386483040963e+00
1.000626950802972592e+00
1.000932095516913423e+00
1.001052171771473764e+00
1.000704044985162744e+00
1.001176083440022069e+00
1.000118940810065693e+00
1.000403169056426123e+00
1.000949386336263958e+00
1.000755250879473923e+00
1.000077756668522166e+00
1.000707479989871196e+00
1.000730522390053112e+00
1.000542074660829117e+00
1.001033343684057497e+00
1.000930050846116970e+00
1.000924906895687805e+00
1.000569935786716824e+00
1.001275833668630044e+00
9.998226312864327836e-01
1.001290111800142268e+00
1.000904091700046461e+00
1.000832207420656150e+00
1.000302177561946726e+00
1.000618777059976372e+00
9.998936622072615021e-01
1.002136998014213187e+00
1.001582836363742679e+00
1.001136923258215683e+00
1.000393522651999101e+00
1.001076615849587625e+00
9.999631268521914640e-01
1.001143728776457298e+00
1.000721228012598107e+00
1.000870666898020067e+00
1.000827295835184261e+00
1.002331501178216344e+00
1.000652138006474789e+00
1.001895442205904541e+00
1.000691073808473552e+00
1.001024139342199692e+00
1.001201402897218040e+00
1.001053376895211899e+00
1.000443039843138315e+00
1.000324922121778481e+00
1.000511467733679938e+00
9.999691425305988757e-01
1.001085662712255742e+00
1.001027700669647524e+00
1.000464223410983511e+00
1.000583336253477285e+00
1.000504091970083831e+00
1.000118125894843946e+00
1.001331558769307239e+00
1.001314575176885713e+00
1.000794403666932286e+00
1.000613155944730659e+00
1.002119714587854205e+00
1.001788054596087996e+00
9.999584453441425769e-01
1.000302699689319397e+00
1.001718164196872651e+00
1.000962019293157645e+00
1.000136717422350774e+00
1.000270600667526155e+00
1.000488350179393526e+00
1.000716561467860144e+00
1.000700088131782683e+00
1.000808455077390358e+00
1.001183156966456878e+00
1.000338621101116265e+00
1.000332260365636161e+00
1.000910066291709200e+00
1.001279948089535132e+00
1.000764370163829575e+00
1.000820832293484619e+00
1.001187274992818788e+00
1.000871257480026921e+00
9.985040507248723607e-01
9.895185749816804988e-01
9.782958562496102406e-01
9.665443177532384578e-01
9.561577999490983304e-01
9.443746953150097267e-01
9.346995263382464891e-01
9.245030705162252671e-01
9.133679332499686776e-01
9.036954947240513070e-01
