0.000000000000000000e+00
0.000000000000000000e+00
0.000000000000000000e+00
0.000000000000000000e+00
0.000000000000000000e+00
0.000000000000000000e+00
0.000000000000000000e+00
0.000000000000000000e+00
0.000000000000000000e+00
0.000000000000000000e+00
0.000000000000000000e+00
0.000000000000000000e+00
0.000000000000000000e+00
0.000000000000000000e+00
0.000000000000000000e+00
0.000000000000000000e+00
0.000000000000000000e+00
0.000000000000000000e+00
0.000000000000000000e+00
0.000000000000000000e+00
0.000000000000000000e+00
0.000000000000000000e+00
0.000000000000000000e+00
0.000000000000000000e+00
0.000000000000000000e+00
0.000000000000000000e+00
0.000000000000000000e+00
0.000000000000000000e+00
0.000000000000000000e+00
0.000000000000000000e+00
0.000000000000000000e+00
0.000000000000000000e+00
3.866180498507056779e-02
4.285728000447143748e-01
2.691390446447244678e+00
6.477185598631828967e+00
8.633873296476258119e+00
8.782950823357500880e+00
6.866319370732215432e+00
5.066072086115809725e+00
3.762247817671580119e+00
2.687345874409024837e+00
2.054925153843659036e+00
1.604239033496831723e+00
1.409215524856987312e+00
1.293160224666564995e+00
1.185677027537022088e+00
1.041758616549350203e+00
1.226870866728541287e+00
1.207432964804377562e+00
1.233039213151482905e+00
1.353284105653606906e+00
1.391123133229153819e+00
1.460091332607054593e+00
1.436029182381661329e+00
1.514383956493691619e+00
1.570705072308027361e+00
1.483609683519873768e+00
1.489011492888801191e+00
1.506032393866283403e+00
1.565753224024126311e+00
1.523647564183039149e+00
1.406745208229754018e+00
1.314398387821589687e+00
1.306680140277500124e+00
1.308335919829595406e+00
1.194378856790107024e+00
1.159252636845007123e+00
1.128554666929522110e+00
1.031491941185427308e+00
1.124775358364473066e+00
1.129925582846544652e+00
1.085158009153647019e+00
1.095309400169924174e+00
1.156034897048100696e+00
1.142331755106476665e+00
1.173141705913455901e+00
1.148351278566985156e+00
1.203226716889482573e+00
1.191096650646441990e+00
1.166590008265177669e+00
1.145652738139338656e+00
1.176717185496729545e+00
1.176035987823970785e+00
1.145823806212139973e+00
1.078209711347127620e+00
1.091025025545812932e+00
1.115422464653565315e+00
1.088619774324172784e+00
1.021376212095636893e+00
1.002253520798314756e+00
1.031955652150599700e+00
1.051660639402547393e+00
1.066657682266578311e+00
1.029974991665167705e+00
1.059764806334564158e+00
1.024758101661826792e+00
1.077355719246753551e+00
1.111715322448226129e+00
1.098190285229685426e+00
1.031517921867967980e+00
1.035517952619743109e+00
1.040030098510018375e+00
1.072980211712164067e+00
1.069995470542710603e+00
1.021676717792246114e+00
1.032985992541973541e+00
1.071578709553816955e+00
1.052302730487644888e+00
1.044145556555190701e+00
1.021987948864334195e+00
1.077832815785520371e+00
1.056963951507763788e+00
1.044409386076101232e+00
1.016208722419164934e+00
1.017056565839312698e+00
1.043804061401551131e+00
1.052406626353975749e+00
1.021793624338814155e+00
1.014932519037106351e+00
1.015657723887795072e+00
9.879420387537133363e-01
1.020260539950297307e+00
1.004102596305115336e+00
9.941850879004974217e-01
1.029111192736055003e+00
1.006950125911709293e+00
9.845175555779900334e-01
9.917884260062814761e-01
9.843773238712828499e-01
9.840037648976311946e-01
9.948114764008794131e-01
1.010351413399325882e+00
9.937441615513183946e-01
1.015895542720051115e+00
1.004416269031279008e+00
1.012646441113687734e+00
1.002530895996723403e+00
9.871600063529795133e-01
9.586008344619337818e-01
1.001092662869105920e+00
1.026200759650865768e+00
1.020116734041097706e+00
1.014322399327614921e+00
1.028366473341139065e+00
1.001204451808359375e+00
1.007457119344281393e+00
9.923830422627109016e-01
1.029065235808489742e+00
9.731146824704239862e-01
9.898761422014561440e-01
9.940518260362047887e-01
9.738384711587345643e-01
1.007604365894573029e+00
9.854784007857492201e-01
1.012065773022668758e+00
9.812019799812767840e-01
9.985989843205808070e-01
9.650855239732780699e-01
9.792422609581890036e-01
9.658448498442552266e-01
9.828013281687036917e-01
9.817405369458132025e-01
9.896287139952916201e-01
9.784718127620247730e-01
9.845754749462368727e-01
1.014851526294068718e+00
9.686435730839876301e-01
9.846700411375434170e-01
9.794035356175000429e-01
9.723193309274220653e-01
1.000972077555019490e+00
9.743030766251239427e-01
9.953635607978417177e-01
9.924823198245134037e-01
9.835614811101986987e-01
1.002891531915543588e+00
9.884546215447996831e-01
9.885191078330681780e-01
9.865491152743521841e-01
1.000161203865773230e+00
9.840738455679419738e-01
1.009695893499146679e+00
9.940043774182711900e-01
9.996550178738546899e-01
1.001433958169807292e+00
9.942459938073914261e-01
9.988996799713842911e-01
9.836042295355309495e-01
9.847496626494435246e-01
9.886928248433934918e-01
9.991819693333846564e-01
1.016257868371393203e+00
9.988730728645873747e-01
9.933063630506783204e-01
9.931436629917425041e-01
9.827085110022146797e-01
1.004308675001531093e+00
9.973246476096859769e-01
1.011180175226059852e+00
9.923142471083790106e-01
9.810365434751713298e-01
9.876382198227237064e-01
9.988843671897291721e-01
9.843649745950850960e-01
9.987699921493066180e-01
1.006891289648825794e+00
1.004060133105512786e+00
9.931993859679391079e-01
1.014653541037292772e+00
1.009746830709358889e+00
9.893666630711546173e-01
9.990694737845158269e-01
9.966014382089606327e-01
9.844706811408264757e-01
9.947998475434786103e-01
9.717872991939673355e-01
9.993225013766775522e-01
9.896260521145943123e-01
9.924023422770550384e-01
1.009927192810674335e+00
9.919498200514299535e-01
9.997355884842284990e-01
9.968958252901922723e-01
9.916359530357090613e-01
9.774169911516984444e-01
9.869379293658856467e-01
1.002654359232862280e+00
9.825993670673092151e-01
9.849966138458297049e-01
9.744187684608218714e-01
9.830376571090529980e-01
9.887023511499596351e-01
9.999768418869167119e-01
9.958399622102453996e-01
9.867461332538267627e-01
9.949695860087678367e-01
9.894242101206148776e-01
9.662267573099130313e-01
9.948026378216990873e-01
9.701503750947708671e-01
9.770711474170047373e-01
9.796781304927659750e-01
9.886380917713849525e-01
9.865642808268537678e-01
9.954837160776742744e-01
9.923520643876286851e-01
9.906459038546109319e-01
9.763694084969294362e-01
9.799301459334536224e-01
9.956241469858709836e-01
9.995595826638074000e-01
9.853947144062847885e-01
9.986783883810266271e-01
9.904953615866076699e-01
1.001247282237872627e+00
9.860066668395019995e-01
9.958828978888110139e-01
9.893471515712802811e-01
9.883405885670193403e-01
9.981530660116890719e-01
9.860212348032393326e-01
1.002954805404025151e+00
9.918275292410325683e-01
9.847961064417681820e-01
9.882065049236895549e-01
9.902602419292301228e-01
9.888312917633504950e-01
9.806611535536146063e-01
9.868296593064345146e-01
9.903996621597357386e-01
9.933979079749352126e-01
1.005491939084883546e+00
1.001974397402815908e+00
9.885446955982426509e-01
1.000154052171376096e+00
9.858102769925730646e-01
9.840805022585142892e-01
1.003294740574441901e+00
9.922365729606040796e-01
