0.000000000000000000e+00
0.000000000000000000e+00
0.000000000000000000e+00
0.000000000000000000e+00
0.000000000000000000e+00
0.000000000000000000e+00
0.000000000000000000e+00
0.000000000000000000e+00
0.000000000000000000e+00
0.000000000000000000e+00
0.000000000000000000e+00
0.000000000000000000e+00
0.000000000000000000e+00
0.000000000000000000e+00
0.000000000000000000e+00
0.000000000000000000e+00
0.000000000000000000e+00
0.000000000000000000e+00
0.000000000000000000e+00
0.000000000000000000e+00
0.000000000000000000e+00
0.000000000000000000e+00
0.000000000000000000e+00
0.000000000000000000e+00
1.114746867319294952e-03
7.978387702218996125e-02
7.445308686030986944e-01
1.839585910275439495e+00
2.217707655171194059e+00
1.999200950175922253e+00
1.693240863754886583e+00
1.463730920124190371e+00
1.272191157633179248e+00
1.119901283305061224e+00
1.000565097155707184e+00
9.070701517351559273e-01
8.508574891738021062e-01
8.223191431833914988e-01
7.976562730664770173e-01
7.834949472363996748e-01
7.889370803849012903e-01
8.241358102098406135e-01
8.658178545664799719e-01
9.223878658718321910e-01
9.797055083998508218e-01
1.026998741560665174e+00
1.063216617001518260e+00
1.085235620199271889e+00
1.086855293508500298e+00
1.088578509790968596e+00
1.082280123895228430e+00
1.073875057812819334e+00
1.065855450611631339e+00
1.049062729077401279e+00
1.027689679243933618e+00
1.007382734509722599e+00
9.896792992655872867e-01
9.699658256799895684e-01
9.677294491585152203e-01
9.562983308897754497e-01
9.577356858472505508e-01
9.583634724514688008e-01
9.621305435920501914e-01
9.697909984502448566e-01
9.744549479472137676e-01
9.838234572604271921e-01
9.922261682255240078e-01
1.004334146930829119e+00
1.008402589316284903e+00
1.013424929359594717e+00
1.016440374394392610e+00
1.014506592796500684e+00
1.017926812808388037e+00
1.016546828936769842e+00
1.011034756261417034e+00
1.008283183616459411e+00
1.004215027284683481e+00
1.002454787226788824e+00
9.985012247794968765e-01
9.972152440660844164e-01
9.935859024147152274e-01
9.930411045528119152e-01
9.930504891736384732e-01
9.925965436066412906e-01
9.939280802203116494e-01
9.961472113516095517e-01
9.965791457640003070e-01
9.978322829125534366e-01
1.002055918353016439e+00
1.002067033490877446e+00
1.001777616823082528e+00
1.001432874814007778e+00
1.003086526964013903e+00
1.001309599677304041e+00
1.000418674583358980e+00
1.001467298597643385e+00
9.996104532370739815e-01
9.991504079258715088e-01
9.969298160198121206e-01
9.983924632899636720e-01
9.971023119279127656e-01
9.980116158010811089e-01
9.988293560458003650e-01
9.994061412105940123e-01
9.989833351165990916e-01
1.000694286793186949e+00
1.001041236401069456e+00
1.000107477523592525e+00
1.000243620000603517e+00
1.001119009606517452e+00
1.000147717384779478e+00
1.001277018974251920e+00
9.998356899252022201e-01
1.002981618147636977e+00
1.001180143021380031e+00
9.993268280585260177e-01
1.001046853595886521e+00
9.993482453776880714e-01
1.001569675566841955e+00
9.998998621210056781e-01
9.991263017124013546e-01
1.000195608514929946e+00
9.993606215350795408e-01
9.983492319082524213e-01
9.989034787127960557e-01
9.974753566188975240e-01
1.001239403869909506e+00
9.996710526879906134e-01
1.000911503760030241e+00
9.991716138396365965e-01
1.000268852127005559e+00
1.000112445877383571e+00
9.991957066341105032e-01
1.000699015880990306e+00
1.000686323548278578e+00
1.000858943151482272e+00
1.000563992884658582e+00
1.000334997267177339e+00
1.000955853852028232e+00
1.002197744650918931e+00
9.999823220059753659e-01
9.998338091327146904e-01
9.990216688196165151e-01
9.989542566157620929e-01
1.000101387348984350e+00
9.995345092901101181e-01
1.000055632029466901e+00
1.000520894772249925e+00
1.000789970503191739e+00
1.000330654955323251e+00
1.000896429580314440e+00
9.986894684554470381e-01
1.000201017891737321e+00
1.000873445327364442e+00
9.996947515907014248e-01
9.992013794242878832e-01
9.992977960893151268e-01
9.993320976957605906e-01
1.000477837088814326e+00
9.995595836659048050e-01
1.000954718713202185e+00
1.001194232291703790e+00
1.000752404932617523e+00
9.995450902398137494e-01
1.000559922419504977e+00
1.000563060122867887e+00
9.992900484827093033e-01
9.990674750318356834e-01
1.000385609048035196e+00
9.994564546633777358e-01
1.000090173912293601e+00
9.994705138543958922e-01
1.000210116254270698e+00
1.000722882671632119e+00
9.992433631570964980e-01
9.993676703583419529e-01
1.000313407967233115e+00
9.988078179567495551e-01
1.000372111121232255e+00
9.994648169804869475e-01
9.999178942908414358e-01
1.000494308680152100e+00
1.000069271316131658e+00
1.000127453569911395e+00
9.993988485238642916e-01
1.000243239678990426e+00
1.000212392892172453e+00
9.986908799615855648e-01
9.996620525899092558e-01
1.000442938557611905e+00
1.000777913080995063e+00
9.994666606971582823e-01
9.999260755178104310e-01
9.994797010024234485e-01
1.000370867982305123e+00
9.997710166605905391e-01
1.000958072715704139e+00
1.000779536683217064e+00
9.998385254965624913e-01
1.000902759344321380e+00
1.000618808214056354e+00
1.000349130992951530e+00
9.995561064078672953e-01
9.994538666179386688e-01
9.995853426246050777e-01
1.000534422022056891e+00
1.000132907771701829e+00
1.000303825699655702e+00
1.000086540474950159e+00
9.990637134208961712e-01
1.000205073618945395e+00
1.000067944303367984e+00
9.997411289124762401e-01
9.998397220436434640e-01
1.000313889892164854e+00
9.995936195031053240e-01
9.996955271496608120e-01
1.000195725301954885e+00
1.000145485040812021e+00
9.998984901071318321e-01
1.001061174992354808e+00
1.000063100688801887e+00
9.994183709320575426e-01
1.000496252682264497e+00
9.995812106253166851e-01
1.000481673169302033e+00
9.995568081246343217e-01
9.992639423745789395e-01
9.999721751978780659e-01
1.000243439178077010e+00
1.000684664127382550e+00
9.992112936107293564e-01
9.995716181222025210e-01
9.999314958870945125e-01
1.000052999623790129e+00
1.000143780328663912e+00
1.000310163256264540e+00
9.993186455424680759e-01
9.997226260545125642e-01
9.997263656640562601e-01
9.995579396916126624e-01
9.996504295226639192e-01
1.000399383160264000e+00
1.000118933071915128e+00
9.997696890562117744e-01
9.992881678488125807e-01
9.999372676533433424e-01
1.000016409301840881e+00
1.000098775487702207e+00
9.997188903242665292e-01
9.995588179931705897e-01
9.998358855393079114e-01
9.997966890075072888e-01
9.997343829076348332e-01
9.999626467847579914e-01
9.991772031983420232e-01
9.996366819372153323e-01
9.997893220995115460e-01
1.000753845713151735e+00
9.997064586069367431e-01
9.997716147174714463e-01
9.996145968186396225e-01
9.997044517549662501e-01
1.000177827163870159e+00
1.000124387339064391e+00
9.994210714333170431e-01
9.999139804963499412e-01
9.993028669358158256e-01
9.995935964978870381e-01
1.000543406789572209e+00
9.997389083273336974e-01
9.995342554988621009e-01
1.000145707295461150e+00
9.988525536848085196e-01
1.000503310308081595e+00
9.999939797652980245e-01
1.000589092865923790e+00
1.000361223391481369e+00
9.991014651737616381e-01
9.999382796236984117e-01
9.996103884422454788e-01
1.000221397761503095e+00
9.997571540387935052e-01
1.000025958118684333e+00
1.000109592853612117e+00
9.996790109720582462e-01
1.000373458425034556e+00
1.000860521505380296e+00
9.996193769029478871e-01
1.000295320666766852e+00
1.000304518155431310e+00
9.993525789345544252e-01
9.998821048316106630e-01
9.998691118678527667e-01
9.997566991064941178e-01
9.995201824447792482e-01
9.997223213096877448e-01
9.998961116046394260e-01
9.998703319118755761e-01
1.000315724424388542e+00
1.000170530568903260e+00
1.000654885171533337e+00
1.000501498693118885e+00
1.000053144146866746e+00
9.994986355614828843e-01
9.997067814178979273e-01
1.000572401389229427e+00
1.000108973201652818e+00
1.000142694728656911e+00
1.000562896839161997e+00
9.999683615152389349e-01
9.999203617755487716e-01
9.997837470171965224e-01
1.000727763984450069e+00
1.000115171402726988e+00
1.000398278518382256e+00
9.997998085446397898e-01
1.000905221101798137e+00
9.995662664791176155e-01
9.993707544276870802e-01
1.000381559654045294e+00
1.000002600808362230e+00
1.000197120324107125e+00
1.000064316630375316e+00
9.999582277790046714e-01
1.000081409792956011e+00
9.999568077081936179e-01
1.000253045315426803e+00
1.000229775963481060e+00
1.000001754818338640e+00
9.998536327527858258e-01
1.000502473616355470e+00
9.998506483471623074e-01
1.000007914578154855e+00
9.998691459264307246e-01
9.997326725458388630e-01
9.996628052632325900e-01
1.000396082487230665e+00
1.000089741132114352e+00
1.000574827889631813e+00
1.000010282908690318e+00
1.000218096026660453e+00
1.000219739002734531e+00
1.000152723071051186e+00
1.000264259452509963e+00
1.000649274159694624e+00
1.000378029312284145e+00
1.000347452180097907e+00
9.998674947124629453e-01
1.000342831064159332e+00
9.997334313056783772e-01
1.000172114334487938e+00
9.999284978006726110e-01
9.998776354553388090e-01
9.997499352132080963e-01
9.995703524669036222e-01
1.000047651147373484e+00
1.000097409239331769e+00
9.998287909667901152e-01
9.998832552352217018e-01
1.000645305223254233e+00
1.000048299273224028e+00
1.000050157976316800e+00
9.989890238956197210e-01
9.929829074975543568e-01
9.849103995973982340e-01
9.764866394952393946e-01
9.687247200447705042e-01
9.601408615656458201e-01
9.522949575548463885e-01
9.444531334164022462e-01
9.366880863755953079e-01
9.283601083744683624e-01
9.206421159180031566e-01
9.133029796581114690e-01
9.054539544276849483e-01
8.970150603491243713e-01
8.899175923748828820e-01
8.821645619293122520e-01
8.744328929012802343e-01
8.672399707925783074e-01
8.600327762967788781e-01
8.517743927419128003e-01
8.446553231985790555e-01
8.375192597516644133e-01
8.294612507992256134e-01
8.223805467224040155e-01
8.152208265702749479e-01
8.077949350480512214e-01
8.005959649294115410e-01
7.938625949499520384e-01
7.863983281206913256e-01
7.795250701242077973e-01
7.720162981411680114e-01
7.653389571446207462e-01
7.580883443972183944e-01
7.515855682598031606e-01
7.445009868287540966e-01
7.375718301396402277e-01
7.306454198190344140e-01
7.236698216691277441e-01
7.168215258623530373e-01
7.104705363648941008e-01
7.034036563244594475e-01
6.970300688246929832e-01
6.903872258464595069e-01
6.838783768175259459e-01
6.769257503497232431e-01
6.704714769679714914e-01
6.638186822361050732e-01
6.572607896414343065e-01
6.509653823697706398e-01
6.449950410245807175e-01
6.377608120416866644e-01
6.321888118155465364e-01
6.255426634712469847e-01
6.190440719897271071e-01
6.129599632009228305e-01
6.066542202619517044e-01
6.003990509102559159e-01
5.943802554320610776e-01
5.881365312392257128e-01
5.820048713718236622e-01
5.758693114724882101e-01
5.698675795576645386e-01
5.642966804466668096e-01
5.579723490306682798e-01
5.518445856164018171e-01
5.458769868345074716e-01
5.397403723673069864e-01
5.341173711134725721e-01
5.281656766644251544e-01
5.223415564558555602e-01
5.163509629774625243e-01
5.108125398577497700e-01
5.050048188261092585e-01
4.996408868535225922e-01
4.934251520773349498e-01
4.879054596701367097e-01
4.821258981827710732e-01
4.764091386811431517e-01
4.709410656547419194e-01
4.652822251217238470e-01
4.597740071885212942e-01
4.544645941600957695e-01
4.486650813398311288e-01
4.435013212072906885e-01
4.378846503094379616e-01
4.323037870703599905e-01
4.270191185937181610e-01
4.214265729070856281e-01
4.161026699227117209e-01
4.107086910021955917e-01
4.054838349322528179e-01
4.003989090248438742e-01
3.948856865909978198e-01
3.896942958966425619e-01
3.843366455898444833e-01
3.793097662604194009e-01
3.740416863336317177e-01
3.690942636564630286e-01
3.639545574047484688e-01
3.586317580366749080e-01
3.536258849491559220e-01
3.487181803817253067e-01
3.435456318665789932e-01
3.382487700550589893e-01
3.335127001788363299e-01
3.285794674769690338e-01
3.236653129547376051e-01
3.186142925122237290e-01
3.138737011546219313e-01
3.088518806482342116e-01
3.038557249491580237e-01
2.989564274093492457e-01
2.943356933989533242e-01
2.894153055110618711e-01
2.845124914864717858e-01
2.799068096860291566e-01
2.750202882017820927e-01
2.701931097327389120e-01
2.657191811406663939e-01
2.609240913174191712e-01
2.561682500380802474e-01
2.517175309896034774e-01
2.470558196459850253e-01
2.423193137692688515e-01
2.376579761506040223e-01
2.331520596806516687e-01
2.285688190152546928e-01
2.239993985142874067e-01
2.195067893745535625e-01
2.149482133670848061e-01
2.104114944726966085e-01
2.060888470278307849e-01
2.016398030398807439e-01
1.972327756981085145e-01
1.928879507706415530e-01
1.883444201852303435e-01
1.839155098644352504e-01
1.797789916848447078e-01
1.752554821149679698e-01
1.709256675401962522e-01
1.666109514504341416e-01
1.622571430783544266e-01
1.579351808472569396e-01
1.537393729705869017e-01
1.495163689637680482e-01
1.454000843630514628e-01
1.411560121310206917e-01
1.368609205013923968e-01
1.326608490707683330e-01
1.285624282812584396e-01
1.244258380234187084e-01
1.204553334915076102e-01
1.166751536735024519e-01
1.131451652747573200e-01
1.097374893948501740e-01
1.067125650769776418e-01
1.034870039919481566e-01
1.005578555010609720e-01
9.778033274742599368e-02
9.491870125603379948e-02
9.221770640606771763e-02
8.964446053219946031e-02
8.718353290434212310e-02
8.466743270482700312e-02
8.229479088541714893e-02
7.994122236852781171e-02
7.764101825515590249e-02
7.551957895504926577e-02
7.339202872232208907e-02
7.115029755701016145e-02
6.921139238070239674e-02
6.717446284349264107e-02
6.526133435708486585e-02
6.332910161640106783e-02
6.140372186688567574e-02
5.979339829004768486e-02
5.794537234511927537e-02
5.621331497193427645e-02
5.453399013981836269e-02
5.293127644123296616e-02
5.125154947114749643e-02
4.979433355489573665e-02
4.815425699179872593e-02
4.682797647623052756e-02
4.532867096288391295e-02
4.382695446047223803e-02
4.251988564896359152e-02
4.122080529930593346e-02
3.986768969603542156e-02
3.856793787237921406e-02
3.732071652334642553e-02
3.612278000091448393e-02
3.494542754121623268e-02
3.375611656074560540e-02
3.261271729294758920e-02
3.151700910625800794e-02
3.037050864287783522e-02
2.938841340263861207e-02
2.833358630275269532e-02
2.735190766346341090e-02
2.638177183100685191e-02
2.543123801668947456e-02
2.448776304885554034e-02
2.361643884528600093e-02
2.267237083435474573e-02
2.182199463197023390e-02
2.103761725650942285e-02
2.018683385949400499e-02
1.937548092675448613e-02
1.858277587342031453e-02
1.785294112106407607e-02
1.712466968467926329e-02
1.642214038735966344e-02
1.573957757399208068e-02
1.503001948150378166e-02
1.438725955454093521e-02
1.376439956369314779e-02
1.313244944651077370e-02
1.252761670136178646e-02
1.200104091470921390e-02
1.140920352552007334e-02
1.083805598051563839e-02
1.034045139528578204e-02
9.794712851178137211e-03
9.318924376510207691e-03
8.828608090157031088e-03
8.338145684530440943e-03
7.886643813394518879e-03
7.435430087101185456e-03
7.002065741612313252e-03
6.623119478378351917e-03
6.208658461569474193e-03
5.841563535225724121e-03
5.458388442902259788e-03
5.126088445239316768e-03
4.793867660309217293e-03
4.465484967153718690e-03
4.164943812055698670e-03
3.860646870405049381e-03
3.570744882401421291e-03
3.301353101147382930e-03
3.035199788731460496e-03
2.776585077719899344e-03
2.531190163956030612e-03
2.313834115171377066e-03
2.113108921889378464e-03
1.912380000178647661e-03
1.709999871234626134e-03
1.538606329079934614e-03
1.370882738245427813e-03
1.202781058084842480e-03
1.045226985636511438e-03
9.164692054890856508e-04
7.839115395222566061e-04
6.711448268933342242e-04
5.729568400553840951e-04
4.669612913763723609e-04
3.785503317768185963e-04
3.028333793239343700e-04
2.345085782795693020e-04
1.712292556899167322e-04
1.233820878682401418e-04
7.961935139523404828e-05
4.845523346070194519e-05
2.316360688945799445e-05
7.869712399562671273e-06
1.252977581611533013e-06
0.000000000000000000e+00
0.000000000000000000e+00
0.000000000000000000e+00
0.000000000000000000e+00
0.000000000000000000e+00
0.000000000000000000e+00
0.000000000000000000e+00
0.000000000000000000e+00
0.000000000000000000e+00
0.000000000000000000e+00
0.000000000000000000e+00
0.000000000000000000e+00
0.000000000000000000e+00
0.000000000000000000e+00
0.000000000000000000e+00
0.000000000000000000e+00
0.000000000000000000e+00
0.000000000000000000e+00
0.000000000000000000e+00
0.000000000000000000e+00
