0.000000000000000000e+00
0.000000000000000000e+00
0.000000000000000000e+00
0.000000000000000000e+00
0.000000000000000000e+00
0.000000000000000000e+00
0.000000000000000000e+00
0.000000000000000000e+00
0.000000000000000000e+00
0.000000000000000000e+00
0.000000000000000000e+00
0.000000000000000000e+00
0.000000000000000000e+00
0.000000000000000000e+00
0.000000000000000000e+00
0.000000000000000000e+00
0.000000000000000000e+00
0.000000000000000000e+00
0.000000000000000000e+00
0.000000000000000000e+00
0.000000000000000000e+00
0.000000000000000000e+00
0.000000000000000000e+00
0.000000000000000000e+00
0.000000000000000000e+00
6.184809698513018400e-02
1.533534702817874518e+00
6.245706798854819830e+00
6.750409741780575068e+00
4.215774635344864407e+00
2.401879796528305633e+00
1.026826607162372396e+00
5.669224566884241145e-01
2.667919906809643749e-01
1.914791218805014517e-01
1.347466635600106377e-01
1.442365774434584413e-01
1.271134678759989201e-01
1.778795341643894246e-01
2.491848949171597827e-01
3.378387187570426886e-01
5.397168471139891510e-01
8.065653304845992189e-01
1.237523611888639685e+00
1.660960724764624974e+00
2.147843593479297208e+00
2.529755921326730217e+00
2.806638235385028324e+00
2.781391099257409127e+00
3.034925260822164184e+00
3.075388741015267602e+00
2.881295849116243701e+00
2.829329583657717695e+00
2.544996812563201871e+00
2.172610383455849448e+00
1.884652487659678632e+00
1.548341451893957554e+00
1.325996013384508787e+00
1.172664764366459167e+00
1.179023791038737778e+00
1.041473540630225125e+00
1.135490314292446623e+00
1.126903629051766664e+00
1.233555190208973640e+00
1.324508637037461245e+00
1.285416796821435836e+00
1.363265115676046024e+00
1.372214715113410755e+00
1.405779960485197266e+00
1.404476627614900774e+00
1.474613410215457776e+00
1.441522214053620576e+00
1.423286734894159578e+00
1.424530054156138759e+00
1.317298143512434017e+00
1.298314557517686207e+00
1.247030216355466292e+00
1.226217820296143790e+00
1.145135267228048814e+00
1.124286477955347197e+00
1.131699390604740341e+00
1.071802970220506745e+00
1.088000614189437831e+00
1.140937112545474585e+00
1.065272990393731911e+00
1.154820871038869434e+00
1.143206613282800488e+00
1.172094753477981754e+00
1.095544222943534374e+00
1.123086049592479263e+00
1.157880257107849697e+00
1.132709949333003285e+00
1.166328463246930180e+00
1.151737948814959056e+00
1.089958725197015088e+00
1.114293495745001250e+00
1.051006612128857931e+00
1.126402541675149305e+00
1.051136932053190920e+00
1.021538133861222386e+00
1.056619112961276086e+00
1.062363238629347117e+00
1.027272840302480672e+00
1.001260331024375061e+00
1.008381002157459294e+00
1.023485068393860775e+00
1.033512493094650653e+00
1.022108381061353599e+00
1.014363818011679852e+00
1.026112081834817946e+00
1.048983151085625787e+00
1.028454442510018607e+00
1.036029332694152982e+00
1.016813099438298229e+00
1.015833139563667498e+00
1.023779702706584915e+00
1.041841862824745446e+00
1.023212855200813953e+00
1.027021496644934917e+00
1.042452161800151211e+00
1.010756187680301510e+00
1.022341286219305534e+00
1.021502367291102553e+00
1.025830646191789430e+00
1.035943395540439127e+00
1.032552524076529421e+00
1.005958911684628143e+00
1.016357979670384992e+00
1.037138843063063254e+00
1.011589599092508340e+00
1.050204276348720489e+00
1.011032448112890503e+00
1.033503762713113616e+00
9.882383864524859618e-01
9.970672116923594563e-01
1.048368966709390948e+00
1.012436872376631491e+00
9.963458470193650163e-01
1.026276361438364093e+00
1.022179497624362776e+00
1.013793386846939759e+00
9.954971429907613079e-01
1.007104070632071524e+00
9.968062039310245925e-01
1.019443123104109006e+00
1.006322776313739453e+00
9.726414604832641642e-01
1.008386852194780525e+00
1.025655788436333316e+00
1.003582402776469484e+00
1.039222562708012942e+00
1.020486264866925730e+00
1.016178611017511058e+00
1.007723454633614013e+00
9.924740657356447837e-01
1.031316015427875099e+00
1.012339394618426924e+00
1.005110089925002725e+00
1.021286096727379356e+00
1.013438941532879722e+00
1.021494821839949552e+00
9.915780123348842956e-01
1.004290344560362147e+00
1.014612284299877043e+00
1.022297629000963326e+00
1.002638590668707197e+00
1.004817504779200732e+00
1.011651771992390092e+00
1.031632934721154138e+00
1.004251995734721348e+00
1.012030706888431109e+00
1.017888821801015364e+00
1.009726007929270253e+00
1.038799088558741479e+00
1.011516715995783189e+00
1.009889064496904743e+00
1.022435744605779240e+00
1.012508147641104417e+00
1.002177164866132619e+00
9.943708806099700315e-01
1.008897394063345443e+00
1.012733791633964708e+00
9.938832397282313380e-01
1.003519630914948557e+00
1.010919950710445603e+00
1.014726006705724881e+00
1.012353606120316885e+00
9.939567470667656224e-01
1.019913685501538048e+00
1.013533656879223699e+00
1.001196758428939626e+00
9.843088409667205552e-01
1.000038443782352182e+00
1.008945738190637043e+00
9.908007383329233697e-01
9.983470215748952992e-01
9.892532910729472384e-01
9.877393684940775076e-01
1.004239786446258442e+00
1.001720765061228757e+00
1.001202983193605345e+00
9.885384144632919368e-01
9.984165973945960948e-01
1.001470409497764003e+00
9.857156475352379932e-01
9.831302317845028726e-01
9.696489017962963697e-01
9.752721260950996118e-01
9.953411829785229203e-01
9.845381006538299618e-01
1.011011015299621230e+00
9.925814749631782785e-01
9.879130942708322927e-01
9.809353529315431031e-01
9.943451738301717358e-01
9.841760090632841740e-01
9.956047544672311789e-01
9.954456175439057031e-01
9.838274186051860770e-01
9.947337460771843443e-01
9.808600233199132878e-01
1.009097217297165727e+00
9.879504632880384829e-01
9.901340070804256488e-01
1.007136422173831258e+00
1.001211936545295833e+00
9.887319993561808351e-01
1.001128076582035398e+00
9.981194989398725070e-01
9.969919374891190733e-01
1.007454301378982731e+00
9.917645928028542279e-01
1.010120961280690288e+00
9.915693490374257735e-01
9.908512196161718411e-01
1.007676352876146098e+00
9.996522168216672721e-01
9.868941543780567205e-01
1.012655363347624737e+00
1.012942838592875372e+00
1.003454996833545998e+00
9.944723797535721665e-01
1.012658384571628600e+00
1.003378091256503790e+00
1.002812678790104828e+00
9.999244870700640941e-01
9.871942978440061411e-01
1.004622242834901424e+00
9.807760843813615459e-01
1.002077611536651425e+00
9.975115462719180703e-01
9.992745734890470244e-01
1.000627952887049199e+00
9.932358456323574503e-01
9.945536879081425807e-01
9.938351664494077253e-01
9.878671904591400654e-01
9.916000732576193410e-01
9.856149755219002495e-01
9.950893798425303194e-01
9.918766497747646405e-01
1.000120914025797836e+00
9.967312109493194905e-01
9.903388453537939062e-01
9.914246060191931331e-01
9.896763343819408032e-01
9.908208965226371623e-01
9.803039624173440769e-01
9.976260380844665931e-01
9.932513228952567497e-01
9.874480382422015090e-01
1.000983136381005778e+00
9.866685303569310284e-01
9.996605581878438285e-01
9.879420126628708498e-01
9.730696154969445955e-01
9.827038330209505457e-01
9.848616893892869761e-01
9.803946537929725258e-01
9.890668203999992691e-01
