0.000000000000000000e+00
0.000000000000000000e+00
0.000000000000000000e+00
0.000000000000000000e+00
0.000000000000000000e+00
0.000000000000000000e+00
0.000000000000000000e+00
0.000000000000000000e+00
0.000000000000000000e+00
0.000000000000000000e+00
0.000000000000000000e+00
0.000000000000000000e+00
0.000000000000000000e+00
0.000000000000000000e+00
0.000000000000000000e+00
0.000000000000000000e+00
0.000000000000000000e+00
0.000000000000000000e+00
0.000000000000000000e+00
0.000000000000000000e+00
0.000000000000000000e+00
0.000000000000000000e+00
0.000000000000000000e+00
0.000000000000000000e+00
0.000000000000000000e+00
0.000000000000000000e+00
1.365139977485593965e-02
2.503654084094417698e-01
9.914378101568388502e-01
2.371253630731527728e+00
3.607031445348445775e+00
4.159451279704406090e+00
4.295464201909237723e+00
4.128292559877212220e+00
4.009250011013182124e+00
3.685775039212817017e+00
3.396640400723877296e+00
3.120761274307468636e+00
2.676163221492217303e+00
2.310419941558139456e+00
2.074993347001754973e+00
1.803633400716353918e+00
1.771510961418371943e+00
1.615001833722361280e+00
1.681219515371491946e+00
1.638236658579714566e+00
1.662758169740719216e+00
1.662537909757638488e+00
1.472412375142517771e+00
1.549496086647543125e+00
1.480280729246298277e+00
1.524570295410440313e+00
1.545311957359698285e+00
1.614534374630200775e+00
1.655894417466476476e+00
1.697921099678229462e+00
1.727702097427560979e+00
1.700755353813607096e+00
1.715948508516909499e+00
1.631673886045283517e+00
1.603720286140763340e+00
1.430316779279274142e+00
1.487999954446451945e+00
1.412376506523859154e+00
1.338962671916203107e+00
1.323532163437129539e+00
1.349610185437501553e+00
1.225747191248410806e+00
1.259182102679133441e+00
1.250500626260545145e+00
1.232156474699276805e+00
1.254195095130032467e+00
1.217099684508907487e+00
1.250760544809755404e+00
1.260162918625958639e+00
1.243401957573571082e+00
1.194724718528762164e+00
1.201206129226380925e+00
1.215528958086317113e+00
1.216619717269571854e+00
1.206924776239689967e+00
1.174241315872587066e+00
1.180812150923263415e+00
1.170575551031963979e+00
1.168210840450523369e+00
1.126289500974757773e+00
1.126347213757797894e+00
1.141448458152464429e+00
1.106311976657883944e+00
1.071554357757172227e+00
1.095122445937035005e+00
1.092788518990100766e+00
1.093660654556332767e+00
1.085746152147224919e+00
1.074430665153057740e+00
1.098565724764257290e+00
1.086983728139197858e+00
1.052698286094093882e+00
1.084053965032695022e+00
1.091184568369550911e+00
1.089749421663090745e+00
1.060239318171102285e+00
1.033264764473335928e+00
1.060160094321142443e+00
1.047869004155220996e+00
1.026375653513762476e+00
1.047555368950433108e+00
1.033964378394407246e+00
1.056122200370915198e+00
1.028124579742504263e+00
1.009207706812676353e+00
1.030517896180968007e+00
1.039740388854469177e+00
1.014801442039098056e+00
1.048893974416429842e+00
1.042309409984343072e+00
1.036148602201910407e+00
1.016851055977719520e+00
1.027755533503257102e+00
1.018851339292516256e+00
1.039648531672616283e+00
1.023579717234842867e+00
1.023548411107436884e+00
1.026369812791669611e+00
1.021700823876801723e+00
1.012179816378001584e+00
1.030991135971067285e+00
1.015766915736462384e+00
1.021067354989309672e+00
1.003786725387293854e+00
1.011403701992112047e+00
1.008693566477180781e+00
1.026429151540854345e+00
1.004653992006250274e+00
1.009645413117668200e+00
9.886620631112893465e-01
9.867078726385832832e-01
1.019316871674377012e+00
9.881564315560090739e-01
9.994134801052290129e-01
9.894874960085656701e-01
1.004282700328966271e+00
1.002277092425398086e+00
9.885896036247410201e-01
1.001356957174196927e+00
1.004623331061708980e+00
9.968743495600651539e-01
9.793268837635407120e-01
9.957465473117670385e-01
9.698152316952555196e-01
9.917864184475763123e-01
1.000563076516468364e+00
9.989244344333568781e-01
9.973451532403172504e-01
9.877900841565445678e-01
9.880129781036596226e-01
9.977403664572278563e-01
1.007914851938203737e+00
9.777765503767144040e-01
9.773318565816463410e-01
9.905934635310285064e-01
1.003544585210261797e+00
9.690829182403664088e-01
9.892754344289109714e-01
9.958858073870702210e-01
9.881753732610004670e-01
9.952764940939247129e-01
9.730051854587271620e-01
9.866484397740451495e-01
9.783781270421657572e-01
9.916713671132363350e-01
9.889418960198537167e-01
9.920086877724328955e-01
9.937448691235328813e-01
1.001909720245286239e+00
9.924700676931306198e-01
9.867187994258501682e-01
9.878808460288270865e-01
9.894815891018102771e-01
9.916549746292039336e-01
9.929103111759323141e-01
1.000626455133583503e+00
9.857325690385161376e-01
9.945228255597050593e-01
9.870808490578836247e-01
9.773727345414524592e-01
9.854572732239180732e-01
9.802918234357681504e-01
9.899536398854854591e-01
9.860077694398075021e-01
9.849961547220890123e-01
9.766967160138253501e-01
9.934195293717077435e-01
9.817698007997387455e-01
9.853863775807467640e-01
9.824809229711639613e-01
9.782177162157673633e-01
9.776772880272314170e-01
9.889604857086057299e-01
9.827446629330823802e-01
9.717736834872212626e-01
9.815157170519509533e-01
9.773403066282037033e-01
9.736624066413693823e-01
9.794666071041219224e-01
9.970881764552761428e-01
9.827890558857282910e-01
9.877021673837480531e-01
9.795738458540680371e-01
1.001100671632244810e+00
9.852825464279958423e-01
9.824176334715677417e-01
9.827477624300783310e-01
9.786640400687683927e-01
9.788333577767127647e-01
9.866478368454333348e-01
9.772475449494688604e-01
9.860668063753035284e-01
9.864000349977553039e-01
9.850942814609972009e-01
9.728270959895080061e-01
9.795500986478108407e-01
9.717817164210545977e-01
9.870016376090173793e-01
9.856950136289498454e-01
9.764064559244227670e-01
9.886419164335663590e-01
9.792749892770886699e-01
9.906464499888282260e-01
9.838525354573357529e-01
9.686574116801263123e-01
9.779736471231195161e-01
9.982682576782561101e-01
9.811193799022828177e-01
9.917305718225136735e-01
9.742932866395412894e-01
9.875416104870865519e-01
9.886342724673319315e-01
9.872298695562335968e-01
9.917482602596847663e-01
9.953701429540006140e-01
9.947472061550954869e-01
9.913289768936863755e-01
9.975546436007013407e-01
9.919775362519696049e-01
9.954858272168887190e-01
1.004664074817336772e+00
9.859968982894621314e-01
9.876647580663855397e-01
9.986310046666556639e-01
9.930803229033164925e-01
9.994473605900632274e-01
9.882006229106038431e-01
1.000001837416313544e+00
9.921957331535879998e-01
9.900620858452339190e-01
9.963837517244313879e-01
9.935039538279735183e-01
9.855810525807126021e-01
1.005016066966942123e+00
9.942065019799033454e-01
9.948895199041414283e-01
9.961594364666985779e-01
9.873354881644400560e-01
9.872501954295526128e-01
9.955371773862535800e-01
9.951673706095026661e-01
9.902865930378060844e-01
9.938626412442135294e-01
9.950152882260706599e-01
9.857065189306706277e-01
9.956605925864902007e-01
9.991477658762862868e-01
9.871122522088707774e-01
9.990834184761572256e-01
9.912752692477257987e-01
9.882565849777222855e-01
1.004398551893054048e+00
9.961787731603273244e-01
1.002563716301678953e+00
