0.000000000000000000e+00
0.000000000000000000e+00
0.000000000000000000e+00
0.000000000000000000e+00
0.000000000000000000e+00
0.000000000000000000e+00
0.000000000000000000e+00
0.000000000000000000e+00
0.000000000000000000e+00
0.000000000000000000e+00
0.000000000000000000e+00
0.000000000000000000e+00
0.000000000000000000e+00
0.000000000000000000e+00
0.000000000000000000e+00
0.000000000000000000e+00
0.000000000000000000e+00
0.000000000000000000e+00
0.000000000000000000e+00
0.000000000000000000e+00
0.000000000000000000e+00
0.000000000000000000e+00
0.000000000000000000e+00
2.426642997506396615e-03
5.718940331470007826e-02
2.352673584020914255e-01
5.443274481759291517e-01
8.579802430954921455e-01
1.107248683011186730e+00
1.284362378662575965e+00
1.330859021840500755e+00
1.281059456341785863e+00
1.220524499917118311e+00
1.138369714230640595e+00
1.041810221031155947e+00
9.153130222571815855e-01
8.252998310434402907e-01
7.543812647596512821e-01
7.593832354552910724e-01
7.385359737998875573e-01
7.323727142842615390e-01
7.489853427106011319e-01
7.851027315807704854e-01
8.275520761301260464e-01
8.467974858326019483e-01
8.615782393305293496e-01
8.911969350465598350e-01
9.332114697931455094e-01
9.575834122058184406e-01
1.004574158345547641e+00
1.042641541097440339e+00
1.100929743430537400e+00
1.131881538482269356e+00
1.169244878866846804e+00
1.178415319192107180e+00
1.173318844530320426e+00
1.143425542035147568e+00
1.129196871164034999e+00
1.102370619653683992e+00
1.076024908666642022e+00
1.058465763650563662e+00
1.035200908337070347e+00
1.032718935726034903e+00
1.020034703107288943e+00
1.012541344592315706e+00
1.004377751665052942e+00
9.943784781430935471e-01
9.763351068955453682e-01
9.780956147634840558e-01
9.824889240501456511e-01
9.786283675363303125e-01
9.802245482519550412e-01
9.793209858057941863e-01
9.853745939631640693e-01
9.959165142143717731e-01
9.999509724917071685e-01
9.957192165166850462e-01
1.008777228982842722e+00
1.011213966108022166e+00
9.995070527946066097e-01
1.000523564754878247e+00
9.993890095542907748e-01
1.003392612764662628e+00
1.001565941840729446e+00
9.942594050282891338e-01
9.974552608436195733e-01
9.904551318520499192e-01
9.913768424948298241e-01
9.903587730188784244e-01
9.894602003757464459e-01
9.822792071141115411e-01
9.864541491400835582e-01
9.962568256819996915e-01
9.877149225844665814e-01
9.921938324043643176e-01
9.886502683867846031e-01
9.944726252750869522e-01
9.908692467929968162e-01
9.919989800498130172e-01
9.888323442165020127e-01
9.899533763666411579e-01
9.977637164600386965e-01
9.949746614018032398e-01
9.896234614051782064e-01
9.973038806813369073e-01
9.981992333769189596e-01
9.880591330858695676e-01
9.921376928988039356e-01
9.908191271015140966e-01
9.945250377007996967e-01
9.945913817565080750e-01
9.901166676149938395e-01
9.951823954494023461e-01
9.846943838269149873e-01
9.950154735302397802e-01
9.978155371704011678e-01
9.945695814612499630e-01
9.972632512476645728e-01
9.895998724209793540e-01
9.957337938849158965e-01
9.959405690826191870e-01
9.949370997669659822e-01
9.940808653311364873e-01
9.971235303005537842e-01
9.953443464355383741e-01
9.958777604653413773e-01
9.920756554232430524e-01
9.957853707277976030e-01
9.929161029531281546e-01
9.950883256147873279e-01
9.977617157707696638e-01
9.965245237211746154e-01
9.993627996373968259e-01
9.987244599791993416e-01
9.967179173364634215e-01
9.910789519667456693e-01
9.955961961393881010e-01
9.950787952209826370e-01
9.972458769345091678e-01
9.978977808374805969e-01
9.973333520161227206e-01
9.941568322770851784e-01
9.988102773232750975e-01
9.969794350960256013e-01
9.981993778515146909e-01
9.951277931936637344e-01
9.949626886553388783e-01
9.977339889369762904e-01
9.975682051649218396e-01
1.000034594919868791e+00
1.001378019770868599e+00
9.958565031970497694e-01
1.001250258683500594e+00
9.976417761981968280e-01
1.000927360152354950e+00
9.984818637554484511e-01
1.000794754984191126e+00
9.995937190994035326e-01
9.984294071409051119e-01
9.976330439884742995e-01
9.972552258229195887e-01
9.999251337355917757e-01
9.975266232343118489e-01
1.000499749258743076e+00
1.002104048299902850e+00
1.000498742804827534e+00
9.998600205223548976e-01
1.000330094399590530e+00
9.971526693848571377e-01
1.000590542489667056e+00
1.002482030216979458e+00
9.986458830180661161e-01
1.001857767244951347e+00
9.998501550923014625e-01
9.969558423368444222e-01
1.002876103727474044e+00
9.966443582053780004e-01
9.993768175903806616e-01
1.001429094239708162e+00
1.001658595339236513e+00
9.959133856107545979e-01
1.001832477843937363e+00
9.998544847815206138e-01
9.957319679391011258e-01
9.998963376285587845e-01
9.980796212237402765e-01
9.997657201265274240e-01
1.000288748213952195e+00
1.000924333696017188e+00
1.000023709494818558e+00
9.986379046717343000e-01
1.003220372967220220e+00
1.000127894047345256e+00
1.000234258552153088e+00
9.980643997574557558e-01
9.994742229662902933e-01
9.988171227740838543e-01
9.977308580816798278e-01
9.978429274465764331e-01
9.980994936799163497e-01
9.975036934187628823e-01
1.000311268322400027e+00
9.985344319756973563e-01
1.000964041310088870e+00
1.002586008070077028e+00
1.001748708733811499e+00
9.993718501995091374e-01
1.001225365620733276e+00
9.987260859401005941e-01
9.997054024794328475e-01
9.986014141299444091e-01
9.997230897538772476e-01
9.980350588156114977e-01
1.000412862952697823e+00
9.997182639857726816e-01
9.989201814643726696e-01
9.982173315585728401e-01
1.000505846858422254e+00
1.000950725591452262e+00
9.986325875728510049e-01
9.998586497090294900e-01
9.992146794978088442e-01
9.990250271280650685e-01
9.970175295586608533e-01
9.987475626849725563e-01
1.002917859878842410e+00
1.000747741484375730e+00
1.000867797513373736e+00
9.991544382336392527e-01
9.986856596498575600e-01
9.991537728595598633e-01
1.000521133898567117e+00
1.001795629976790059e+00
9.995246520414364788e-01
1.000653207027704106e+00
9.996240510924156997e-01
1.000287085347246752e+00
9.981361971734548089e-01
9.978874856725390430e-01
1.001222749898627917e+00
9.995430656736195019e-01
9.999480975834224017e-01
9.988467649731224141e-01
9.990582484421002274e-01
9.992069918853915267e-01
9.998453325615891396e-01
1.000420085228531208e+00
1.001380433334070563e+00
9.993127310484760661e-01
1.000939344460311853e+00
9.995277135212368158e-01
9.980220802873907004e-01
9.984833921672879864e-01
9.972683062519757113e-01
1.000234241971960092e+00
9.980108900177457887e-01
9.978947452342205038e-01
9.993238797790053862e-01
9.970459088387201296e-01
9.971877647781011156e-01
1.000578262358192694e+00
9.979097333070514608e-01
9.973998695125243508e-01
9.965274552841183464e-01
9.990631236714208052e-01
9.993004156394695858e-01
9.970976931067643267e-01
1.001068151820998509e+00
9.986951017522325280e-01
9.978826117319639089e-01
9.961910639868956086e-01
9.986822180857635178e-01
9.975264509640876520e-01
9.992442904369537304e-01
9.984751074616045052e-01
9.996495202588020490e-01
9.978800828293441505e-01
1.001033154946852299e+00
9.984060798933951375e-01
9.971885474405578487e-01
9.969588571269848432e-01
9.977208039754041913e-01
9.973527637608358143e-01
9.959811760585407514e-01
9.995184872366966733e-01
9.968067178917949800e-01
9.977283848935295518e-01
9.993503144102238167e-01
9.975738553399866593e-01
9.973948158225296456e-01
9.989221051307725086e-01
9.978496810047221555e-01
9.984978190770040785e-01
9.987118230307728828e-01
9.988333295604696627e-01
9.983352345330275268e-01
9.981037627443598570e-01
1.000246712199852839e+00
9.987203064845125988e-01
9.978206704945690175e-01
9.998999947992487369e-01
9.992315684918573471e-01
1.000183843371241332e+00
9.979801683053730610e-01
9.987004882527321659e-01
9.977009331595355635e-01
9.980946403304041814e-01
9.991774131779993517e-01
9.990638859494334056e-01
9.995110992329405697e-01
9.982314892512322846e-01
9.983289913061278442e-01
9.970587152341455761e-01
9.980187415120215233e-01
9.979144693359128793e-01
9.995968173167349979e-01
9.991990916893875863e-01
9.990146135142666806e-01
9.984072238588567183e-01
9.978908735227011162e-01
9.993619080793348930e-01
9.974468409205500263e-01
9.974147810926738966e-01
9.984753361762289670e-01
9.973586514806809245e-01
9.982696449822413554e-01
9.984051048887390145e-01
9.996574687080089783e-01
9.990894735332301879e-01
1.000929595369226099e+00
9.981664316032263784e-01
9.984937687601537215e-01
9.993857016010887495e-01
9.997261792944380776e-01
9.972739313020705376e-01
1.000077007342644153e+00
1.000485498677715857e+00
9.995401347405631354e-01
9.991067473017590794e-01
9.997801431887318735e-01
1.000288791206092709e+00
1.000225342869687228e+00
9.990416744686825279e-01
9.947921609272085686e-01
9.863504450636416676e-01
9.785933861973018510e-01
9.693996663449147011e-01
9.596960489497058377e-01
9.518873578100474075e-01
9.441969300007602151e-01
9.354767201001995547e-01
9.277824402728329645e-01
9.173881083589997543e-01
9.108800948109152529e-01
9.032929020098682260e-01
8.922482036253289728e-01
8.869470382670454622e-01
8.775277686071492056e-01
8.688398058608052255e-01
8.616372369753723115e-01
8.531643456298795281e-01
8.453612325717229092e-01
8.372192046488948769e-01
8.304584944671311586e-01
8.232556392713721305e-01
8.138315398660325162e-01
8.067483999235522951e-01
7.990530680851058998e-01
7.921224733998435408e-01
7.848193757761148248e-01
7.762382894194670424e-01
7.697214999017351067e-01
7.620366512514255009e-01
7.539883881480115013e-01
7.480616880257021650e-01
7.402189186625135475e-01
7.315032735102692252e-01
7.248040679188221258e-01
7.179141902111459972e-01
7.117682894279033778e-01
7.041929334846905864e-01
6.959957276683400584e-01
6.904846929965386959e-01
6.821221653985189981e-01
6.767857119890415829e-01
6.684865030797977337e-01
6.621633976935160648e-01
6.554976453368861478e-01
6.476812155137224858e-01
6.409754096407010993e-01
6.349896001091447362e-01
6.265192069258423979e-01
6.210179149995741499e-01
6.146641568938061573e-01
6.077128969267819869e-01
6.004977234461560398e-01
5.952769048710466748e-01
5.877473407154597540e-01
5.824905910473578974e-01
5.742189592977210433e-01
5.688604231204761330e-01
5.628183246662634698e-01
5.560502180789284044e-01
5.499659617087255814e-01
5.427535159534959686e-01
5.378307356159556241e-01
5.305288819249468490e-01
5.244084811771161370e-01
5.181729073776178973e-01
5.122255496196230773e-01
5.052139289490686913e-01
5.006772802249790377e-01
4.929617995465866431e-01
4.881225451680918925e-01
4.816973587257982747e-01
4.755677761628868683e-01
4.700441712798952287e-01
4.640545499473075486e-01
4.585264561262166749e-01
4.521546318072012238e-01
4.467827579999392174e-01
4.396153531534554570e-01
4.353870545149245985e-01
4.289845832994914621e-01
4.239735032826950079e-01
4.176687797639213051e-01
4.119722133173598366e-01
4.072038182315889654e-01
4.007431201312044999e-01
3.962126707830510575e-01
3.903575381605786099e-01
3.837660599443564191e-01
3.784642829452956603e-01
3.729933172805753872e-01
3.682070582304711182e-01
3.621745956640020636e-01
3.575230215018206925e-01
3.521991236959789440e-01
3.466422663326784170e-01
3.413665996073330655e-01
3.353934623761773981e-01
3.293529255289598390e-01
3.250168621613321318e-01
3.202966492197236725e-01
3.148829409220496589e-01
3.097675447143926619e-01
3.037809520984248723e-01
2.988316776098679517e-01
2.936410575125185662e-01
2.886706835872825949e-01
2.829637325439441908e-01
2.780469151312826015e-01
2.738228223420756113e-01
2.682771903863865326e-01
2.631604770158664786e-01
2.584870757619936454e-01
2.527834030895393935e-01
2.491727807562584829e-01
2.436981243001332953e-01
2.386520338942762498e-01
2.340713849475455632e-01
2.295402562724553619e-01
2.250533147007726942e-01
2.191276585756820328e-01
2.149649399152940010e-01
2.102611640400667281e-01
2.054957380200787831e-01
2.008290286451532569e-01
1.962570849295162678e-01
1.910664759184536876e-01
1.877979055767161343e-01
1.823969424823499164e-01
1.774708364995375154e-01
1.734708200891048879e-01
1.692130470953169541e-01
1.643926182947517967e-01
1.596696988522915139e-01
1.550911233430998237e-01
1.504503220063227453e-01
1.453432675480599012e-01
1.414348556649679400e-01
1.375024815794511912e-01
1.326860616683121219e-01
1.286747850778068858e-01
1.241218472921303828e-01
1.202404045316590175e-01
1.158104318695126617e-01
1.124239674101806113e-01
1.087885852220920879e-01
1.053876183881725936e-01
1.020884471268031085e-01
9.893558127925018708e-02
9.619085963100222625e-02
9.296504534248156704e-02
9.065457146380143105e-02
8.773459853728049485e-02
8.553877865796971625e-02
8.284626854178991917e-02
8.036923677729879145e-02
7.789400145034955369e-02
7.498308960874291995e-02
7.333646529939143177e-02
7.095553992419326161e-02
6.880644503573317416e-02
6.646965453836606308e-02
6.459301151452283285e-02
6.270654287324999021e-02
6.081521204901336325e-02
5.897255029781611757e-02
5.683169744549203262e-02
5.517001906230920016e-02
5.363083336280110441e-02
5.178331480028958850e-02
4.997674638499217947e-02
4.832792847244738593e-02
4.703526383223003565e-02
4.526759670559631771e-02
4.406452566360222201e-02
4.236608668548431933e-02
4.112850217493238536e-02
3.983883647841114650e-02
3.824940432001457807e-02
3.718317652170174265e-02
3.575424190976259770e-02
3.431568613498729020e-02
3.320628004942186712e-02
3.207454824727506981e-02
3.077107583240836983e-02
2.954219589440410312e-02
2.853712664827193907e-02
2.737969121078295473e-02
2.660594536935813326e-02
2.539422055208858178e-02
2.451450225555795726e-02
2.339469938812685501e-02
2.253655651374284960e-02
2.163521175574367045e-02
2.086495910492857861e-02
2.007325211547190957e-02
1.905276845189140741e-02
1.814415588103679075e-02
1.734865816168333283e-02
1.656660418125305984e-02
1.581496436291271457e-02
1.517514109219929297e-02
1.442175028376781361e-02
1.381702924440584776e-02
1.316812903705757987e-02
1.251838168896802876e-02
1.177015437510757490e-02
1.128549676545321893e-02
1.067410587815426082e-02
1.014069353774499534e-02
9.689475189904371219e-03
9.051315972974210630e-03
8.530949897755492686e-03
8.020587669263178759e-03
7.606379416309550986e-03
7.176573702181682918e-03
6.743202340451445037e-03
6.352585090189270985e-03
5.902245896536953591e-03
5.496449148338148662e-03
5.116221874784301210e-03
4.776183289985285602e-03
4.448510283691941604e-03
4.091635134286769789e-03
3.705872419433074022e-03
3.476239505912875286e-03
3.201147547175711965e-03
2.913072838368864839e-03
2.618785653533624563e-03
2.408007817703633740e-03
2.193353890632498190e-03
1.982365276984226175e-03
1.756952538534379844e-03
1.574349332613123086e-03
1.384343269464369556e-03
1.203342330088923683e-03
1.037704026444424962e-03
9.025707403194096166e-04
7.823856869758222818e-04
6.554234399106008153e-04
5.556713832919787628e-04
4.381887964537265379e-04
3.449636254388333705e-04
2.751505169149563615e-04
2.007322794193828292e-04
1.425956458340168803e-04
1.062133467625839056e-04
6.002330711882534369e-05
2.887887455747259409e-05
1.409704918055514029e-05
5.561293830310295566e-06
0.000000000000000000e+00
0.000000000000000000e+00
0.000000000000000000e+00
0.000000000000000000e+00
0.000000000000000000e+00
0.000000000000000000e+00
0.000000000000000000e+00
0.000000000000000000e+00
0.000000000000000000e+00
0.000000000000000000e+00
0.000000000000000000e+00
0.000000000000000000e+00
0.000000000000000000e+00
0.000000000000000000e+00
0.000000000000000000e+00
0.000000000000000000e+00
0.000000000000000000e+00
0.000000000000000000e+00
0.000000000000000000e+00
0.000000000000000000e+00
0.000000000000000000e+00
0.000000000000000000e+00
0.000000000000000000e+00
0.000000000000000000e+00
0.000000000000000000e+00
0.000000000000000000e+00
0.000000000000000000e+00
0.000000000000000000e+00
0.000000000000000000e+00
0.000000000000000000e+00
0.000000000000000000e+00
0.000000000000000000e+00
0.000000000000000000e+00
0.000000000000000000e+00
0.000000000000000000e+00
0.000000000000000000e+00
0.000000000000000000e+00
0.000000000000000000e+00
0.000000000000000000e+00
0.000000000000000000e+00
0.000000000000000000e+00
0.000000000000000000e+00
0.000000000000000000e+00
0.000000000000000000e+00
0.000000000000000000e+00
0.000000000000000000e+00
0.000000000000000000e+00
0.000000000000000000e+00
0.000000000000000000e+00
0.000000000000000000e+00
0.000000000000000000e+00
0.000000000000000000e+00
0.000000000000000000e+00
0.000000000000000000e+00
0.000000000000000000e+00
0.000000000000000000e+00
