0.000000000000000000e+00
0.000000000000000000e+00
0.000000000000000000e+00
0.000000000000000000e+00
0.000000000000000000e+00
0.000000000000000000e+00
0.000000000000000000e+00
0.000000000000000000e+00
0.000000000000000000e+00
0.000000000000000000e+00
0.000000000000000000e+00
0.000000000000000000e+00
0.000000000000000000e+00
0.000000000000000000e+00
0.000000000000000000e+00
0.000000000000000000e+00
0.000000000000000000e+00
0.000000000000000000e+00
0.000000000000000000e+00
0.000000000000000000e+00
0.000000000000000000e+00
0.000000000000000000e+00
0.000000000000000000e+00
2.239899177004542590e-03
5.615698362802890031e-02
2.427099908367490178e-01
5.401980543257074441e-01
8.737622271801329665e-01
1.112540090260410786e+00
1.272708253145977908e+00
1.331809461017901430e+00
1.305741086758889002e+00
1.221262263907604506e+00
1.125193593621820920e+00
1.049308765593957915e+00
9.295142708088141026e-01
8.236457279196930381e-01
7.687966374919320556e-01
7.580349953657105067e-01
7.395671205576951346e-01
7.419631885961603945e-01
7.427934331092141962e-01
7.991156520435429567e-01
8.366213470989570800e-01
8.588457177535140374e-01
8.768357186484890820e-01
8.991755622220852784e-01
9.304827083609429339e-01
9.778857474215655321e-01
1.015772744162591001e+00
1.044181361309402867e+00
1.099102884113783540e+00
1.143773471993906110e+00
1.174354331887461411e+00
1.175388789836016690e+00
1.169261122799831742e+00
1.151685138189326496e+00
1.132774153558669727e+00
1.091577150471608304e+00
1.081257848638624175e+00
1.061132398096977125e+00
1.035137152762820589e+00
1.043107530372663572e+00
1.027413379571650465e+00
1.013521670149239107e+00
1.014915629868718305e+00
9.963250192112260706e-01
9.880895146084607283e-01
9.874429588633792942e-01
9.802131874923398769e-01
9.785108938415371105e-01
9.758542032741523986e-01
9.855629294978957011e-01
9.855306917598599670e-01
9.956399260226085346e-01
9.954845892379411421e-01
1.014621839180944951e+00
1.003145934028160768e+00
1.010408720879048650e+00
1.009487410894492676e+00
1.012690724272669263e+00
1.007347238581573157e+00
1.009431304127428097e+00
1.000628643018139030e+00
1.001559242251155890e+00
9.995778516935238667e-01
9.965655567580752328e-01
9.948160299668904472e-01
9.997354538583629324e-01
9.991940802035003122e-01
9.967582104263827958e-01
1.000752958885358312e+00
9.927274121460819556e-01
9.944728171096355318e-01
9.974578455949695277e-01
9.961665813816468207e-01
9.953675339860222904e-01
9.977101350197387086e-01
1.002250031926702922e+00
9.970658370413543192e-01
9.948077917435541595e-01
9.969379691216976314e-01
9.970002904086016082e-01
1.001339712128372694e+00
9.966456206719733757e-01
9.956353071602151994e-01
9.951687442263686956e-01
9.954571241787513181e-01
9.967306156117341498e-01
9.974134270439938277e-01
9.977479472220451839e-01
9.988305552683087729e-01
9.950821410430710223e-01
9.934709925156818278e-01
9.905687774287269542e-01
9.948590745888838960e-01
9.940027850611458105e-01
9.927625784239036966e-01
9.962828321297602097e-01
9.914752506700645895e-01
9.974604038584625743e-01
9.946715551441587255e-01
9.902602976872219021e-01
9.949388656732973679e-01
9.939324317801996322e-01
9.963073964834651131e-01
9.955776979276691474e-01
9.939554779573219756e-01
9.926563237075975987e-01
9.912417195849377860e-01
9.910008084785648652e-01
9.918866946058964018e-01
9.953225974146180377e-01
9.863735346206216059e-01
9.917929976073951437e-01
9.909710116081685838e-01
9.924458680760150919e-01
9.944057025632536684e-01
9.919435983280650015e-01
9.896509581299298697e-01
9.920441661130885436e-01
9.934935876893025153e-01
9.925555970417309082e-01
9.940104170002709294e-01
9.915231867260940746e-01
9.917860404161068510e-01
9.947450706421260280e-01
9.900931361724198965e-01
9.914460114758959497e-01
9.895605741139936740e-01
9.932452353914467125e-01
9.968634929870913153e-01
9.910720318292304265e-01
9.907545301570751528e-01
9.924828461462041895e-01
9.960803093706315225e-01
9.908547948118802129e-01
9.917366979366217805e-01
9.922343690171391284e-01
9.911057258873240405e-01
9.966517557000982297e-01
9.929132325840783757e-01
9.935051890409587472e-01
9.917715580301628142e-01
9.924601105632432363e-01
9.900183312143638892e-01
9.932645656379234245e-01
9.920305079139273285e-01
9.947935597978813105e-01
9.941032181592421857e-01
9.876471924197954833e-01
9.931740311673066257e-01
9.938882193082011485e-01
9.906087633992887165e-01
9.977028038519086817e-01
9.915068288278517938e-01
9.894707019625752498e-01
9.918120637356805380e-01
9.914310058786980351e-01
9.945805913416561062e-01
9.966883622016703415e-01
9.916477400373940876e-01
9.944548446569246858e-01
9.929565603797568807e-01
9.928193826299820390e-01
9.939487323346736236e-01
9.951924667012351788e-01
9.939426411739220590e-01
9.927531975210730497e-01
9.962762843059771445e-01
9.973896271641987665e-01
9.948972378708191844e-01
9.925556930405698974e-01
9.948819789379601541e-01
9.961079012379889797e-01
9.968116647139135811e-01
9.970543732133017034e-01
9.953089632938767473e-01
9.931241491352027495e-01
9.972120721861184034e-01
9.986354154078890266e-01
9.952052113865436089e-01
9.947480601217625340e-01
9.980956561305465158e-01
9.965650327812587417e-01
9.974532941096241334e-01
9.983042454721711145e-01
9.945597470854773414e-01
9.937010955792358047e-01
9.954842709764090136e-01
9.977821031604248159e-01
9.943338701943790214e-01
9.992122109628548410e-01
9.985975642843998301e-01
9.951118903141538130e-01
9.987628626512516927e-01
9.960529826586688174e-01
9.962622259492333043e-01
9.965382131106561570e-01
9.973905164804754975e-01
9.980697755744453170e-01
9.980846422496925108e-01
9.976819865186773439e-01
9.968956932684089889e-01
9.991807863172402771e-01
9.990080028858930872e-01
9.970710485170865001e-01
9.978226282825424232e-01
9.993462882462817998e-01
9.959590066349460757e-01
9.988759876660547876e-01
9.964825609441917420e-01
9.985523576568102744e-01
9.978083806451351068e-01
9.985237409372311745e-01
9.973580762771893093e-01
9.991882599617891714e-01
9.973534497323448544e-01
9.973266867181088680e-01
9.973033394399304363e-01
9.990729068137896851e-01
9.974928332768032702e-01
9.972424603973241153e-01
9.995429263753164983e-01
9.986578301222974741e-01
9.982226574772887773e-01
9.991241394298977507e-01
9.965400149644493277e-01
9.953006699422011216e-01
9.981531442098123819e-01
9.973418117061325638e-01
9.971768124311968240e-01
9.955665944463515382e-01
9.966331286805842904e-01
9.982777457446357916e-01
9.971007681327275218e-01
9.965009605089851785e-01
9.974430187225800104e-01
9.957872672695923244e-01
9.986422633204863342e-01
9.967038117066818748e-01
9.991198806246421871e-01
9.992394415976721955e-01
9.983231583584115665e-01
1.000445558542956359e+00
9.962522736425368786e-01
1.001494340564288432e+00
9.979380424458962340e-01
9.988772626148358924e-01
9.986082728663551178e-01
9.999926700980752425e-01
9.983435011723266195e-01
9.976148490446262729e-01
9.996556187280447592e-01
1.000053063128084396e+00
9.992027022626434052e-01
9.986445737244402654e-01
9.995787130041734470e-01
9.984293650354181260e-01
9.994589543275519405e-01
9.998496851988156742e-01
1.001204945347186737e+00
9.968447842146314075e-01
9.984089402214303410e-01
1.000686939166759659e+00
9.990305790114744067e-01
9.976379429849050462e-01
1.001047585844276444e+00
9.976935180744799236e-01
1.000735126779641826e+00
1.000775596235392806e+00
9.997412325219923179e-01
9.982312502674016708e-01
9.972715351996052080e-01
9.987969251444649421e-01
9.990639379114956142e-01
1.001481222059562803e+00
9.996453241898718423e-01
9.997102582380292812e-01
9.988578392824536412e-01
1.000112494453856860e+00
9.991498382836200287e-01
1.000040419586715190e+00
1.000860653042098258e+00
1.000070743958074937e+00
1.001442564115905709e+00
1.000266434778236624e+00
1.000842009396810894e+00
1.002206983945428842e+00
9.990324307198745757e-01
9.984294157628833544e-01
1.000043743232363003e+00
1.001042681798464784e+00
9.995706825073281676e-01
1.000662317221207243e+00
9.999396186113687079e-01
1.000429781745421520e+00
1.002261329453045580e+00
1.000287780979376429e+00
9.987384006105656242e-01
1.000575242426094968e+00
1.000661329076886652e+00
9.989368888458236562e-01
9.979781007246658620e-01
1.001591302922686166e+00
1.000545501403973692e+00
9.995227150477794531e-01
1.000267206628849825e+00
9.994793941234944024e-01
9.976353040687451212e-01
9.997046454747539057e-01
9.992738338998612413e-01
1.000157108661590133e+00
9.987139264375771708e-01
9.985167750450897328e-01
1.000011522045426648e+00
1.000368280089669160e+00
9.993365439526750160e-01
9.994260307744975425e-01
9.984702660569610977e-01
1.000163711995105675e+00
9.999292893911283509e-01
9.983798136809243218e-01
9.948261151462333141e-01
9.869246280270901339e-01
9.774421478874922853e-01
9.705496363233462320e-01
9.602265520467432314e-01
9.521576937349869318e-01
9.447907490301120648e-01
9.362007081661671837e-01
9.295145800013666637e-01
9.184476716180954847e-01
9.102308581743439042e-01
9.018245672423623738e-01
8.956413581045923333e-01
8.866569938170567600e-01
8.785213011191033150e-01
8.702667278223523706e-01
8.628576831255968527e-01
8.541726959502772276e-01
8.477068584456022293e-01
8.388192406513218513e-01
8.309512091053543603e-01
8.241740911620515364e-01
8.146124065382567281e-01
8.084553614021436907e-01
8.005539206016897280e-01
7.918326113990636905e-01
7.842721789564948143e-01
7.783108717256997933e-01
7.690339987867262916e-01
7.619176507980520707e-01
7.551287465413671907e-01
7.486439739496819623e-01
7.406520061924246612e-01
7.335001260877135332e-01
7.272657678867842090e-01
7.202313133000436407e-01
7.122199537254468860e-01
7.053936241008892383e-01
6.980800016203146940e-01
6.906351066782462356e-01
6.843279942457676235e-01
6.775428911905148066e-01
6.696492372283704420e-01
6.626983906460220952e-01
6.558713903003993151e-01
6.504384814971913009e-01
6.409589269940836331e-01
6.356216699946947157e-01
6.292731160264172230e-01
6.216030024262658715e-01
6.153296150815081855e-01
6.088938207602235808e-01
6.015291440927740263e-01
5.944119212470505564e-01
5.899757522699421441e-01
5.816078906921550162e-01
5.753388573339636158e-01
5.692620119957195746e-01
5.643820169390062480e-01
5.555157821323626344e-01
5.503809671251065350e-01
5.434533271382480102e-01
5.366066821818707977e-01
5.301127417157506239e-01
5.238405319122304560e-01
5.176647045261068003e-01
5.129458761738994177e-01
5.068143741604417274e-01
4.995795323197871896e-01
4.941707591989756287e-01
4.873805630129703914e-01
4.810971112114861281e-01
4.744342800862265674e-01
4.703978585903501597e-01
4.644906660999801318e-01
4.576049458215240562e-01
4.525950652172133215e-01
4.466777970527294195e-01
4.402405057124454402e-01
4.351724469819754360e-01
4.278450859482851865e-01
4.230614592652891526e-01
4.172896114958207225e-01
4.115207054367575057e-01
4.064363534333519379e-01
4.003078692345781175e-01
3.951217314439907091e-01
3.901279345124983311e-01
3.841046926278524620e-01
3.785964451862114388e-01
3.732616077695993240e-01
3.667671284570914736e-01
3.618644824552032513e-01
3.567404270685651801e-01
3.514767892562548068e-01
3.455828889392467129e-01
3.408544488228671399e-01
3.357333715487245129e-01
3.305102184087708728e-01
3.247537225540660932e-01
3.194320296546922511e-01
3.137901460293949230e-01
3.094039093278452279e-01
3.039610651902982519e-01
2.987748072244676978e-01
2.942647102712052098e-01
2.887390855389404543e-01
2.844624987563841301e-01
2.786809272308736207e-01
2.740714706503609710e-01
2.685990880408954951e-01
2.633977502123696635e-01
2.588516333147545256e-01
2.535813925787840373e-01
2.497930049240035533e-01
2.440102680284313430e-01
2.389707736606912214e-01
2.338535926359720241e-01
2.294958584329913898e-01
2.243831458914728738e-01
2.194625799151291579e-01
2.154600420972931918e-01
2.103560442465872982e-01
2.060513024380385139e-01
2.010417699701078920e-01
1.964089272559099986e-01
1.916565381181022654e-01
1.868416722189688017e-01
1.818354017174883264e-01
1.779780901157724804e-01
1.727712627770777443e-01
1.689831653771855513e-01
1.639294728317571559e-01
1.597557914805325663e-01
1.554695474939138955e-01
1.503265934793005243e-01
1.461941496322317069e-01
1.414285294960095363e-01
1.373691187478847386e-01
1.324418033617456580e-01
1.282076215413099074e-01
1.239303726252678484e-01
1.194409883732226452e-01
1.161853161918053878e-01
1.117810022635803008e-01
1.089765733352068833e-01
1.053425966566480521e-01
1.020942752340815857e-01
9.952445997821306178e-02
9.640976726559498389e-02
9.358574888028074745e-02
9.045785412618265187e-02
8.791962705024933267e-02
8.510959171777188192e-02
8.276087168982430853e-02
8.036142470388832337e-02
7.772018364440799743e-02
7.553606091201894857e-02
7.298667157071683786e-02
7.089628497168626309e-02
6.902321792726051619e-02
6.691247877094960717e-02
6.478843208769614892e-02
6.274050065969440093e-02
6.099239843791404159e-02
5.866704630831471451e-02
5.691786213494900298e-02
5.540622545089209788e-02
5.332039728738868778e-02
5.178148908451014193e-02
5.002190335699116530e-02
4.856302429047508473e-02
4.700916380967186392e-02
4.563043512908162430e-02
4.398328316076029199e-02
4.221081464219128554e-02
4.105676186816985263e-02
3.955164202853452687e-02
3.827459190766098474e-02
3.697265407640998314e-02
3.554983511403123075e-02
3.426650653622879961e-02
3.309609442700504195e-02
3.211879185576858864e-02
3.096302820105924225e-02
2.970319457286763054e-02
2.872917314985577730e-02
2.763552622736301437e-02
2.648895097146573840e-02
2.540423286182008980e-02
2.443503493095691356e-02
2.353930589586241198e-02
2.260515032003568292e-02
2.172542827191233095e-02
2.082425574663242587e-02
2.004730172632670018e-02
1.923274574058163669e-02
1.838454981646650555e-02
1.740676404984644460e-02
1.674993129315245632e-02
1.606465350900972838e-02
1.525145623983942093e-02
1.439560343932945116e-02
1.394184890249015527e-02
1.318486166846974915e-02
1.258030900027972548e-02
1.197460272061460530e-02
1.134157199686448327e-02
1.075406470450422820e-02
1.032541808109385152e-02
9.723122264125201586e-03
9.124764840495822732e-03
8.706387244285331006e-03
8.242018447415322066e-03
7.815751985339595628e-03
7.253002071571006647e-03
6.832216496726428549e-03
6.413728661106539788e-03
5.903672806128469966e-03
5.581951066411582757e-03
5.180978238478928591e-03
4.845251259698549195e-03
4.494455381434774889e-03
4.128113831575415393e-03
3.796336520106849063e-03
3.564798279998264690e-03
3.280822143226162779e-03
2.940845444914883672e-03
2.694135428587578467e-03
2.494111146245601811e-03
2.225249435307637483e-03
1.956993474219119455e-03
1.793622183262437485e-03
1.600351103159299319e-03
1.444575261382191307e-03
1.255054738629757857e-03
1.077884728650982090e-03
9.285442772014125459e-04
8.061398375279967042e-04
6.860889889206741449e-04
5.495956417553969240e-04
4.586938621911840967e-04
3.660034268603551129e-04
2.820343222613029468e-04
2.081926576748257607e-04
1.568794485954827143e-04
9.641933143924691059e-05
6.741296316372111317e-05
3.123523241076167829e-05
1.791436837409193675e-05
4.097650978615158958e-06
0.000000000000000000e+00
0.000000000000000000e+00
0.000000000000000000e+00
0.000000000000000000e+00
0.000000000000000000e+00
0.000000000000000000e+00
0.000000000000000000e+00
0.000000000000000000e+00
0.000000000000000000e+00
0.000000000000000000e+00
0.000000000000000000e+00
0.000000000000000000e+00
0.000000000000000000e+00
0.000000000000000000e+00
0.000000000000000000e+00
0.000000000000000000e+00
0.000000000000000000e+00
0.000000000000000000e+00
0.000000000000000000e+00
0.000000000000000000e+00
0.000000000000000000e+00
0.000000000000000000e+00
0.000000000000000000e+00
0.000000000000000000e+00
0.000000000000000000e+00
0.000000000000000000e+00
0.000000000000000000e+00
0.000000000000000000e+00
0.000000000000000000e+00
0.000000000000000000e+00
0.000000000000000000e+00
0.000000000000000000e+00
0.000000000000000000e+00
0.000000000000000000e+00
0.000000000000000000e+00
0.000000000000000000e+00
0.000000000000000000e+00
0.000000000000000000e+00
0.000000000000000000e+00
0.000000000000000000e+00
0.000000000000000000e+00
0.000000000000000000e+00
0.000000000000000000e+00
0.000000000000000000e+00
0.000000000000000000e+00
0.000000000000000000e+00
0.000000000000000000e+00
0.000000000000000000e+00
0.000000000000000000e+00
0.000000000000000000e+00
0.000000000000000000e+00
0.000000000000000000e+00
0.000000000000000000e+00
0.000000000000000000e+00
0.000000000000000000e+00
0.000000000000000000e+00
