0.000000000000000000e+00
0.000000000000000000e+00
0.000000000000000000e+00
0.000000000000000000e+00
0.000000000000000000e+00
0.000000000000000000e+00
0.000000000000000000e+00
0.000000000000000000e+00
0.000000000000000000e+00
0.000000000000000000e+00
0.000000000000000000e+00
0.000000000000000000e+00
0.000000000000000000e+00
0.000000000000000000e+00
0.000000000000000000e+00
0.000000000000000000e+00
0.000000000000000000e+00
0.000000000000000000e+00
0.000000000000000000e+00
0.000000000000000000e+00
0.000000000000000000e+00
1.529146568822675918e-03
2.554950941985686952e-01
2.070314850454436417e+00
3.477265010866699591e+00
2.530534465502468855e+00
1.283745574857875660e+00
6.232764093942935180e-01
4.523750546347857782e-01
5.710995921765092964e-01
7.630567336030121828e-01
8.861086189411651048e-01
9.170099309683861222e-01
8.948820804045513055e-01
8.568237250267914940e-01
8.277833280494139023e-01
8.231093012933637931e-01
8.376838614013443207e-01
8.587637881298094689e-01
8.926778833856153783e-01
9.456425647845697613e-01
1.008418636905114019e+00
1.072498296511359639e+00
1.129552430152119369e+00
1.169977806799612718e+00
1.188543917479247147e+00
1.190754489396960825e+00
1.169968551976460658e+00
1.136718061316392525e+00
1.094034757970207883e+00
1.055281033809736702e+00
1.019371160749667160e+00
9.945579760201989084e-01
9.765372952662627615e-01
9.682261502971870604e-01
9.619507003826722746e-01
9.613686538022976347e-01
9.606212355889929277e-01
9.605041077249836245e-01
9.623024144140843728e-01
9.630332701340413859e-01
9.669006654173598614e-01
9.724810355866593259e-01
9.769978279557413048e-01
9.825222627743023240e-01
9.891531577221996940e-01
9.928321790505542088e-01
9.975531608852485910e-01
1.002120784040495760e+00
1.002668972639151113e+00
1.001418704941364757e+00
1.002572595956084944e+00
1.002471801380446781e+00
1.002672969720665108e+00
1.003561474994917990e+00
1.002092359596679749e+00
1.003263864410254724e+00
1.004197155560107024e+00
1.005727479235402066e+00
1.003978061797768939e+00
1.005078236860358798e+00
1.004236246373763519e+00
1.005769108316127758e+00
1.004024711524329483e+00
1.003369350830545903e+00
1.003746738462028887e+00
1.002240512728950650e+00
1.001039459786902119e+00
1.000324951609086410e+00
9.991144286412008135e-01
9.987614345125860327e-01
9.972622879195525147e-01
9.957543559894708185e-01
9.948651305415785462e-01
9.949834788784849282e-01
9.954071091224778733e-01
9.943992197105334663e-01
9.953880926750479086e-01
9.943367631978509147e-01
9.961423517873367883e-01
9.970399428875287295e-01
9.976995004373431231e-01
9.989734475872736885e-01
1.000868396723686216e+00
1.000320937298247337e+00
1.001365894310909610e+00
1.002489882201270888e+00
1.003207920108937889e+00
1.003099035531001881e+00
1.001967611895302035e+00
1.003079751872608893e+00
1.002022730890189894e+00
1.002044737793348128e+00
1.001561530600539429e+00
1.000933187618656905e+00
1.000130931124156630e+00
1.000668704700013123e+00
9.996631421241132243e-01
9.989318467323020645e-01
9.988995127395023932e-01
9.986732738028359924e-01
9.994164491109710502e-01
9.985652060352949722e-01
9.986795401272529071e-01
9.986564844325915846e-01
9.993695775809630089e-01
9.991591004047216673e-01
9.990510265486419739e-01
1.000262862928854357e+00
9.990310726426769872e-01
1.000691608704965541e+00
9.985837127658366841e-01
9.999242989077430366e-01
1.000348188505574942e+00
1.000105036930396096e+00
1.000279107939024748e+00
1.000289831166612631e+00
1.000961760860134664e+00
1.000297589608153404e+00
1.000031809026096896e+00
1.000169595265927969e+00
9.994970614781666374e-01
1.000066932749527293e+00
1.000187411474601884e+00
1.000785579021381322e+00
9.996450513558136075e-01
1.000307289941839040e+00
9.996456438863694505e-01
1.000168699561088115e+00
9.998290365672537483e-01
9.997944816945480984e-01
1.000210704166459408e+00
1.000001334689695209e+00
9.996159081444937478e-01
9.993417501134235215e-01
9.997630092793540202e-01
1.000057028123771508e+00
1.000008971849139616e+00
9.998789200886237793e-01
9.999162367695175746e-01
1.000138798741892598e+00
9.999370534430956914e-01
9.994283333060116625e-01
1.000047974861060895e+00
1.000301873808435271e+00
1.000113696737912949e+00
9.999665048697440328e-01
1.000720892279050478e+00
9.997792694567937399e-01
9.998424771600863403e-01
1.000136066247448996e+00
9.999897517458729013e-01
1.000451391290121839e+00
1.000644618385108986e+00
1.000155183779350976e+00
9.996277061551287479e-01
1.000725915151905454e+00
9.997993536124214486e-01
1.000047196648601977e+00
9.995547735229883823e-01
9.993011320853741886e-01
1.000449209653080818e+00
1.000179792878691742e+00
1.000126112762250719e+00
1.000076287459137125e+00
1.000513963228958803e+00
9.999382788038929659e-01
1.000110094577582265e+00
9.998297419699874178e-01
9.996712517592815095e-01
9.997787394865638166e-01
1.000123854314816763e+00
1.000091700340234757e+00
1.000203022194566360e+00
1.000076121385538475e+00
1.000440519481714530e+00
1.000422871439719419e+00
1.000033033757166789e+00
9.996268911466981155e-01
1.000205703925114431e+00
1.000368847932857408e+00
1.000168294579294681e+00
9.998515644941055047e-01
9.997709394857489107e-01
1.000251618424224276e+00
1.000740187582685348e+00
1.000233140337471793e+00
1.000785295169310141e+00
1.000068883087086302e+00
1.000193373317260992e+00
1.000200764236060413e+00
1.000417298737312555e+00
1.000530750693374049e+00
1.000478697912361215e+00
9.999454190098717721e-01
1.000316327344442424e+00
1.000245420019616471e+00
9.998348589629904026e-01
1.000789566842536393e+00
1.000304603806059678e+00
9.998083942060228546e-01
1.000467607959437899e+00
1.000292821422170020e+00
9.999867939588638066e-01
9.996980415314778989e-01
1.000290117732484330e+00
1.000069513256951259e+00
1.000190951409152040e+00
1.000487501520614275e+00
1.000143333140417035e+00
1.000586148039639189e+00
9.999086091579916236e-01
1.000327429414084035e+00
1.000131346919022723e+00
1.000719779481014760e+00
1.000030161271015849e+00
1.000189192349641543e+00
1.000503596285558183e+00
9.999996339745544915e-01
1.000048405881531322e+00
1.000111929117192933e+00
1.000375186136673200e+00
1.000028985048775354e+00
1.000205754130468305e+00
1.000283127348068124e+00
1.000357890592629584e+00
1.000536536984059532e+00
1.000482202599190629e+00
1.000051769557668280e+00
9.999371944062100948e-01
9.999745593084508055e-01
1.000240150734903022e+00
1.000017178080143010e+00
1.000067104631214843e+00
1.000213454655784595e+00
1.000414733116115285e+00
1.000309722878325314e+00
1.000180027506798242e+00
9.995947723703976218e-01
1.000779353220925483e+00
1.000180324423766587e+00
1.000066283858689342e+00
1.000471028123918860e+00
1.000114050928136322e+00
1.000573586707579121e+00
1.000510796561263405e+00
9.999934482190420137e-01
1.000309870895582209e+00
1.000245664654669575e+00
9.999983275868965515e-01
1.000426813749734523e+00
1.000176430661747107e+00
1.000416065266290566e+00
1.000327841837771681e+00
1.000212145909013417e+00
1.000407138106424565e+00
1.000232698362004236e+00
1.000003028187428589e+00
1.000181353588780020e+00
1.000473741441144204e+00
1.000047279450891002e+00
1.000408209039057139e+00
1.000030736235749229e+00
9.996657739603138637e-01
9.998188871621278562e-01
1.000280452825393906e+00
1.000043013298373307e+00
1.000109689439425686e+00
1.000406492591201069e+00
1.000357845596507422e+00
1.000087664084576389e+00
1.000174970156856080e+00
1.000315869708889194e+00
1.000258696306204564e+00
9.999677098180933532e-01
1.000125309315358146e+00
1.000176839271345930e+00
1.000295552110545438e+00
1.000546364824940415e+00
1.000392131405381413e+00
1.000666805274124327e+00
1.000184168689092878e+00
1.000076391247074481e+00
1.000325493815780176e+00
1.000080209003523235e+00
1.000225975101814324e+00
9.999214709939183710e-01
1.000491789052289748e+00
1.000368948085726739e+00
1.000120916142747562e+00
1.000322799721319100e+00
1.000196733704150853e+00
1.000130502404227517e+00
9.998516428803875256e-01
1.000423992661452655e+00
1.000190244306632836e+00
1.000330915673865118e+00
1.000391900170939596e+00
9.999914159338086916e-01
9.999378509217607958e-01
9.999599072614272499e-01
1.000403053436925926e+00
9.996218064681666737e-01
1.000237774120468881e+00
9.999611162871387959e-01
1.000238330617129412e+00
9.998141317254675142e-01
1.000140290052796033e+00
1.000332612674458055e+00
9.999923820654466056e-01
1.000249186466382501e+00
9.998739233393058035e-01
1.000283595835636863e+00
1.000207726070101000e+00
1.000071297964518768e+00
9.998898813858424495e-01
1.000267427367002915e+00
9.998634274594757620e-01
1.000447317403810654e+00
1.000094878165407986e+00
1.000247188519878705e+00
1.000062121014230643e+00
1.000031983213585107e+00
9.954992905738434539e-01
9.871247045048415769e-01
9.783890863090797252e-01
9.697404269241562957e-01
9.613285654302569094e-01
9.524424566826013017e-01
9.443740770705468801e-01
9.360771947228478940e-01
9.273103975882432959e-01
9.194548474501491597e-01
9.108254008949108194e-01
9.029160020702102774e-01
8.946680422241571895e-01
8.865096966258689815e-01
8.785736253444070831e-01
8.705467096143209016e-01
8.623216783559756182e-01
8.544398323284539964e-01
8.464887125341047369e-01
8.388618279412780598e-01
8.309187127695123465e-01
8.234821472045951163e-01
8.152349524341866438e-01
8.075192070725506488e-01
7.998405360294674749e-01
7.927306761058603435e-01
7.849802274997541573e-01
7.772282692274741223e-01
7.698608698830196051e-01
7.625100117307782588e-01
7.554480133662597741e-01
7.476231847118497420e-01
7.406180200778347267e-01
7.332014807934753575e-01
7.258855287274572632e-01
7.187463287238200493e-01
7.116598504181126383e-01
7.045361440515217621e-01
6.975496934268979876e-01
6.903182065839592596e-01
6.831594288842800511e-01
6.766452651727447032e-01
6.692941762119855031e-01
6.626145568003076747e-01
6.556821695533532335e-01
6.487240776371059336e-01
6.419822025794058584e-01
6.353251059508256970e-01
6.284181917817213137e-01
6.217386056748996914e-01
6.151548225038356854e-01
6.085200708963968141e-01
6.019766859357830180e-01
5.955547662285302080e-01
5.887204185930439149e-01
5.821702716044885317e-01
5.758091043283691812e-01
5.695502080738614747e-01
5.630982315262281768e-01
5.566117553147358343e-01
5.503819522484917348e-01
5.439004702058534146e-01
5.376899432154835790e-01
5.315304867167336411e-01
5.253763713220059861e-01
5.190855106053596790e-01
5.129228274253119224e-01
5.070498901339977049e-01
5.007012146898286442e-01
4.946055082507458400e-01
4.886245671060652773e-01
4.825666326125091499e-01
4.766531125995064344e-01
4.707199529673199989e-01
4.647159673759451715e-01
4.588097470570176029e-01
4.529328708686135574e-01
4.472634112216360425e-01
4.411988770426671924e-01
4.355928535738645691e-01
4.299894460147343223e-01
4.241105918662435026e-01
4.185377171579366395e-01
4.129245200573778418e-01
4.070694470233948148e-01
4.014641969838090851e-01
3.958691719521014729e-01
3.904071035334334416e-01
3.847062906180523933e-01
3.792726173448526805e-01
3.737308962118773281e-01
3.682017438270799858e-01
3.627178550027853055e-01
3.575126402674507209e-01
3.519272574479099247e-01
3.466967886048583081e-01
3.412163201948271163e-01
3.360893941544847441e-01
3.306923912008592481e-01
3.255011366731766498e-01
3.200633762414414329e-01
3.150113810480960619e-01
3.097670786247896380e-01
3.046735816610756098e-01
2.994806780866637874e-01
2.942710432597917536e-01
2.893175842312427637e-01
2.841708403041987019e-01
2.792020768744951087e-01
2.741264891869391596e-01
2.690452002761348771e-01
2.640429985487542930e-01
2.591079509393364178e-01
2.542520763711162424e-01
2.492262865941944350e-01
2.443798096229777006e-01
2.394893717443219439e-01
2.345097228628374442e-01
2.295565095771655573e-01
2.248359441063423336e-01
2.202360219409058018e-01
2.152915685442906291e-01
2.104731008704300299e-01
2.058566065726802341e-01
2.010884104366836844e-01
1.964572117350979752e-01
1.917816216578633048e-01
1.869999087480796185e-01
1.825108497758200221e-01
1.779506056476244380e-01
1.731556633009497526e-01
1.687771534979668198e-01
1.640287115547149899e-01
1.595139715937629044e-01
1.549902017969457257e-01
1.505734552210420130e-01
1.460435216798420810e-01
1.415586566556618353e-01
1.371947442180008470e-01
1.327377317368727272e-01
1.281874503932254605e-01
1.238232616272621073e-01
1.196083689983200027e-01
1.157232978514407956e-01
1.122041071840992332e-01
1.085950904511580328e-01
1.053515299696899665e-01
1.021376437154313949e-01
9.901133810544753000e-02
9.599424530578606896e-02
9.314878680338455064e-02
9.037365384452250572e-02
8.760430493131401986e-02
8.507314099754800796e-02
8.246102849886910446e-02
7.997751020702599523e-02
7.754587176572887153e-02
7.530971665968703987e-02
7.301356047165268037e-02
7.074115280339432488e-02
6.864030942589247064e-02
6.655763375018337868e-02
6.449782963253720969e-02
6.246388082221505239e-02
6.053095962420112358e-02
5.864777301648523011e-02
5.683742991762655294e-02
5.507021909378689156e-02
5.334465639814017779e-02
5.159818145099337450e-02
4.994624454151316145e-02
4.836997429330854026e-02
4.678547211948017731e-02
4.525384852720402279e-02
4.375645145634934896e-02
4.227287463247710736e-02
4.085019793649049408e-02
3.949427671196986678e-02
3.816619106585818905e-02
3.682650367729957408e-02
3.552722073266869479e-02
3.427782208882042964e-02
3.307006049815387067e-02
3.190190146738660498e-02
3.072432298443569798e-02
2.967425414839749281e-02
2.851363435821512721e-02
2.744240734444759744e-02
2.637982443781740696e-02
2.540863507314686937e-02
2.440456453216790708e-02
2.347266835933298212e-02
2.250925485805313486e-02
2.164357121421565250e-02
2.072241686324204080e-02
1.988163640412836733e-02
1.903224383050097085e-02
1.822510988901197837e-02
1.743753109132149468e-02
1.668168637055818249e-02
1.594531162965216742e-02
1.520122334626860736e-02
1.453083257594169932e-02
1.383981971786496165e-02
1.319837276953553587e-02
1.255304291203530355e-02
1.193409600446801618e-02
1.133872232716228064e-02
1.073919998537844166e-02
1.020378970089020135e-02
9.651076616294430172e-03
9.127362127881991430e-03
8.611724526708096697e-03
8.132447643095912573e-03
7.653800548128531812e-03
7.204753100662326069e-03
6.773059992157395848e-03
6.327659079059590706e-03
5.942325152380676691e-03
5.543968408673130739e-03
5.164450472350813094e-03
4.798711479537658489e-03
4.454530567112085539e-03
4.138688675103319344e-03
3.814190596829311088e-03
3.509291645145371907e-03
3.230608954122889467e-03
2.960218281517018601e-03
2.701538629230716866e-03
2.461869810188928743e-03
2.218941585919611322e-03
1.999097679342096926e-03
1.786963898037264263e-03
1.596182219322000691e-03
1.406980497482070679e-03
1.236590708834112368e-03
1.076594087237077967e-03
9.277961711100719041e-04
7.976900322203158127e-04
6.714476479105216042e-04
5.566064374825051547e-04
4.527560607762481427e-04
3.622796850694313237e-04
2.872549775509421828e-04
2.120906184411157391e-04
1.550049946536686553e-04
1.028202960999354725e-04
6.176684422630845353e-05
3.459876526998673319e-05
1.297701443326491100e-05
2.908205157421547467e-06
2.347319817034308437e-07
0.000000000000000000e+00
0.000000000000000000e+00
0.000000000000000000e+00
0.000000000000000000e+00
0.000000000000000000e+00
0.000000000000000000e+00
0.000000000000000000e+00
0.000000000000000000e+00
0.000000000000000000e+00
0.000000000000000000e+00
0.000000000000000000e+00
0.000000000000000000e+00
0.000000000000000000e+00
0.000000000000000000e+00
0.000000000000000000e+00
0.000000000000000000e+00
0.000000000000000000e+00
0.000000000000000000e+00
0.000000000000000000e+00
0.000000000000000000e+00
0.000000000000000000e+00
0.000000000000000000e+00
0.000000000000000000e+00
0.000000000000000000e+00
0.000000000000000000e+00
0.000000000000000000e+00
0.000000000000000000e+00
0.000000000000000000e+00
0.000000000000000000e+00
0.000000000000000000e+00
0.000000000000000000e+00
0.000000000000000000e+00
0.000000000000000000e+00
0.000000000000000000e+00
0.000000000000000000e+00
0.000000000000000000e+00
0.000000000000000000e+00
0.000000000000000000e+00
0.000000000000000000e+00
0.000000000000000000e+00
0.000000000000000000e+00
0.000000000000000000e+00
0.000000000000000000e+00
0.000000000000000000e+00
0.000000000000000000e+00
0.000000000000000000e+00
0.000000000000000000e+00
0.000000000000000000e+00
0.000000000000000000e+00
0.000000000000000000e+00
0.000000000000000000e+00
0.000000000000000000e+00
0.000000000000000000e+00
0.000000000000000000e+00
0.000000000000000000e+00
