0.000000000000000000e+00
0.000000000000000000e+00
0.000000000000000000e+00
0.000000000000000000e+00
0.000000000000000000e+00
0.000000000000000000e+00
0.000000000000000000e+00
0.000000000000000000e+00
0.000000000000000000e+00
0.000000000000000000e+00
0.000000000000000000e+00
0.000000000000000000e+00
0.000000000000000000e+00
0.000000000000000000e+00
0.000000000000000000e+00
0.000000000000000000e+00
0.000000000000000000e+00
0.000000000000000000e+00
0.000000000000000000e+00
0.000000000000000000e+00
0.000000000000000000e+00
0.000000000000000000e+00
0.000000000000000000e+00
0.000000000000000000e+00
3.932747955945286797e-03
5.445575911320449901e-03
5.042391363543521909e-02
1.857343783980250629e-01
5.318698685122379421e-01
8.680663737917995171e-01
1.422412654239523455e+00
1.672577757899291306e+00
1.671818726208832651e+00
1.506189905898053683e+00
1.176182382445778440e+00
9.769165390914797964e-01
6.999592774880412094e-01
6.236761256236655893e-01
6.362964218413895701e-01
6.249154145173100305e-01
6.671234400168138956e-01
7.415981374383022739e-01
7.757314499443076494e-01
8.565080994598119890e-01
9.263418677574212223e-01
9.727412406319155824e-01
9.739368165935651245e-01
1.059972890611619034e+00
1.060374342643702672e+00
1.147559375700045736e+00
1.157181915543303630e+00
1.239971162830195706e+00
1.213742851649248777e+00
1.292932681975145215e+00
1.288843946788020611e+00
1.262746809394349468e+00
1.232866180166231729e+00
1.249625806044026399e+00
1.158634011474646064e+00
1.174033386721729411e+00
1.098778298284125210e+00
1.089241559426041173e+00
1.083676266755082107e+00
1.061524324334625735e+00
1.058658032415715988e+00
1.021902449731714624e+00
1.031440594003633304e+00
1.040487319472106043e+00
1.061148821183387270e+00
1.017146597327735824e+00
1.002034296514860978e+00
1.032390699483844987e+00
9.944507741776689169e-01
1.026355370688100344e+00
1.016640500515964662e+00
1.008112253851368267e+00
1.033970442158062664e+00
1.045391913152479813e+00
1.037317849212423093e+00
1.043324784492392521e+00
1.047439808774770054e+00
1.060814602318873368e+00
1.048261939638708951e+00
1.046669178238777809e+00
1.038575377183749149e+00
1.015715410648292849e+00
1.039224048319302485e+00
1.020386035011866088e+00
1.010720241614180281e+00
1.013460932860833497e+00
1.027941343813134623e+00
1.020964433175714836e+00
9.955599236322451029e-01
1.015697875365872971e+00
1.012954020064983807e+00
1.028351927935462040e+00
1.019826074871123200e+00
1.000131631876421956e+00
1.017401909714390928e+00
1.023644267944251673e+00
1.008283517463247403e+00
1.028503616013676902e+00
1.007859152350293552e+00
1.012390857948097356e+00
1.017430142459083031e+00
1.025915504643823306e+00
1.023600605992978529e+00
1.012817588706606653e+00
9.974431307293338822e-01
1.018393999140870143e+00
1.010389685601532861e+00
1.018744262643452858e+00
1.029814688259459654e+00
1.020453609705408660e+00
1.014232409922932732e+00
1.032495851841496171e+00
1.028415184171300734e+00
1.013720928052376680e+00
1.036783387776871512e+00
1.020330715254538223e+00
1.012896746130748316e+00
1.019242403065325986e+00
1.006366999770487825e+00
1.021249090968979978e+00
1.017094793250900686e+00
1.013017645044274717e+00
1.003187789850153999e+00
1.011985100174397356e+00
1.008878105425180527e+00
1.017008574506207408e+00
1.032813001536438069e+00
1.026107478082677327e+00
1.011148260214456807e+00
1.017252293343946512e+00
9.984626469894423151e-01
1.017405987386176269e+00
1.019596515482978027e+00
1.005194644883691923e+00
1.013686065467581665e+00
1.013521038344062708e+00
1.014095196351760819e+00
1.003526767007004938e+00
1.004141320055484732e+00
1.011807109132880855e+00
9.962118426335224708e-01
1.004702453583403265e+00
1.002528746365096035e+00
1.010467885945919742e+00
1.000705453009377077e+00
1.010602437694379185e+00
1.015145608595241056e+00
1.001788623519100696e+00
1.009454170465329481e+00
1.006765422812341715e+00
9.852195668667768080e-01
1.005444468776286016e+00
1.007336802910714368e+00
1.008481525033853243e+00
1.008906394596731593e+00
9.929542929875201374e-01
9.872184869249076566e-01
9.970722576106783031e-01
9.904264492489552874e-01
9.982640511868937638e-01
1.009197499256724306e+00
1.004753256791398597e+00
1.000555565766764854e+00
9.919262082453134122e-01
1.007753400954003453e+00
1.006210773238237710e+00
1.010401193578420953e+00
9.969667830130835018e-01
1.000278444012646206e+00
1.007330077605302909e+00
1.010898373276216677e+00
1.002477164315350278e+00
1.011498822879357551e+00
1.013135189837482075e+00
1.011151806949687204e+00
9.978651902729883671e-01
9.993395176673124380e-01
1.004196829515154210e+00
9.956322417040666117e-01
9.979569556035328137e-01
1.005756204645485541e+00
1.013501256043957355e+00
1.000353917930930869e+00
9.979721472639826452e-01
1.002395129598073975e+00
1.003546482479392044e+00
1.005529285899552150e+00
1.016042952103355823e+00
1.005673386098854483e+00
9.977333633353214770e-01
9.995140559523127965e-01
1.007012799271366887e+00
9.986849092119314264e-01
9.942565995376911880e-01
9.989443805622600925e-01
1.012238159040302898e+00
1.011915376762761332e+00
9.985820375352489897e-01
9.930332447562317810e-01
1.001712265072795205e+00
1.011529365401792058e+00
9.996681739560147051e-01
9.990897370682196854e-01
1.002177297171267911e+00
1.011676938519929125e+00
1.007851556002185900e+00
1.008955007064570308e+00
1.009570339316661070e+00
9.975812372571274400e-01
9.921427787090931760e-01
1.001232595486858168e+00
9.966137181216346841e-01
9.976283296744544726e-01
1.009886329203846023e+00
1.002790128636628753e+00
9.986966802413832500e-01
9.963113600700884698e-01
9.905116709336332370e-01
1.010552235504233565e+00
1.000017051820416780e+00
1.000098720751224413e+00
1.000487834304338630e+00
9.985760977165912822e-01
1.005349244177135670e+00
1.000005558095236724e+00
9.970923670074433032e-01
1.005723412999432798e+00
1.002428032416144754e+00
9.979072508351282123e-01
1.003278321065545375e+00
1.003627189681422394e+00
9.962713221088530524e-01
1.000147420113389307e+00
1.001244246812467154e+00
1.003159177778571776e+00
1.008258934256754724e+00
9.951159157381297415e-01
9.821150793275410518e-01
1.000730327602771697e+00
1.000571098215215837e+00
1.000440229103731538e+00
9.972228042033851603e-01
9.991923543097263050e-01
9.956823861487326122e-01
9.910685761819183481e-01
1.002065573266024634e+00
1.000082162030720978e+00
1.001233936759494458e+00
1.008612881298180053e+00
1.001222179810123292e+00
1.001315870002306374e+00
9.972544433451788759e-01
1.000761646325190712e+00
1.001816538572007032e+00
9.937978869523003134e-01
1.003718442226592344e+00
9.971404774869029319e-01
9.949665800648669345e-01
9.993410976059385886e-01
1.000407320505968922e+00
9.996909041354125058e-01
9.985214626797254134e-01
9.905599200620462952e-01
9.932640086964596993e-01
9.997156789181362857e-01
9.933668736161589408e-01
9.959577732902620273e-01
9.995886324504460463e-01
9.876713339323677232e-01
9.960855968296653540e-01
1.007124235081146013e+00
9.979599023289158488e-01
9.939661189471020730e-01
9.950933234576994080e-01
9.990096120273538327e-01
9.991876051408538073e-01
9.948966364355180669e-01
9.974045907360785668e-01
9.989350722867329502e-01
9.982013447084090441e-01
1.000209715239861019e+00
9.971545318082660758e-01
9.923917596024017795e-01
1.003252434651091818e+00
9.958415017535379166e-01
9.998332955933384447e-01
9.975078235381489300e-01
1.001942438736258989e+00
9.969521584333013164e-01
1.004627737278388500e+00
9.919640312765323209e-01
9.985642510284556961e-01
9.981376329648543599e-01
9.978809056991951865e-01
9.935378929783903468e-01
1.002627683889593335e+00
9.924752880450706805e-01
9.967201690415197213e-01
1.000319697111587303e+00
9.952252862170902770e-01
1.001774613691775340e+00
1.002145768058275488e+00
1.007328671101020756e+00
9.996140645406261793e-01
9.943720499587445083e-01
9.930217601520956450e-01
9.952557978530959248e-01
9.980855158119984472e-01
9.924091043397924583e-01
9.962614582305150401e-01
9.981352509006026219e-01
9.900153449548261264e-01
9.979930913848529261e-01
9.934964028480619547e-01
9.932024526756731975e-01
9.898050640582354287e-01
9.964633394316111392e-01
9.959959635497932506e-01
9.927684954719855348e-01
9.901483989331023583e-01
9.899968149421483066e-01
9.929592522891932393e-01
9.909833866271882119e-01
9.936797109644877057e-01
9.916100707311882312e-01
9.873834950367484931e-01
9.953371916596881475e-01
9.946585665412633892e-01
9.974296398525616114e-01
9.954265468449015053e-01
9.968795002238547420e-01
9.944590337142579228e-01
9.951877011203473788e-01
9.976417329227338371e-01
9.963405525732300649e-01
9.914424772952716847e-01
9.938646482670288052e-01
9.989340044197104751e-01
9.976981627929847329e-01
9.910071886970203137e-01
9.899272465108990282e-01
9.917802844880713176e-01
9.883253991709300967e-01
9.920594001218928648e-01
9.946457234702504868e-01
9.978047516322305910e-01
9.949347331140627748e-01
9.915747883142183028e-01
9.958751913007718448e-01
9.942164006498857010e-01
9.975483813139969236e-01
9.961381626848345716e-01
9.943007820320086676e-01
9.960243848736684003e-01
9.935616826839960281e-01
9.950476797238859694e-01
9.951030798238261754e-01
9.925320440505652764e-01
9.907557523166580227e-01
9.743052758124127743e-01
9.690377111114220066e-01
9.624081147658025692e-01
9.577258552015877058e-01
9.473463727202183771e-01
9.400818647169039144e-01
9.314813165140292117e-01
9.259094870756553464e-01
9.232751329337844926e-01
9.087110487226469635e-01
9.030138970837074952e-01
8.936442652275590204e-01
8.882796805509650673e-01
8.784540860671808948e-01
8.719506427152186046e-01
8.638473360545935176e-01
8.540221588173190215e-01
8.456661567339545105e-01
8.383592245721852576e-01
8.311735244756948138e-01
8.267722667837859030e-01
8.189001520156723446e-01
8.083897677137161786e-01
8.030820080824981888e-01
7.954361135701994989e-01
7.854961801252229314e-01
7.804642359502005355e-01
7.756360352951852111e-01
7.691294063000729819e-01
7.606023545867355296e-01
7.547135186994101685e-01
7.461742276259606399e-01
7.411529028575251088e-01
7.315697685944358986e-01
7.262573772202557398e-01
7.243936376695979673e-01
7.106828854084458191e-01
7.054603544103736912e-01
7.022508504291672393e-01
6.907213046766166320e-01
6.860475531914893565e-01
6.801128640950895310e-01
6.727924582448391311e-01
6.691291629130039498e-01
6.613776189933144867e-01
6.541324622622174401e-01
6.521101590491473754e-01
6.406845357684247677e-01
6.365566014751344870e-01
6.266959550031782067e-01
6.208239532863725207e-01
6.146989372752100778e-01
6.141300513711724918e-01
5.999359182846809579e-01
5.981693253258320020e-01
5.899017931776706636e-01
5.860261669353891145e-01
5.780147710060764554e-01
5.697737121322439258e-01
5.671789480881496148e-01
5.566711148733274328e-01
5.526954483469022072e-01
5.457647224831684296e-01
5.381660053165157054e-01
5.338038527738638850e-01
5.292964934139883226e-01
5.244157206826653983e-01
5.178611110970807729e-01
5.095926685331008121e-01
5.083811553505696024e-01
4.980668570488597791e-01
4.939510629142556675e-01
4.890710811950217951e-01
4.830967706447303889e-01
4.750626580630053497e-01
4.685271822542859121e-01
4.635862734343665914e-01
4.585819282557611065e-01
4.546597732091622879e-01
4.493877502921622136e-01
4.436544607850037014e-01
4.367015246847451015e-01
4.362183020597034111e-01
4.293045144233385568e-01
4.236270691313671621e-01
4.189935935666300737e-01
4.104651060284852382e-01
4.057831000250977094e-01
4.021982275033216259e-01
3.965078881946950684e-01
3.889064690965053361e-01
3.857568977891306372e-01
3.794791676979978323e-01
3.748104748389616270e-01
3.682218635162542442e-01
3.640511814476902752e-01
3.602151907147330689e-01
3.539485616691260828e-01
3.495064444401582149e-01
3.435983146000790023e-01
3.395127122509087880e-01
3.320997191238481139e-01
3.279886483227239524e-01
3.252441508589361541e-01
3.202623820075244931e-01
3.141907100110337137e-01
3.097958299475658261e-01
3.027638015347598466e-01
2.988152829349972062e-01
2.925497694807122073e-01
2.890144727587475315e-01
2.841693643522453794e-01
2.779579536645174209e-01
2.743697078729054328e-01
2.694422176073208441e-01
2.625066333914426453e-01
2.591434969738510841e-01
2.534131933280328597e-01
2.487210969134109328e-01
2.484315125231491006e-01
2.419866107973569769e-01
2.370511199881527031e-01
2.337367821615261021e-01
2.274949968661297561e-01
2.241833663214834738e-01
2.210453237713647934e-01
2.143394878357986477e-01
2.101397429049327581e-01
2.076142826172063804e-01
2.009853772102088432e-01
1.979468425104858875e-01
1.932898543125395052e-01
1.890919204330451797e-01
1.835470516164694477e-01
1.800388401398894667e-01
1.752889225946030194e-01
1.723924094594442569e-01
1.663932430131362661e-01
1.628765449236838081e-01
1.594192200071705146e-01
1.531289589939775764e-01
1.493361632224791125e-01
1.465515331480613803e-01
1.394899062060495354e-01
1.366077910731075262e-01
1.320397957139798351e-01
1.289390290038391895e-01
1.237371040023486080e-01
1.213451890327481297e-01
1.163822139467992345e-01
1.129029799951715846e-01
1.092179950603067995e-01
1.050143317744182681e-01
1.029486950372917875e-01
1.006866427644079603e-01
9.713274811491934280e-02
9.416095387399778249e-02
9.233108347032693841e-02
8.946845786436861958e-02
8.621194555369490753e-02
8.526692052982505488e-02
8.156500800134851292e-02
7.987839852745536040e-02
7.653890930509785195e-02
7.515444554198359717e-02
7.259651606405490010e-02
7.094575645002899889e-02
6.916849512914034770e-02
6.732469711575701787e-02
6.504879421242300286e-02
6.250328655672993117e-02
6.144322451169784149e-02
5.917212151197347170e-02
5.760242161773463515e-02
5.668140333857782376e-02
5.386572735837703851e-02
5.306191205216381768e-02
4.998466152642027510e-02
4.925269592127311247e-02
4.742675268501973102e-02
4.598955531575781019e-02
4.406488044335250126e-02
4.296327720480849766e-02
4.141884299686400539e-02
4.053518705397741312e-02
3.905735496451667732e-02
3.739843592973818992e-02
3.676798217736070712e-02
3.513661696307378984e-02
3.443333156469002149e-02
3.272920561882453755e-02
3.120222882802804396e-02
3.100965482274897073e-02
2.986150481814958679e-02
2.797315602784975971e-02
2.761572515593903668e-02
2.654417575811685026e-02
2.618275665525669066e-02
2.449829504466710661e-02
2.378074563595129406e-02
2.354027477660502327e-02
2.202700625966190484e-02
2.134747123586493850e-02
2.090433186180155889e-02
1.966144811325942071e-02
1.899697189397271321e-02
1.810045396536779858e-02
1.776503013499685854e-02
1.701980917964359546e-02
1.645616533455945482e-02
1.534361670612999738e-02
1.474659440836582902e-02
1.456707810962526613e-02
1.383462227957826633e-02
1.284167779976697413e-02
1.235639773100012315e-02
1.179705326281364416e-02
1.124849258733091537e-02
1.072457875180574983e-02
1.016244404493330152e-02
9.742783888915265700e-03
8.959668806194419008e-03
8.832670743641142519e-03
8.287805939068455460e-03
7.705554942584289142e-03
7.348763890572350584e-03
7.103050236665195763e-03
6.425617607367211867e-03
6.076628523857894280e-03
5.793847253050960801e-03
5.466017126930497461e-03
5.260600407405017533e-03
4.513928049387919486e-03
4.614925651116969126e-03
4.315122880451911259e-03
3.977749556754086452e-03
3.553917661126049059e-03
3.443881444104676410e-03
3.014804704336317403e-03
2.725137329805574649e-03
2.661013545838166600e-03
2.397009593948818372e-03
2.134733724759817469e-03
1.826035153678277727e-03
1.653698973912706878e-03
1.492049277303007446e-03
1.407715152487177754e-03
1.241575716491978999e-03
1.016532875425648751e-03
8.779110131667186828e-04
8.781877555464264211e-04
6.596250824203921809e-04
5.110297861895499606e-04
4.348308565878532565e-04
3.219718455329390180e-04
2.962445074013885155e-04
2.153148089080620937e-04
1.349048574148634821e-04
7.946018370291342407e-05
6.397334600200049401e-05
3.947561639181982555e-05
3.934929452733300896e-05
9.051594931962889489e-06
0.000000000000000000e+00
0.000000000000000000e+00
0.000000000000000000e+00
0.000000000000000000e+00
0.000000000000000000e+00
0.000000000000000000e+00
0.000000000000000000e+00
0.000000000000000000e+00
0.000000000000000000e+00
0.000000000000000000e+00
0.000000000000000000e+00
0.000000000000000000e+00
0.000000000000000000e+00
0.000000000000000000e+00
0.000000000000000000e+00
0.000000000000000000e+00
0.000000000000000000e+00
0.000000000000000000e+00
0.000000000000000000e+00
0.000000000000000000e+00
0.000000000000000000e+00
0.000000000000000000e+00
0.000000000000000000e+00
0.000000000000000000e+00
