0.000000000000000000e+00
0.000000000000000000e+00
0.000000000000000000e+00
0.000000000000000000e+00
0.000000000000000000e+00
0.000000000000000000e+00
0.000000000000000000e+00
0.000000000000000000e+00
0.000000000000000000e+00
0.000000000000000000e+00
0.000000000000000000e+00
0.000000000000000000e+00
0.000000000000000000e+00
0.000000000000000000e+00
0.000000000000000000e+00
0.000000000000000000e+00
0.000000000000000000e+00
0.000000000000000000e+00
0.000000000000000000e+00
0.000000000000000000e+00
0.000000000000000000e+00
0.000000000000000000e+00
0.000000000000000000e+00
0.000000000000000000e+00
0.000000000000000000e+00
0.000000000000000000e+00
0.000000000000000000e+00
1.336947567617608283e-05
5.203189269291703077e-03
2.155540286317103038e-01
1.474617087221673950e+00
3.262450194863602881e+00
3.618463336571670741e+00
2.740929086694090522e+00
1.786684434388501108e+00
1.184474291424113757e+00
8.807570446703546496e-01
7.523150016346193958e-01
7.086068092295040310e-01
7.030268581003338291e-01
7.149486758231587968e-01
7.511856894188936318e-01
8.003346131522861562e-01
8.660240036249420292e-01
9.323381237309708025e-01
1.012739304321782052e+00
1.075452581106707495e+00
1.124469085982163996e+00
1.165127247385508547e+00
1.181885656994605904e+00
1.190988218984681657e+00
1.185964265853902466e+00
1.155846535318993729e+00
1.115554143183022484e+00
1.062737762585491907e+00
1.015848184258985043e+00
9.718680296233725979e-01
9.413252747054241532e-01
9.177452409461801519e-01
9.015031355962521697e-01
8.973580970159542591e-01
9.104318151910278933e-01
9.258141883814990925e-01
9.468252274036027538e-01
9.694062556142062359e-01
9.879832161380167621e-01
1.001258298388195245e+00
1.014912319032998056e+00
1.024930232377695649e+00
1.035085940050151754e+00
1.044895924499351647e+00
1.051075928606216126e+00
1.049244190932079768e+00
1.050008568602401660e+00
1.046258618152372533e+00
1.033310279137912513e+00
1.026014226942816521e+00
1.014012496200824565e+00
1.004635190294429270e+00
9.933004086839618552e-01
9.854795981208364086e-01
9.793472408844173804e-01
9.764936983124397063e-01
9.759765238728842496e-01
9.776275383858740176e-01
9.795074041569826750e-01
9.847816108471559859e-01
9.898679477163752072e-01
9.913279882187109315e-01
9.977084005174424730e-01
9.983365310709472196e-01
9.997449393542892082e-01
1.002959456087439083e+00
1.004215775774949471e+00
1.003094172218913505e+00
1.002947706485332935e+00
1.004270568153009302e+00
1.002358612072416610e+00
9.993862024255140142e-01
9.992134876266418608e-01
1.000122161497346784e+00
9.992789116460335519e-01
9.965244468071139394e-01
9.964343257056279546e-01
9.943974740343713981e-01
9.978765269968171703e-01
9.961522384989052181e-01
9.971803596488231225e-01
9.985615482574832225e-01
9.975529270517060620e-01
9.992724941042031572e-01
9.989531590699988195e-01
1.000558896825267441e+00
9.980034181397666737e-01
9.983713666358304817e-01
9.981290361394845601e-01
9.984332981949936014e-01
9.985987693416195077e-01
9.997146164238414068e-01
1.000280248838049113e+00
9.981985060620283123e-01
9.987496560201569729e-01
9.982004134979779453e-01
1.000499394180725865e+00
9.984757130899624133e-01
9.999144746757382407e-01
1.000755338305267417e+00
9.995049575897236860e-01
9.988322773728506299e-01
9.988377032868146488e-01
1.000712354516084757e+00
9.986190301126202096e-01
1.000110133356538089e+00
9.996041288719381690e-01
1.000503357074058908e+00
9.997730913904552263e-01
9.992552380120356403e-01
9.993820329054735607e-01
9.997926593466588407e-01
9.993005960711484059e-01
1.000667195570364765e+00
9.996617555117845999e-01
1.000254054364256850e+00
1.001070158571943036e+00
1.000153375740979289e+00
9.997937994988065347e-01
9.991958013758004409e-01
1.000107401250131867e+00
1.000317900090542000e+00
9.998786227374096836e-01
9.992997081287837702e-01
1.000681184567983495e+00
9.996600972439798616e-01
9.996500345393506404e-01
1.000284240870841002e+00
1.000565666353562033e+00
9.986972687246501446e-01
1.000549356671231571e+00
9.990863246896058980e-01
9.999346319049567944e-01
1.000293725323776695e+00
1.000545954326163667e+00
1.000352448481757195e+00
9.996723410441014090e-01
1.000587925729893968e+00
1.000307209873344760e+00
1.000514724986076853e+00
9.993874409220406818e-01
9.999653868213006502e-01
9.999920640087615054e-01
1.000138545020775815e+00
9.996102631366882152e-01
9.996131623409177935e-01
9.999368890230717621e-01
9.986796105642793409e-01
9.996762037889920238e-01
9.997896121514192602e-01
9.999031278311162341e-01
1.000028785495286510e+00
1.000070754268920892e+00
1.000055683269289730e+00
1.000401981807037544e+00
9.994893353445403195e-01
1.000115782735023551e+00
1.001306546009914866e+00
9.998023434009760679e-01
1.000210362361486638e+00
1.000302015135197342e+00
9.999594998236636112e-01
1.001369496317046748e+00
1.001095208311167717e+00
9.998921582067639147e-01
1.000358935886641376e+00
1.000015956108309956e+00
1.001041104670953086e+00
1.000352432591601559e+00
1.000200194565280087e+00
9.991753751112798509e-01
9.998367208238546633e-01
1.000375941852176043e+00
9.992365665587014112e-01
1.000458811132136416e+00
1.000215492318453414e+00
9.995455197931379931e-01
9.995804245268086197e-01
1.000265291595845651e+00
1.000593155686642088e+00
9.996040540732407109e-01
1.000116513569320187e+00
1.000152974522401816e+00
1.000839852177457967e+00
1.000397797965147717e+00
1.000049819737238055e+00
9.989572400237435312e-01
1.000964915341850947e+00
9.999326912435576586e-01
9.990129097028193073e-01
9.998303214284027796e-01
1.000516611710618120e+00
1.000313833341778036e+00
1.000281543146926300e+00
9.997595519144077958e-01
9.996865062384919787e-01
9.996965984058232557e-01
1.000182859702340110e+00
9.993244701000699726e-01
1.001068792527917140e+00
1.000478548802745671e+00
1.000605110257179797e+00
1.000123020384563688e+00
9.997682458715018150e-01
1.000164341709331994e+00
1.000301528744289126e+00
9.995706706835535416e-01
9.999829762406148292e-01
9.998116550031485028e-01
9.996067452182965107e-01
9.998144104839906676e-01
1.000242815223732373e+00
1.000858918763330552e+00
1.000570608984659993e+00
1.000322267370538087e+00
1.000165553336091806e+00
9.999725500923751786e-01
1.000206276986663090e+00
1.000584719529899580e+00
9.995698240978290183e-01
9.997433334311828235e-01
1.000028563333907661e+00
9.993063837950802997e-01
9.994897677466716424e-01
9.996619835671114451e-01
1.000294956449616413e+00
1.000473014723885168e+00
1.000124373552104151e+00
9.998474943042253704e-01
9.997145057487327735e-01
1.000096019038409390e+00
1.000503004653564787e+00
9.993918033890616393e-01
1.000260093133949590e+00
9.996321749650258770e-01
1.000291407393255394e+00
9.999554718141639986e-01
9.992705161194475050e-01
9.938125792643237588e-01
9.822695013186193425e-01
9.715618054029905304e-01
9.605435555884229704e-01
9.489798727028004866e-01
9.383609034167904595e-01
9.275538170299393315e-01
9.166809879576401920e-01
9.060961906894997586e-01
8.955046782188424981e-01
8.858300125774697387e-01
8.742546224098858287e-01
8.644372461975162736e-01
8.536913384900026713e-01
8.435673841590798361e-01
