0.000000000000000000e+00
0.000000000000000000e+00
0.000000000000000000e+00
0.000000000000000000e+00
0.000000000000000000e+00
0.000000000000000000e+00
0.000000000000000000e+00
0.000000000000000000e+00
0.000000000000000000e+00
0.000000000000000000e+00
0.000000000000000000e+00
0.000000000000000000e+00
0.000000000000000000e+00
0.000000000000000000e+00
0.000000000000000000e+00
0.000000000000000000e+00
0.000000000000000000e+00
0.000000000000000000e+00
0.000000000000000000e+00
0.000000000000000000e+00
0.000000000000000000e+00
0.000000000000000000e+00
0.000000000000000000e+00
0.000000000000000000e+00
1.109665729332449816e-03
6.658278759831026336e-03
4.220864026790915879e-02
1.266132754135578797e-01
3.038355379747776919e-01
5.893723261073773312e-01
8.737654463627657631e-01
1.097098308333543493e+00
1.199798494524782599e+00
1.135178648332138218e+00
9.933776706487656982e-01
8.770231058905507693e-01
7.378779457874202752e-01
6.507348507946157934e-01
6.015297794601723869e-01
5.750887090529515078e-01
5.813582953185266744e-01
6.038650244777347131e-01
6.430888148288892436e-01
7.054800051029769259e-01
7.499871297976090645e-01
7.694303982699201017e-01
8.080910170615491772e-01
8.571677188152905247e-01
8.850555561703028484e-01
9.464434635083256442e-01
9.936380016101845625e-01
1.029079655023603213e+00
1.108979787093307579e+00
1.147972586943995177e+00
1.159778294687640710e+00
1.188378026405146226e+00
1.182994855411275248e+00
1.186381147753413856e+00
1.150207815829396463e+00
1.127724126006159011e+00
1.092891395233501983e+00
1.067811249389185591e+00
1.051778987760886519e+00
1.033658328069227084e+00
9.990138032236708376e-01
9.803107856759301075e-01
9.736456108550577415e-01
9.703049381446624544e-01
9.537171963312282008e-01
9.497429572928947072e-01
9.550913993017814407e-01
9.625401845465069162e-01
9.654470260276333260e-01
9.744375685395720854e-01
9.780698767054569753e-01
9.847627320661954675e-01
9.926803243006118160e-01
9.955384658008229470e-01
1.007307694267403742e+00
1.006473956382119894e+00
1.016112963003835468e+00
1.012968846797050348e+00
1.015501225878570724e+00
1.009811675912415607e+00
1.007464096266832865e+00
1.003969815623307671e+00
9.936226964567324016e-01
9.912709204742019553e-01
1.005080171181949256e+00
9.986510521058534762e-01
9.934994640316535675e-01
9.885918851462364154e-01
9.900474144669983989e-01
9.899956402574622283e-01
9.952817392598888313e-01
9.943966821270084910e-01
9.976801919510716044e-01
9.929471160191072343e-01
9.937096350100427244e-01
9.972690060859812355e-01
9.996991867443162372e-01
9.926261357744003977e-01
9.908367826853193838e-01
9.933617581606086766e-01
9.950143047454598211e-01
9.983711767490259792e-01
9.930576571824456522e-01
9.838482591516222175e-01
9.892662593261599691e-01
9.892395036190524404e-01
9.854508575293474681e-01
9.883229324062215992e-01
9.906612839649497904e-01
9.878644536654918040e-01
9.994445362858009885e-01
9.902903905995479317e-01
9.902472791904397553e-01
9.922937831772280504e-01
9.924700587459268641e-01
9.870201777896114859e-01
9.894818949724972779e-01
9.944029131536887833e-01
9.958468614433537702e-01
9.889790804641543920e-01
9.917973510351313360e-01
9.938930257651411582e-01
9.931656731462267240e-01
9.942955225042111600e-01
9.944228260842562506e-01
9.923719653072883284e-01
9.887316145555291591e-01
9.898926646155230546e-01
9.907259240229447927e-01
9.918997998615258771e-01
9.928925392575960185e-01
9.907093254243776181e-01
9.909055696172628380e-01
9.935811144857000787e-01
9.970053335283921569e-01
9.943587897823755739e-01
9.869280400371395201e-01
9.883659519726333276e-01
9.920940823987917101e-01
9.916273926998097066e-01
9.851683062045315520e-01
9.917018815211773308e-01
9.920451819267782634e-01
9.900681216458895317e-01
9.899421993643726658e-01
9.911468145735660151e-01
9.899380498045776688e-01
9.915481079693125865e-01
9.923076637497765251e-01
9.895069972342577236e-01
9.940422010610769910e-01
9.937577548348455192e-01
9.905570783103186949e-01
9.872498899558713736e-01
9.874472876910370678e-01
9.934931664853947630e-01
9.898667091276716068e-01
9.951355002286774720e-01
9.888917383874359368e-01
9.867939971287058576e-01
9.896960788825734934e-01
9.901030889837146853e-01
9.908374608394117100e-01
9.916855921324359002e-01
9.898629233845099851e-01
9.913182493878924806e-01
9.901965277221744799e-01
9.866439807975185827e-01
9.909202497237545870e-01
9.922110671851122055e-01
9.899124067214617462e-01
9.879422104652691994e-01
9.939346567402564947e-01
9.869217621087359449e-01
9.947954140766488429e-01
9.942350280304098620e-01
9.894956694927176111e-01
9.931620252405640725e-01
9.941436620136626656e-01
9.896934303418767342e-01
9.916657217314893691e-01
9.921683859069232447e-01
9.912578122675431702e-01
9.939293844798537947e-01
9.885768567575892174e-01
9.930579856546186690e-01
9.920260542164766049e-01
9.927825487833293883e-01
9.911372808981807614e-01
9.946281016819221721e-01
9.952786680828763499e-01
9.914803386030263121e-01
9.916239560835943267e-01
9.946342573554419753e-01
9.968194029118970789e-01
9.943832945314040606e-01
9.940340490209337299e-01
9.956608193533068585e-01
9.978243832508719713e-01
9.961654284335674792e-01
9.914765004784151792e-01
9.952669428945514207e-01
9.930441436373612651e-01
9.942797282949137339e-01
9.924003375666677895e-01
9.949813704187349117e-01
9.916617306548646260e-01
9.919976943203212549e-01
9.956138070546550756e-01
9.922426164169347862e-01
9.975346448959535595e-01
9.948107406053682267e-01
9.974525649248839887e-01
9.999686524161424117e-01
9.928947133507288747e-01
9.929836343592701731e-01
9.944413530728798412e-01
9.950583811913696897e-01
9.947629676583393810e-01
9.970301945434251190e-01
9.934547857164364171e-01
9.948816676282363769e-01
9.948390327466499761e-01
9.986232974261574080e-01
9.974103354471264282e-01
9.952193078483125843e-01
9.949533183562763172e-01
1.000481482393385191e+00
9.960005554612633150e-01
9.943819487151379644e-01
9.942447267321286031e-01
9.971429442694084155e-01
9.970654767096658322e-01
9.962660120357598181e-01
9.951755091058578362e-01
9.988765419611547181e-01
9.969188396701577082e-01
1.000179187422746807e+00
9.963313162044914462e-01
9.975967771069896850e-01
9.960919870507050078e-01
9.957667607920400732e-01
9.961896841845053752e-01
9.933868677449434470e-01
9.975495232484845598e-01
9.979617882132600926e-01
1.001849647192623927e+00
9.992381913646413150e-01
9.985069088668051540e-01
9.985101997580523303e-01
9.990997127706194858e-01
9.978176710364548008e-01
9.965910265157043035e-01
1.000926788636570253e+00
9.975866302501447125e-01
9.963035286454323680e-01
9.976783975802184790e-01
9.994585677736500529e-01
9.976660610353628167e-01
1.000767523465552866e+00
9.991611487838555350e-01
9.991429458169962530e-01
9.985739598438378994e-01
9.999778198836932752e-01
9.956132316080213984e-01
9.994282582863968090e-01
9.993404807189653072e-01
1.000607342930523114e+00
1.000182509730282110e+00
9.971143878171806474e-01
9.970150159987382077e-01
9.996313957885247792e-01
1.001497721979585309e+00
9.998314327103410282e-01
9.993935576740374804e-01
9.991068902899262749e-01
