0.000000000000000000e+00
0.000000000000000000e+00
0.000000000000000000e+00
0.000000000000000000e+00
0.000000000000000000e+00
0.000000000000000000e+00
0.000000000000000000e+00
0.000000000000000000e+00
0.000000000000000000e+00
0.000000000000000000e+00
0.000000000000000000e+00
0.000000000000000000e+00
0.000000000000000000e+00
0.000000000000000000e+00
0.000000000000000000e+00
0.000000000000000000e+00
0.000000000000000000e+00
0.000000000000000000e+00
0.000000000000000000e+00
0.000000000000000000e+00
0.000000000000000000e+00
0.000000000000000000e+00
0.000000000000000000e+00
0.000000000000000000e+00
0.000000000000000000e+00
0.000000000000000000e+00
8.937699269657819795e-05
3.699238491899974838e-03
4.717040411470525135e-02
2.316848136309277162e-01
5.928279855704450263e-01
1.000714227271525258e+00
1.298466750020398575e+00
1.436401991385633625e+00
1.450096880348544115e+00
1.401995329898304998e+00
1.332483548020070518e+00
1.283762631997112047e+00
1.261324981155521163e+00
1.239996615735678764e+00
1.164312431083212251e+00
1.093036044617577529e+00
1.040498761986937915e+00
1.025625456905169264e+00
1.033886423458624249e+00
1.041655507986480877e+00
1.054670737511501200e+00
1.061807176527317154e+00
1.053954103853267821e+00
1.044775596361795289e+00
1.035631003242799997e+00
1.037650463294075731e+00
1.042110583038740046e+00
1.045841148625024530e+00
1.047847015948065730e+00
1.053106269852367438e+00
1.046446436568584160e+00
1.036755580485702932e+00
1.023308093086644721e+00
1.007904346639313609e+00
9.942131603783366245e-01
9.837742127196766884e-01
9.796274841680550072e-01
9.749650791891653068e-01
9.798872409853736087e-01
9.820521539267069722e-01
9.833141470000916762e-01
9.945275551928532964e-01
1.002168308135377162e+00
1.009614178900189341e+00
1.017399239020582824e+00
1.022992170191897587e+00
1.027134065357263593e+00
1.030761342023114535e+00
1.033826675046147336e+00
1.035629653181766141e+00
1.032116043003344252e+00
1.031752235363654568e+00
1.029632668547996399e+00
1.025441011985641193e+00
1.020579513052464637e+00
1.014506945827939211e+00
1.008697218919051730e+00
1.004218439802353258e+00
1.001755175328102432e+00
9.982068145575011542e-01
9.970742457310906026e-01
9.935983816754024867e-01
9.925383963120082420e-01
9.931951274154059428e-01
9.950751452444017708e-01
9.964519431068572519e-01
9.973640035796962344e-01
9.978667143311183985e-01
9.990045385974154479e-01
1.000517206386307256e+00
1.001515089774535516e+00
1.001887252695781161e+00
1.000449125710186848e+00
1.001179480997460347e+00
1.002024628921919902e+00
1.000814365669181250e+00
1.000594698674550198e+00
1.002229150951456482e+00
1.001050276304942921e+00
1.002584682424133788e+00
1.002515857209439698e+00
1.001671579446667515e+00
1.002107093268482130e+00
1.001982004623569900e+00
1.001709033421506412e+00
9.999675201550664028e-01
1.001428310407455058e+00
1.002182098406491750e+00
9.996180147849139663e-01
1.000403557670088928e+00
1.000130901398370353e+00
9.990782439932867076e-01
9.982895530547691854e-01
1.000865503210594420e+00
9.989290754247859283e-01
1.000199594578387030e+00
9.984828513897536784e-01
9.978021310004461242e-01
9.973828865208965722e-01
9.988634791840967919e-01
9.987449204897765886e-01
9.980261556101343023e-01
9.981167350832109708e-01
9.971935859099255728e-01
9.980554344880753215e-01
9.991881059740083115e-01
9.995672256675134371e-01
9.999733458716050238e-01
1.001072857184778009e+00
1.000399791488817192e+00
1.000027319800357084e+00
1.001181014010087633e+00
1.000015949136727089e+00
1.000484425809275990e+00
1.000324059031364232e+00
1.000959094993936205e+00
1.001304291690738424e+00
1.001027949023104657e+00
9.998241348690181107e-01
9.997773941185763569e-01
9.989012945994285575e-01
9.995545699369463577e-01
1.000167624111534037e+00
9.995671065092479601e-01
1.000016983227538292e+00
9.986957230765984850e-01
9.995378548601518975e-01
9.986775462354713362e-01
9.990656708520840867e-01
9.991617191462494052e-01
9.996676540998430394e-01
9.991565910437126830e-01
9.998563354622731492e-01
1.000471317198181387e+00
1.001234982498823811e+00
1.000668436848556109e+00
1.000213834317311035e+00
1.000815873029111458e+00
1.000304075347815846e+00
1.001005103251594308e+00
1.000470777677038958e+00
9.994114850373155834e-01
1.000969021698937755e+00
9.990602997662966223e-01
9.998768044279836564e-01
1.000020694614356165e+00
1.001028282408127357e+00
1.000843141613649623e+00
1.000764052339643939e+00
1.000728332016234789e+00
9.999026121273340006e-01
1.000241578459837077e+00
1.000070589323499792e+00
1.000541003202293000e+00
9.996773682484108026e-01
9.995505121812037208e-01
9.997993421088767763e-01
1.000684071712930834e+00
1.000977490985048179e+00
9.999852451746413795e-01
1.000012944997214159e+00
1.001072336573117560e+00
1.000540280931660142e+00
1.000548264477510996e+00
9.994994268814485494e-01
9.998388377129712179e-01
1.000272146886214131e+00
9.995725437638175448e-01
1.000084821740075514e+00
1.001086649432062714e+00
9.997199033652263145e-01
9.983521985892056527e-01
1.000878255104318271e+00
9.999248445439765653e-01
1.000626130175316320e+00
9.999428602659881093e-01
9.996758358141639711e-01
1.000030537676191100e+00
1.000004792830466505e+00
9.994401787278176519e-01
1.000317740183864768e+00
1.000207474921554374e+00
1.000271750067920795e+00
1.000572200838942383e+00
1.000468048527260567e+00
1.001014751624061727e+00
1.000203744391489069e+00
1.000371044649978503e+00
1.000001187468474884e+00
9.997590368520911097e-01
9.998858040312842421e-01
9.999981181599784108e-01
9.996902685932730348e-01
9.994745585759299278e-01
9.996864170611188261e-01
1.000106313784117074e+00
1.000501297135339085e+00
1.000080655537680441e+00
1.000418311652241377e+00
9.997841107611861178e-01
9.996531174007122766e-01
9.994866542015078403e-01
1.000103541181378120e+00
9.999895275157908436e-01
1.000036810564427059e+00
1.000062860129260933e+00
1.000837125307430853e+00
9.994473254010515229e-01
1.000071953482812637e+00
1.000454467217583687e+00
9.998966102993144256e-01
1.000002471145894578e+00
1.000020325053655679e+00
9.997131668560420570e-01
1.000235752660574073e+00
9.998922011522369813e-01
9.992458013362227609e-01
9.994737407216865988e-01
1.000366262638642478e+00
1.000203365810638179e+00
1.000304017678766533e+00
1.000310661514886901e+00
9.996593515076975800e-01
1.000174348294262883e+00
1.000146528028915238e+00
9.998008588542649511e-01
1.000145061633085364e+00
1.000316392160857548e+00
1.000176420444923719e+00
1.000047139138170449e+00
9.999964613990665052e-01
1.000431817365950105e+00
9.996176289785332347e-01
1.000311145956108261e+00
1.000434402410173451e+00
1.000005380054580506e+00
1.000084947811905378e+00
1.000738043352198625e+00
1.000109348154330391e+00
9.998389085103477347e-01
9.998615297532160717e-01
9.993394211534371019e-01
1.000299956698441184e+00
9.994932841869402784e-01
1.000251541140401601e+00
9.999856344888407023e-01
1.000920747254995691e+00
1.000060392079678007e+00
1.000148661073356759e+00
1.000548029909376524e+00
9.995584795822312074e-01
9.999824292969787809e-01
9.998598015711427367e-01
1.000239984540903349e+00
