0.000000000000000000e+00
0.000000000000000000e+00
0.000000000000000000e+00
0.000000000000000000e+00
0.000000000000000000e+00
0.000000000000000000e+00
0.000000000000000000e+00
0.000000000000000000e+00
0.000000000000000000e+00
0.000000000000000000e+00
0.000000000000000000e+00
0.000000000000000000e+00
0.000000000000000000e+00
0.000000000000000000e+00
0.000000000000000000e+00
0.000000000000000000e+00
0.000000000000000000e+00
0.000000000000000000e+00
0.000000000000000000e+00
0.000000000000000000e+00
0.000000000000000000e+00
0.000000000000000000e+00
0.000000000000000000e+00
0.000000000000000000e+00
0.000000000000000000e+00
0.000000000000000000e+00
7.658537714749234012e-05
3.721810808728264353e-03
4.759738240729354669e-02
2.302747766507197702e-01
5.962984021442040428e-01
1.007264407668792217e+00
1.306818634964726167e+00
1.439204826606024223e+00
1.451023250362263761e+00
1.406758230062742587e+00
1.334080385533282787e+00
1.272806642623402373e+00
1.256203129866623414e+00
1.237789629927565471e+00
1.166059774472121502e+00
1.087839657809550609e+00
1.044760746323171174e+00
1.027812543075696583e+00
1.027933656621817793e+00
1.041020237016278438e+00
1.057751331455307309e+00
1.060548138420808195e+00
1.054812571740870952e+00
1.044931082012864110e+00
1.041064422001530598e+00
1.036812004872533777e+00
1.041960395355090219e+00
1.049745720552420325e+00
1.051265362813678106e+00
1.049262104772384019e+00
1.044825593235211736e+00
1.037378758702001580e+00
1.021438568141296077e+00
1.007575257040281391e+00
9.926716972397229277e-01
9.836434259266656488e-01
9.763875167596949289e-01
9.745951970398621933e-01
9.772878071413394485e-01
9.821795950181623214e-01
9.865664477423879974e-01
9.983487420145064073e-01
1.002531822087518343e+00
1.007721717446254939e+00
1.018465486421042066e+00
1.021344261630682260e+00
1.028925649305243883e+00
1.030369172854553206e+00
1.034458006038258215e+00
1.035924094340092694e+00
1.034864971648728371e+00
1.031959980455497750e+00
1.029826346150266358e+00
1.024287115159542960e+00
1.020508888022694682e+00
1.014515954674403364e+00
1.010218937739794764e+00
1.003825876876106582e+00
9.991732472476604343e-01
1.000253018723331611e+00
9.959084808038725090e-01
9.945081485736998461e-01
9.931545159275041446e-01
9.943233109676363757e-01
9.959063887846841823e-01
9.952150604808569501e-01
9.962453610515079605e-01
9.990581010971978371e-01
9.988751115579395101e-01
1.000066145448122779e+00
1.001012792429202491e+00
1.001271893856233719e+00
1.001911072020335025e+00
1.002491741928449809e+00
1.001009318179280516e+00
1.003004213192914218e+00
1.002137996582977308e+00
1.001633340327803712e+00
1.001252516016763572e+00
1.001400363091316192e+00
1.000914825417773546e+00
1.000293356046880300e+00
1.000264834221799903e+00
1.000218537085196147e+00
1.000164983965540655e+00
1.000755723833092858e+00
9.998301937551115071e-01
9.996544204727372263e-01
9.995790843594645203e-01
1.000283840621042142e+00
1.000690387591836927e+00
9.981994149722609455e-01
1.000890340474467122e+00
1.000475962339863800e+00
9.979580616950889382e-01
9.979759671629163664e-01
9.987790825696210018e-01
9.980741643943402686e-01
9.987822779857833400e-01
9.979387206695988777e-01
9.990747386242992967e-01
9.976436970257595016e-01
9.987685986723151554e-01
9.984484152778934085e-01
9.989008538668333603e-01
9.990763531577839807e-01
9.995213679940058160e-01
1.001016006396912239e+00
9.992442707321079753e-01
9.995136858989788209e-01
9.983698626441759316e-01
1.000006991964959902e+00
1.001130726411511462e+00
1.001280244571960854e+00
1.000814099421023728e+00
9.989196478493934661e-01
9.997472238690560120e-01
9.991113225900549732e-01
9.990416414497970132e-01
9.987266131986198836e-01
9.989932858973440410e-01
9.997007294534203670e-01
9.998310799457035269e-01
1.000038564010119257e+00
9.991651710980926637e-01
1.000942549501705026e+00
1.000030291222503198e+00
9.997807994159740863e-01
9.994404373070164826e-01
1.000482766706531690e+00
9.999524719661748717e-01
1.000654494719389387e+00
1.000638342237152312e+00
9.989219073146339278e-01
9.999464696687657694e-01
9.996379697517300267e-01
9.997450813049324481e-01
1.000102766077797245e+00
1.000360000220237300e+00
9.997763924945102243e-01
9.989033792472340467e-01
9.991940835242210106e-01
9.996538242847470279e-01
9.996693632977943222e-01
9.997755054393349106e-01
9.999486657093386022e-01
9.997138029616419175e-01
9.992293896194297531e-01
1.000655837268972448e+00
1.000970637711712907e+00
9.998198299527926158e-01
9.997407548708606706e-01
1.000655501748964671e+00
9.993749670175596789e-01
9.998803745946212018e-01
1.000409247277407543e+00
9.992259863135474207e-01
1.000516692633526050e+00
9.996779271498721364e-01
9.999893849851547722e-01
1.000454745457681538e+00
1.000102606730792099e+00
1.000360106558366047e+00
1.000438404514628843e+00
9.998598997543175493e-01
1.000490741390940075e+00
9.999342034063319895e-01
1.000237624006882653e+00
9.991793193646534288e-01
1.000608916154714034e+00
1.000267975852036084e+00
9.995174216862439120e-01
9.999602346475473524e-01
9.996623797188900484e-01
9.999700843864350874e-01
1.000179620320966745e+00
1.000478576663381913e+00
1.000326785099226568e+00
9.996392168706229597e-01
9.995835535261790028e-01
1.000278226073286092e+00
1.000069442726062796e+00
9.998887499853935656e-01
1.000117123161670118e+00
1.000068428961235378e+00
1.000499405125471197e+00
1.000128356970634069e+00
1.000783748247396243e+00
1.001156481318697722e+00
9.995202637208080443e-01
9.995618329914318645e-01
1.000094594216122790e+00
1.000908673895374523e+00
9.995570021773262370e-01
1.000407298430485481e+00
9.998618135763339687e-01
1.000116143385803236e+00
9.989461646206708734e-01
9.998360736266269644e-01
1.000598484546643796e+00
1.000172301258737573e+00
1.000521397483959518e+00
9.999612423466098798e-01
1.000219606047635823e+00
1.000427080104332900e+00
9.994436233809255166e-01
9.990019042135031002e-01
1.000484752012747114e+00
9.997679665697750684e-01
1.000159879279404862e+00
9.999817918396928240e-01
9.999815011594108682e-01
1.000568897005903901e+00
1.000408495662185260e+00
1.000126109048154355e+00
1.000059097998159174e+00
9.995646475681613241e-01
9.998459067037703818e-01
9.997206774083495784e-01
1.000019308128055062e+00
1.000576305274714972e+00
1.000488275391268944e+00
1.000153091598496413e+00
1.000575267555585013e+00
9.996453497025684642e-01
1.000182749810875737e+00
1.000407512851184011e+00
9.998007710284685379e-01
1.000462066350614743e+00
1.000082383721895285e+00
9.992801876397865435e-01
9.995808166772697234e-01
1.000257954053021647e+00
9.996700949536119207e-01
9.999149045236939148e-01
9.998842087603718731e-01
9.998548805120716088e-01
1.000127728903855040e+00
9.993144332853595158e-01
9.989206994562490616e-01
9.999475932856659588e-01
9.997468214639112505e-01
9.999575171635278759e-01
1.000009441646908304e+00
1.000218270838107992e+00
1.000632956735144852e+00
9.996435306024256118e-01
1.000267981893077751e+00
1.000197105265370867e+00
1.000253735414784906e+00
9.998606629320205830e-01
1.000312236090274309e+00
1.000023502850490909e+00
1.000072125517618593e+00
