0.000000000000000000e+00
0.000000000000000000e+00
0.000000000000000000e+00
0.000000000000000000e+00
0.000000000000000000e+00
0.000000000000000000e+00
0.000000000000000000e+00
0.000000000000000000e+00
0.000000000000000000e+00
0.000000000000000000e+00
0.000000000000000000e+00
0.000000000000000000e+00
0.000000000000000000e+00
0.000000000000000000e+00
0.000000000000000000e+00
0.000000000000000000e+00
0.000000000000000000e+00
0.000000000000000000e+00
0.000000000000000000e+00
0.000000000000000000e+00
0.000000000000000000e+00
3.592037783299593251e-02
1.042563121223575306e+00
3.426531236493228771e+00
3.408869989002791812e+00
1.884808680121935476e+00
8.515783369620164578e-01
3.901797105322336590e-01
2.220677782264698363e-01
2.325614558606168836e-01
3.818961616266296488e-01
5.770199399680807639e-01
7.284950587743747041e-01
8.060441639608565412e-01
8.358675971095377299e-01
8.481854538522282105e-01
8.602958027585423384e-01
8.935877776644957082e-01
9.619087519662808949e-01
1.039886349674734145e+00
1.089672724037427098e+00
1.123728128283556948e+00
1.161434761986465780e+00
1.193763737938925873e+00
1.212112289865254988e+00
1.218500082137026874e+00
1.211556734772758936e+00
1.181343724709326137e+00
1.140701093457766380e+00
1.088012706867097723e+00
1.040203216048840362e+00
1.000496173338623951e+00
9.744808851007561445e-01
9.607883593820016888e-01
9.571219707636809959e-01
9.570560131232348500e-01
9.591344550487964637e-01
9.624713147416873449e-01
9.631039922378276108e-01
9.633330939049721264e-01
9.651798704659223516e-01
9.684032823432221493e-01
9.706662675575891130e-01
9.759902644395650473e-01
9.800588977469212315e-01
9.870251954454510868e-01
9.885804237055175747e-01
9.932203628582390031e-01
9.957456950240346494e-01
9.960785622468458778e-01
9.984539848655441530e-01
9.980255231598537113e-01
1.001241765262765870e+00
1.000514534681860912e+00
1.002022926340824682e+00
1.003906103502523850e+00
1.005597178960690785e+00
1.006020233619582704e+00
1.008706074906191130e+00
1.008206035529827460e+00
1.011645591797482924e+00
1.009932584847446524e+00
1.008574515967770813e+00
1.007011988934497282e+00
1.005976216015203706e+00
1.006611442456358141e+00
1.003633368686194238e+00
1.000693974059642555e+00
9.987480857393836731e-01
9.975084045200147687e-01
9.964607792575831402e-01
9.947353608447334627e-01
9.937690465707645915e-01
9.932520562058201330e-01
9.931039593980319768e-01
9.930243605995490164e-01
9.931251206433071577e-01
9.939572928018581832e-01
9.944259251395575205e-01
9.959476992419024066e-01
9.959701445560967814e-01
9.991306676529289055e-01
9.990815817975807756e-01
1.000174271565658524e+00
1.001869028575532505e+00
1.003072040420626809e+00
1.002659587408995634e+00
1.002565507086157215e+00
1.002600383910126736e+00
1.002777791895882453e+00
1.001739094215552406e+00
1.002530669568777233e+00
1.000793155852387706e+00
1.001300558720710443e+00
1.000730932345637703e+00
1.000220672340110140e+00
9.998954565374719161e-01
9.995513015510887334e-01
1.000366207159718579e+00
1.000571383156475536e+00
9.995672950617935371e-01
9.990453722222386590e-01
9.989532238991445379e-01
9.988097486952729476e-01
9.993499364947088237e-01
9.982753894807627759e-01
9.994198309373101274e-01
9.983448804720049807e-01
1.000137279817408853e+00
9.998385377023605303e-01
1.000067089997035863e+00
9.999509328120275153e-01
9.999303804969628118e-01
1.000412650479913790e+00
9.996662352843451727e-01
9.997287674883372777e-01
9.988663981831092942e-01
9.998192221573665162e-01
1.001478897515968303e+00
1.000982192674073401e+00
1.000636987411310574e+00
9.997596028745681096e-01
1.000746723866777321e+00
9.997939416094603349e-01
9.995579217376112657e-01
9.990151997244350879e-01
9.996248431711995952e-01
9.997545022586553642e-01
1.000584973751613482e+00
1.000550168496501025e+00
9.997687487231849968e-01
1.000770693889238006e+00
9.999553162615920643e-01
1.000130260444624497e+00
1.000269298364109716e+00
1.000718931434540382e+00
9.995643051572333793e-01
1.000487352160112309e+00
9.999906711029813433e-01
9.996860500963400398e-01
1.000389480976038747e+00
1.000073793306362369e+00
1.000086780191736580e+00
1.000064032911335055e+00
1.000234939277010016e+00
9.997894843306120993e-01
9.991892438418656930e-01
9.996385449787605904e-01
9.998404297167357013e-01
9.999725010500822853e-01
9.998592309313216742e-01
9.997607593459477693e-01
9.997794802123181057e-01
9.999143501728650074e-01
1.000821440330566192e+00
1.001022009795119683e+00
9.997796858725273017e-01
9.997175650373237854e-01
1.000351493701293171e+00
9.993630030200926218e-01
1.000333009732338629e+00
9.998632094970232309e-01
9.995867957438951956e-01
1.000658063264053599e+00
9.995523060878265253e-01
1.000170970743608834e+00
1.000267369621488545e+00
1.000273454422318187e+00
1.000493193860760854e+00
1.000597426760170938e+00
1.000265643941627536e+00
1.000641325815808225e+00
1.000087219098586555e+00
9.999069739062741435e-01
9.997551622315605790e-01
1.000251572665164623e+00
1.000196930893411995e+00
9.996417585828170083e-01
1.000514241212016486e+00
9.998568769927299593e-01
1.000084038270331765e+00
9.996842694083490910e-01
1.000269249431288365e+00
1.000063767709849172e+00
9.998079207728374218e-01
9.995745315369031214e-01
9.997827114133569504e-01
1.000223101443920237e+00
1.000095482751730103e+00
1.000370805716351841e+00
1.000142780543003651e+00
1.000046581915422061e+00
1.000262164056417546e+00
1.000607333951267996e+00
1.000898997658720146e+00
1.000069746069291110e+00
1.000029747522602985e+00
1.000296700333064503e+00
1.000473508865371564e+00
9.999428109737216186e-01
1.000269841196104847e+00
9.999347194607647316e-01
9.998802830805910702e-01
9.992124023846118419e-01
9.999265208906849001e-01
1.000134648037139362e+00
1.000376052056656251e+00
1.000215247805867680e+00
9.996552768293567315e-01
1.000359769705415403e+00
1.000218612730691570e+00
9.999924579400155666e-01
9.992094539354461347e-01
1.000087751870797792e+00
9.998042394088367812e-01
1.000253793539833680e+00
9.997907400087477914e-01
1.000239844332927230e+00
1.000593561648392305e+00
9.997352841940236878e-01
9.998328656585768748e-01
9.998899398032714547e-01
9.999746489620616741e-01
9.999163638844595914e-01
9.997230767911217120e-01
1.000075978918232522e+00
1.000260648049976275e+00
1.000504885892972373e+00
1.000111499662128312e+00
1.000561586493621258e+00
1.000043225065934793e+00
9.999119040628746680e-01
1.000241171855033917e+00
1.000017836620974876e+00
1.000117429985691198e+00
1.000145416755367167e+00
9.998138428179171866e-01
9.999758090995302107e-01
9.998079884586135169e-01
9.999684967046674755e-01
9.996516837099660435e-01
9.998111219781053993e-01
1.000036045366364368e+00
1.000063623391084677e+00
9.998090551616037880e-01
9.996736504435564941e-01
9.999737848266306850e-01
1.000012232071228357e+00
9.998571660170448849e-01
1.000226986580887267e+00
9.999771537742472294e-01
1.000139917510862952e+00
1.000020681730025673e+00
1.000037278769530191e+00
1.000099962850127477e+00
1.000184757978325623e+00
9.999930486341608304e-01
1.000164155358361562e+00
1.000057368128143720e+00
1.000268644441921539e+00
