0.000000000000000000e+00
0.000000000000000000e+00
0.000000000000000000e+00
0.000000000000000000e+00
0.000000000000000000e+00
0.000000000000000000e+00
0.000000000000000000e+00
0.000000000000000000e+00
0.000000000000000000e+00
0.000000000000000000e+00
0.000000000000000000e+00
0.000000000000000000e+00
0.000000000000000000e+00
0.000000000000000000e+00
0.000000000000000000e+00
0.000000000000000000e+00
0.000000000000000000e+00
0.000000000000000000e+00
0.000000000000000000e+00
0.000000000000000000e+00
0.000000000000000000e+00
0.000000000000000000e+00
0.000000000000000000e+00
0.000000000000000000e+00
0.000000000000000000e+00
0.000000000000000000e+00
0.000000000000000000e+00
0.000000000000000000e+00
0.000000000000000000e+00
0.000000000000000000e+00
0.000000000000000000e+00
1.037412764395417852e-02
1.070932170614463386e-01
4.523057345691093856e-01
1.082695562032153003e+00
1.772851742263585439e+00
2.273035071368703974e+00
2.573363493237146749e+00
2.698076849891179130e+00
2.715168576082410912e+00
2.656036984559626557e+00
2.567505015434192739e+00
2.495727908758045732e+00
2.362781590604707826e+00
2.266277494348276633e+00
2.138919446392860912e+00
2.012843869838413013e+00
1.910078605628994897e+00
1.825271006939981122e+00
1.758385328610276188e+00
1.682351635417149494e+00
1.579616857888067161e+00
1.446272620551184218e+00
1.289491541964719046e+00
1.152495302766656904e+00
1.040265191094507990e+00
9.934491533170074495e-01
9.562205238105058180e-01
9.684290200919826175e-01
9.693323577373367250e-01
9.750535177253665253e-01
9.836732634936036224e-01
1.011363131292606798e+00
1.003276717059650158e+00
1.010378404131529573e+00
1.011143193810593699e+00
1.003490645053150887e+00
9.844218357509491035e-01
9.824362993984425696e-01
9.730761663666774863e-01
9.550798967310888399e-01
9.510153251194802815e-01
9.480939675819511914e-01
9.530030560198838874e-01
9.514970939868163669e-01
9.463448232863508336e-01
9.588428679477659644e-01
9.651478185618254102e-01
9.609660065232553672e-01
9.653929232772409108e-01
9.688280819158193724e-01
9.762134517757427021e-01
9.772947536904005306e-01
9.789796540487588627e-01
9.768833626281709925e-01
9.693593616399869273e-01
9.713676846928911424e-01
9.657408667821701931e-01
9.697137974766620871e-01
9.649440297408390377e-01
9.733308116871396409e-01
9.636211992840267859e-01
9.702907920628086602e-01
9.572881284685925696e-01
9.746644132604816990e-01
9.759313478482317672e-01
9.724779450205000009e-01
9.778641739663328503e-01
9.810167598506055464e-01
9.877508172999962532e-01
9.894260607310466638e-01
9.868912740857133103e-01
9.995848391804255106e-01
9.944680516691623007e-01
9.999318236165198881e-01
1.002246263652196046e+00
1.003460834024329174e+00
1.004268905950365109e+00
1.005061457941746950e+00
1.004884960653513071e+00
1.006910892620889397e+00
1.013579109113637022e+00
1.008699629855734248e+00
1.006479987575995771e+00
1.010823203435389450e+00
1.007903411724941689e+00
1.005895250610238323e+00
1.006302915987675739e+00
1.006960896573036779e+00
1.004868804530104409e+00
1.000083956778547334e+00
1.002882277921277598e+00
9.992669169734250678e-01
1.003008648173790096e+00
1.002826731801570226e+00
1.001964026341887193e+00
9.983512563979159982e-01
1.002939469289736873e+00
9.999493616461901935e-01
1.000144166937439349e+00
1.003600712346385926e+00
1.000771120606782416e+00
9.971239501261978111e-01
1.000469001468512031e+00
1.002966085236377092e+00
9.976054195957385629e-01
1.003073736437622987e+00
1.006953060669231848e+00
1.005768244900890895e+00
1.002098008102117355e+00
1.000944780960590030e+00
1.000952200869444031e+00
1.007124658329558553e+00
1.004590846593016673e+00
1.000781460942810064e+00
9.975866764152903077e-01
1.000130808182988273e+00
1.000947734248574417e+00
9.968748430556892970e-01
1.000364617535277389e+00
9.978563169097077745e-01
9.956458022857586077e-01
9.960336994237206643e-01
9.979047363174404772e-01
9.999842606073904294e-01
9.958776536856249750e-01
9.966136730316867975e-01
9.981545416641346424e-01
9.980520192404391810e-01
9.965202388902567598e-01
9.935592041224038384e-01
9.999272346324695748e-01
9.986045542584146562e-01
9.963535961434700772e-01
9.978158521512139334e-01
9.932192000274452370e-01
1.000287932494726473e+00
9.949315483795753146e-01
9.979709006333051802e-01
1.001976283714382632e+00
9.978553907670547618e-01
9.992184557769925313e-01
9.966850309606405389e-01
1.002020546894828001e+00
9.991073606131920526e-01
1.000354703193986339e+00
1.001322453671169788e+00
1.000153711745467966e+00
9.983738407312421348e-01
9.957513742249867184e-01
9.980372415387592788e-01
9.996360210647905475e-01
9.973209684594986912e-01
9.991242032943563611e-01
1.002073149339892444e+00
9.990401684344769606e-01
1.002700119804123657e+00
9.983126308457750397e-01
9.956387429611606166e-01
1.001957583926631479e+00
9.965910058368385727e-01
9.970394295512029492e-01
1.001020858277992476e+00
9.978894389768999673e-01
9.980529776325611779e-01
9.993760224584293805e-01
9.981380340414794938e-01
9.953372065123113899e-01
9.990243770323093964e-01
9.993086056940830852e-01
1.001105268389575587e+00
9.986955852180023907e-01
9.982734209885125720e-01
1.000485000398707358e+00
9.996982351410869105e-01
9.965689431667987819e-01
9.983271775379463087e-01
9.974894884059091194e-01
9.989136765552246722e-01
1.001109673227048136e+00
9.980560774685689474e-01
9.995132481928710177e-01
9.976590474638356021e-01
9.989951357052746506e-01
1.000233167235187626e+00
1.002937260084587612e+00
1.000509530066736819e+00
9.974939635486027578e-01
9.986603741676911561e-01
9.995884882517183101e-01
9.989318844325782987e-01
9.981297930903780813e-01
9.977314861431977322e-01
9.986192937572254680e-01
1.000019104972007744e+00
1.000281885099253421e+00
9.985858116484443991e-01
9.965670123099189537e-01
9.982300724015997773e-01
9.984885986700177130e-01
9.982744914102509304e-01
9.976404973796570985e-01
9.971687786133259790e-01
9.967356616526433788e-01
9.972013660445957495e-01
9.964435096503827527e-01
9.998449118113807987e-01
9.984816187224991868e-01
9.997824876571541619e-01
9.989130759915044733e-01
9.960953753523814624e-01
9.985657411532193883e-01
1.002097505609159445e+00
9.982975545424395136e-01
9.983146714500790164e-01
9.990328526533873710e-01
1.000883098795877890e+00
9.969924045738725038e-01
9.976495751617696639e-01
9.999124278641858821e-01
9.981190289983784547e-01
1.001127350226663770e+00
9.996343762027930513e-01
9.980376381193415414e-01
1.000341470173144787e+00
9.984295125491466916e-01
9.990169627931371199e-01
9.984076545763311827e-01
1.000924086225864151e+00
9.979570108996429489e-01
9.976607046797866252e-01
9.965267936586086339e-01
9.999810252911160990e-01
9.982735654839530737e-01
1.002166398137793957e+00
1.000763515235151724e+00
9.978524040524621164e-01
9.964274108507338301e-01
9.965175092950585567e-01
1.000267213376198727e+00
1.001770779353911678e+00
9.976170086446883856e-01
9.980274300682283606e-01
9.976146134038966773e-01
1.001056851627424304e+00
1.000260487889467420e+00
1.000154124109925657e+00
9.989612589245435714e-01
1.001888981147592617e+00
1.000331790562574374e+00
