0.000000000000000000e+00
0.000000000000000000e+00
0.000000000000000000e+00
0.000000000000000000e+00
0.000000000000000000e+00
0.000000000000000000e+00
0.000000000000000000e+00
0.000000000000000000e+00
0.000000000000000000e+00
0.000000000000000000e+00
0.000000000000000000e+00
0.000000000000000000e+00
0.000000000000000000e+00
0.000000000000000000e+00
0.000000000000000000e+00
0.000000000000000000e+00
0.000000000000000000e+00
0.000000000000000000e+00
0.000000000000000000e+00
0.000000000000000000e+00
0.000000000000000000e+00
0.000000000000000000e+00
0.000000000000000000e+00
0.000000000000000000e+00
0.000000000000000000e+00
0.000000000000000000e+00
3.537658299978376560e-05
3.703927460514046689e-03
5.169824893648578695e-02
2.483521011415342206e-01
6.287029365168024242e-01
1.036271133226358998e+00
1.327867742801626116e+00
1.453461236017091540e+00
1.454194013771119565e+00
1.397783414698983595e+00
1.329645290250892620e+00
1.276345254298828502e+00
1.255936182077602936e+00
1.226624235295661336e+00
1.140592943374430623e+00
1.040263773272975367e+00
9.874248359675118492e-01
9.688227312540816927e-01
9.786670247927592436e-01
9.937941338999370933e-01
1.009342906851823374e+00
1.018150881373224959e+00
1.021457865559231015e+00
1.018211491251235890e+00
1.020152015561118786e+00
1.023196574432015282e+00
1.030269535703706385e+00
1.033046030749190214e+00
1.035136034436332064e+00
1.035649838656031108e+00
1.023642972909561299e+00
1.014315596471412784e+00
9.968130600145598263e-01
9.774935516239970923e-01
9.629841657582719483e-01
9.492437128403989899e-01
9.413557505048065766e-01
9.404634680720326267e-01
9.438572144798027530e-01
9.502466503711071155e-01
9.614025904306369164e-01
9.737060125502983166e-01
9.866153023492881813e-01
9.984751083061030874e-01
1.009513495251838089e+00
1.017536006933473791e+00
1.025832665761993168e+00
1.032705142222396066e+00
1.036800170299825519e+00
1.037604048870798268e+00
1.037102248600567878e+00
1.034695302329758038e+00
1.032894125783906603e+00
1.026564739441426344e+00
1.021560507489223779e+00
1.014944546308000239e+00
1.009116563151295276e+00
1.003763159189443366e+00
9.960102162196072806e-01
9.933334903546959804e-01
9.886797722436118097e-01
9.865442207184346168e-01
9.866448566860904767e-01
9.850911545962452998e-01
9.884316771031791404e-01
9.885849898951788450e-01
9.875278842208324859e-01
9.902166029878698428e-01
9.922760388287362732e-01
9.945800992834901155e-01
9.964579772293977733e-01
9.963530568329301840e-01
9.966513286298316343e-01
9.983507114803791271e-01
9.978826851201061388e-01
9.997877671717521064e-01
1.001021559958433116e+00
9.983455752432989216e-01
1.000033407766145910e+00
1.000284998502176004e+00
1.002621371626351676e+00
1.001309157792229509e+00
1.003138734876866778e+00
1.001789157553659271e+00
1.000305588898368292e+00
1.001243459895853061e+00
1.001095359825567632e+00
1.000257940099418486e+00
1.001397237638092630e+00
1.001282415015711358e+00
1.001061023969465280e+00
1.000241387979651231e+00
1.000705415468096326e+00
9.988220676607799664e-01
9.996099315307713784e-01
9.994333952164804469e-01
9.981301530387786114e-01
9.977120428494148374e-01
9.986720659798324906e-01
9.970794879157669488e-01
9.982710847806224308e-01
9.971802120971385852e-01
9.983349175095856953e-01
9.979410300403750433e-01
9.976527436060137477e-01
9.983476089015766997e-01
9.981783765416698539e-01
9.984186773286478633e-01
9.985597015346698857e-01
9.991795291488311248e-01
9.995833964756460910e-01
9.991523225230403149e-01
9.996798919307372522e-01
1.000004478485493564e+00
1.000772694368012639e+00
1.000664280798637007e+00
1.000168205631733365e+00
1.000172401755297091e+00
1.000099720996799890e+00
1.000497886093232092e+00
1.000182222038101365e+00
1.000024367874855935e+00
9.996808927062352801e-01
1.000388212765597418e+00
9.997986150995342713e-01
9.994193561154148808e-01
9.991221488854226118e-01
1.000452142455114046e+00
9.990002293939885814e-01
9.998188603719260215e-01
9.996177452882795134e-01
9.992507168170042808e-01
1.000674652055921099e+00
9.993179501937745624e-01
9.993801873909672340e-01
9.995162003810401652e-01
1.000186425506765397e+00
1.000223194902484236e+00
9.999666243012184097e-01
1.000487497598920861e+00
9.993001957750814457e-01
9.992009510314739940e-01
1.000217236817175781e+00
1.000639763015357842e+00
9.987088318610299886e-01
1.000088580648704539e+00
1.000931560318964353e+00
9.999246514786048756e-01
9.993596938129761797e-01
1.000713981888679882e+00
1.000446359015025655e+00
9.997052346151534818e-01
9.999353136189313984e-01
9.999871823889797673e-01
1.000303301390231825e+00
9.999429078422088502e-01
1.000361542899152134e+00
1.000183362393719522e+00
1.000113757679975013e+00
1.000213700824968077e+00
9.998925468938675287e-01
1.000345022776188975e+00
9.999219048050702607e-01
9.999975396296530983e-01
1.000043698514557766e+00
1.000775055054469176e+00
1.000369848914225646e+00
9.997707317584011433e-01
1.000610410697891695e+00
1.000012225566679458e+00
9.995990920705438709e-01
1.000477975704730627e+00
1.000123151547934519e+00
9.999687703220593304e-01
9.998495971129552906e-01
1.000300514587008749e+00
9.998645934054198881e-01
1.000471106030442758e+00
1.000153676109897694e+00
1.000067580638774656e+00
1.000701277740284612e+00
1.000194488442641694e+00
1.000365927048731729e+00
1.001114059564308212e+00
9.997189021212145033e-01
9.996030949389906883e-01
1.000320180054540042e+00
1.000973052766884974e+00
1.000015870807418938e+00
1.000682348315217407e+00
1.000483243813357515e+00
1.000139785904764489e+00
1.000080618702229307e+00
1.000557681953349931e+00
1.000450185730245023e+00
1.000266997094671595e+00
1.000232246767639666e+00
9.997411248695142749e-01
1.000191437586847920e+00
9.995677604190028598e-01
1.000406903522719215e+00
1.000235459050105913e+00
1.000211064735554656e+00
1.000088024707664447e+00
9.999296978275183934e-01
1.000099556566004910e+00
1.000576527469348331e+00
1.000262668513288933e+00
1.000242511936248135e+00
1.000342417236134818e+00
9.997360999039405227e-01
9.999164278603905887e-01
9.995457845970535660e-01
1.001036002818242343e+00
9.998959815377255200e-01
9.999753849919852389e-01
9.997811804154298487e-01
1.000189082287749054e+00
1.000667743833141277e+00
1.000364318466955060e+00
1.000384427672688537e+00
1.000223300669656146e+00
1.000373958701689991e+00
1.000004026663986689e+00
1.000767949625258169e+00
1.000905099029178791e+00
1.000251197714618234e+00
1.000113964579701253e+00
9.995792587559605424e-01
1.000512819339695936e+00
1.000186957284275202e+00
1.000468585902847485e+00
9.998411202236980877e-01
1.000806704279884718e+00
1.000253041173477353e+00
1.000547219160359491e+00
9.995913884662230853e-01
1.000026573902267790e+00
1.000178900042383523e+00
1.000410358421998769e+00
1.000453720029561344e+00
1.000497639882191425e+00
1.000557610876836367e+00
9.998397935750673593e-01
1.000426813252822233e+00
1.000497327298843997e+00
1.000454790955153106e+00
1.000307569905554139e+00
1.000163633799439733e+00
1.000427775897875904e+00
1.000150163173519680e+00
9.998029708695906903e-01
1.000786151807217195e+00
1.000309360151031113e+00
