0.000000000000000000e+00
0.000000000000000000e+00
0.000000000000000000e+00
0.000000000000000000e+00
0.000000000000000000e+00
0.000000000000000000e+00
0.000000000000000000e+00
0.000000000000000000e+00
0.000000000000000000e+00
0.000000000000000000e+00
0.000000000000000000e+00
0.000000000000000000e+00
0.000000000000000000e+00
0.000000000000000000e+00
0.000000000000000000e+00
0.000000000000000000e+00
0.000000000000000000e+00
0.000000000000000000e+00
0.000000000000000000e+00
0.000000000000000000e+00
0.000000000000000000e+00
0.000000000000000000e+00
0.000000000000000000e+00
0.000000000000000000e+00
0.000000000000000000e+00
0.000000000000000000e+00
6.190418113812610047e-05
3.933575554126872778e-03
5.183183488902055880e-02
2.491533755261180483e-01
6.282999576202600300e-01
1.047800650194942840e+00
1.326158758540825655e+00
1.445295578375416223e+00
1.457012812583155403e+00
1.399226509652993666e+00
1.327569423213313726e+00
1.279067624091078770e+00
1.258817138506296063e+00
1.232308178222715656e+00
1.139617757946909116e+00
1.046464435655555247e+00
9.876158559675867199e-01
9.730401460781794576e-01
9.773485259195526798e-01
9.906984284189771506e-01
1.008103568323931665e+00
1.021366303007548382e+00
1.021264487100975282e+00
1.017176291281111977e+00
1.019046976875834565e+00
1.023966644967736483e+00
1.029283148021661098e+00
1.034820569948560198e+00
1.037139878959155714e+00
1.033165389211096574e+00
1.025691463202476506e+00
1.014998996584911328e+00
9.988512699624232383e-01
9.812995656688432433e-01
9.651979508403200070e-01
9.504109595585877868e-01
9.415779087230742306e-01
9.391330619732257690e-01
9.460571580773825540e-01
9.518082589293356266e-01
9.635240400745809231e-01
9.740102271118933341e-01
9.872026608792987545e-01
9.988651096564707954e-01
1.009870705873259888e+00
1.019277629633273285e+00
1.026175506004653126e+00
1.032396780701830163e+00
1.037988121892212900e+00
1.038810845573692188e+00
1.038569613210232889e+00
1.037238930530458791e+00
1.034096454091257167e+00
1.029224292754864933e+00
1.023111933282018216e+00
1.017562892931077823e+00
1.011289834905623408e+00
1.004408932019795975e+00
1.000645236210818467e+00
9.945149930120769088e-01
9.902078973156552832e-01
9.887296300941537108e-01
9.885478606910615973e-01
9.880575218432965379e-01
9.885584097649724455e-01
9.883830857127575698e-01
9.915534879354419573e-01
9.911288695690617656e-01
9.948796327788136384e-01
9.954162756174680382e-01
9.968856529438557823e-01
9.980601550627188345e-01
9.977295557805482273e-01
9.992011652795380616e-01
9.992540885470519996e-01
1.000082197642638615e+00
1.000518853538514330e+00
1.002006695144608939e+00
1.002106291993142717e+00
1.002712921217196129e+00
1.001839884448041174e+00
1.003104471891296701e+00
1.001539261254437374e+00
1.002740128790477137e+00
1.000901898998849404e+00
1.001914081227403441e+00
1.000515075525964859e+00
1.003292433174853615e+00
1.001196261646856156e+00
1.001965846183144881e+00
1.000564963595624635e+00
1.000958124216876799e+00
1.000191520908405352e+00
1.001774204586924011e+00
9.999137766705046282e-01
9.998332313127394899e-01
9.987495481149064602e-01
9.978954919431024528e-01
9.989991171102486911e-01
9.972787752949343609e-01
9.982834903038387830e-01
9.985342649570716489e-01
9.985393686348790210e-01
9.972456367503373942e-01
9.987341603444850335e-01
9.985906797098330623e-01
9.981279487639803660e-01
9.990139347593730568e-01
9.995648725927708256e-01
9.994999298881451777e-01
1.000246963667268840e+00
9.994030694622989541e-01
9.997778939716934765e-01
9.994300120300508850e-01
1.000909681263292716e+00
9.999662719117932141e-01
1.000371425944209802e+00
1.001016576352995679e+00
1.000292831350992007e+00
1.001263163431359793e+00
1.000194622973545222e+00
9.997806212234503498e-01
9.997734330250276358e-01
1.000290286968121167e+00
1.000114512382527021e+00
9.995052242140390897e-01
9.997173343412744106e-01
9.995907838821566083e-01
9.995494840580093632e-01
1.000024544168397256e+00
9.999737592993455104e-01
9.990832242185906376e-01
9.991795459902803600e-01
1.000008641652125441e+00
9.993505338979220554e-01
9.997355008804598153e-01
9.995564416852983358e-01
1.000160114822721713e+00
9.992703482303795237e-01
1.000190016951718608e+00
1.000154113189973604e+00
9.992879965349183990e-01
1.000586634019851706e+00
9.997752850841472583e-01
1.000804931951125631e+00
1.000503283619372352e+00
1.000698235893699550e+00
1.000812329184413763e+00
1.000835243068653346e+00
1.001457506857308388e+00
9.997660412737715552e-01
1.000193072076693168e+00
1.001025588327377758e+00
1.000554213377649049e+00
9.995981040863709532e-01
1.000392668370440052e+00
1.000447081507979341e+00
1.000518363878610817e+00
9.988557873570133028e-01
9.997404055194062389e-01
1.001381692125016043e+00
1.000801432915610079e+00
1.000890623387810319e+00
1.000369071051145919e+00
9.999845277477660277e-01
1.001121430588426398e+00
1.000082644075919625e+00
1.000549869001476910e+00
1.001117998820283850e+00
1.000535333798736604e+00
1.001438853055097056e+00
1.000694034022145518e+00
1.001048775063841934e+00
1.000378748846520338e+00
1.000855124664981277e+00
1.000893876827812168e+00
1.000813527991931462e+00
9.998171282188598186e-01
1.000456446690641821e+00
1.000955256126685455e+00
1.000052965858082343e+00
9.999313745917663976e-01
1.000019273889698024e+00
1.000218570010067864e+00
1.000727229720020706e+00
9.994463723776402242e-01
1.000296183089831370e+00
9.999296816053349080e-01
1.001017915173669781e+00
1.000677287318544328e+00
1.000845239371414452e+00
1.000979619974273982e+00
1.000213982461242823e+00
1.000794406998906316e+00
1.000822162540838667e+00
1.000972055455637832e+00
1.001434255148721419e+00
1.000733917140928853e+00
1.000996355163812579e+00
1.000707891560049356e+00
1.000536337847952373e+00
1.001031156961765367e+00
1.000261357538783313e+00
1.000780362955234981e+00
1.000598543493408599e+00
1.000407196450717739e+00
1.000238874148922985e+00
1.000685378741427156e+00
1.000473015210740613e+00
1.000851281901746326e+00
1.000551430460541624e+00
9.998976202445031269e-01
1.000425153249433929e+00
1.000597396707024078e+00
1.000582067665001462e+00
1.001134697108594152e+00
1.000080408513830621e+00
1.000862296260030648e+00
1.000631501516659139e+00
1.000128556707551741e+00
1.000645292500091488e+00
1.000572191795207289e+00
1.000129606341106925e+00
1.000438507545637679e+00
1.000297366423158252e+00
1.000081957329472138e+00
1.000196491077017136e+00
1.000081990217271288e+00
1.000492185901394437e+00
1.000732511231382516e+00
1.000250761250254250e+00
1.000449585151165888e+00
1.001211481189967500e+00
1.000204496288739975e+00
1.000525496452095098e+00
1.000355657750859661e+00
1.000167384222741651e+00
1.000497748631688388e+00
1.000395203221410734e+00
1.000230303847742697e+00
1.000336953298725851e+00
1.000603711403903917e+00
1.000193887591870112e+00
1.000038541897467548e+00
1.000288346761057490e+00
1.000468753092133900e+00
1.000327826413409227e+00
9.999446612480732410e-01
1.000567665789914962e+00
1.000107110266165611e+00
1.000108707416221820e+00
1.000272316958766394e+00
9.995544789306723965e-01
1.000173449564429440e+00
