0.000000000000000000e+00
0.000000000000000000e+00
0.000000000000000000e+00
0.000000000000000000e+00
0.000000000000000000e+00
0.000000000000000000e+00
0.000000000000000000e+00
0.000000000000000000e+00
0.000000000000000000e+00
0.000000000000000000e+00
0.000000000000000000e+00
0.000000000000000000e+00
0.000000000000000000e+00
0.000000000000000000e+00
0.000000000000000000e+00
0.000000000000000000e+00
0.000000000000000000e+00
0.000000000000000000e+00
0.000000000000000000e+00
0.000000000000000000e+00
0.000000000000000000e+00
0.000000000000000000e+00
0.000000000000000000e+00
0.000000000000000000e+00
0.000000000000000000e+00
0.000000000000000000e+00
5.818383634185574603e-03
1.292209838785338960e-01
5.629970588168050627e-01
1.252070401351104811e+00
1.798343171519948269e+00
2.020573296938871888e+00
2.087710346018069263e+00
2.070226661876386487e+00
1.942234217298321353e+00
1.775187923481330365e+00
1.665709318350877099e+00
1.497184642558008427e+00
1.365058176166981552e+00
1.216941681849832868e+00
1.170462082241706447e+00
1.153687112783555957e+00
1.146791084635910396e+00
1.182851923949654882e+00
1.194946335779949909e+00
1.229519186675346765e+00
1.216736253724259642e+00
1.163631599766535185e+00
1.127724414661729568e+00
1.065249598031563272e+00
1.069547203862285523e+00
1.062568082709013151e+00
1.098333958964868406e+00
1.066582548755463211e+00
1.096016497144998603e+00
1.114143231694206815e+00
1.156979743175192699e+00
1.120177773584233316e+00
1.132459042436796404e+00
1.105294625735796288e+00
1.087572611544234791e+00
1.053843219817026666e+00
1.052994419445692387e+00
1.033603322508098277e+00
1.026849805101343494e+00
9.953386964108693613e-01
1.000897134841727265e+00
9.825225506272877718e-01
9.984603818074166970e-01
9.989807885074379890e-01
1.003592029814524667e+00
1.002227424621433993e+00
1.013642509181333695e+00
1.018900680280585780e+00
1.014678152154690816e+00
1.030452691060380843e+00
1.010264483376669631e+00
1.017869235238786807e+00
1.010780025587509900e+00
1.001729618804920063e+00
9.999608761661427092e-01
1.003975108873619515e+00
1.009003033022987550e+00
9.972394387706374763e-01
1.005729743716155200e+00
1.005586650198434295e+00
1.002769163702302180e+00
9.994612355872877218e-01
1.000828533601074710e+00
9.978893735463787440e-01
1.001778522917652792e+00
9.933426984889637268e-01
1.008238589538489771e+00
9.827753994728333220e-01
9.890459301816765247e-01
9.961838614075826381e-01
9.979514428809421744e-01
9.962133062231592895e-01
9.987620885327342934e-01
9.989782795620868461e-01
9.913347384835567988e-01
9.964898773241845920e-01
9.821975311584349999e-01
1.002219749352454947e+00
9.899284919580053632e-01
9.983892801448936982e-01
9.990334866571520811e-01
9.958860042715177441e-01
9.980936264916552281e-01
9.871892207902686067e-01
1.002813837197558788e+00
1.001095152036545199e+00
9.974222899814714216e-01
9.993534079032532214e-01
9.990391728942865646e-01
9.867159505804865560e-01
9.956926735043405419e-01
9.984751613505609136e-01
9.983062258232037189e-01
9.966676738571844663e-01
1.004444016192999944e+00
9.975051643176279237e-01
9.961724639554413452e-01
9.970516216179956537e-01
9.991801695081360402e-01
9.944336673414836403e-01
9.976706720900579972e-01
1.001501148906752903e+00
1.007339942408455480e+00
1.001609860884699055e+00
9.990957950199115256e-01
1.004340475513679332e+00
1.000468657635977587e+00
1.002714051501463421e+00
1.007078867531210120e+00
9.972769601482174284e-01
1.007867134973836398e+00
1.002698804788841658e+00
1.002420588905088339e+00
1.002589741484560593e+00
1.006482218307161114e+00
1.004161127606842285e+00
9.975965633724021009e-01
1.001584789184337909e+00
1.000507365196179110e+00
1.004431794978737802e+00
9.993025696613131448e-01
1.005379738549000423e+00
1.000887728901449503e+00
1.004257012718175135e+00
1.003975692086847671e+00
9.970861150101587578e-01
1.006821998688947506e+00
1.003111860450430326e+00
9.948336839284981359e-01
9.991062002490326277e-01
1.001784341688178426e+00
1.000017320479158478e+00
1.000085610624051213e+00
9.944649620570726878e-01
9.940751090037066584e-01
9.993764254838164440e-01
1.004124166279975805e+00
9.971272758344038589e-01
1.002281611148436502e+00
9.952289055342598001e-01
9.980507632640419624e-01
9.972509932122360921e-01
9.988586139634952898e-01
1.001342775979927158e+00
9.980889851728035334e-01
1.001060178587451110e+00
9.926802865596903169e-01
1.002051626813268204e+00
9.934962240330054151e-01
1.002716013082593838e+00
1.004033582024494553e+00
1.001691077264461605e+00
9.984294353546148137e-01
1.003168268531351659e+00
1.003790144778381022e+00
9.972460137269192337e-01
9.999763760545632429e-01
9.934558770506954906e-01
9.950107469409067429e-01
1.004599349364169392e+00
1.000600741240855740e+00
9.994681635161744016e-01
1.000162504582441381e+00
1.001402957288199946e+00
9.995313817902253817e-01
9.990556463410705801e-01
9.972033156466494352e-01
1.005403948663333491e+00
1.001708448850016975e+00
1.000851265315912064e+00
1.001220773129069430e+00
1.004141859084875410e+00
1.000246782624619302e+00
9.989203204622600918e-01
1.003178294899307765e+00
9.999640095300779130e-01
9.993468306160503412e-01
1.000354522914252975e+00
1.003786475447551174e+00
1.002483853748859177e+00
9.977972634563750942e-01
1.001458793377811185e+00
9.985809370183268419e-01
1.003734878736228353e+00
1.008054369301873754e+00
1.005494954320627299e+00
9.998394850770733200e-01
1.004047312980840712e+00
1.003115301805818316e+00
1.004958434225162289e+00
1.002314811236234338e+00
1.000051532145499023e+00
1.002666445751165814e+00
1.004739952984117224e+00
1.001537714383445632e+00
1.004057640768594828e+00
1.005074902740802800e+00
1.007274536562536627e+00
1.004192567195083763e+00
9.976632568283941849e-01
1.000044826618850191e+00
1.003846216053690288e+00
9.988619075470406283e-01
9.983097347232874341e-01
1.001568792961701648e+00
1.001639903801604614e+00
1.004060312329968285e+00
9.981768500104910569e-01
1.002562535883960271e+00
9.985731947942099174e-01
1.002286688332303610e+00
9.993097272663309383e-01
1.001244463661309148e+00
1.003106174600101763e+00
1.002618000872354198e+00
9.994701628267581572e-01
1.000214102321287601e+00
9.977188261111652468e-01
9.969796431557840233e-01
9.978127165421292188e-01
9.988572861095993405e-01
1.001231114667481714e+00
1.003832245550813740e+00
9.993738315891889101e-01
9.980369277713357912e-01
9.990315921186956327e-01
1.001875358448002684e+00
1.002470589070584284e+00
9.997921172324073513e-01
9.982828540132999695e-01
9.992821948552249589e-01
1.001345266931517486e+00
9.962832955945227775e-01
9.999471960365049483e-01
9.966104957680275156e-01
9.984247866958478879e-01
1.003978035352111720e+00
9.992217439191946049e-01
9.976286584832222415e-01
9.931470862047059311e-01
9.981790618916401847e-01
1.002422878391895145e+00
9.997360911024277819e-01
9.972302952950841126e-01
9.959535153205719693e-01
9.960774965058309949e-01
9.964709242113984899e-01
1.000610545021975106e+00
9.977624055898826061e-01
9.988101158855707817e-01
9.944269645351744291e-01
9.969928304915151029e-01
9.969541711782957671e-01
9.972523477866030994e-01
1.000117803458486332e+00
1.001013690721384464e+00
9.996359211127987532e-01
9.999728666336656913e-01
1.003393755293744638e+00
9.999783418161626303e-01
9.996727329825664254e-01
1.002478308020969155e+00
9.996526302306757428e-01
1.001559364815702624e+00
1.000664150576219935e+00
9.999740373554421025e-01
9.944060670261842816e-01
1.003300014137186169e+00
1.000691390200489028e+00
9.996783811571269274e-01
9.964366777936870534e-01
9.972250974110464794e-01
9.969601656489035513e-01
9.971093196783927803e-01
9.991916429973997094e-01
9.994337709491187827e-01
9.984451110568356436e-01
9.986381856733259621e-01
9.936910738550436273e-01
9.992298913516984848e-01
9.979873382359378819e-01
9.987493793201336345e-01
9.964391902322886629e-01
9.975472264317459814e-01
9.975642237158890424e-01
9.987045459800372171e-01
9.955346850008244264e-01
9.981816351019539013e-01
9.936790538596893541e-01
9.988198496655663616e-01
9.954213514906063986e-01
9.954441854019134839e-01
9.981158846331810164e-01
9.973219859192328229e-01
9.940188956988439406e-01
9.995769392979083623e-01
9.947660645293532333e-01
9.949740764694442463e-01
9.930326887183139606e-01
9.957921687350372864e-01
9.927396488170926458e-01
9.971796968087214275e-01
9.959523385040557342e-01
9.937052433953319497e-01
9.937210962322516883e-01
9.956275489471547724e-01
9.981153277035527127e-01
9.934061793885928804e-01
9.923480407249657409e-01
9.951058947209286965e-01
9.978345389292111456e-01
9.962352678332607736e-01
9.964414456009358378e-01
9.979633466632558125e-01
9.981079176612688286e-01
9.922681259383945296e-01
9.961608328492393971e-01
9.950360318177003949e-01
9.933163956628119351e-01
9.971229464929086683e-01
9.959508653726329985e-01
9.967977067480822129e-01
9.972230952818262883e-01
9.962389510607372323e-01
9.965969633036466657e-01
9.962650198701382687e-01
9.981297214604253343e-01
9.942755376168864734e-01
9.953237633343483548e-01
9.977106091961256418e-01
9.960546356394310852e-01
9.907139152022302886e-01
9.800437446501939487e-01
9.741485010600294814e-01
9.640454838186727216e-01
9.555297328542946556e-01
9.446390135333939675e-01
9.398765246310188948e-01
9.336346397994734758e-01
9.239138283059411538e-01
9.140112599623756440e-01
9.062803164250021748e-01
8.994974374487451074e-01
8.917544737250473474e-01
8.849501582936831756e-01
8.767157511671320735e-01
8.686943287194849317e-01
8.574311339528696285e-01
8.516344335150964895e-01
8.459935044765096723e-01
8.371164136916727783e-01
8.295926689625461314e-01
8.237649007867228201e-01
8.137923217556078948e-01
8.060346514418165187e-01
8.010120398020286192e-01
7.946459656645621372e-01
7.841929909317560954e-01
7.776983852308403389e-01
7.711505364471368251e-01
7.631439966576013534e-01
7.557313402252132661e-01
7.499776876437075357e-01
7.414650229528764180e-01
7.362453746994992443e-01
7.298739964700994287e-01
7.197116889808602425e-01
7.135138052991327751e-01
7.068617931957477118e-01
7.003636407718598633e-01
6.945869599157717955e-01
6.876676390726544907e-01
6.816195232822678252e-01
6.750834484874926877e-01
6.673514760074169549e-01
6.623328905639441766e-01
6.530152518604627199e-01
6.474231933046763476e-01
6.429023645173459478e-01
6.359226325694339321e-01
6.289666210129073454e-01
6.244705030277205582e-01
6.161518469101533446e-01
6.097020829288700705e-01
6.035543231634481476e-01
5.977104312119213558e-01
5.892743036906352705e-01
5.840495426741963980e-01
5.784778168105239038e-01
5.730890031476065793e-01
5.662572097328757437e-01
5.620474316696381090e-01
5.541810098841842835e-01
5.481459819119016696e-01
5.417922539896025125e-01
5.373441758675977509e-01
5.319267301140033766e-01
5.238772269898496203e-01
5.204386957442219686e-01
5.122529469438161787e-01
5.064876269871225745e-01
5.004985350273325473e-01
4.942370588647768681e-01
4.883957617653835181e-01
4.834669487375016783e-01
4.789022513599907049e-01
4.734916076825790299e-01
4.661541525971767408e-01
4.615703985602305215e-01
4.544005411526865768e-01
4.496828642987448776e-01
4.439627311454180658e-01
4.382262833015588832e-01
4.336392481675545030e-01
4.275449187389401273e-01
4.222664955745331627e-01
4.187531269421100322e-01
4.105302292894493221e-01
4.049571416483236375e-01
4.010444755300022757e-01
3.949131504288091454e-01
3.913782211420318569e-01
3.863709198120091615e-01
3.810486327910915239e-01
3.727444292474536569e-01
3.690554293793399943e-01
3.641230656202166238e-01
3.617440843276878981e-01
3.552397397987991368e-01
3.490696257762840315e-01
3.443358373340100198e-01
3.392023990437594838e-01
3.335045817319168271e-01
3.286369411953840025e-01
3.246996374033880861e-01
3.189817850856635495e-01
3.148401989093447262e-01
3.086215390834379790e-01
3.038202725533750148e-01
2.982857449521814641e-01
2.939334451157160633e-01
2.908512041808371529e-01
2.847889153392848538e-01
2.794321528265050758e-01
2.748320876138087843e-01
2.703925675235314130e-01
2.656861157493697334e-01
2.608620427241639672e-01
2.544457718111669542e-01
2.503177183616581702e-01
2.462490370805898721e-01
2.425258514303773039e-01
2.367583014166839139e-01
2.326451889227832692e-01
2.278592037976503726e-01
2.225072401190987259e-01
2.179802118890210860e-01
2.143903931386958173e-01
2.091730787793059931e-01
2.040387831983882239e-01
2.000872930664915061e-01
1.954500265250783131e-01
1.909745948483192735e-01
1.864445295062640839e-01
1.821734181886557336e-01
1.778960169775907763e-01
1.731828992494624242e-01
1.688728292611022808e-01
1.650794096699239322e-01
1.600405521434324074e-01
1.561930136971017291e-01
1.515137899593352044e-01
1.473805909360684785e-01
1.430403895897638944e-01
1.391836343459280367e-01
1.341351542725048307e-01
1.296759588361103277e-01
1.262236274924911916e-01
1.219212610013608311e-01
1.173427383883414027e-01
1.139529076852446587e-01
1.108559386532722013e-01
1.074439595456578994e-01
1.041746393569388807e-01
1.007798167113082288e-01
9.826195718938134094e-02
9.530010793444354533e-02
9.308120140986193836e-02
9.015325028416883157e-02
8.701406916531576052e-02
8.460568533173351558e-02
8.197619224455410247e-02
7.990847438072427866e-02
7.808696531567127508e-02
7.440220402076219708e-02
7.324814781226696159e-02
7.093234968536535345e-02
6.854174252792474831e-02
6.675434394291822338e-02
6.439799061887331588e-02
6.274821703193997346e-02
6.094403864316508268e-02
5.901528372911515885e-02
5.701319968972991259e-02
5.507659879880243831e-02
5.400642502649810606e-02
5.255358524897784517e-02
5.018399807404295282e-02
4.876031166173898368e-02
4.738490077913301568e-02
4.613415780696077800e-02
4.443976098637255484e-02
4.314162862910463081e-02
4.183291689738446312e-02
4.034358304202540629e-02
3.887192340321014850e-02
3.734487677508591813e-02
3.661271944739874495e-02
3.534124781808811733e-02
3.394266228087138015e-02
3.278210890658894705e-02
3.148325027822085342e-02
3.049812032586569563e-02
2.951881862277918808e-02
2.817785195004656948e-02
2.727970383255142600e-02
2.656524444630586901e-02
2.560122055859252732e-02
2.461960580638574217e-02
2.339548242302063111e-02
2.267590955772078379e-02
2.155704701887291297e-02
2.123864610593777236e-02
2.012717242483107530e-02
1.922618889087190572e-02
1.853346943262984201e-02
1.767334766996374665e-02
1.698865617877806308e-02
1.611527508599424827e-02
1.582725260934629563e-02
1.503819078619033668e-02
1.445337554663547221e-02
1.350274133937429469e-02
1.281698169274071708e-02
1.247912682275468914e-02
1.164830502352993610e-02
1.118997197075502666e-02
1.053079328011733914e-02
9.991690958251947530e-03
9.660878733405535435e-03
9.430663865068899046e-03
8.631199822587084375e-03
8.201486888182346266e-03
7.702688861212626456e-03
7.168875140950982557e-03
6.798810722343288232e-03
6.537627563557901582e-03
6.002140917771945673e-03
5.615805961570216435e-03
5.339356906711034342e-03
5.011299862768560029e-03
4.598621273114377253e-03
4.375536993182758440e-03
3.929533878935373079e-03
3.702356754992186787e-03
3.443599333086651022e-03
3.170075627993903036e-03
2.884839509369463428e-03
2.647751946065280207e-03
2.495784215111981636e-03
2.191688719994315266e-03
1.973553745105153644e-03
1.755912509094199186e-03
1.656255527070612773e-03
1.440151256544604328e-03
1.286653302374987044e-03
1.166999220600771969e-03
1.026625576496574630e-03
8.144850384821814091e-04
7.309888061376546920e-04
6.017499123416078077e-04
5.047299216533547486e-04
4.120226954663963386e-04
3.208373457773465117e-04
2.229373222967569201e-04
1.630138104891838430e-04
1.189113749880440753e-04
9.500018622530708508e-05
4.418924664139600700e-05
3.056237461998806242e-05
6.271857332171911110e-06
2.679240032998227970e-06
0.000000000000000000e+00
0.000000000000000000e+00
0.000000000000000000e+00
0.000000000000000000e+00
0.000000000000000000e+00
0.000000000000000000e+00
0.000000000000000000e+00
0.000000000000000000e+00
0.000000000000000000e+00
0.000000000000000000e+00
0.000000000000000000e+00
0.000000000000000000e+00
0.000000000000000000e+00
0.000000000000000000e+00
0.000000000000000000e+00
0.000000000000000000e+00
0.000000000000000000e+00
0.000000000000000000e+00
0.000000000000000000e+00
0.000000000000000000e+00
0.000000000000000000e+00
0.000000000000000000e+00
0.000000000000000000e+00
0.000000000000000000e+00
0.000000000000000000e+00
0.000000000000000000e+00
0.000000000000000000e+00
0.000000000000000000e+00
0.000000000000000000e+00
0.000000000000000000e+00
0.000000000000000000e+00
0.000000000000000000e+00
