0.000000000000000000e+00
0.000000000000000000e+00
0.000000000000000000e+00
0.000000000000000000e+00
0.000000000000000000e+00
0.000000000000000000e+00
0.000000000000000000e+00
0.000000000000000000e+00
0.000000000000000000e+00
0.000000000000000000e+00
0.000000000000000000e+00
0.000000000000000000e+00
0.000000000000000000e+00
0.000000000000000000e+00
0.000000000000000000e+00
0.000000000000000000e+00
0.000000000000000000e+00
0.000000000000000000e+00
0.000000000000000000e+00
0.000000000000000000e+00
0.000000000000000000e+00
0.000000000000000000e+00
0.000000000000000000e+00
0.000000000000000000e+00
1.007928379280599281e-03
7.917072837169053523e-02
7.415591377364222359e-01
1.821799294883537979e+00
2.206901062819129677e+00
1.990966872478851402e+00
1.690694025569057901e+00
1.462638044443340890e+00
1.263563649921249921e+00
1.113304633061737992e+00
9.923948876530994667e-01
9.137176415591976575e-01
8.559060974479550943e-01
8.270856926824461386e-01
8.036824320650379772e-01
7.887175953650521487e-01
7.965057710025787996e-01
8.289961522169986274e-01
8.713439748444511412e-01
9.270489534852527358e-01
9.786159676672053775e-01
1.027387712984056511e+00
1.059535852082445162e+00
1.079942174270462019e+00
1.086962937169959176e+00
1.085653405789816839e+00
1.080464696661518120e+00
1.070024505831202566e+00
1.057507043973318073e+00
1.036774399767286248e+00
1.020017315716645889e+00
1.003844775066968786e+00
9.886285851972003158e-01
9.753825924202010889e-01
9.638129052316312118e-01
9.582129976220103984e-01
9.585668350153380146e-01
9.629361645869778386e-01
9.648582028631482732e-01
9.716327050360141770e-01
9.798666954231621817e-01
9.873462053412878081e-01
9.948240712369734728e-01
1.002731493478157043e+00
1.007725507649373631e+00
1.011878686461616494e+00
1.016070499895521895e+00
1.015438932921418624e+00
1.016382419629354494e+00
1.016349035361895803e+00
1.011499934842512438e+00
1.010951501935837937e+00
1.004770425481976481e+00
1.000653036001915686e+00
9.988600497785273813e-01
9.959353429744214337e-01
9.953155862904995432e-01
9.931563004262784489e-01
9.915304838476596272e-01
9.951524950716361673e-01
9.953993180569532528e-01
9.957853686803834758e-01
9.983266300144938432e-01
9.997912526671952627e-01
1.001762537315356250e+00
1.002313357540937311e+00
1.001841781161551204e+00
1.001708496872643739e+00
1.000749903468237445e+00
1.001370665888032807e+00
1.002275771257585379e+00
9.993369371711519067e-01
1.000537970021087242e+00
9.991106249947889761e-01
9.995696950597813268e-01
9.983851205621305791e-01
9.978019775553796933e-01
9.978689804436053912e-01
9.982226135539750134e-01
9.978544156760787986e-01
9.985320067299471303e-01
9.998136665587263883e-01
9.989854848973774848e-01
1.000929316648899503e+00
1.000849048172377964e+00
1.001290058065591460e+00
1.000587380805487481e+00
1.001301322206805011e+00
1.000469304711553820e+00
1.000902300596355321e+00
1.000924843611985526e+00
1.000975263895536482e+00
1.001097596397494627e+00
1.000484810070089825e+00
9.984586121040462947e-01
9.987661644443592834e-01
9.991223000839341006e-01
9.994544135747612801e-01
9.985853106098280252e-01
9.996650307746434150e-01
9.984097020834022951e-01
9.989098025730011043e-01
9.980514189436225925e-01
9.989420582266521631e-01
9.988750761152273006e-01
9.995843923137871512e-01
9.999401419555403736e-01
9.998727693889033485e-01
9.994887840133659385e-01
9.997547214496304013e-01
1.000144780658634547e+00
1.000078966434330141e+00
1.000400370177499276e+00
9.996065157065201490e-01
1.000596730283423108e+00
1.000001048388235558e+00
9.988543561868054033e-01
9.999531840283542028e-01
9.987065042019580563e-01
9.998488738822260968e-01
9.996443406169917001e-01
9.993332324537373967e-01
9.999413980731057805e-01
9.987914372544497432e-01
1.000103299419655034e+00
9.997904114548223919e-01
9.995903826532206438e-01
9.998046510284862576e-01
9.995870339348981171e-01
9.995074617082733148e-01
9.994615302180049898e-01
1.000542022483511317e+00
1.000591366724508546e+00
9.987259273540924909e-01
9.986621382328596530e-01
9.998788266635754152e-01
1.000260757521151289e+00
1.000258475582475270e+00
9.990922717476068415e-01
1.000389699138190647e+00
9.997352704113168231e-01
9.992577336317685077e-01
1.000045494885896114e+00
9.993295462333352530e-01
9.993921125802323058e-01
9.995580267057221358e-01
9.986434506727467353e-01
1.000076639023868674e+00
9.996251787883314588e-01
9.998314452993100065e-01
1.000513806623232194e+00
9.991912472279315116e-01
9.997425247057417641e-01
9.995142987629642706e-01
1.000558348596295888e+00
1.000409331797807111e+00
1.000209430365516017e+00
1.000043557110288805e+00
1.000392797980463655e+00
9.994811190867374240e-01
9.992435388028302334e-01
9.995527875585022981e-01
9.994044542496487438e-01
9.999442289971839370e-01
9.998524845967549091e-01
9.999302444042592608e-01
9.997095045844123229e-01
9.992578253956578838e-01
1.000412576710270729e+00
9.995536106204079285e-01
1.000358514678357347e+00
9.991576784744362616e-01
1.000126323353653923e+00
1.000052920006086365e+00
9.997258285078849394e-01
9.998924589217164094e-01
9.993709947969908747e-01
9.989904818030326261e-01
9.993574370917226446e-01
9.999497826959287128e-01
9.999490208852016560e-01
9.996818357237298169e-01
9.996121568879929864e-01
9.999832121805461993e-01
1.000215575486166131e+00
9.998262203644712187e-01
9.992273104474626022e-01
9.999771839751698810e-01
9.997396999823550123e-01
9.999539441399620809e-01
1.000174665297338006e+00
1.000367518643526576e+00
9.999759483010616234e-01
9.994605003080460071e-01
9.995798697461371063e-01
1.000147011109198125e+00
9.996398933191984471e-01
1.000233571884154626e+00
9.997233678949463132e-01
9.997175186168005823e-01
9.998216934730205230e-01
1.000343905836703629e+00
9.996674886070787691e-01
9.995194968669054436e-01
9.994304805284675020e-01
9.997672331207968499e-01
9.993031746619265299e-01
9.996657522795797668e-01
1.000612878188190891e+00
9.994140469047675390e-01
1.000463994903901810e+00
1.000250582490511686e+00
9.997199355498759266e-01
9.988831851893448244e-01
9.996357187241716735e-01
1.000049307941242693e+00
9.999328135725886746e-01
1.000110762697455469e+00
9.998636516788486084e-01
1.000106507988283600e+00
1.000123882398859410e+00
9.996156433405564146e-01
1.000663007285518047e+00
1.000096355970280460e+00
9.997819381579351461e-01
1.000113454348800612e+00
9.998813216123013659e-01
1.000111333865610241e+00
9.998126370277776731e-01
9.997542729405378692e-01
9.997302256830492562e-01
9.996855645048284833e-01
9.997481514976779282e-01
9.994690663705162459e-01
1.000465698969231543e+00
9.998403426906662395e-01
9.994187162051803019e-01
9.993655724659848971e-01
9.994631935712394721e-01
9.999722178873993172e-01
9.999839902395074587e-01
9.999868711574615432e-01
9.997610793342586177e-01
1.000153715564277457e+00
1.000112501035261836e+00
9.995818949310120161e-01
1.000005287186640057e+00
9.999435172135668903e-01
1.000103194609953450e+00
1.000317286151726659e+00
9.995031385033920079e-01
1.000164117532190255e+00
9.998424175277573767e-01
9.994759541689207660e-01
9.996365417457776514e-01
9.997953499622233009e-01
1.000021849998712353e+00
1.000052904493881289e+00
9.997027105888753873e-01
9.987376516749353339e-01
1.000092312008316053e+00
9.999448000612806142e-01
1.000050090868389807e+00
9.998984666809861421e-01
9.998584593254072894e-01
1.000217572721311843e+00
9.997634221668688648e-01
9.996119710286288651e-01
9.997468682270015394e-01
9.999618760811592733e-01
9.993831267180975919e-01
1.000145898320030646e+00
9.998249154341596334e-01
9.997457092995674088e-01
1.000174138679885916e+00
9.997980654912208553e-01
9.998494421126787879e-01
9.997138581987602413e-01
1.000117569236999904e+00
1.000138415003902992e+00
9.995840097077995923e-01
1.000081087152085546e+00
9.998719650104850309e-01
9.999403725733474468e-01
9.995975906098137909e-01
9.998742078846565295e-01
1.000124962020578989e+00
9.998932973126739565e-01
1.000116566838452625e+00
1.000106332576985446e+00
1.000278008450491862e+00
9.993783856820273037e-01
1.000282722338051489e+00
9.997170496827083586e-01
9.999568344035256739e-01
9.998903985369063108e-01
9.999663134159153532e-01
9.998656336097695441e-01
9.997834495629406293e-01
1.000411753448290808e+00
1.000186434851016770e+00
1.000483781571458008e+00
1.000202915620726607e+00
1.000024106940671897e+00
1.000192397785801601e+00
9.998447623619042268e-01
1.000712807021976847e+00
9.998983438159194659e-01
1.000010158279910133e+00
1.000202756678550076e+00
9.999315696068006298e-01
1.000222600251271965e+00
9.999490486343599605e-01
9.999928657579008062e-01
9.998728547670100442e-01
9.998552866207112144e-01
9.997290829815066449e-01
1.000231410571688295e+00
9.998732420454637948e-01
9.998093118104857124e-01
1.000169784301825349e+00
9.999443428991015015e-01
9.999579897440831200e-01
1.000331033476724807e+00
9.999519064256983114e-01
9.998618178988567529e-01
1.000254981483783334e+00
1.000351813874594153e+00
1.000303813908537842e+00
1.000016393964604955e+00
9.998982971534983166e-01
1.000341539265720670e+00
9.994965932668568032e-01
9.938464983009969167e-01
9.853975354399682196e-01
9.772164535783695039e-01
9.688497950775589729e-01
9.604217685476967858e-01
9.525263092815153820e-01
9.443922229587389250e-01
9.362747336776383600e-01
9.279137168078133158e-01
9.199475195157428287e-01
9.122411777320260651e-01
9.043937424488521781e-01
8.963054184050555095e-01
8.886246792948535589e-01
8.808623239157948870e-01
8.729070081051228946e-01
8.653487664193387774e-01
8.578530029650506261e-01
8.499529502093696731e-01
8.425314602112383700e-01
8.348745946152010822e-01
8.277960260453167685e-01
8.198919799048112189e-01
8.128643049874798576e-01
8.054087399708458328e-01
7.978212856382637108e-01
7.908677479726646808e-01
7.835457453786934812e-01
7.761500899397257847e-01
7.690260353747601085e-01
7.621062891760572722e-01
7.546712079027265707e-01
7.479354675046628875e-01
7.405754344018603552e-01
7.336619068677318056e-01
7.264901598779240910e-01
7.195489608999191544e-01
7.128791745228183485e-01
7.061202902273652215e-01
6.991824210114330196e-01
6.925525767906580699e-01
6.857191154098882802e-01
6.790574945298554210e-01
6.724563764501911844e-01
6.652336731288747140e-01
6.589019204763730819e-01
6.522818016931478668e-01
6.455501549716520238e-01
6.394658695803556725e-01
6.329495434849717883e-01
6.263663464465791808e-01
6.196260439295163680e-01
6.138025031343281590e-01
6.071948517820416891e-01
6.008107661881750827e-01
5.943855024383238872e-01
5.882012609667919278e-01
5.822621069869911015e-01
5.758791904447717602e-01
5.694509576684693153e-01
5.633458343184354344e-01
5.573896071727230117e-01
5.516124033052247633e-01
5.453646557857644295e-01
5.393112960802641798e-01
5.331098182413647191e-01
5.272164611488864283e-01
5.212023417760898170e-01
5.152631996034512385e-01
5.091772019336485711e-01
5.035128373233174193e-01
4.976065615489972394e-01
4.916242040743489250e-01
4.860219197829637738e-01
4.803114382866837673e-01
4.745483629485267585e-01
4.691355445633398347e-01
4.628554910586391014e-01
4.573884105832983216e-01
4.519976362578681517e-01
4.462860567225295783e-01
4.407303224919537077e-01
4.352444696358955811e-01
4.297757044721126629e-01
4.240923848062762569e-01
4.186404187818145717e-01
4.130868233363221842e-01
4.077846499419904291e-01
4.024008058024559076e-01
3.971446967842203746e-01
3.916975364801786874e-01
3.864494521594598608e-01
3.808626072775485594e-01
3.757556086793061856e-01
3.703060008876528642e-01
3.650207347908225319e-01
3.599677327806570792e-01
3.548569326689084980e-01
3.495536582360276312e-01
3.445256280802752591e-01
3.392151943410935955e-01
3.343152685469731322e-01
3.291682975221711382e-01
3.239892148656051130e-01
3.190527721374384340e-01
3.138916550349590273e-01
3.091791688465823640e-01
3.040380676325166731e-01
2.989382144006105801e-01
2.941454790290911059e-01
2.893218675533472117e-01
2.842928226228995658e-01
2.795126318944938237e-01
2.746527686482880815e-01
2.697550658134538204e-01
2.650561745514207757e-01
2.602826078189408587e-01
2.555468312517459317e-01
2.507881197791217986e-01
2.460242894437481009e-01
2.412991058263503630e-01
2.367326667739706181e-01
2.321178347343723913e-01
2.273048714495738143e-01
2.226994668936734811e-01
2.181733950338920758e-01
2.134890050716665433e-01
2.089793495027521264e-01
2.043821116543830252e-01
1.997918249591787709e-01
1.951314245910916456e-01
1.906642520963735821e-01
1.863426023444061663e-01
1.818447954632953223e-01
1.774359168491250749e-01
1.730524047195734216e-01
1.685955968987477571e-01
1.642032555994773213e-01
1.599144874660843318e-01
1.554897567665728120e-01
1.512340533092430828e-01
1.468048007686378886e-01
1.425605457844789925e-01
1.382477697441245879e-01
1.340473311905752973e-01
1.297380318278588407e-01
1.255427656451774676e-01
1.214311564060563953e-01
1.175806202068263862e-01
1.138981811792610377e-01
1.105206264532534732e-01
1.072052862238776078e-01
1.040721800875827607e-01
1.010929150837416995e-01
9.800064847006337287e-02
9.519794397254581486e-02
9.239891261972195402e-02
8.980274286409138662e-02
8.719360119139590859e-02
8.474832126977746571e-02
8.220581511571871391e-02
7.982366510075893096e-02
7.760146757817036611e-02
7.534801247564834603e-02
7.320868354549354973e-02
7.106820907891256422e-02
6.895809019447125821e-02
6.694900567283176840e-02
6.492551350067395088e-02
6.307683477007046402e-02
6.113809711195142965e-02
5.939907342099749743e-02
5.754905231553251316e-02
5.587779905738352038e-02
5.414086459749270497e-02
5.248257400802393974e-02
5.087463424509101190e-02
4.931878171749209949e-02
4.773706853229770647e-02
4.622799073382431734e-02
4.476482117087542123e-02
4.338021610727658961e-02
4.194601931612657736e-02
4.062890204148247170e-02
3.924490722272157284e-02
3.801209903573678217e-02
3.671430513903381487e-02
3.546482272499393296e-02
3.430812687722648718e-02
3.310989318319962349e-02
3.198146199318611244e-02
3.087456820401934462e-02
2.976294795112780292e-02
2.876002585324030289e-02
2.770544730120052396e-02
2.672639849761286601e-02
2.573164274058745843e-02
2.476517599657555857e-02
2.385359617320151338e-02
2.291637912765786059e-02
2.210610065630496876e-02
2.116269403009810729e-02
2.037541821061382777e-02
1.950908607227482688e-02
1.872300659087001301e-02
1.798205173528530029e-02
1.718952297131557880e-02
1.647371859629264204e-02
1.576239236035588062e-02
1.505549140378599493e-02
1.439959630589651707e-02
1.378555132565511751e-02
1.314106250525884194e-02
1.255034519622037076e-02
1.194494817803090983e-02
1.134458688962228234e-02
1.078091836392652478e-02
1.026781565141035579e-02
9.709997313711873912e-03
9.234417256526086804e-03
8.743763513695086351e-03
8.251743261563439930e-03
7.832092493754992321e-03
7.371558247052855013e-03
6.914840747172840314e-03
6.513553909894159201e-03
6.119435803884909486e-03
5.735253775971535344e-03
5.351081407302679151e-03
5.020682834958015324e-03
4.676687915813532333e-03
4.342145954865979200e-03
4.020396969148070689e-03
3.738301228165613870e-03
3.443267014852422966e-03
3.176142322576112811e-03
2.920811855622575982e-03
2.648450013634841629e-03
2.421973673171050161e-03
2.199873881033404845e-03
1.996229117947312046e-03
1.786178315179788546e-03
1.602568982491014721e-03
1.426548226968990833e-03
1.260635743260346683e-03
1.110534651420000450e-03
9.588621667098680195e-04
8.256062763671727410e-04
7.060649771040501850e-04
5.957127837145048373e-04
4.910342603790892766e-04
3.976785981375796099e-04
3.180282186922770544e-04
2.456995875595193693e-04
1.820138431166881665e-04
1.289843278814599219e-04
8.419290119929624184e-05
5.004379604386314639e-05
2.566739524225837934e-05
9.488599894636722207e-06
1.666239446707859901e-06
1.107237201424294333e-07
0.000000000000000000e+00
0.000000000000000000e+00
0.000000000000000000e+00
0.000000000000000000e+00
0.000000000000000000e+00
0.000000000000000000e+00
0.000000000000000000e+00
0.000000000000000000e+00
0.000000000000000000e+00
0.000000000000000000e+00
0.000000000000000000e+00
0.000000000000000000e+00
0.000000000000000000e+00
0.000000000000000000e+00
0.000000000000000000e+00
0.000000000000000000e+00
0.000000000000000000e+00
0.000000000000000000e+00
0.000000000000000000e+00
0.000000000000000000e+00
0.000000000000000000e+00
0.000000000000000000e+00
0.000000000000000000e+00
0.000000000000000000e+00
0.000000000000000000e+00
0.000000000000000000e+00
0.000000000000000000e+00
0.000000000000000000e+00
0.000000000000000000e+00
0.000000000000000000e+00
0.000000000000000000e+00
