0.000000000000000000e+00
0.000000000000000000e+00
0.000000000000000000e+00
0.000000000000000000e+00
0.000000000000000000e+00
0.000000000000000000e+00
0.000000000000000000e+00
0.000000000000000000e+00
0.000000000000000000e+00
0.000000000000000000e+00
0.000000000000000000e+00
0.000000000000000000e+00
0.000000000000000000e+00
0.000000000000000000e+00
0.000000000000000000e+00
0.000000000000000000e+00
0.000000000000000000e+00
0.000000000000000000e+00
0.000000000000000000e+00
0.000000000000000000e+00
0.000000000000000000e+00
0.000000000000000000e+00
0.000000000000000000e+00
0.000000000000000000e+00
8.870674489796570106e-04
8.115152786342329227e-02
7.420311316782861599e-01
1.822921261948173166e+00
2.209048168849384375e+00
1.982867913030671003e+00
1.686716479046346473e+00
1.455085085364641095e+00
1.265926779663940405e+00
1.110948688833786946e+00
9.975800256806233168e-01
9.108098787820264608e-01
8.596406831013807537e-01
8.238609998391128730e-01
8.022049161495625746e-01
7.875336996778433685e-01
7.972141848490305049e-01
8.264033690409781086e-01
8.695199009258981482e-01
9.293724725708167878e-01
9.807112425502784170e-01
1.028512631405787969e+00
1.060771772470213703e+00
1.079829724455113160e+00
1.085422220424020701e+00
1.083353735918110017e+00
1.078313586531774559e+00
1.072294321944081918e+00
1.061160656646333855e+00
1.041569452163858545e+00
1.023328117963059114e+00
1.002827363256029836e+00
9.888659160953676697e-01
9.743161909355128047e-01
9.674654042411544586e-01
9.588645574734178112e-01
9.609246432156776097e-01
9.596280926813232082e-01
9.666281692035590956e-01
9.730975031651657448e-01
9.767360184575774040e-01
9.876006639339051096e-01
9.978908829851712570e-01
1.003327852255225139e+00
1.009396534718367100e+00
1.015108945546707053e+00
1.015661561569818794e+00
1.018365672793286603e+00
1.016420471368761014e+00
1.014933752627271035e+00
1.010391784829538508e+00
1.009013141490393783e+00
1.005404412703319483e+00
1.000731933492146064e+00
1.000851347951971837e+00
9.956663904045481850e-01
9.943936318235497840e-01
9.934789933165492082e-01
9.937512510490349449e-01
9.948165642886062088e-01
9.952135448358899739e-01
9.967072998148007734e-01
9.992695925520239664e-01
1.001793351145846556e+00
9.998728640079437291e-01
1.001440288863150174e+00
1.002654021913993887e+00
1.003565640731075570e+00
1.003150577055705206e+00
1.002975601773677727e+00
1.003160681116047837e+00
1.001079101410342176e+00
1.000816136149808244e+00
9.997326246299834684e-01
9.999847630314026015e-01
9.974979625001716421e-01
9.974340289998517850e-01
9.991667049204291384e-01
9.980289531877301057e-01
9.995390899090624837e-01
9.993525988438735075e-01
9.988782745346320713e-01
9.998498088883780444e-01
1.001200556457055413e+00
1.000786643356427419e+00
1.001864594903324468e+00
1.002232274574697657e+00
1.003088617816764172e+00
1.002122933213875688e+00
1.002384538381823509e+00
1.003122542728438482e+00
1.001363606589903421e+00
1.001146653394855424e+00
1.001275459163512682e+00
1.000555327663213090e+00
9.989748321210454307e-01
1.001005045686969908e+00
1.000104440517335602e+00
1.000034079481761706e+00
9.999816488983482854e-01
1.000065391632173339e+00
1.000900890820304756e+00
9.997713988812452213e-01
1.000838981549912132e+00
1.000778979505960953e+00
1.000115402633698691e+00
9.997525383101011354e-01
1.000873446164681990e+00
1.000687894073249540e+00
1.000479772015669289e+00
1.001806992716690825e+00
1.001439387434406969e+00
1.001304639930874041e+00
1.000960314136777773e+00
1.000318016801765797e+00
1.000835693883547872e+00
9.998593617397796285e-01
1.000912939995450834e+00
1.001222279956091477e+00
1.000687310225816251e+00
1.000670255895188543e+00
9.999431245332391915e-01
1.001154323604862340e+00
1.001133546657428486e+00
1.000302457784062460e+00
1.000438243635616953e+00
1.000796301851677450e+00
1.000446605001889644e+00
1.001002279332988243e+00
9.999818210248438977e-01
9.995705777971722883e-01
9.997388648853632320e-01
1.000479460434352763e+00
9.999958421616395032e-01
9.998906163603749064e-01
1.001465854266263555e+00
1.000254021437322116e+00
9.995851048259474236e-01
1.000633601807169981e+00
1.000263103576304990e+00
1.000487568289539997e+00
1.000873745490761690e+00
9.996906196188110050e-01
1.000630086385073669e+00
9.994840369996699225e-01
1.000136015506395193e+00
1.000624459441415537e+00
1.000038741788921604e+00
1.000960787346234504e+00
1.000616138483404916e+00
1.000597579427999317e+00
1.000676364578862998e+00
1.000189696487023827e+00
9.996022318331977408e-01
9.996292907922547100e-01
1.000347412758949561e+00
1.000531188928234672e+00
9.997579559665642490e-01
1.000450508826816520e+00
1.000762384143783157e+00
1.000117012598071620e+00
1.000079809833908540e+00
1.000548557849086695e+00
9.992008846567398406e-01
9.999353987327025406e-01
9.999403988468597015e-01
1.000153490800896883e+00
9.994821960940083461e-01
1.000499108674122173e+00
9.998765079262394995e-01
1.000205410330252676e+00
9.994546630581563340e-01
1.000311875084013424e+00
1.000647507441852602e+00
9.998069172039795172e-01
1.000256886215702856e+00
1.000511624448097381e+00
1.000354937297677660e+00
1.000002454938547336e+00
9.996364826689283500e-01
1.000292529788031848e+00
1.000476799270071160e+00
1.000297813928780588e+00
1.000358161663498668e+00
1.000530445271006430e+00
1.000344324924437478e+00
1.000018240976739747e+00
1.000428893547522957e+00
9.996915825992779281e-01
9.998639713336160417e-01
1.000259851822944190e+00
1.000362707581822441e+00
1.000021788309404247e+00
1.000268325977263340e+00
9.991393223935426393e-01
9.993755936636532500e-01
9.998277416999841183e-01
1.000361008600455071e+00
9.996549441435305106e-01
1.000577385934284802e+00
1.000442980268160031e+00
9.994079655968957088e-01
9.997317119787512141e-01
1.000556959206387431e+00
1.000506472234109268e+00
1.000364409967915869e+00
1.000547638930407990e+00
9.993161625092398248e-01
1.000402719226952897e+00
9.999193363740013218e-01
1.000506620612714892e+00
9.997174543874878250e-01
9.998783883063044886e-01
9.998660988000659389e-01
9.999678009078749596e-01
1.000246267489560692e+00
1.001010857743566795e+00
1.000139419424835419e+00
1.000397025357446568e+00
1.000178720502084451e+00
1.000059173678286006e+00
9.997099772381569105e-01
9.999195281853642259e-01
9.998035039600616791e-01
9.997464300515788160e-01
1.000159377983894204e+00
1.000140122503022422e+00
1.000063716497953781e+00
1.000315645418931476e+00
1.000078020896632891e+00
9.997719392823716245e-01
1.000319547052458624e+00
9.999289562721910274e-01
9.999860962899159711e-01
9.996166710189186011e-01
1.000506683385013140e+00
1.000361684532055540e+00
9.998929109343768218e-01
1.000395419598401503e+00
1.000293768762745339e+00
9.999946489473575673e-01
9.997811898668994557e-01
1.000164263100556505e+00
9.998091190118607585e-01
1.000374845020409742e+00
9.998216673018899270e-01
1.000103735429205276e+00
1.000069651928782388e+00
9.993045223376352260e-01
9.996701837666851498e-01
9.998355073944403815e-01
1.000338134640801790e+00
1.000180048455820758e+00
1.000182852514314380e+00
1.000570610413401562e+00
9.996928270016057771e-01
9.995705435009424322e-01
9.998373010340217970e-01
1.000219917900450728e+00
1.000225386638423863e+00
9.996685742035723576e-01
9.999153146234972533e-01
1.000032075152982092e+00
1.000014810156457434e+00
9.997019039218779657e-01
1.000166668180369367e+00
1.000142772500840938e+00
9.993896093547843806e-01
9.999563586475774812e-01
9.996960442693617610e-01
1.000244072514598681e+00
1.000311121409280135e+00
9.999640042791406724e-01
9.999637183459519907e-01
9.994803790620269135e-01
9.998138973238165361e-01
9.994551119050594234e-01
1.000200419287427867e+00
9.999593536565616336e-01
9.999657520159225266e-01
1.000220570571775935e+00
9.999385874573888389e-01
9.997457885397043054e-01
1.000078146162985737e+00
1.000363064636027088e+00
9.999463173283961170e-01
9.999636642614424531e-01
9.996588242749856468e-01
9.999114703716439623e-01
9.999232024446098599e-01
9.995034841018933802e-01
1.000445506544370033e+00
9.995220809192407740e-01
9.996996223430338890e-01
1.000077506045677911e+00
9.994982149107217717e-01
9.998197606945141702e-01
1.000144728381207937e+00
9.994989124461788332e-01
9.999447411864721413e-01
9.998895627595049129e-01
1.000590118696644160e+00
9.996765241819873804e-01
9.998437809732708681e-01
9.996716711789822574e-01
1.000148802595798081e+00
9.998777084191499132e-01
9.998774808300490147e-01
9.997547839678350146e-01
9.997610676276520447e-01
1.000027995924974267e+00
9.995734007874553795e-01
9.997920596072560340e-01
1.000148421463911808e+00
1.000195449741566822e+00
1.000155895838692022e+00
9.992819641913006645e-01
9.993509505971661655e-01
1.000081451912458341e+00
1.000211790604933926e+00
1.000202866733544083e+00
9.999985353132445631e-01
1.000059233423405303e+00
9.997672104613899435e-01
9.999434899642994923e-01
1.000081420049660830e+00
9.995827012662530375e-01
9.992028651117741411e-01
9.999795592295025459e-01
1.000257239777096574e+00
9.997475296957581969e-01
9.998973697201930522e-01
9.995215995101550677e-01
9.936983435414062926e-01
9.850701362897194002e-01
9.766274464287117985e-01
9.686847402191304246e-01
9.604907007413331366e-01
9.521939421678223825e-01
9.441308634726467419e-01
9.360979504002487905e-01
9.279462171067692777e-01
9.200571712587632955e-01
9.119833418478635600e-01
9.043943246137435832e-01
8.964938700200087984e-01
8.888337345890450214e-01
8.807540707197465402e-01
8.728547427686386140e-01
8.650630604409336177e-01
8.575267594748365863e-01
8.503346288653387264e-01
8.422752335289465098e-01
8.351896612867392156e-01
8.276031945007528146e-01
8.200409512581253724e-01
8.125820719429946992e-01
8.054380476153828461e-01
7.979806756631848685e-01
7.906513813328203133e-01
7.833269821445276726e-01
7.763481654077228900e-01
7.689528079504989178e-01
7.620183873161985311e-01
7.549490204418539685e-01
7.475564688529156010e-01
7.407278455130612560e-01
7.335333698995966101e-01
7.265434456533625962e-01
7.198298050111304747e-01
7.132110147809622713e-01
7.060738168223797961e-01
6.992734487535176013e-01
6.925094324263685319e-01
6.858164226407249542e-01
6.786918544663580466e-01
6.722738159203112129e-01
6.656212208907129613e-01
6.590108179248183040e-01
6.521608573747060822e-01
6.457863579752716188e-01
6.390431988687317322e-01
6.327877080849123592e-01
6.265214544992216972e-01
6.199500990605388839e-01
6.139697675907479502e-01
6.071174494390323417e-01
6.008159431178050625e-01
5.946861934073452982e-01
5.886224082109028366e-01
5.819942853171455877e-01
5.760275977958806415e-01
5.695996746570639591e-01
5.635853931629388747e-01
5.573856513357099418e-01
5.513426408292858572e-01
5.451606940641617882e-01
5.392880333556013817e-01
5.331651807130352028e-01
5.270504159968759650e-01
5.211942187534567283e-01
5.153693716859387708e-01
5.093796782609386620e-01
5.034232370857978367e-01
4.977785399813845491e-01
4.917258227448859653e-01
4.861640992031502906e-01
4.806195671751560261e-01
4.745012025461621819e-01
4.687055470872361629e-01
4.631682742841551903e-01
4.575192055614070719e-01
4.519207304659900171e-01
4.465122032320891776e-01
4.408217002433773013e-01
4.353229524244556226e-01
4.296293022618475343e-01
4.240730863612774959e-01
4.187810312931939949e-01
4.132217518078724616e-01
4.078851438105147165e-01
4.024797220492979388e-01
3.969012102806273590e-01
3.916361970949182592e-01
3.861898627036995379e-01
3.811439974947071208e-01
3.758547060852202581e-01
3.703957239740472973e-01
3.650675145951172706e-01
3.600092177320506348e-01
3.547378056311040195e-01
3.494407090243324965e-01
3.445346357950504479e-01
3.393519431422928334e-01
3.342370454567475391e-01
3.291685123076073527e-01
3.240514848651903090e-01
3.189642474033708153e-01
3.141596454796107829e-01
3.091512422403941973e-01
3.041747358311857607e-01
2.991424980627506724e-01
2.941853547347099140e-01
2.892108038644177204e-01
2.844585169366012911e-01
2.795281578789313159e-01
2.746431416175568740e-01
2.699281049760303142e-01
2.649769022971167343e-01
2.602187902977183276e-01
2.555140894124001694e-01
2.507652835146571557e-01
2.461812888932327081e-01
2.413567364780385971e-01
2.366195618156830827e-01
2.320660253756353930e-01
2.274287853806978565e-01
2.227961300832490554e-01
2.181068543940632432e-01
2.135473594303731737e-01
2.089382276794734261e-01
2.044036012919422107e-01
1.999167274331270783e-01
1.953263135242976067e-01
1.908402942498130528e-01
1.864285126146573712e-01
1.819963278033505660e-01
1.775999862418534969e-01
1.730090813100335634e-01
1.686917116705267117e-01
1.643263703229325412e-01
1.599101198434784155e-01
1.555438150597813485e-01
1.510957621977792875e-01
1.468954129901834382e-01
1.424402073348405573e-01
1.383528741592764955e-01
1.340200517220997145e-01
1.297086302516175516e-01
1.254777526384206199e-01
1.214521736619997155e-01
1.176080547649708402e-01
1.138704765819980036e-01
1.106021295872531562e-01
1.071658334445902416e-01
1.039300095902796761e-01
1.009887490505123886e-01
9.800585702651641584e-02
9.524373485915639537e-02
9.251039696572405102e-02
8.985271001861069862e-02
8.731182561896520811e-02
8.474215308208100927e-02
8.232528596085178507e-02
7.997096210124099436e-02
7.761039227787525085e-02
7.533391970128566761e-02
7.316134588537540062e-02
7.108561049868514226e-02
6.898217128542409593e-02
6.693388113483181301e-02
6.500109939469246589e-02
6.310136658937050280e-02
6.114333303062501751e-02
5.936687042242668605e-02
5.754069861406854725e-02
5.580372333585625205e-02
5.406151326827709352e-02
5.250478730923738985e-02
5.091065308931422284e-02
4.927689387781121477e-02
4.780676679170121901e-02
4.625366765767637695e-02
4.478580933898641120e-02
4.337456149316566700e-02
4.196029863438616864e-02
4.067039463513753145e-02
3.927526519458261062e-02
3.797193246977227654e-02
3.671456744505176978e-02
3.550985479488628915e-02
3.434068734166766113e-02
3.314743254547948548e-02
3.205031576240519736e-02
3.089616269198032159e-02
2.979121618006231112e-02
2.874303064291870713e-02
2.772669746726177248e-02
2.668673996506768301e-02
2.572089475215004473e-02
2.478325070853845680e-02
2.382786804058902724e-02
2.294603432837755835e-02
2.204842544218200626e-02
2.123145570525577716e-02
2.036305593536811426e-02
1.956944177872040752e-02
1.877478257428034925e-02
1.797939139667719538e-02
1.721755742337019446e-02
1.652278049999947318e-02
1.578672729194977031e-02
1.510826087217725759e-02
1.442896877399567866e-02
1.375052003721038800e-02
1.317386133195549980e-02
1.252747276611373799e-02
1.195667211507382872e-02
1.136226896522251652e-02
1.080196281822350807e-02
1.026308741383226593e-02
9.752573846377544931e-03
9.231225936275639504e-03
8.756903439149477109e-03
8.257394929918842816e-03
7.797049234545998415e-03
7.388759851547620564e-03
6.957835399307955512e-03
6.512202957284926597e-03
6.131844157336113765e-03
5.730205993837552553e-03
5.363684071614302669e-03
5.027405156320936645e-03
4.672816829332022970e-03
4.366492260648318496e-03
4.041164039557212408e-03
3.746197297834612597e-03
3.449810368901685444e-03
3.169950296733324048e-03
2.922982417576792773e-03
2.672417457015356830e-03
2.440770229834006520e-03
2.221102778985851924e-03
2.004060606754020073e-03
1.797848578784011064e-03
1.607497576963848058e-03
1.430066896118240395e-03
1.273593262994487680e-03
1.112348335512355945e-03
9.601895168748718606e-04
8.307911287471024921e-04
7.085303475953107916e-04
5.906406900477589742e-04
4.955444280687676048e-04
3.958886905350601781e-04
3.187448354248266307e-04
2.464552967419472284e-04
1.853985846796728709e-04
1.315945330755231640e-04
8.738497114266373833e-05
5.086622185714901608e-05
2.646870705434494137e-05
9.728399173530256355e-06
1.666409409821737768e-06
6.327715108940787114e-08
0.000000000000000000e+00
0.000000000000000000e+00
0.000000000000000000e+00
0.000000000000000000e+00
0.000000000000000000e+00
0.000000000000000000e+00
0.000000000000000000e+00
0.000000000000000000e+00
0.000000000000000000e+00
0.000000000000000000e+00
0.000000000000000000e+00
0.000000000000000000e+00
0.000000000000000000e+00
0.000000000000000000e+00
0.000000000000000000e+00
0.000000000000000000e+00
0.000000000000000000e+00
0.000000000000000000e+00
0.000000000000000000e+00
0.000000000000000000e+00
0.000000000000000000e+00
0.000000000000000000e+00
0.000000000000000000e+00
0.000000000000000000e+00
0.000000000000000000e+00
0.000000000000000000e+00
0.000000000000000000e+00
0.000000000000000000e+00
0.000000000000000000e+00
0.000000000000000000e+00
0.000000000000000000e+00
