0.000000000000000000e+00
0.000000000000000000e+00
0.000000000000000000e+00
0.000000000000000000e+00
0.000000000000000000e+00
0.000000000000000000e+00
0.000000000000000000e+00
0.000000000000000000e+00
0.000000000000000000e+00
0.000000000000000000e+00
0.000000000000000000e+00
0.000000000000000000e+00
0.000000000000000000e+00
0.000000000000000000e+00
0.000000000000000000e+00
0.000000000000000000e+00
0.000000000000000000e+00
0.000000000000000000e+00
0.000000000000000000e+00
0.000000000000000000e+00
0.000000000000000000e+00
0.000000000000000000e+00
0.000000000000000000e+00
3.716193343748338835e-03
5.678086682646159289e-02
2.542989717370808811e-01
5.908692614739228244e-01
9.228069303720438654e-01
1.170525039259864064e+00
1.363396808594903531e+00
1.415408539859316139e+00
1.378981598946946496e+00
1.278292276363499624e+00
1.187836998722555215e+00
1.074530087631229813e+00
9.605243545541609640e-01
8.690019752413776777e-01
8.159782491554459227e-01
7.878411962790726752e-01
7.602498338336062256e-01
7.582982760776553199e-01
7.622043137254546075e-01
8.107662015900836128e-01
8.534112844064987158e-01
8.733461166912301898e-01
8.949368957534290514e-01
9.208663722079477587e-01
9.523867563868106956e-01
9.754095386520864608e-01
1.025221692907584137e+00
1.065619863766263498e+00
1.118831415707167265e+00
1.155897950566770360e+00
1.182906647643681142e+00
1.189650557064170000e+00
1.184292801065476297e+00
1.161526942411257535e+00
1.147152913075846214e+00
1.128426369558164666e+00
1.103156507686847698e+00
1.080469061474309989e+00
1.072306269963387404e+00
1.049902639600687859e+00
1.048946610289235304e+00
1.039774134365879510e+00
1.030070517590617962e+00
1.025763809302727481e+00
1.012168047527381765e+00
1.007312505178061146e+00
9.987033678822365701e-01
9.975187808438527037e-01
9.960092963645788000e-01
1.000032517157528389e+00
1.009236535348646768e+00
1.009942176750388665e+00
1.016056447968837206e+00
1.020693780970507003e+00
1.022997489892743639e+00
1.031467398691749526e+00
1.027800398599980847e+00
1.019516536538914941e+00
1.029018356705372339e+00
1.021542610673902729e+00
1.024546927511093664e+00
1.020214373849989364e+00
1.014459302993864220e+00
1.016083253069710146e+00
1.014811973216910523e+00
1.010792597879838439e+00
1.007293323948498909e+00
1.006251881567791884e+00
1.007571781982833814e+00
1.003836181493801938e+00
1.005395569677690171e+00
1.010506153831628229e+00
1.006727690023993871e+00
1.010169573448531644e+00
1.009827639791984755e+00
1.008626401616744994e+00
1.012489336682967478e+00
1.008850621357245014e+00
1.007427887918377785e+00
1.008156928277610165e+00
1.008574037610386220e+00
1.006588810922958599e+00
1.007981353676459912e+00
1.006798252116545278e+00
1.010565577274519011e+00
1.012628762729740117e+00
1.006243660514305915e+00
1.006520772213156611e+00
1.006083640837116100e+00
1.004773128130746596e+00
1.005435107784178106e+00
1.003426977172473755e+00
1.001073590244413003e+00
1.006176610668956251e+00
1.004706906503145536e+00
1.004432731041110971e+00
1.005536195480386086e+00
1.001582905690469483e+00
1.003313770365076074e+00
1.005465488309112976e+00
1.006512662843485284e+00
1.006275740374056982e+00
1.002050830512372537e+00
1.001552973955744053e+00
1.006935879317257809e+00
1.002228172778520721e+00
1.002895568834569096e+00
1.002241161920931045e+00
1.003025196648993589e+00
1.001212112449862079e+00
9.996243998465872416e-01
1.001563322369208864e+00
9.997349612400446839e-01
9.983245972666571211e-01
1.000536709186570672e+00
1.001935233636074285e+00
1.000814019533850407e+00
1.001197638006257717e+00
1.002136824325153830e+00
1.001084748654225809e+00
1.001972340891591262e+00
9.972135865714210068e-01
1.000174261780649054e+00
1.001274151784391719e+00
1.000395818928452085e+00
9.996397355396137163e-01
1.000532949925917903e+00
1.001178305960410020e+00
9.987045000893716162e-01
9.992857202183001997e-01
1.000345749595098477e+00
9.987948850396282108e-01
1.001166445083880419e+00
9.997445251839173208e-01
9.975834248369011004e-01
1.002613252864876792e+00
1.000085321767544722e+00
9.988428416508916552e-01
1.002017544974798779e+00
1.000419278198894313e+00
9.964102509092908067e-01
1.000567713362625843e+00
9.974358049508853519e-01
1.000785276626242393e+00
1.000048980501055285e+00
9.984101673346013062e-01
1.003233944321463289e+00
9.998017484787661280e-01
9.969494113939713076e-01
9.997151912640319660e-01
9.992340490525182251e-01
1.000342501041723509e+00
9.970410855782719795e-01
9.991693759895213800e-01
9.989133456686839496e-01
1.004855978989299681e+00
9.988237837132784014e-01
1.000340020383968742e+00
9.968866762037811302e-01
1.001200571769611303e+00
1.000876754851555805e+00
9.983626754427378236e-01
1.001879793641763827e+00
9.991502019088354114e-01
9.964592231079241191e-01
1.001105298426977486e+00
9.979980386759410571e-01
9.969671359987043457e-01
9.987957700554054297e-01
9.978957025826273863e-01
9.977302755244497057e-01
1.000249673409677298e+00
9.998651760556424017e-01
1.000410617266366931e+00
1.000164587081722845e+00
9.997183050162121720e-01
9.991478060551434170e-01
1.003694030322657804e+00
1.000991069782367182e+00
9.996278154260535009e-01
9.988518827352343976e-01
1.001368511752338097e+00
1.000525535402296828e+00
9.989023557856094859e-01
9.978325734652264689e-01
9.988468403723541611e-01
9.993954668572925248e-01
1.000593376653601263e+00
1.001130763761576725e+00
9.983280010504569368e-01
9.988032073683352774e-01
9.983849365918463503e-01
9.974878368996306088e-01
1.000659114071114075e+00
9.989851277379627748e-01
9.977527571789263083e-01
9.957238385351799836e-01
1.000143684162467350e+00
1.000715406574590904e+00
9.999171239948021483e-01
9.991986914099357797e-01
1.000217637593123099e+00
9.986794985011797632e-01
9.961678145509741400e-01
9.994942325179543285e-01
9.988886495490603146e-01
9.973133999406909034e-01
9.994807334959592282e-01
9.988172607749037368e-01
9.979953000589024681e-01
9.974250330055129954e-01
9.989157737219674926e-01
9.991094149115414824e-01
9.989835953519060618e-01
9.987763793229723630e-01
9.971237628467645164e-01
9.974741545679096655e-01
9.991454305017296589e-01
9.979808606067741561e-01
9.988757756675340493e-01
9.969504504209860674e-01
9.996780303767968112e-01
9.974301682740233099e-01
9.982694743102628054e-01
9.997519849541314230e-01
9.980657666363846880e-01
9.992477648247700683e-01
9.991186039517719886e-01
9.989483081316837820e-01
9.983894789464416997e-01
9.996848707010856927e-01
9.985546211862397215e-01
9.989824067805670449e-01
9.989319531965037413e-01
9.991086418937852320e-01
9.970718010913877105e-01
9.981826617536695423e-01
9.984963358894097807e-01
9.994706874769264671e-01
9.960436893210548037e-01
9.978892400537635599e-01
9.954902938442031779e-01
9.965590187125680233e-01
9.951798014155768257e-01
9.961495650544841540e-01
9.972979541931877856e-01
9.983463876509394153e-01
9.978282593817587864e-01
9.986521227463232009e-01
9.972207609930294758e-01
9.984325356888028580e-01
9.984240117495557509e-01
9.966247424757708195e-01
9.976251791383095036e-01
9.980075019618026566e-01
9.978558108737776156e-01
9.978637198229236560e-01
