0.000000000000000000e+00
0.000000000000000000e+00
0.000000000000000000e+00
0.000000000000000000e+00
0.000000000000000000e+00
0.000000000000000000e+00
0.000000000000000000e+00
0.000000000000000000e+00
0.000000000000000000e+00
0.000000000000000000e+00
0.000000000000000000e+00
0.000000000000000000e+00
0.000000000000000000e+00
0.000000000000000000e+00
0.000000000000000000e+00
0.000000000000000000e+00
0.000000000000000000e+00
0.000000000000000000e+00
0.000000000000000000e+00
0.000000000000000000e+00
0.000000000000000000e+00
0.000000000000000000e+00
1.447641740747455019e-04
3.184986560089882787e-03
5.848448518654017492e-02
2.601341718135800063e-01
5.910182570079953734e-01
8.894723008772684736e-01
1.137110885041870745e+00
1.298494278249116451e+00
1.366338217855835202e+00
1.326028552936361127e+00
1.235002492239491767e+00
1.152841689327499974e+00
1.043078007148294351e+00
9.390249713445869562e-01
8.351896481233461733e-01
7.908778729760777004e-01
7.715919410088779573e-01
7.621929635349294907e-01
7.507591562342352809e-01
7.395290020031620726e-01
7.904353913622783612e-01
8.402714211099259201e-01
8.493841637885134466e-01
8.579904325691679601e-01
8.962310740730961012e-01
9.289656275487004899e-01
9.594504415329467850e-01
9.990630761055282472e-01
1.042806807471193142e+00
1.086274066601836230e+00
1.132512297463646345e+00
1.151212270147937922e+00
1.167345662411203966e+00
1.162019205521840348e+00
1.152730287583012769e+00
1.122872459748940566e+00
1.093615418817768692e+00
1.086481813960656684e+00
1.061095583359483729e+00
1.041268521082421072e+00
1.027598539371582520e+00
1.027572546940239029e+00
1.017240638657394225e+00
9.995556705170928202e-01
9.974002154613796911e-01
9.963806417488152434e-01
9.916677780332107117e-01
9.845506183424267421e-01
9.815351092739176275e-01
9.828900037882627450e-01
9.882316657994458797e-01
9.975202873106959744e-01
9.987336445863911338e-01
1.001281942442465045e+00
1.007802838552041003e+00
1.003673389690022955e+00
1.011154076198654383e+00
1.005023732459108476e+00
1.012932275958593253e+00
1.011478842437641079e+00
1.008688576385502911e+00
1.009210265655453798e+00
1.006920096997884206e+00
1.012421581894196176e+00
1.005812007663175134e+00
1.005384661610790431e+00
1.002660814460094585e+00
9.961925343903242913e-01
1.000637296760758632e+00
9.991790323574134547e-01
9.996055833898562781e-01
1.001487426345850640e+00
9.998979352868093695e-01
1.001377838774680562e+00
1.003983038124096616e+00
9.973038770575552991e-01
1.007481875370471291e+00
1.004191101829019939e+00
1.006520707576904039e+00
1.009424904247673949e+00
1.001517894589491142e+00
1.001465375803702651e+00
1.005124482692366206e+00
1.004619623641120674e+00
1.002586369972892077e+00
9.978857415288784338e-01
1.001848162545669219e+00
9.998575967267713249e-01
9.984710134482036592e-01
1.000327829140191138e+00
1.004868460508129058e+00
1.002699048553143069e+00
1.001111527851378469e+00
1.002884484378118168e+00
1.000118014067160166e+00
1.001042942573340033e+00
1.003730904257446932e+00
1.003555914206171629e+00
1.002329717484056193e+00
1.005560911188036366e+00
1.003903365007809523e+00
1.004666421107297092e+00
9.996008932156984494e-01
1.005626030994406062e+00
1.004694726060821885e+00
1.002875228200973856e+00
1.002308852737334721e+00
1.003427939320567175e+00
9.998716203645148237e-01
1.001635196906475400e+00
1.001478300632532292e+00
1.004043262330813535e+00
1.000197898386681050e+00
9.997696288539472675e-01
9.996438321428156026e-01
1.002676437102258067e+00
1.002945902540474776e+00
1.000302284413735920e+00
9.977842867769480817e-01
1.001453436349877268e+00
1.001254267902169870e+00
1.004800535162426955e+00
1.002367884947476417e+00
1.002656055563825310e+00
1.001818407049655857e+00
1.001416588603511348e+00
1.001280380512746593e+00
1.002858663972965969e+00
9.981548857698027133e-01
1.001072132990573627e+00
1.001520168505408925e+00
1.000369053243634010e+00
9.993725388261547327e-01
1.000968228659853132e+00
9.994998045292512456e-01
1.001418430261684867e+00
1.000411163685307470e+00
9.984254834027675996e-01
9.983378137503177152e-01
9.999321806312978511e-01
9.993077460169436099e-01
9.989308298936778741e-01
9.996133129934786643e-01
9.991573842516368043e-01
9.994414035017130660e-01
1.000872727235978532e+00
1.002099087523493637e+00
9.995581882912452087e-01
1.001422812472574364e+00
9.997818440693736486e-01
9.990451011160970118e-01
9.971095530530031947e-01
1.000727617946535197e+00
1.002154451922932843e+00
1.002830682477176438e+00
1.000368776713234542e+00
1.001605024044085024e+00
9.978355853752720606e-01
9.977123757263818282e-01
1.000971248103393219e+00
9.997392911732980725e-01
9.980436497881788327e-01
1.002126912515638901e+00
9.997463518191552767e-01
1.001974209180856779e+00
1.000436632752103483e+00
1.001373346671611708e+00
1.000354708633647061e+00
1.000396943643913072e+00
1.002060695945857116e+00
1.000740122100178597e+00
1.003054053442372862e+00
9.994084008802487373e-01
1.001027923925706276e+00
9.994191638061739047e-01
9.978517101270626410e-01
9.990814806437749995e-01
1.002321279160080403e+00
1.001240451166211631e+00
1.002014568876860245e+00
1.003845363826613823e+00
9.997651008383768856e-01
1.002956890611722995e+00
1.002416963260797989e+00
1.002244375896568895e+00
1.001560385568842859e+00
1.001618984724124806e+00
1.001585737215555660e+00
1.001307750401574825e+00
1.002930343602026264e+00
1.001113170144378062e+00
9.993856565233334432e-01
1.003698941308285075e+00
1.002983811265348413e+00
1.000281159474316173e+00
1.000049323312282246e+00
1.001623716630293925e+00
1.001419501207517548e+00
1.001423515274721954e+00
9.991112788652831700e-01
1.002494436810818845e+00
1.001890096209908654e+00
1.000848050207753248e+00
1.001699306170268367e+00
1.002523690998731620e+00
1.000091390091909727e+00
1.002003914981061117e+00
9.982048260092180048e-01
9.980621667893001536e-01
9.980255898496863676e-01
1.000039556492724691e+00
1.000371915310220183e+00
9.995092506631392260e-01
1.001062247335068101e+00
9.986991336277631914e-01
9.986325247016768492e-01
9.990357610199950278e-01
1.000115618892687408e+00
9.990570940576767311e-01
1.001019430747403405e+00
1.002155155766161432e+00
1.001752549124323766e+00
1.001971614593945903e+00
9.984263172773196748e-01
1.000312187612873105e+00
1.000066132482723802e+00
1.001814250316401811e+00
1.000115816788374357e+00
9.990082527541481738e-01
1.001924022093494182e+00
1.000809778900258573e+00
9.990214812445707970e-01
1.001717420749612009e+00
9.999245262456620820e-01
1.000302685542261649e+00
9.995692096617448952e-01
1.001650473409507747e+00
9.989275026703074989e-01
1.001712514427764988e+00
1.000157490983711872e+00
1.000017146018641334e+00
1.000723172442280040e+00
9.990839193586223965e-01
9.997753724133610076e-01
9.985954033160551191e-01
1.000594936349747943e+00
1.000770961667750258e+00
1.000289100350757021e+00
1.000586399238448276e+00
1.000013913619286932e+00
9.999312264756460289e-01
1.001211529512518794e+00
9.991265878245564336e-01
9.989527891693333883e-01
9.994897680157623920e-01
1.002451719480788039e+00
1.000757300466988298e+00
9.990952012018500250e-01
