0.000000000000000000e+00
0.000000000000000000e+00
0.000000000000000000e+00
0.000000000000000000e+00
0.000000000000000000e+00
0.000000000000000000e+00
0.000000000000000000e+00
0.000000000000000000e+00
0.000000000000000000e+00
0.000000000000000000e+00
0.000000000000000000e+00
0.000000000000000000e+00
0.000000000000000000e+00
0.000000000000000000e+00
0.000000000000000000e+00
0.000000000000000000e+00
0.000000000000000000e+00
0.000000000000000000e+00
0.000000000000000000e+00
0.000000000000000000e+00
0.000000000000000000e+00
0.000000000000000000e+00
0.000000000000000000e+00
0.000000000000000000e+00
0.000000000000000000e+00
0.000000000000000000e+00
0.000000000000000000e+00
0.000000000000000000e+00
0.000000000000000000e+00
0.000000000000000000e+00
0.000000000000000000e+00
7.737732804784650149e-03
1.009573233750744037e-01
4.598988380261224695e-01
1.094099985985928614e+00
1.770170381556677830e+00
2.291804691676577299e+00
2.616950457652595929e+00
2.761200275113095071e+00
2.821650343090851276e+00
2.759192985164992340e+00
2.682316699601221099e+00
2.571514071539855451e+00
2.472568907635570579e+00
2.323060502091272905e+00
2.247520482895741800e+00
2.131576539396003778e+00
2.037196753973176122e+00
1.927762965585163357e+00
1.852752015849234324e+00
1.784704323861328490e+00
1.682697971962965555e+00
1.542986849690573647e+00
1.370197260504930403e+00
1.228896045465555309e+00
1.144643425990394592e+00
1.076824135756398571e+00
1.017698349161827442e+00
1.040540375927063499e+00
1.053633648382950261e+00
1.057549907999188799e+00
1.065844356343847110e+00
1.059420548190144640e+00
1.080850856639962387e+00
1.084303978359776099e+00
1.077101203630854931e+00
1.062748225308745464e+00
1.064916680903851276e+00
1.053460932046248244e+00
1.029722618359982134e+00
1.011789704356975017e+00
1.007300077946706507e+00
1.002225110444519895e+00
1.005855784148727894e+00
9.979796636157099998e-01
9.995193814934645316e-01
1.006906630953417370e+00
9.917431585723123222e-01
1.005713766396484132e+00
1.003553619400989083e+00
1.007311625608003469e+00
1.004483144551275631e+00
9.925953060916232751e-01
9.944147501087060581e-01
9.971848780003917945e-01
1.002530103591057209e+00
9.910577766814858691e-01
9.862523250058714552e-01
9.890074660505234760e-01
9.736072450638916242e-01
9.749965317747634197e-01
9.720931902059779528e-01
9.682642061068226225e-01
9.766475965619755284e-01
9.770333442637167964e-01
9.776331866563211515e-01
9.822814954878879012e-01
9.709858855678752398e-01
9.771350946073497079e-01
9.901885710839786192e-01
9.844976549458218651e-01
9.850692806627182607e-01
9.931456812805431467e-01
9.911505406273051211e-01
1.000416776473522118e+00
9.935758382143484724e-01
1.002102445226571215e+00
1.011470173779269954e+00
9.991260303136619836e-01
1.003249506813075120e+00
9.986586697490923425e-01
1.007949601138568907e+00
1.007282816824564664e+00
1.006747849784140447e+00
1.003100640051287407e+00
1.013865689604217968e+00
1.004188281153398199e+00
1.010696841302480609e+00
1.006560647282356946e+00
1.002704553792296505e+00
1.002333271932887016e+00
1.004569026774468687e+00
9.998187546132785153e-01
9.994669902195691957e-01
9.973462404497188682e-01
9.927283619400385506e-01
9.984876203988688470e-01
1.001779909673815805e+00
9.998373951035048890e-01
1.004410510090087083e+00
1.000598447621875886e+00
1.002188163802217646e+00
1.002887152001234128e+00
1.003476746010996790e+00
9.982551050596235598e-01
1.001906533037357327e+00
1.000891214595071466e+00
1.007211193002845340e+00
1.003460192120371852e+00
9.964357463699478057e-01
1.004808418360342293e+00
1.003332972967240222e+00
1.005864718055893503e+00
9.988964048069600699e-01
9.996544543412297923e-01
1.001818679344792740e+00
1.004268125305235904e+00
1.000441865119532370e+00
9.979136113262809804e-01
9.982166091734446800e-01
1.001568611044121759e+00
9.936034733619359960e-01
1.000874624935657486e+00
1.002368888190663387e+00
9.996304818362680145e-01
9.991022164560787733e-01
9.933242805415303245e-01
9.972850131519478412e-01
9.956673728059900474e-01
1.002471124618060427e+00
9.996061811439190814e-01
9.953122154240608976e-01
9.976792914055414574e-01
9.983583237015489775e-01
9.999875795812146473e-01
9.954230127469347877e-01
1.000105071470534179e+00
9.965996041734086486e-01
9.939480241156286588e-01
9.994556726761534282e-01
1.001038908156792528e+00
9.978037633848100274e-01
1.000303254939960196e+00
9.953384467934179858e-01
9.994852331012735736e-01
9.974138577222032565e-01
9.995426623508348873e-01
9.979588210305149198e-01
1.002773952834306259e+00
9.995757839069975281e-01
9.982655983042836301e-01
1.000581682999283295e+00
9.958390083298304107e-01
9.946745184921756966e-01
1.001590879724815641e+00
1.001680794680124276e+00
9.984918354835760068e-01
9.998578328033372875e-01
9.991998533836787821e-01
1.002562652857428960e+00
9.956263547630519462e-01
9.999700199401472256e-01
9.994271394478914106e-01
9.977312265197176844e-01
9.997891168919359473e-01
9.974725448466039701e-01
9.997802191196438759e-01
1.002536936490845187e+00
9.985023045892232885e-01
1.003758302969037564e+00
1.003135225228243721e+00
1.003263011075190558e+00
9.976854623505960751e-01
9.993072480206699471e-01
9.987076214540301367e-01
9.974965413593973595e-01
1.001789030870562369e+00
9.972093166164932576e-01
9.989169083110310821e-01
9.994045293056131873e-01
1.000723508798326167e+00
9.967518259603636022e-01
9.998151337524158189e-01
1.000685844228769605e+00
9.982241051736507886e-01
9.955306273885183854e-01
1.000074835174894039e+00
1.000174258395780669e+00
9.991533019997436149e-01
9.996233877174696136e-01
1.001675765958156994e+00
9.977728524376210384e-01
9.989100565291000322e-01
9.980741099353370727e-01
9.989315369001384726e-01
9.971046128627932825e-01
1.001112218042004010e+00
9.993981472886114270e-01
9.973243557664810410e-01
1.003631171590654736e+00
9.999678726131786544e-01
9.986783877503260243e-01
9.997927464435519829e-01
1.000526729993818753e+00
1.003655417779958370e+00
9.982727015056439557e-01
1.002108407252225275e+00
9.968901376168208817e-01
9.995232521837082995e-01
9.992591689764093177e-01
9.991529724998446937e-01
9.982974777679718414e-01
9.991086279756143940e-01
9.984590888728226421e-01
1.000715959508905017e+00
9.989960826497855662e-01
9.995457419111223318e-01
9.995699330511157443e-01
9.995717246879635143e-01
1.000240341135291366e+00
9.985279230573947951e-01
9.952801545532187211e-01
1.000128158322363126e+00
9.978955401069568021e-01
9.985846652315718552e-01
9.998238280102063058e-01
9.985268462508539722e-01
9.975511374863348379e-01
9.996471638244571745e-01
9.995940450269310551e-01
9.997417218651084569e-01
9.993463814488730002e-01
9.986401688873890459e-01
1.000275089325812994e+00
1.000198281702128655e+00
9.995859153260590046e-01
9.994891140143709052e-01
9.976399839751356469e-01
9.965420952444573599e-01
9.992653154751072186e-01
9.971580442656435839e-01
9.974533896443539271e-01
9.994208459592884841e-01
9.980367269881598169e-01
9.997542487538505496e-01
9.983631680139205544e-01
1.000949901538003006e+00
9.990169405183830786e-01
1.000963250173554808e+00
9.988481508946142062e-01
