0.000000000000000000e+00
0.000000000000000000e+00
0.000000000000000000e+00
0.000000000000000000e+00
0.000000000000000000e+00
0.000000000000000000e+00
0.000000000000000000e+00
0.000000000000000000e+00
0.000000000000000000e+00
0.000000000000000000e+00
0.000000000000000000e+00
0.000000000000000000e+00
0.000000000000000000e+00
0.000000000000000000e+00
0.000000000000000000e+00
0.000000000000000000e+00
0.000000000000000000e+00
0.000000000000000000e+00
0.000000000000000000e+00
0.000000000000000000e+00
0.000000000000000000e+00
0.000000000000000000e+00
0.000000000000000000e+00
0.000000000000000000e+00
0.000000000000000000e+00
0.000000000000000000e+00
0.000000000000000000e+00
0.000000000000000000e+00
0.000000000000000000e+00
4.122249179261910576e-03
9.640982270738848725e-02
6.771736564665755687e-01
1.926438260246255529e+00
2.894585953574801529e+00
3.114725074244863556e+00
2.793135304427480037e+00
2.322824604164071438e+00
1.943446344643956492e+00
1.628395769288320860e+00
1.419840084352728793e+00
1.283228023279398000e+00
1.231299235538798387e+00
1.190724112922712408e+00
1.215101310879016294e+00
1.229949749356701982e+00
1.289122360390698496e+00
1.352077332432151113e+00
1.423113810505591825e+00
1.486745097542172767e+00
1.549542475315470291e+00
1.622989845870716152e+00
1.635377637542656526e+00
1.666869567371132232e+00
1.666934883908183895e+00
1.689788627232285734e+00
1.687099284851862668e+00
1.680280804720133858e+00
1.621043798334149244e+00
1.610547657759351381e+00
1.554435659538498271e+00
1.494849744560266425e+00
1.448340424051204112e+00
1.397773088887592330e+00
1.344131195459594696e+00
1.237581741076964947e+00
1.125573556762731853e+00
1.049466040286692214e+00
9.907271152384167223e-01
9.687408562290197311e-01
9.565879344850870547e-01
9.448020121636131474e-01
9.602449269238039209e-01
9.611724160854748789e-01
9.857349778890930336e-01
9.916409692198523418e-01
9.929880694782328154e-01
9.981563024892335934e-01
9.980697334549426536e-01
1.002495880893832680e+00
9.879363120781992080e-01
9.840838876105406641e-01
9.910325586099540951e-01
9.837048848269732693e-01
9.819991763302543530e-01
9.762795030812604358e-01
9.708025760800338411e-01
9.681455068784439177e-01
9.648401575132489194e-01
9.769187927421171258e-01
9.699011106725871079e-01
9.557255964375854784e-01
9.722740656185961949e-01
9.647835860207981673e-01
9.797554440110568530e-01
9.786546672681365466e-01
9.841903287009210466e-01
9.849340265572728015e-01
9.829494423040501250e-01
9.852793727107649335e-01
1.001994126746613700e+00
9.937686530725601264e-01
9.775222974729786962e-01
9.957293481044949823e-01
9.881359015417950920e-01
1.003384101254543248e+00
9.920600726760692156e-01
1.002491736842289649e+00
1.008050027260681381e+00
9.993065254275924625e-01
9.935254714202582660e-01
1.002245365473436012e+00
1.003250639419232648e+00
9.852960273800780433e-01
9.953592873342572700e-01
9.901447583544441544e-01
9.934323772817609255e-01
9.913599045664026610e-01
9.932416229913164640e-01
9.935392287854919458e-01
9.905724845612403628e-01
9.965113772297399253e-01
9.935666000441105705e-01
9.923300658573861455e-01
1.004128692899167286e+00
9.945207559993095581e-01
9.900333120576003676e-01
9.943067238739887737e-01
9.924321703417176010e-01
9.977740495005386068e-01
9.978485674519861348e-01
1.000036705206003296e+00
1.000051365446253726e+00
1.001075616096176679e+00
9.933814606771241840e-01
9.993500681199791735e-01
9.972772787232444536e-01
9.860306761041911505e-01
9.902994929241674127e-01
9.970546417526207073e-01
9.960852561046588116e-01
9.951514010219150164e-01
9.882491195900955372e-01
9.942688881332554240e-01
9.966280439342194430e-01
9.920570417991556589e-01
9.843819271831268924e-01
9.921855871511502389e-01
9.960599363422277808e-01
9.918985547512709777e-01
9.928636248996010050e-01
9.939848209303604465e-01
9.973815743907195053e-01
9.993544655719364123e-01
9.955576304369084806e-01
9.983582211264692141e-01
1.000158927029157985e+00
9.987121259118589833e-01
9.986097592638564224e-01
9.968024211918721234e-01
9.976976509460838693e-01
9.948999933810629415e-01
9.940756876640676198e-01
9.953021846050349453e-01
9.982630638367991915e-01
9.940782391096448789e-01
1.002495948912381030e+00
9.964821435880555356e-01
9.964735043835525330e-01
9.951059767371536191e-01
9.992082927984903273e-01
9.948403215900798457e-01
9.996057297536907749e-01
9.937888712136648817e-01
9.958816568595140195e-01
9.939614142413131237e-01
9.944080579988290314e-01
9.994681053430638507e-01
9.945582148640900177e-01
9.941768249468128094e-01
1.000423169407168134e+00
9.975287397330592221e-01
9.941688748441347423e-01
9.990092062203359546e-01
9.976652838248981636e-01
9.950269657040595739e-01
9.941390201488721212e-01
9.973800357905476810e-01
9.954542309635791009e-01
9.936745976390317647e-01
9.928960507945879810e-01
9.942638936759244928e-01
9.910096817007002512e-01
9.913224829189244414e-01
9.969514111551116553e-01
9.878928587278965612e-01
9.966896020718982729e-01
9.973214762796158706e-01
9.883145547478854320e-01
9.922037909751058038e-01
1.000680070777413055e+00
9.917940932676844179e-01
9.936559762971923782e-01
9.962727238597942625e-01
9.910363997026849781e-01
9.973074531229155770e-01
9.978111876126406488e-01
9.976442241074366946e-01
9.909179948986972519e-01
9.966126931574242898e-01
9.971183940225989417e-01
9.926385574879276197e-01
9.952486325451097571e-01
9.968997084091237859e-01
9.987281232614352300e-01
9.954652901171486823e-01
9.969942044041943952e-01
9.933164512079614150e-01
9.984160099357064500e-01
1.004064660024694078e+00
9.956293837222408571e-01
9.981453400005856347e-01
9.972627711546649953e-01
9.964861553387808213e-01
9.984414856008195782e-01
9.985073028560235153e-01
9.935726888076522600e-01
9.980081827076996426e-01
9.940784289294011256e-01
9.943637851635660496e-01
9.979032812529506913e-01
9.959824145558267006e-01
9.964138843406673551e-01
9.959980174771758676e-01
1.000849846941960664e+00
1.002235905416710038e+00
9.978955320492020054e-01
9.982109534196250689e-01
9.982121892685240638e-01
9.983927547250092127e-01
1.000124205853741399e+00
1.003547794619919165e+00
9.975793466813576149e-01
9.936090071759928755e-01
9.978691001165586050e-01
9.983534664037776452e-01
9.943977754758410725e-01
9.956397477488977410e-01
9.996288265206770829e-01
9.976245588248795482e-01
9.935454216241295100e-01
9.967320919305000526e-01
9.972899955956804341e-01
9.993496793934745215e-01
9.959136836037350005e-01
9.974915082924039611e-01
1.000580494401102971e+00
9.937918350604223461e-01
9.970883027047193758e-01
9.948115676846730482e-01
9.987311020799295447e-01
9.943453528394646801e-01
9.942575705187605140e-01
9.998748149326616153e-01
1.004319027486983096e+00
9.998059823727132311e-01
9.944110753629137323e-01
9.975958574620504837e-01
9.971254193828582579e-01
9.972165607006386878e-01
9.974073268036005580e-01
9.927971488892447516e-01
9.948422377547671003e-01
9.979467100905392574e-01
1.001583594169410008e+00
9.981513547770068939e-01
9.988028705431309939e-01
9.962981755256763439e-01
9.978755509130095014e-01
9.980631946053015735e-01
9.989711994289165453e-01
