0.000000000000000000e+00
0.000000000000000000e+00
0.000000000000000000e+00
0.000000000000000000e+00
0.000000000000000000e+00
0.000000000000000000e+00
0.000000000000000000e+00
0.000000000000000000e+00
0.000000000000000000e+00
0.000000000000000000e+00
0.000000000000000000e+00
0.000000000000000000e+00
0.000000000000000000e+00
0.000000000000000000e+00
0.000000000000000000e+00
0.000000000000000000e+00
0.000000000000000000e+00
0.000000000000000000e+00
0.000000000000000000e+00
0.000000000000000000e+00
0.000000000000000000e+00
0.000000000000000000e+00
0.000000000000000000e+00
0.000000000000000000e+00
0.000000000000000000e+00
0.000000000000000000e+00
0.000000000000000000e+00
0.000000000000000000e+00
0.000000000000000000e+00
0.000000000000000000e+00
1.146181720418588333e-04
6.017588786514724807e-03
5.067512077019622335e-02
2.222288402723161804e-01
5.646388693413949555e-01
9.079184298518138130e-01
1.187237049216011142e+00
1.356027353906450017e+00
1.412534969993953560e+00
1.427826629887056331e+00
1.434443884314848594e+00
1.426328719174278170e+00
1.374463152781844721e+00
1.344963347904454709e+00
1.306574138253929540e+00
1.291958540806133149e+00
1.242858411562967280e+00
1.234417224194095164e+00
1.192199527822044969e+00
1.201874489074504782e+00
1.185563346840556864e+00
1.193199932629465998e+00
1.142530724813158205e+00
1.086249484006833743e+00
1.043235796878702493e+00
1.000615711683798148e+00
9.869546991682535131e-01
9.688895368916254913e-01
9.692946224714181769e-01
9.749384266836275126e-01
9.762449732406504044e-01
9.863961702732849668e-01
9.978871469391284998e-01
1.000739844379841426e+00
1.004039419167337854e+00
1.015893460557273142e+00
1.011153833376783107e+00
1.010810699468130291e+00
1.021691656287013084e+00
1.025152476511218325e+00
1.022300476833411409e+00
1.018308966050747610e+00
1.015587524013437770e+00
1.025959570542316568e+00
1.015163051590946885e+00
1.013928006747371047e+00
1.022850602269380627e+00
1.023610355050786458e+00
1.016818506747263040e+00
1.020266413565924069e+00
1.017158394763962193e+00
1.014809830818701908e+00
1.013466232088900076e+00
1.009922621565177980e+00
1.004992508075694069e+00
1.001692853827446772e+00
1.002665675996172290e+00
9.948925897545410901e-01
9.971649896003481617e-01
9.799054849871245976e-01
9.837577786884871278e-01
9.905454342455042305e-01
9.851712571804115415e-01
9.941066164409132488e-01
9.906956264846175086e-01
9.898744882660002187e-01
9.954815164235654157e-01
9.932145281131502523e-01
9.970765088436570611e-01
9.997109495907315901e-01
9.982007370338459307e-01
1.001741214298821792e+00
1.000447843857288799e+00
1.003038702905743706e+00
1.004976582703084764e+00
1.001899640485752530e+00
1.010418171437768464e+00
1.003259772876641476e+00
1.000984051632896277e+00
1.007730431152383810e+00
9.973547441093926214e-01
1.004976354930462668e+00
1.005860043691000127e+00
1.003899635336087615e+00
1.000723409258297725e+00
1.005475506170703248e+00
1.004638006571361153e+00
1.001350747255812079e+00
1.001015213987495933e+00
9.975861723442736029e-01
1.002489748243303724e+00
9.998090686887848300e-01
9.996258575871999064e-01
1.000478003960747930e+00
1.001283971545482432e+00
1.000562958093009547e+00
9.976471414369602053e-01
9.987137461870220223e-01
1.005393244398134822e+00
9.976641811524725734e-01
1.000590918961292930e+00
9.975232415825958654e-01
9.989162783291472003e-01
9.987258268841255893e-01
1.001696123730433596e+00
1.001967107892094644e+00
1.000651843280762954e+00
9.978586905337435420e-01
1.001223106238479987e+00
1.003079241259757337e+00
1.003182352123208165e+00
1.003901333080437608e+00
1.000447453168477274e+00
1.001497124039783193e+00
1.001043157806155159e+00
1.004924387373834493e+00
9.997480951211816791e-01
1.000236146612608179e+00
1.004048764643650227e+00
9.991683137734683751e-01
9.981935870161846580e-01
9.991876825578758226e-01
9.957966133942887099e-01
9.983192113323909878e-01
1.000005331136290199e+00
9.970322568681496689e-01
9.957120427231037629e-01
9.982480167935056103e-01
1.003111255105292532e+00
1.000544102428486903e+00
9.990266824204850904e-01
9.970611744222082073e-01
9.977980323529954676e-01
9.991762835202483428e-01
9.992770278325938671e-01
9.984692644533464945e-01
1.001282134875205898e+00
9.976097236701185755e-01
9.993356196502801714e-01
1.001047959770601015e+00
9.976665346439167470e-01
9.968624989781722512e-01
9.993211916996077582e-01
9.967545145446207178e-01
9.976652280731235223e-01
1.000346193103690995e+00
9.978776199660469581e-01
9.993202666109550769e-01
9.965750464426497146e-01
1.000176415938942798e+00
9.970780725000196743e-01
1.002454995534665771e+00
9.969772273250472328e-01
1.000033319994636960e+00
9.989707559075895471e-01
1.000779657298902503e+00
1.001594166971572886e+00
9.990161888826817327e-01
1.001361061668385011e+00
1.002047919472219606e+00
1.000076534939072781e+00
9.980043400428904032e-01
9.994720675751389560e-01
9.999961495271689760e-01
9.970854526886447911e-01
1.000467603614735745e+00
9.999984694545386299e-01
9.986673934907159822e-01
9.974611587645054733e-01
9.984686769729735900e-01
1.002196995772299593e+00
9.980442724076263872e-01
1.002118373931819129e+00
1.000469108058872125e+00
1.000693492861211453e+00
1.001992305165371855e+00
1.002443887302376435e+00
1.001644046462160098e+00
1.000362061920434309e+00
9.996273641266906207e-01
1.002447136322265786e+00
9.989687382610481503e-01
1.001842232026510127e+00
1.002821562564596647e+00
9.991989649959506226e-01
1.001131645022300676e+00
9.997328592558244464e-01
1.001687289964356076e+00
1.001444539688718383e+00
1.003280449254526419e+00
9.995787259367195920e-01
9.993020321469691103e-01
1.000568749234802102e+00
1.000581675264052173e+00
1.000781048931822514e+00
9.966659526185518425e-01
9.988802012321298385e-01
1.001241661566837582e+00
9.974579888127280691e-01
9.981763290570733194e-01
1.001520027220781150e+00
1.000399425814355814e+00
9.990558539576772645e-01
9.996054272072008029e-01
9.995295121408734884e-01
9.981210194855879569e-01
9.990569503383034400e-01
9.987262044287684715e-01
9.987932815875846249e-01
1.000430597624553108e+00
9.990933506253703023e-01
9.994369434609873259e-01
9.983954380487231051e-01
9.990817712370465564e-01
9.981716353356261395e-01
9.993485488811999495e-01
1.002802328668430665e+00
9.975231169903320261e-01
9.993501568151986758e-01
9.991220154628377426e-01
9.992666984895525184e-01
9.998023241999430821e-01
9.998515749603757996e-01
9.975126700306136129e-01
9.989332039293014054e-01
9.996051253347825183e-01
9.985717095351199779e-01
9.967667075355282069e-01
9.987991182546056557e-01
9.993597630420952838e-01
9.991658379261073586e-01
9.994352859073458717e-01
9.998124583768412954e-01
9.993764846063160068e-01
9.986761624602091825e-01
9.998776755551183060e-01
1.000578140716013253e+00
1.000504046813304848e+00
1.000450628226727812e+00
9.998198896341977671e-01
9.993212196808727299e-01
1.001956368441490497e+00
9.995875408497266745e-01
9.987618028524538616e-01
9.995815315928829881e-01
9.997491170501279223e-01
9.982939159655839223e-01
9.994716013310154246e-01
1.001720252955273782e+00
1.001420094961359863e+00
