0.000000000000000000e+00
0.000000000000000000e+00
0.000000000000000000e+00
0.000000000000000000e+00
0.000000000000000000e+00
0.000000000000000000e+00
0.000000000000000000e+00
0.000000000000000000e+00
0.000000000000000000e+00
0.000000000000000000e+00
0.000000000000000000e+00
0.000000000000000000e+00
0.000000000000000000e+00
0.000000000000000000e+00
0.000000000000000000e+00
0.000000000000000000e+00
0.000000000000000000e+00
0.000000000000000000e+00
0.000000000000000000e+00
0.000000000000000000e+00
0.000000000000000000e+00
0.000000000000000000e+00
0.000000000000000000e+00
0.000000000000000000e+00
0.000000000000000000e+00
0.000000000000000000e+00
0.000000000000000000e+00
0.000000000000000000e+00
0.000000000000000000e+00
0.000000000000000000e+00
1.146334690632917194e-04
4.728736491383422544e-03
5.542700052806895372e-02
2.280548943194396216e-01
5.478704576678188332e-01
8.949237557678231259e-01
1.185794587959409396e+00
1.337098259855028282e+00
1.428623461968673070e+00
1.454604978144941274e+00
1.449133816081534576e+00
1.423608825521680110e+00
1.395901272078974076e+00
1.362782771875234555e+00
1.317411453183568559e+00
1.291255259814139356e+00
1.242580399915117928e+00
1.228106559586382485e+00
1.217339233157330058e+00
1.203166505785703055e+00
1.211522673660095695e+00
1.181336724535997140e+00
1.141793297703852295e+00
1.096528871286909013e+00
1.035260686622815118e+00
1.005423226165999218e+00
9.739239302885647209e-01
9.810823915441342358e-01
9.735685539852643178e-01
9.691643307676913732e-01
9.861066752944053215e-01
9.929847397625306549e-01
9.913315473490634799e-01
1.005263779451432082e+00
1.008044202067839956e+00
1.011330958321225326e+00
1.028073258476473351e+00
1.014128872680353011e+00
1.024669011580957800e+00
1.014360352250840425e+00
1.023509752654865324e+00
1.020697836132465453e+00
1.029884998225675918e+00
1.024773850374022466e+00
1.021447202341852600e+00
1.017618029657326284e+00
1.023880041862346379e+00
1.024013304014678383e+00
1.027286087496459110e+00
1.017601546704844706e+00
1.027744388617882310e+00
1.023213955571195877e+00
1.022109669275533150e+00
1.013024789551878024e+00
1.008472277706423004e+00
1.007399375650724460e+00
9.995355052541136098e-01
1.001432845222608448e+00
1.001301261773406504e+00
9.965186495708885372e-01
9.878865564374523789e-01
9.962314300545875856e-01
9.897898292606667203e-01
9.961911235236386997e-01
9.947926376237341550e-01
1.000776181804080345e+00
9.981682298555307753e-01
1.001704907794024768e+00
1.001320559979755664e+00
1.003991628529100621e+00
1.006971050963982650e+00
1.011263958568776378e+00
1.009503888159251073e+00
1.009305197571384927e+00
1.012972290554149168e+00
1.009344179643858919e+00
1.006556920776858766e+00
1.009355263708549888e+00
1.009134991705584961e+00
1.002839563218617336e+00
1.006248241555730338e+00
1.005393561162511773e+00
1.003424234230727574e+00
1.005614823933835167e+00
1.005827208029835829e+00
1.006632974853592044e+00
1.001228263105643057e+00
1.004489227617956226e+00
1.002477883032472317e+00
1.002088164960415639e+00
1.002748400945200569e+00
1.001495725678534621e+00
1.002175587777179633e+00
9.991012136480994510e-01
1.004128451818656842e+00
9.968098732194761169e-01
1.006810667576929941e+00
9.996539590365428607e-01
9.973378600856522835e-01
1.007787767612777552e+00
1.005114260066199083e+00
1.000900381570869468e+00
9.989220282312329946e-01
1.004699419098383562e+00
1.001246179405263170e+00
1.004447494635452909e+00
1.001998831886418806e+00
1.001895317072323488e+00
1.005009429741811733e+00
1.006704027114235123e+00
1.003348652598497148e+00
1.004509365748812000e+00
1.003915945888411265e+00
9.996679501162484272e-01
1.002244235584971221e+00
1.004378431414351125e+00
1.003171031140296598e+00
1.004310765209724954e+00
1.002330538557967277e+00
9.984236850676615482e-01
1.001410823318626520e+00
1.000050530697463858e+00
1.004679091848191819e+00
1.002856419841024804e+00
1.003185816779606832e+00
9.997631054357960512e-01
1.003264684115386052e+00
1.002048459522618451e+00
1.002209321583260371e+00
1.003071300514813080e+00
1.000998165591665323e+00
9.990178800713306329e-01
1.002591862426825298e+00
9.995250646470581479e-01
1.003331781310998538e+00
1.004793364336699080e+00
9.999231373927967015e-01
1.003817160356701432e+00
1.003792380107609405e+00
1.003546111871215674e+00
1.006780409350869432e+00
1.005048752284625202e+00
1.004715905315586744e+00
1.000901564265810562e+00
1.005356421005950907e+00
1.005247615405027606e+00
9.999142156546093618e-01
1.000865160403664245e+00
1.004938640061926014e+00
1.006972807358459177e+00
1.004072117214098281e+00
1.002734466644028544e+00
1.001276104495595121e+00
1.000926915445174759e+00
9.998309282444913793e-01
9.981362651022928079e-01
1.000461526582596017e+00
9.985943846578777539e-01
1.001620763516171353e+00
9.985851977171217309e-01
9.998191553271204013e-01
1.001903542433135286e+00
1.003620238078652083e+00
1.000519828054603266e+00
1.002634007623982804e+00
1.000592755731505523e+00
1.001446642846367308e+00
1.001305114791081197e+00
9.986065583494546649e-01
1.003216133726064996e+00
1.000195167725970391e+00
1.000126432113378039e+00
9.976981991491918889e-01
9.986145341535498376e-01
1.000926501232219934e+00
1.002580598873050954e+00
1.001957432784968294e+00
9.997961860396175071e-01
9.993008512349458305e-01
9.998215215781617315e-01
9.995675753458833634e-01
9.991402072788417854e-01
9.968462480322525243e-01
9.994997163291824416e-01
9.979346252756371438e-01
9.955057907240879578e-01
9.979254767447831576e-01
9.987888095704926528e-01
9.978365601729661805e-01
9.981351418721488011e-01
9.992909837983598997e-01
9.970964865774704089e-01
1.001984044384363282e+00
9.963128805098458995e-01
9.998291035088644474e-01
1.001247297160544170e+00
9.966124974278445237e-01
9.969904036699056560e-01
9.991965701486630325e-01
9.979612793103883606e-01
1.000585819006953425e+00
9.976196182284134961e-01
1.000459731453984702e+00
9.968282621234098029e-01
9.959257183156434712e-01
1.000969431999392034e+00
9.980805737344439210e-01
9.970179553479026069e-01
9.986472246723744339e-01
9.962078874200681611e-01
9.978622612971030925e-01
9.986212934576730316e-01
9.986810215333576934e-01
9.957652604525332185e-01
9.958001342756652718e-01
9.997402671730382107e-01
9.959822376793282528e-01
9.957846710520266154e-01
9.978912209939360123e-01
9.941328878006491232e-01
9.964989292446163605e-01
9.975887606154762999e-01
9.987254477289746468e-01
9.953406669146989127e-01
9.967185475669665395e-01
9.968812226624602646e-01
9.981360194705047872e-01
9.969994577335589137e-01
9.968400843946187972e-01
9.985128238451659310e-01
9.956468561066306178e-01
9.953905713867491345e-01
9.972776340953469765e-01
9.966882493155098111e-01
9.953216256486614455e-01
9.977432294089445541e-01
9.983751845568129557e-01
9.955851292919249973e-01
9.949020965668509131e-01
9.952472386241009161e-01
9.976341453786611302e-01
9.981967392637491887e-01
9.983752221627691936e-01
9.973025667512777082e-01
9.985387779123972019e-01
9.971327692645045593e-01
9.981621080848491756e-01
9.982422337285463687e-01
9.972216060716131425e-01
9.963879515020767075e-01
