0.000000000000000000e+00
0.000000000000000000e+00
0.000000000000000000e+00
0.000000000000000000e+00
0.000000000000000000e+00
0.000000000000000000e+00
0.000000000000000000e+00
0.000000000000000000e+00
0.000000000000000000e+00
0.000000000000000000e+00
0.000000000000000000e+00
0.000000000000000000e+00
0.000000000000000000e+00
0.000000000000000000e+00
0.000000000000000000e+00
0.000000000000000000e+00
0.000000000000000000e+00
0.000000000000000000e+00
0.000000000000000000e+00
0.000000000000000000e+00
0.000000000000000000e+00
0.000000000000000000e+00
0.000000000000000000e+00
0.000000000000000000e+00
0.000000000000000000e+00
0.000000000000000000e+00
5.498331447874466591e-05
4.094824793855679490e-03
4.934433223790351403e-02
2.405559219066127630e-01
6.076077322407078540e-01
1.010302475562246727e+00
1.298812374133195613e+00
1.422967767192381716e+00
1.416787462910952700e+00
1.363192026439814075e+00
1.294944451519483009e+00
1.243390916866987661e+00
1.227971870501688434e+00
1.201581411446462244e+00
1.126293074137872052e+00
1.032554611505970943e+00
9.836483344080608759e-01
9.714816478428456303e-01
9.780137007555319562e-01
9.924849200411967054e-01
1.011006423059728876e+00
1.020751962247641975e+00
1.019941563457060996e+00
1.016679694039111403e+00
1.021646928222750050e+00
1.027067028726880604e+00
1.032513657539031016e+00
1.036782572663043078e+00
1.043514443608923870e+00
1.040266656491896091e+00
1.033179316322256902e+00
1.021062376011819151e+00
1.002467303565574674e+00
9.869259193553368004e-01
9.681970537724650105e-01
9.548530539795279104e-01
9.444900945417950000e-01
9.434201416423286801e-01
9.437218667820754803e-01
9.513314451270827865e-01
9.628591629758479487e-01
9.727708552032383604e-01
9.830209404842935594e-01
9.942492443688596415e-01
1.006345193678558125e+00
1.014118576205457201e+00
1.023401752440088908e+00
1.027684684111801028e+00
1.034639083124054837e+00
1.034375635965929296e+00
1.035416637764704939e+00
1.032123802295376702e+00
1.030922610561971098e+00
1.026038214061127940e+00
1.022466490185493626e+00
1.016871755175170478e+00
1.011344908288058786e+00
1.006505124974255150e+00
1.000385384027166591e+00
9.965780609738806861e-01
9.927021209280109115e-01
9.888408820000249566e-01
9.875512607880886362e-01
9.869234244599878192e-01
9.881792219321322568e-01
9.918991932791676458e-01
9.916735781006843498e-01
9.920522433313413435e-01
9.938654777702443655e-01
9.952831503899515209e-01
9.963824684986568592e-01
9.985924231048401989e-01
9.997506773749484932e-01
9.978259638343900395e-01
9.989574379506759305e-01
1.002672581134016694e+00
1.000989842898636129e+00
1.002069965035864874e+00
1.003376128459718464e+00
1.001519833631667744e+00
1.001285564571464892e+00
1.001872414849447335e+00
1.003863152563583938e+00
1.003868154417640879e+00
1.001214507366931405e+00
1.003462725312809667e+00
1.002406721794126376e+00
1.002330916404300387e+00
1.001558142477409596e+00
1.002472685326261548e+00
1.000096814306937754e+00
1.000743612694726892e+00
1.000088824387079800e+00
1.001686731369028305e+00
1.000015445771379241e+00
9.999981038271733569e-01
9.993446985879597122e-01
1.000195044202710770e+00
9.992245204175728146e-01
9.972624039153995534e-01
9.993589227353483206e-01
9.992376233617185077e-01
9.989382362227368084e-01
9.984957350093596196e-01
9.985462433536819171e-01
9.990264154832585453e-01
9.994039083911395727e-01
9.995297517223676875e-01
1.000420853774434127e+00
1.000914801556461287e+00
1.000845901696882922e+00
1.000380219718210562e+00
1.000092139753260723e+00
1.001197760114929114e+00
1.000847497778547757e+00
1.000138621878664535e+00
1.000884913059658432e+00
1.000612447546963102e+00
1.000887461914212517e+00
1.002353692597271362e+00
1.000144706807227335e+00
1.001313331342401414e+00
9.989696798880542961e-01
9.998571838808431034e-01
1.000542951372207501e+00
1.000700574964168865e+00
1.000004545483427210e+00
1.000672097003101779e+00
9.999330980448847273e-01
1.000025892110969261e+00
9.998010050536637605e-01
9.996496960737770721e-01
9.998182595253252147e-01
9.995931493456035044e-01
9.997499264943535691e-01
1.000464899742448344e+00
1.000159445966702032e+00
9.997767685947031024e-01
9.997555663916773971e-01
1.000695584389022841e+00
1.000036822697613736e+00
9.996687120246353642e-01
9.990955144933056919e-01
1.000185325655415403e+00
1.000096413947933582e+00
1.000757419255843272e+00
1.000293820077823082e+00
1.000179253621734432e+00
1.000445470048178409e+00
1.000289383077528127e+00
1.000521331526863733e+00
1.000242100336708351e+00
1.000005446348883886e+00
1.000183939613582984e+00
1.000523014436294211e+00
1.000544928149848634e+00
1.000184654849387345e+00
1.000712043155515207e+00
1.000592743005490171e+00
1.000785041531281561e+00
1.000041047939792760e+00
1.000005735710769672e+00
1.000378728887618696e+00
1.000219317141557651e+00
1.000204119443315109e+00
1.000851373191504523e+00
9.996646520704423056e-01
9.995178422422472675e-01
9.996843890654505405e-01
9.994430196651611364e-01
1.000744146755241371e+00
1.000553020885769806e+00
1.000250060611739933e+00
9.998192445784566118e-01
1.000710144088350795e+00
1.000358220839993040e+00
1.000706690602571669e+00
1.000077595815518361e+00
1.000215347283356149e+00
1.000357743804544119e+00
9.991741335730388585e-01
1.000711826229108814e+00
1.000146125013097187e+00
1.000227828893236470e+00
1.000287417503585408e+00
9.996573255792998713e-01
1.000943538145114386e+00
1.000410888432091028e+00
9.999487124811043959e-01
1.000042898079933851e+00
9.996273600108832591e-01
9.995920155329146572e-01
1.000090212886254548e+00
9.996760838644122016e-01
1.000945158586504347e+00
9.994633233863782218e-01
1.000385579805799230e+00
1.000020160647471901e+00
1.000038198464838324e+00
1.000032077238511397e+00
9.994538465069581212e-01
1.000278031828223169e+00
9.999806565470323871e-01
1.000625887483148402e+00
1.000259110626746439e+00
1.000211940953061651e+00
1.000287021900703843e+00
9.996655785950085971e-01
1.000682650058609457e+00
1.000209146383461256e+00
1.000232292873094009e+00
9.996534094243382240e-01
1.000171515836397296e+00
1.000444163408045650e+00
9.999456995715930718e-01
1.000194395712814543e+00
1.000045132438659223e+00
1.000111548235100178e+00
1.000286053699873889e+00
1.000043431875289324e+00
1.000147924440276226e+00
1.000601874249144263e+00
1.000321254306745677e+00
1.000018187469001729e+00
1.000067893240395911e+00
1.000153445856037715e+00
1.000633407347289561e+00
9.998564952593370636e-01
1.000238860559653720e+00
1.000240572953662976e+00
1.000638211077413464e+00
1.000024814268895001e+00
1.000274781495807064e+00
9.999238266289360855e-01
1.000272955961873267e+00
1.000538831469198753e+00
1.000253128139453107e+00
1.000223579616483116e+00
9.999030299807165623e-01
9.995766712329512416e-01
9.997283587090057821e-01
9.993131988470489446e-01
1.000484085280421542e+00
1.000459430217568668e+00
1.000217903126348062e+00
1.000396197218985428e+00
1.000079707345199909e+00
1.000354600083224854e+00
1.000632466726375069e+00
1.000272157381192129e+00
9.999770456671956964e-01
1.000118046245168646e+00
9.998342319195657746e-01
1.000321463720724502e+00
