0.000000000000000000e+00
0.000000000000000000e+00
0.000000000000000000e+00
0.000000000000000000e+00
0.000000000000000000e+00
0.000000000000000000e+00
0.000000000000000000e+00
0.000000000000000000e+00
0.000000000000000000e+00
0.000000000000000000e+00
0.000000000000000000e+00
0.000000000000000000e+00
0.000000000000000000e+00
0.000000000000000000e+00
0.000000000000000000e+00
0.000000000000000000e+00
0.000000000000000000e+00
0.000000000000000000e+00
0.000000000000000000e+00
0.000000000000000000e+00
0.000000000000000000e+00
0.000000000000000000e+00
0.000000000000000000e+00
0.000000000000000000e+00
0.000000000000000000e+00
0.000000000000000000e+00
0.000000000000000000e+00
0.000000000000000000e+00
0.000000000000000000e+00
0.000000000000000000e+00
0.000000000000000000e+00
5.513152654404843145e-03
5.632301295117561613e-02
2.455561385217474857e-01
6.250689278897229029e-01
9.812975200091696992e-01
1.320157299942578799e+00
1.523490445947718763e+00
1.604542828384973641e+00
1.670060446498289553e+00
1.620503752859140834e+00
1.624549539929511122e+00
1.558467802381204415e+00
1.485111141022214643e+00
1.475923443076619712e+00
1.395742948259457217e+00
1.378263304696458524e+00
1.336149940184333973e+00
1.288743474908595310e+00
1.306833409650971722e+00
1.287635137258001716e+00
1.256165284701198370e+00
1.211869868727951882e+00
1.181803892426421365e+00
1.100270457943664404e+00
1.055540124814822844e+00
1.033395764608378453e+00
1.002522191962850640e+00
1.008206548698372451e+00
9.974926178675634914e-01
9.975796123625532141e-01
1.004908114514006190e+00
1.015112025763379444e+00
9.997582447146216023e-01
9.980113530347080042e-01
9.956651802689926445e-01
9.968736656023424736e-01
9.964483461382688256e-01
9.997763763749329957e-01
1.005899497857464464e+00
1.009624318523030695e+00
1.017229888390616788e+00
1.018830496907624727e+00
1.024841569543357256e+00
1.034538927872864944e+00
1.025311091616813552e+00
1.027368476500964523e+00
1.019130355127318976e+00
1.022073326624272305e+00
1.020597361376835543e+00
1.005740527666031170e+00
1.031762348910108651e+00
1.003234516197227810e+00
1.013824957458572040e+00
1.007067084166801907e+00
9.981477912235060534e-01
9.952187665311943432e-01
9.814884433154242860e-01
9.774198379539983383e-01
9.770006917864225704e-01
9.807030880579925558e-01
9.753529420028362873e-01
9.664070639673907337e-01
9.764707077122524170e-01
9.707701894622854377e-01
9.820014899366753536e-01
9.810317150438853107e-01
9.873404400616301313e-01
9.926634188534563252e-01
9.846570968594804407e-01
9.797503824978028852e-01
9.897470602107942828e-01
9.828313517241199504e-01
9.923076062965781041e-01
9.873719457367671204e-01
9.856391646087395708e-01
9.902785268832663412e-01
9.975638873519628858e-01
9.918951632559650511e-01
9.850684532054855280e-01
9.878184138350392107e-01
9.794203845265431196e-01
9.941545987000930396e-01
9.907016792247710368e-01
9.759502158284004691e-01
9.853447464261338995e-01
9.772436957987620243e-01
9.857687971740817234e-01
9.891199188203576576e-01
9.831943380417257350e-01
9.799187222097559546e-01
9.783081495882258727e-01
9.798777114452092984e-01
9.849225318466844348e-01
9.805468361549414258e-01
9.889501101403178618e-01
9.863251396565264617e-01
9.794958619926817933e-01
9.969867339057840727e-01
9.874596462549473097e-01
9.922210122507585384e-01
9.963877395504076029e-01
9.914934113979788632e-01
9.979719951736321093e-01
9.834710163887704359e-01
9.988430249556621288e-01
9.927767083330981679e-01
9.975233432794937682e-01
9.870744735428652605e-01
9.900523037921651337e-01
9.908363690984928196e-01
9.954614211651720002e-01
9.971821762064231320e-01
9.926146970908109601e-01
9.914347223067934145e-01
9.964438891154345779e-01
9.913626762451119845e-01
9.922522579367029083e-01
9.912759380264456466e-01
9.893342407090224278e-01
9.945572604702486164e-01
9.858212145201699084e-01
9.941655107966788085e-01
9.872768228042496652e-01
9.968411739432804231e-01
9.881904615218264354e-01
9.945189791071983310e-01
9.970651246088243491e-01
9.943776741474957825e-01
9.897032737348603337e-01
9.913594526433686660e-01
9.943671291284288394e-01
9.936390960321997978e-01
9.965126196796123548e-01
9.962988910865098191e-01
9.908992673593135514e-01
9.919091642891748606e-01
9.951399626725221381e-01
9.871207285945753362e-01
9.912650919256987825e-01
9.938566630685835568e-01
9.959252972646939206e-01
9.960867050819172119e-01
9.903965373182341825e-01
9.936083196165471643e-01
9.946290168539297927e-01
9.902943418233205453e-01
9.927009346066484330e-01
9.922765214731227301e-01
9.943786975377529869e-01
9.953869753385036212e-01
9.977243567220300813e-01
9.938014077251086098e-01
9.978555593750804142e-01
9.935168363158398686e-01
9.896605790400888614e-01
9.891622448729415762e-01
9.930921705987327819e-01
9.978551779462635496e-01
9.918362954805152176e-01
9.935580396929738489e-01
9.931572057035024104e-01
9.897214060344085018e-01
9.920475414856796403e-01
9.876303234410825915e-01
9.906857098349723945e-01
9.875796169057335927e-01
9.943910799352188024e-01
9.951752617223552644e-01
9.901806814822168290e-01
9.929250998743501810e-01
9.948421549433588140e-01
9.908027209172717287e-01
9.926567211664596435e-01
9.904371893998750176e-01
9.958571172593770893e-01
9.928747564029644090e-01
9.930562510773750518e-01
9.908918765687960706e-01
9.882092991910295110e-01
9.946308607452921668e-01
9.912022333737344759e-01
9.921479237293971964e-01
9.898518627673875692e-01
9.901638827871580562e-01
9.871657807099926130e-01
9.892360788729743781e-01
9.924770996732668049e-01
9.883265732791111091e-01
9.944511182096759105e-01
9.904588769086548616e-01
9.922128585018518132e-01
9.916920962690499719e-01
9.905111547568428154e-01
9.917134925886614827e-01
9.952359766194005530e-01
9.925725795052212641e-01
9.934783752654141598e-01
9.930533045573483042e-01
9.933185023827414417e-01
9.936446973136172645e-01
9.894620520534261887e-01
9.954288334435897889e-01
9.929665579347509707e-01
9.937246995047499531e-01
9.925352666761242393e-01
9.918255515646732245e-01
9.936567615071862924e-01
9.936491508210473222e-01
9.901495865011507025e-01
9.913616656490248369e-01
9.925138933885455650e-01
9.946600511156195035e-01
9.938944876791888650e-01
9.947440029232017533e-01
9.946787123230569350e-01
9.911603140774597476e-01
9.927960079675134386e-01
9.916988937942813331e-01
9.930097732436837799e-01
9.917779341785400993e-01
9.988646083639116657e-01
9.940361685464990105e-01
9.988621371684857086e-01
9.944910669588246099e-01
9.927923439992484278e-01
9.936260210752489996e-01
9.963815786340991520e-01
9.948842457854056853e-01
9.964370987213229114e-01
9.961783127829172413e-01
9.920541251240364566e-01
9.962556650466706243e-01
9.948789032145018973e-01
9.965979971804777016e-01
9.922917511655474643e-01
9.935874064574244935e-01
9.984341826243927631e-01
9.934440477500633415e-01
9.979442278844916636e-01
9.943037987057535831e-01
9.934220299463099035e-01
9.933920896370230791e-01
9.966546571077909977e-01
9.968937838412753605e-01
9.961346097160659330e-01
9.948236238132963649e-01
9.937587258708394655e-01
9.942308118888127932e-01
9.935764697135130996e-01
9.968695543226534506e-01
9.962979706398891189e-01
9.928260143964265927e-01
9.996140814579165257e-01
9.963632808915475758e-01
1.002639134949282029e+00
9.961395178469760747e-01
9.991791179779021537e-01
1.003060610915908590e+00
9.971139740673530261e-01
9.985144420607947602e-01
9.952325620681200524e-01
1.001112258111149789e+00
9.994978951553786795e-01
1.001572472796684599e+00
1.000655345537319052e+00
9.980086490263696541e-01
9.961011749284317540e-01
9.977119685903826918e-01
9.986882282506789332e-01
9.980504088218207226e-01
1.001337368792027505e+00
1.000045207710318573e+00
9.978982358083091642e-01
1.000135220530649516e+00
9.994712544194221948e-01
9.975425591658322322e-01
1.003012807789765759e+00
9.961292285840935845e-01
1.000040086141169571e+00
9.988083198214994241e-01
9.973391567152737336e-01
9.993206576349652481e-01
1.001778480485870926e+00
1.001782290370040185e+00
9.966716807241311482e-01
1.000910541859320046e+00
1.000989007081528825e+00
1.000996194530159533e+00
9.987427845939955695e-01
9.986017347792532917e-01
1.001271515934107903e+00
1.001028827704193880e+00
1.001129403159083164e+00
9.990860648500814456e-01
1.001680032319066216e+00
1.003456925246438924e+00
9.994551187141912374e-01
1.001611428482381605e+00
1.002287068202304399e+00
1.003077069902388763e+00
1.002750286242174660e+00
1.002134021345468806e+00
9.990937833997877160e-01
9.992592809714012647e-01
1.000665723067271973e+00
1.003991582834151686e+00
9.994827065650165876e-01
9.993962013196221461e-01
1.001981102606416929e+00
1.001542707833020573e+00
9.985678520710803419e-01
1.002061174949638422e+00
1.001645639010987354e+00
9.991897372868655536e-01
9.968600232475055556e-01
9.977957155334233885e-01
1.000431401764004802e+00
1.000115011660939635e+00
1.000564050883667067e+00
1.000473995721957943e+00
1.002452690173224692e+00
1.002994938299846428e+00
1.000297165153669399e+00
9.998013917028298891e-01
9.988678793615370921e-01
1.001009611034842761e+00
1.000187593099168160e+00
9.897016364075233996e-01
9.795204305036834258e-01
9.745778490694414486e-01
9.661007518269268957e-01
9.575461078031145545e-01
9.482220532844050087e-01
9.398556448650974282e-01
9.358511528848872940e-01
9.215004653563984016e-01
9.184443105416655317e-01
9.077100688309316379e-01
8.997506427701497111e-01
8.917392609408936188e-01
8.855575560795091450e-01
8.773839618229993809e-01
8.694198985077695729e-01
8.603677852835047712e-01
8.513341628760626723e-01
8.462798986151496283e-01
8.364563646847402723e-01
8.290135807693645997e-01
8.229314545374264434e-01
8.177141614812426518e-01
8.070802947149241513e-01
7.996335973946459008e-01
7.932741310130523305e-01
7.844258006478913581e-01
7.788152551082768715e-01
7.708121649853063584e-01
7.653223252176967195e-01
7.552413369089637785e-01
7.523577472471765226e-01
7.419595962396532407e-01
7.385221117140685632e-01
7.300050977270672314e-01
7.224946842216509735e-01
7.153299716551876353e-01
7.049363194901875351e-01
7.016721050887791966e-01
6.957245733548290678e-01
6.861265090064653238e-01
6.821902734295387516e-01
6.767200564245563488e-01
6.665317584849566046e-01
6.615185517959670802e-01
6.529702375338185538e-01
6.474302246873337996e-01
6.412173493049638795e-01
6.342134373915159218e-01
6.285347694306828714e-01
6.229696069813001058e-01
6.154040280480506109e-01
6.088198262336146360e-01
6.039279012269135327e-01
5.943940485184724398e-01
5.879489442327825444e-01
5.855393652555809236e-01
5.768003224323566824e-01
5.726974974293665976e-01
5.669736335087872670e-01
5.569188645913378810e-01
5.546302165890865110e-01
5.458827433750803593e-01
5.412016528784747704e-01
5.355549855857778541e-01
5.276239374973462626e-01
5.238317301884890531e-01
5.181259401188360592e-01
5.093324228944013932e-01
5.059008880270597919e-01
4.992629513601635760e-01
4.946256822183749957e-01
4.896681368197251527e-01
4.822536283834347182e-01
4.760795808151448982e-01
4.710344660881385370e-01
4.651468514603421811e-01
4.594326814963534678e-01
4.546237537532601958e-01
4.479264053360927922e-01
4.427577611340840491e-01
4.384758468677716903e-01
4.314792359219436491e-01
4.264166700785533837e-01
4.203493941139852530e-01
4.148105028425471130e-01
4.115063391976067630e-01
4.052126795251212443e-01
3.981548135228576979e-01
3.939424970966312056e-01
3.881947795115396338e-01
3.822421001156965370e-01
3.774688899792952301e-01
3.732105358496319858e-01
3.661472019109843767e-01
3.624127676893397765e-01
3.580090933329998504e-01
3.515838337341806730e-01
3.470228208882000787e-01
3.425946671505041285e-01
3.359848579744809105e-01
3.314552067962047155e-01
3.277195270180440767e-01
3.216819795841846519e-01
3.171177960312510646e-01
3.123002902071043696e-01
3.074880055393868772e-01
3.012245441156943260e-01
2.974394242076949801e-01
2.913762688735945239e-01
2.886740473868435464e-01
2.808918522569184839e-01
2.769929546398327558e-01
2.732153171795570490e-01
2.682449601251458704e-01
2.631295729831968910e-01
2.582021914493030090e-01
2.527936595191696556e-01
2.483573811915097684e-01
2.454676590102509159e-01
2.387006543800941905e-01
2.345146057441109266e-01
2.301598865628534663e-01
2.249337313317171516e-01
2.204200904993498522e-01
2.164128057810528472e-01
2.118598664552504840e-01
2.068014756640763063e-01
2.022971481386976189e-01
1.971057436385778572e-01
1.926772781207518881e-01
1.886400747252099941e-01
1.840230372507803414e-01
1.805516771393643471e-01
1.755647590686740533e-01
1.709031515247661503e-01
1.674411752529096908e-01
1.621827128053778821e-01
1.579985819882112064e-01
1.531380379000993608e-01
1.490843484355693915e-01
1.443327759628494633e-01
1.407522561185288179e-01
1.371896016510440186e-01
1.324245994141710625e-01
1.280928712452496510e-01
1.241557959123934241e-01
1.199785408020539457e-01
1.153681126237428856e-01
1.130406724762909043e-01
1.095047860026805570e-01
1.049446417688975342e-01
1.029607680522619528e-01
9.936056546763577524e-02
9.743054290134200990e-02
9.437105195165682026e-02
9.166526693228184419e-02
8.901320113284395819e-02
8.587852849291846558e-02
8.408758968110291443e-02
8.222714394850910713e-02
7.936300915494827468e-02
7.730528709396568277e-02
7.427830626808482051e-02
7.238108725468397897e-02
7.024951990454890438e-02
6.838971031057027028e-02
6.641228538503314571e-02
6.450488363308529149e-02
6.258687788849470746e-02
6.053968332910519140e-02
5.871847785661758745e-02
5.684981253961318010e-02
5.508072040643456624e-02
5.406369828792860488e-02
5.214809126212862495e-02
5.054683900977664790e-02
4.891782379282237636e-02
4.684085501157084219e-02
4.564533623524379830e-02
4.411877364354833964e-02
4.311070794085104102e-02
4.193656964311486685e-02
4.003148698721526594e-02
3.906379819865350017e-02
3.797909626021662988e-02
3.642231973753493751e-02
3.535240951727909586e-02
3.399928158576081411e-02
3.294553095134403892e-02
3.126163367432860385e-02
3.059873829780719937e-02
2.911904979958215844e-02
2.843008244016723141e-02
2.781871698502123846e-02
2.617918966634452324e-02
2.563223548917714992e-02
2.450730689222647626e-02
2.361221469668093459e-02
2.304792237467993138e-02
2.196353129568802756e-02
2.100798261828326630e-02
1.975544527636495865e-02
1.950727982552045991e-02
1.873662849600667146e-02
1.810807810671630907e-02
1.717912109322280306e-02
1.613044641693188799e-02
1.601388312579943990e-02
1.493719328324611371e-02
1.452920947256775876e-02
1.392790318580371632e-02
1.312165590345166707e-02
1.259315531780266090e-02
1.210895059193151622e-02
1.126002141481596310e-02
1.078573848284737798e-02
1.009684535858453719e-02
9.816988793301872560e-03
9.248860143708502804e-03
8.869528563382168829e-03
8.174063187679814907e-03
7.763387456865294793e-03
7.392900376934930309e-03
6.940259864675554953e-03
6.489671917290113466e-03
6.028112397709829012e-03
5.691352410252100737e-03
5.344923744041702937e-03
4.894818832646148643e-03
4.635324822154743285e-03
4.296878603585367953e-03
4.015610799638087702e-03
3.654125667722094885e-03
3.429468575738259771e-03
3.127674878827941402e-03
2.973977359750230084e-03
2.606273733551560737e-03
2.340959506361399954e-03
2.176055769512066571e-03
2.040877348458872836e-03
1.757219584993089095e-03
1.618620410364468836e-03
1.455415422298387499e-03
1.217928905490141918e-03
1.093726896591157381e-03
1.005896668943089987e-03
8.225793572276176441e-04
7.194769203639136967e-04
5.725763788904913434e-04
5.217528140589595661e-04
4.178745776741656006e-04
3.100865161836636281e-04
2.432350923493443561e-04
1.923126214719433360e-04
1.280936194952288730e-04
8.783456992149876069e-05
4.422598202959011058e-05
2.429042548525940087e-05
8.967339171394295952e-06
2.681509669326691183e-06
0.000000000000000000e+00
0.000000000000000000e+00
0.000000000000000000e+00
0.000000000000000000e+00
0.000000000000000000e+00
0.000000000000000000e+00
0.000000000000000000e+00
0.000000000000000000e+00
0.000000000000000000e+00
0.000000000000000000e+00
0.000000000000000000e+00
0.000000000000000000e+00
0.000000000000000000e+00
0.000000000000000000e+00
0.000000000000000000e+00
0.000000000000000000e+00
0.000000000000000000e+00
0.000000000000000000e+00
0.000000000000000000e+00
0.000000000000000000e+00
0.000000000000000000e+00
0.000000000000000000e+00
0.000000000000000000e+00
0.000000000000000000e+00
0.000000000000000000e+00
0.000000000000000000e+00
0.000000000000000000e+00
0.000000000000000000e+00
0.000000000000000000e+00
0.000000000000000000e+00
0.000000000000000000e+00
