0.000000000000000000e+00
0.000000000000000000e+00
0.000000000000000000e+00
0.000000000000000000e+00
0.000000000000000000e+00
0.000000000000000000e+00
0.000000000000000000e+00
0.000000000000000000e+00
0.000000000000000000e+00
0.000000000000000000e+00
0.000000000000000000e+00
0.000000000000000000e+00
0.000000000000000000e+00
0.000000000000000000e+00
0.000000000000000000e+00
0.000000000000000000e+00
0.000000000000000000e+00
0.000000000000000000e+00
0.000000000000000000e+00
0.000000000000000000e+00
0.000000000000000000e+00
0.000000000000000000e+00
0.000000000000000000e+00
0.000000000000000000e+00
0.000000000000000000e+00
0.000000000000000000e+00
0.000000000000000000e+00
0.000000000000000000e+00
0.000000000000000000e+00
0.000000000000000000e+00
0.000000000000000000e+00
4.921263144936061790e-03
6.439316311099867185e-02
2.626279715556686378e-01
6.099776912453701572e-01
9.925010951667067038e-01
1.281842443843527413e+00
1.409846825144516647e+00
1.488639179214477304e+00
1.507222934333996900e+00
1.488473268748101930e+00
1.456189233183023068e+00
1.405755483144286000e+00
1.372652756084674852e+00
1.323105595173472260e+00
1.271906781600634639e+00
1.271913703402647311e+00
1.213127716705141745e+00
1.213666661575780958e+00
1.212958786548724799e+00
1.199728711978606643e+00
1.209616842473034914e+00
1.175872479430607020e+00
1.116849616573134973e+00
1.058156329627008452e+00
9.992494455992450009e-01
9.784513576043021299e-01
9.645493785143680610e-01
9.621279154459468907e-01
9.608009040694452940e-01
9.611794102647397420e-01
9.709856987176275211e-01
9.748552678524237125e-01
1.002958589699992187e+00
9.955774430935308006e-01
1.003908499853524594e+00
9.983954513409911691e-01
1.023274378479755775e+00
1.010008129250812292e+00
1.021521080622929123e+00
1.010573786406232299e+00
1.007545201370225074e+00
1.009009781919937065e+00
1.011055302774725329e+00
1.010365645344569741e+00
1.005961304215714502e+00
1.012914274728740960e+00
1.021237433604315070e+00
1.010696589221326214e+00
1.016475293437758776e+00
1.011106415691453542e+00
9.997853955564697248e-01
1.006932167570366854e+00
9.991683645517213108e-01
1.004165107877340146e+00
9.924086151849900173e-01
9.858425910812174120e-01
9.892706673120417182e-01
9.812701871578242141e-01
9.823488967466280641e-01
9.791584390811592931e-01
9.813924888925320555e-01
9.787559590569271384e-01
9.830694982363090695e-01
9.843065750709710793e-01
9.805912949769025611e-01
9.936178486940573373e-01
9.912655824246572323e-01
9.938908222207722964e-01
9.975672984291205081e-01
9.997962249535593537e-01
1.000677537228848113e+00
1.002297139698819839e+00
1.002299985936906612e+00
1.004962049678465696e+00
1.002987309113511083e+00
1.004015352065921851e+00
1.003729998636967213e+00
9.946323469044019427e-01
1.010440906333871292e+00
9.996343520191041110e-01
1.003444832366126249e+00
9.971506765627244917e-01
1.005597683989804647e+00
9.930450318634573836e-01
9.962018131047688518e-01
1.000877714634305971e+00
9.975069303950948596e-01
1.002043554572152884e+00
9.999016318753591870e-01
9.944613849100274461e-01
9.944987784183753066e-01
9.938561570081487773e-01
9.913657240255528968e-01
9.864075364963412751e-01
9.877927798337494680e-01
9.929239080043561483e-01
9.894797565154894725e-01
9.983169111325137512e-01
9.978201324164827080e-01
9.909229133223677044e-01
9.951131212398788284e-01
9.917824987750912813e-01
9.928923209012112672e-01
9.958649747872185820e-01
9.924769409468346959e-01
9.912151719748693024e-01
9.948296144439289224e-01
9.968001127842600617e-01
9.990512295064456483e-01
9.966579938732527122e-01
9.965146260216166674e-01
9.940010105124422735e-01
9.916467660066011769e-01
9.996616505014980225e-01
9.933166178833946480e-01
1.000183374346978127e+00
9.976262875818693310e-01
9.989146375326526384e-01
9.995331118903258982e-01
9.975059367080285622e-01
9.960453221552363345e-01
9.993143193788244227e-01
9.968992619932874888e-01
9.986348901279731294e-01
9.958869290706071631e-01
9.958619274874830340e-01
9.962705247104198802e-01
1.001956117777722755e+00
9.968017339407946320e-01
9.972223948660122739e-01
9.974358686733437729e-01
9.990348687326039423e-01
9.964359832721946253e-01
9.951604393948848548e-01
1.000993737852000409e+00
9.963353981278062488e-01
1.004677995127847945e+00
9.967444965273745128e-01
9.959332624004768597e-01
9.953064160690161533e-01
1.003396732953998116e+00
1.001180901837180004e+00
9.979817506945949379e-01
9.978313993868646037e-01
9.998054497439429200e-01
1.000472710577148705e+00
1.001687052341717621e+00
9.942447715058472246e-01
1.002533317409821878e+00
1.001734027601582255e+00
9.981594964315606555e-01
9.993944315590392868e-01
9.908624121140334751e-01
9.984676610288568677e-01
1.002298684445986465e+00
9.992359766032169466e-01
9.940630493448995297e-01
1.000409708646366136e+00
9.977424544107171833e-01
9.983632394079234862e-01
9.986931477846830996e-01
1.000604962814477528e+00
1.002726793244161918e+00
9.985328078997784962e-01
9.973928654893086110e-01
1.001739604981197740e+00
9.974160104395313198e-01
1.000635710437092873e+00
9.984034103986808573e-01
9.952676676868432715e-01
9.979009601405695040e-01
1.000165865940344290e+00
9.960586830173870920e-01
9.947738758971965689e-01
9.966139150415722625e-01
1.000604942542194342e+00
9.949778887530655869e-01
9.973683322620514602e-01
9.953165810450677053e-01
1.001504932235565581e+00
9.951292644442305546e-01
9.967198565460700932e-01
9.967907119504424429e-01
9.990306988492526630e-01
9.990793782362306086e-01
9.977970668964576406e-01
9.953494313298854035e-01
9.957578448027941675e-01
9.953754187807841713e-01
9.954001821526485827e-01
9.980358821429592409e-01
9.975930464652204011e-01
9.957843804618888850e-01
9.955255204355245580e-01
9.969264506785147084e-01
9.984032721345051931e-01
9.977836315516176446e-01
9.968793568526638227e-01
9.971483317556902870e-01
9.976213271663727511e-01
9.980912626318512171e-01
9.970933405886039935e-01
9.965588997939704985e-01
9.979700783656296759e-01
9.993874419784147811e-01
9.974180089503128510e-01
9.981641631066140441e-01
9.930891284927712004e-01
9.948262490457177032e-01
9.966931846908536619e-01
9.965184384671980089e-01
9.938065115192333820e-01
9.972797611894863579e-01
9.945187032715685493e-01
9.963648438521155448e-01
9.924133032833368784e-01
9.959527529491292164e-01
9.946328287367858234e-01
9.943975219384002528e-01
9.916577667695136711e-01
9.945716952951964007e-01
9.934117327825829902e-01
9.950671356449365401e-01
9.970940478012366714e-01
9.953424168967049956e-01
9.931794925980554911e-01
9.918802187654429670e-01
9.931004563498467830e-01
9.946117532826316276e-01
9.951762040830073319e-01
9.937186271336171384e-01
9.945981737616289564e-01
9.955236888363325765e-01
9.953846660574987570e-01
9.951081461396995564e-01
9.984225780593000144e-01
9.982887938856770393e-01
9.950616470864288576e-01
9.978366192154370928e-01
9.980191567263343444e-01
9.930232683034283525e-01
9.949979071570597133e-01
9.917176175555646456e-01
9.977219804795036673e-01
9.961013338600848144e-01
9.957349944379366713e-01
9.936131393941399770e-01
9.953457483501708669e-01
9.953202244021787104e-01
9.956443876865445075e-01
9.943189003392390868e-01
9.955987963480682490e-01
9.958745911624327096e-01
9.967575864998619029e-01
9.959647466295606932e-01
9.931528200443410226e-01
9.951773936872180260e-01
9.969552011849158735e-01
9.951553102470941381e-01
9.980294059433046927e-01
9.972979667381770552e-01
9.966551107780420304e-01
9.987899001978958191e-01
9.972751391527099329e-01
9.990057116051068720e-01
9.958177569185457934e-01
9.966267197228348973e-01
9.950105241246021137e-01
9.976440802954048559e-01
9.955947433288270254e-01
9.974474261274957065e-01
9.959374350945717769e-01
9.964081178405018724e-01
9.981603583582208117e-01
9.993637766083361962e-01
9.964457781188733598e-01
9.976449258351089977e-01
9.975889381873259687e-01
9.993062990147180136e-01
9.974152232095852000e-01
9.962000451956986025e-01
9.957336515663591792e-01
9.963372081279951997e-01
9.969958431148664424e-01
9.958389054995849810e-01
9.981658624100938626e-01
9.965405326594157787e-01
9.984680203620540651e-01
9.975515354279395064e-01
9.990771429373185297e-01
9.967661962764856609e-01
9.979023739169438079e-01
9.965339314779555480e-01
9.986068841860964440e-01
9.974765967562752023e-01
9.989166191662065541e-01
9.970942539882274858e-01
9.994583531117146036e-01
9.974637393802574525e-01
9.983730038954490293e-01
9.986167263557035323e-01
9.992969597133966042e-01
9.987765544909877891e-01
1.000941182565165510e+00
9.969324843228071220e-01
9.975330032456234397e-01
9.971105770350962016e-01
9.971567240854287695e-01
9.979915618196375515e-01
9.992115905317212610e-01
9.984351118471721520e-01
9.971347302228539267e-01
9.977925897706649838e-01
9.961246340258781418e-01
9.984348945241778850e-01
9.979258627505587231e-01
9.976227949379008475e-01
9.984828943407897395e-01
1.000283481707399780e+00
9.986201131720916502e-01
9.983852148738194821e-01
9.928760394262786670e-01
9.842420689926689725e-01
9.761517361387164193e-01
9.679255812533379411e-01
9.602812500056939760e-01
9.497936389060558371e-01
9.425332359732038201e-01
9.345223486419362846e-01
9.299555807901351834e-01
9.194992371275729770e-01
9.120108676006767334e-01
9.018373935288680476e-01
8.961672569782952458e-01
8.871406535057742015e-01
8.780705415123788438e-01
8.716157350342441656e-01
8.638218219445613633e-01
8.555156002960043748e-01
8.480906200640109249e-01
8.399647256523110617e-01
8.307673953783966114e-01
8.252195841963206879e-01
8.177617144201179133e-01
8.093831464654834829e-01
8.047977422371227485e-01
7.950479739128034629e-01
7.886964107454449424e-01
7.800306935623789739e-01
7.743736021976442840e-01
7.649350741627358730e-01
7.597044356170192803e-01
7.522884035705156291e-01
7.445333160083156265e-01
7.390736491645787387e-01
7.298413762580624464e-01
7.228386316593812255e-01
7.179805490445946292e-01
7.092114590515768979e-01
7.039562204570760651e-01
6.953236219059717449e-01
6.873980803734851541e-01
6.815151917676753879e-01
6.762915724754571256e-01
6.694439320421523565e-01
6.607551642167798223e-01
6.555516619246180010e-01
6.488192438808434437e-01
6.412913621024322053e-01
6.357192147811518979e-01
6.299219053370317400e-01
6.219253248147149638e-01
6.164736850478748087e-01
6.091623589667308769e-01
6.041356206465468004e-01
5.970346512687053631e-01
5.914475619129134776e-01
5.845847582885453919e-01
5.775051925196038605e-01
5.720028615013111883e-01
5.648167340088816601e-01
5.594441991546977855e-01
5.530612059177301143e-01
5.472479001059191717e-01
5.419053633772612510e-01
5.341736517341830748e-01
5.289631949275370726e-01
5.227129174367570741e-01
5.159353773911283803e-01
5.106278282609226782e-01
5.033208707780918445e-01
4.983724092415239282e-01
4.932345469501324131e-01
4.878220456737634159e-01
4.817931069870549088e-01
4.758411700007590395e-01
4.704196196270203911e-01
4.639349125320507694e-01
4.586636336507607936e-01
4.527408064288835354e-01
4.466861677457640289e-01
4.411991716005454478e-01
4.349245533193657476e-01
4.299760090251267819e-01
4.237008304961704108e-01
4.185276172018092544e-01
4.137781075115193885e-01
4.067690262582490668e-01
4.016424124303072940e-01
3.970740420169488472e-01
3.911157247968406470e-01
3.855670090781713744e-01
3.802762319291621562e-01
3.749699658311200778e-01
3.698375169640105153e-01
3.649239537499874841e-01
3.600827928235020847e-01
3.535175240762745141e-01
3.479617593739891546e-01
3.437288278705822320e-01
3.375253188807675886e-01
3.324558701643115510e-01
3.274515491923032928e-01
3.224601407334211634e-01
3.176127561666111654e-01
3.125134494948805242e-01
3.063907045467600399e-01
3.022182524513251090e-01
2.977842813456672011e-01
2.922501102508955340e-01
2.874096289697212758e-01
2.829996091163298755e-01
2.773487007067426680e-01
2.726159987805960583e-01
2.682545854920725392e-01
2.617569143441276780e-01
2.583958659042595585e-01
2.541870214226131242e-01
2.477692960527984600e-01
2.433742497299017093e-01
2.389255679793507725e-01
2.341654660596308446e-01
2.294916335368215043e-01
2.244313478492290514e-01
2.205007605204392374e-01
2.150978732771461621e-01
2.102829038553452878e-01
2.062748690921459571e-01
2.013410832321718136e-01
1.968401143316021173e-01
1.930164615121629512e-01
1.886676472821668393e-01
1.833459197986515854e-01
1.795264690049020451e-01
1.745019355577018538e-01
1.700381446809125507e-01
1.661151189689869523e-01
1.614926078806503684e-01
1.571153517385555087e-01
1.535096700235452083e-01
1.483198066266354642e-01
1.432319057049043498e-01
1.397093756270258169e-01
1.351599514909839761e-01
1.308179892885379392e-01
1.262530468025820918e-01
1.223938607838926246e-01
1.176620120420471538e-01
1.142413955886478344e-01
1.113498455266792725e-01
1.076676683100797616e-01
1.048931810895946670e-01
1.015743430097506422e-01
9.862496763039695080e-02
9.518347067625898550e-02
9.251483882299911532e-02
8.955362366311481193e-02
8.777041450356154462e-02
8.478911309648663741e-02
8.232705415009146377e-02
7.959359789821054965e-02
7.760329380700453639e-02
7.524621977086778934e-02
7.294178730956424328e-02
7.088567857724514809e-02
6.920451305481600812e-02
6.700958095311604357e-02
6.478758426100662826e-02
6.301065127682324574e-02
6.103250519174499567e-02
5.871056215132532119e-02
5.708822951507719345e-02
5.550394576864808166e-02
5.375823739421749931e-02
5.196666513210702887e-02
5.039467636731408129e-02
4.869507280772716190e-02
4.707789635378050591e-02
4.575997715839354163e-02
4.470450263635164512e-02
4.290278969129152076e-02
4.135355168841730461e-02
4.006869662242806829e-02
3.907398515574966175e-02
3.755362118455365245e-02
3.668298152554948233e-02
3.493413882587558666e-02
3.390533498678109658e-02
3.284975578485124087e-02
3.139697352374641592e-02
3.039187501563328855e-02
2.938211477104959654e-02
2.818295641423111328e-02
2.726183086281313075e-02
2.638770633254933565e-02
2.545905777150039850e-02
2.436187606720307749e-02
2.341049392547707442e-02
2.251669992832463704e-02
2.159528419338521341e-02
2.077157364497088377e-02
2.011994610417542143e-02
1.904306676057651235e-02
1.832891502960840371e-02
1.754008339841509403e-02
1.678045172775262037e-02
1.599248300465756431e-02
1.525533638773135872e-02
1.469161365808527991e-02
1.384368078725172445e-02
1.338615880245535607e-02
1.274052392546428693e-02
1.229492485734540522e-02
1.134174293682274799e-02
1.102515110464954116e-02
1.037213974704241648e-02
9.867712790304400752e-03
9.433145097797383458e-03
8.920364376608367826e-03
8.367711846619404689e-03
7.885619745500282995e-03
7.469634365744119188e-03
6.928170962208955730e-03
6.500873023595438865e-03
6.114942791828442172e-03
5.793048141470595949e-03
5.359861207747031002e-03
5.076077668525027890e-03
4.595304156550084236e-03
4.409204064695826722e-03
4.066006960968742562e-03
3.854158816306239074e-03
3.415267807578061757e-03
3.172329197521760874e-03
2.864379961643934418e-03
2.668537857251671464e-03
2.465926408588007841e-03
2.173524468129318758e-03
1.989993258045893044e-03
1.809192328225373144e-03
1.599691555088394610e-03
1.427364693024098805e-03
1.256189197207728449e-03
1.109350090137107680e-03
9.816869995039694506e-04
8.043845487449086725e-04
6.663686945961306944e-04
5.954896025034128737e-04
4.906240310971109403e-04
4.116039867606407772e-04
3.080389477469481488e-04
2.402325983043155689e-04
1.604228749911964852e-04
1.112088495452337315e-04
8.229886500986914339e-05
4.030262682777253658e-05
1.795837641943548080e-05
4.710368386021635048e-06
9.389849138209858792e-07
0.000000000000000000e+00
0.000000000000000000e+00
0.000000000000000000e+00
0.000000000000000000e+00
0.000000000000000000e+00
0.000000000000000000e+00
0.000000000000000000e+00
0.000000000000000000e+00
0.000000000000000000e+00
0.000000000000000000e+00
0.000000000000000000e+00
0.000000000000000000e+00
0.000000000000000000e+00
0.000000000000000000e+00
0.000000000000000000e+00
0.000000000000000000e+00
0.000000000000000000e+00
0.000000000000000000e+00
0.000000000000000000e+00
0.000000000000000000e+00
0.000000000000000000e+00
0.000000000000000000e+00
0.000000000000000000e+00
0.000000000000000000e+00
0.000000000000000000e+00
0.000000000000000000e+00
0.000000000000000000e+00
0.000000000000000000e+00
0.000000000000000000e+00
0.000000000000000000e+00
0.000000000000000000e+00
0.000000000000000000e+00
0.000000000000000000e+00
0.000000000000000000e+00
0.000000000000000000e+00
0.000000000000000000e+00
0.000000000000000000e+00
0.000000000000000000e+00
0.000000000000000000e+00
0.000000000000000000e+00
