0.000000000000000000e+00
0.000000000000000000e+00
0.000000000000000000e+00
0.000000000000000000e+00
0.000000000000000000e+00
0.000000000000000000e+00
0.000000000000000000e+00
0.000000000000000000e+00
0.000000000000000000e+00
0.000000000000000000e+00
0.000000000000000000e+00
0.000000000000000000e+00
0.000000000000000000e+00
0.000000000000000000e+00
0.000000000000000000e+00
0.000000000000000000e+00
0.000000000000000000e+00
0.000000000000000000e+00
0.000000000000000000e+00
0.000000000000000000e+00
0.000000000000000000e+00
0.000000000000000000e+00
0.000000000000000000e+00
0.000000000000000000e+00
0.000000000000000000e+00
0.000000000000000000e+00
0.000000000000000000e+00
0.000000000000000000e+00
0.000000000000000000e+00
0.000000000000000000e+00
2.750385635232319484e-04
9.597914802962287731e-03
1.108345139934427126e-01
4.870564826011798965e-01
1.141381515533194113e+00
1.836868255318710119e+00
2.323212746979729015e+00
2.600158175311341413e+00
2.680739704004059032e+00
2.659555802967707550e+00
2.585137946565912781e+00
2.459402310859521990e+00
2.332220637272844677e+00
2.206186968292246586e+00
2.074326587233843000e+00
1.942653401358687359e+00
1.833414338130704424e+00
1.741925407967109818e+00
1.656901065222221803e+00
1.593221472998773702e+00
1.520382827015900995e+00
1.419744659711886348e+00
1.280285099626867096e+00
1.122311227384680477e+00
9.783992305024282743e-01
8.817774773710470582e-01
8.225913973361654863e-01
7.960348059623332251e-01
7.916577551751698971e-01
7.946955979315430962e-01
8.065001057702174680e-01
8.249854012069911535e-01
8.320805543521840875e-01
8.423208680789273650e-01
8.492417333130317658e-01
8.458345548085002275e-01
8.435453474286644937e-01
8.396155445140233153e-01
8.364143758365993886e-01
8.330543614558068022e-01
8.277566748046225609e-01
8.318536621438233913e-01
8.332530751023928817e-01
8.413998410236944725e-01
8.590566173033225006e-01
8.699876382921919449e-01
8.828360647300003139e-01
9.016988880277400087e-01
9.210595021505846303e-01
9.343221207210727908e-01
9.453644890429143688e-01
9.602823415675401098e-01
9.698300674192600335e-01
9.818935274857621964e-01
9.875990036442147124e-01
9.922610131914757492e-01
9.978240070529321715e-01
1.005682260147096496e+00
1.005879594185779657e+00
1.010143622448639755e+00
1.005567192517408781e+00
1.010541582879399103e+00
1.015073628581065979e+00
1.008537560790325749e+00
1.013449917367377440e+00
1.010838339605308223e+00
1.015383007061562814e+00
1.019116797910587513e+00
1.018423157342689844e+00
1.022889886079649591e+00
1.025080855989386919e+00
1.028102232636250557e+00
1.028973722944103830e+00
1.030500885511598019e+00
1.033517940511301969e+00
1.033364881380034239e+00
1.031027506247682357e+00
1.031899440725773998e+00
1.029006840672972212e+00
1.030256086482667754e+00
1.025065561896455701e+00
1.025065230022459417e+00
1.022771117863918278e+00
1.017882417720280319e+00
1.016102296898981461e+00
1.014593258751742999e+00
1.011831863893802419e+00
1.005621377613199474e+00
1.001959778571695381e+00
1.000704316592032184e+00
9.995109468567169309e-01
9.946235389117629166e-01
9.935889259846001353e-01
9.922950936742284123e-01
9.933906418834365093e-01
9.906935585691765134e-01
9.916331919563944330e-01
9.907233883191780555e-01
9.914503681736102081e-01
9.917384541936473674e-01
9.920432113951952457e-01
9.941262890522102325e-01
9.924353854001352060e-01
9.906403245408580416e-01
9.925605790512468385e-01
9.921841714319464822e-01
9.949898175002502843e-01
9.966948899336132150e-01
9.973504635200020063e-01
9.977650742542074624e-01
9.989079769739068748e-01
9.990940259670682000e-01
1.001507648645789228e+00
1.000219962376123428e+00
1.001386760395084119e+00
1.001840227224526592e+00
1.002713939349146877e+00
1.001296145456414655e+00
1.002271168928207778e+00
1.004089721014299164e+00
1.001183822225720998e+00
1.004288174586930094e+00
1.001563877025685390e+00
1.001967138833453230e+00
1.004218684845035403e+00
1.002321379028614068e+00
1.003488599059273234e+00
1.003567824280700904e+00
1.001352703057061699e+00
1.001029543603556338e+00
1.002601196921624860e+00
1.002418952188475210e+00
1.000788185642260464e+00
1.001944825099034375e+00
1.000671225857469704e+00
1.001386497488716776e+00
1.001033037533850534e+00
1.001453634913206603e+00
1.000472974333152631e+00
9.999671801893553758e-01
1.001062099193421817e+00
9.999398731074974345e-01
1.001203165947066820e+00
1.000985440105983004e+00
1.001198046228475969e+00
9.998943727028103412e-01
1.001098495443822456e+00
1.001762699277805035e+00
1.001811163349832112e+00
1.002086674113481291e+00
1.001316371154940654e+00
1.001560256634764556e+00
1.001168467780152005e+00
1.000555151052501701e+00
1.001786353600166102e+00
1.002053816224514282e+00
1.001617935833931217e+00
1.002285100327445333e+00
1.000423737420009118e+00
1.000585995108542514e+00
9.981749186529608187e-01
9.996792518590146281e-01
1.000053562864479106e+00
1.000389537545096186e+00
1.001173788030766509e+00
9.989581058179997086e-01
9.998104051873213383e-01
1.001707991030301059e+00
1.000389478974032187e+00
9.996120405925115193e-01
9.991510888275807467e-01
9.997948962692680963e-01
1.000503472095232604e+00
9.997781811655929163e-01
1.000537941118893936e+00
1.001834103554134492e+00
9.986232178459351072e-01
9.986974343482778460e-01
9.995967214372726284e-01
9.998335356575854815e-01
9.997794896750996640e-01
9.990722422184172835e-01
1.000673622895130066e+00
9.998323281737427903e-01
1.000496254248182781e+00
1.001551121529226096e+00
9.999022894403670758e-01
9.985340519624908984e-01
1.000516503008419100e+00
1.002004854795783828e+00
1.000735837429922448e+00
1.000803093045879555e+00
9.995170424372582518e-01
1.000261152766305672e+00
1.000655090636388245e+00
1.000482185088801046e+00
1.000276641288265989e+00
9.995949375267547676e-01
9.983325006170163940e-01
9.993368277360349383e-01
9.990372251052063168e-01
9.999049589272287486e-01
9.997199536346460524e-01
1.000822272706823446e+00
1.000125059887197132e+00
1.000154068497917326e+00
1.000482308661258202e+00
9.990533262230846256e-01
9.999042500627572938e-01
1.000311121952473847e+00
9.996247705570792119e-01
9.982339670432984757e-01
9.984598887189737315e-01
9.997723896750926320e-01
9.990806206694392566e-01
9.999325687069368085e-01
1.000038321219928861e+00
1.000947473342689298e+00
1.000243347688624329e+00
1.001719252503823210e+00
1.000535913779443842e+00
1.000076386730305522e+00
1.000925176385515369e+00
1.000381868114144313e+00
1.000477231762698871e+00
9.999808143994144416e-01
9.999284105050020299e-01
1.000112500297536622e+00
1.000577815245783375e+00
9.999786425702180681e-01
9.994743775400833918e-01
9.994279391194614837e-01
9.991988844696065852e-01
9.999788468508790107e-01
9.992924661729565283e-01
1.000489733954990745e+00
9.999584286960776502e-01
9.984789476394354546e-01
9.995381811215050538e-01
1.000036736174459318e+00
1.000312550114333066e+00
9.996326518726297294e-01
1.000293445419749849e+00
9.985020793731069766e-01
9.995668735665750315e-01
9.992680280872964227e-01
9.993188540679244225e-01
1.000155977120417372e+00
9.998890226766297129e-01
9.983603447830908806e-01
