0.000000000000000000e+00
0.000000000000000000e+00
0.000000000000000000e+00
0.000000000000000000e+00
0.000000000000000000e+00
0.000000000000000000e+00
0.000000000000000000e+00
0.000000000000000000e+00
0.000000000000000000e+00
0.000000000000000000e+00
0.000000000000000000e+00
0.000000000000000000e+00
0.000000000000000000e+00
0.000000000000000000e+00
0.000000000000000000e+00
0.000000000000000000e+00
0.000000000000000000e+00
0.000000000000000000e+00
0.000000000000000000e+00
0.000000000000000000e+00
0.000000000000000000e+00
0.000000000000000000e+00
0.000000000000000000e+00
0.000000000000000000e+00
0.000000000000000000e+00
0.000000000000000000e+00
0.000000000000000000e+00
0.000000000000000000e+00
0.000000000000000000e+00
2.743759142328719685e-03
1.072863729867167965e-01
8.049236488637805387e-01
2.117758314913566586e+00
3.099319673455166679e+00
3.223617401808097416e+00
2.782967528201830909e+00
2.266277092555495365e+00
1.820562664570998912e+00
1.498867381038257562e+00
1.275105449262292856e+00
1.138585749023601101e+00
1.058694935330688702e+00
1.024350712519030093e+00
1.013957713478669032e+00
1.029078171016553522e+00
1.063929531046879262e+00
1.107537248987524592e+00
1.163073649998774828e+00
1.210561314462190952e+00
1.252651460399576200e+00
1.299331031548913273e+00
1.331218379049536882e+00
1.350855780803867479e+00
1.356031382548993136e+00
1.363691939552478027e+00
1.370875515452536053e+00
1.366067860322937921e+00
1.366316905395058345e+00
1.349386487415947133e+00
1.330781244463216995e+00
1.284691029540246943e+00
1.226905519420588675e+00
1.170602591906114931e+00
1.097053508356538920e+00
1.008491616196609542e+00
9.214457075741493419e-01
8.500490309110160236e-01
8.017892561291209974e-01
7.770299610603852436e-01
7.744113281161878470e-01
7.794462605248774212e-01
7.983064306604995553e-01
8.147279346497823260e-01
8.386016447421964504e-01
8.570517789103125894e-01
8.770394571135370354e-01
8.954045241647879960e-01
9.097906266174278223e-01
9.211048556377122720e-01
9.341698091109967850e-01
9.425457865164681426e-01
9.446680778225466923e-01
9.476975744804075896e-01
9.533698257334655146e-01
9.567379959532459344e-01
9.553487901543058491e-01
9.590754853167035021e-01
9.635676996541556738e-01
9.665351265840878003e-01
9.694672438698838102e-01
9.729126187810772652e-01
9.829204430392830538e-01
9.862367716962839870e-01
9.911609685358905297e-01
9.983373473358863048e-01
1.005564669636439090e+00
1.009458799192529899e+00
1.014408887093690037e+00
1.019838699919267677e+00
1.024852146272368092e+00
1.028105653687245269e+00
1.030803590072750575e+00
1.028966413835092686e+00
1.032293814467198700e+00
1.030560280523893368e+00
1.029766635759853832e+00
1.026855924352582550e+00
1.024602952335389450e+00
1.022258203445534752e+00
1.021013282301292735e+00
1.018851856019536539e+00
1.015272539970468069e+00
1.013022350153288897e+00
1.008936898061332021e+00
1.010609108585634797e+00
1.009297821039410792e+00
1.004453606655232090e+00
1.003720849040284024e+00
1.002626723218295490e+00
1.004878441413309398e+00
1.004352862935836477e+00
1.002017576897562989e+00
9.977110056191638154e-01
9.993931253910752766e-01
9.978224838979250499e-01
9.979310044041951322e-01
9.970480108522569163e-01
9.985390821841013675e-01
9.941576206581781427e-01
9.944603564984254573e-01
9.952046524484255974e-01
9.917392179542862118e-01
9.939158746057892291e-01
9.925984591429339865e-01
9.922725067174512636e-01
9.927150979454716362e-01
9.918207029743988379e-01
9.937417325746241703e-01
9.940013146317413506e-01
9.947663629795426843e-01
9.948660763621393066e-01
9.950836895845589503e-01
9.959728171183584999e-01
9.967185125032169690e-01
9.948240341638150408e-01
9.951499839321187313e-01
9.965677991233543587e-01
9.958330857857173868e-01
9.960487073583379480e-01
1.000047627971331066e+00
9.961564060823396849e-01
9.978788418015447359e-01
9.959207485762494594e-01
9.988019416151935337e-01
9.992923052879549850e-01
9.985435439386288747e-01
9.999132248317359473e-01
1.001093232700928537e+00
9.980189065958886552e-01
1.000352329488221059e+00
1.000609111071224522e+00
9.994095103928808399e-01
9.988848669805400204e-01
9.999561603374628183e-01
9.989158421813062461e-01
9.994851007062267589e-01
9.992262191231822133e-01
1.000067503219809417e+00
1.000506092196697283e+00
1.001379279103081554e+00
9.998279398865963508e-01
1.001019540980852440e+00
9.997031180466596778e-01
1.000994746324281426e+00
1.000685295972180588e+00
1.000652924846549885e+00
9.992119262313666761e-01
9.994749253802899247e-01
9.987298132558383168e-01
1.001031723272860274e+00
9.974363614391213995e-01
9.999009273659640318e-01
9.999113134698193184e-01
9.990296378322303106e-01
1.000111773935261184e+00
9.990670041120387479e-01
1.000219183719093685e+00
9.995466115871826096e-01
9.999080701947350436e-01
9.988343218076208840e-01
9.996871372722209159e-01
9.995025884378209158e-01
9.995609671861857004e-01
9.996869939022879903e-01
9.994878130193745047e-01
9.997007992004698362e-01
1.000356869039368934e+00
9.975572513705167621e-01
9.975286019635870582e-01
9.985510956263643489e-01
9.993947095607295106e-01
9.977701602862273367e-01
9.977324078523204243e-01
9.995590321362806119e-01
9.982596297154344711e-01
9.989253315808939160e-01
9.998960184822401898e-01
9.982952890099194843e-01
9.984860360860724482e-01
9.991451831395560257e-01
1.000415929262979953e+00
9.988052055546955410e-01
9.976960264652715571e-01
9.977393757298661514e-01
9.992943461969050478e-01
9.981991818080471202e-01
9.993529339737753370e-01
9.989902356924192928e-01
9.990430567082442259e-01
9.986899830233285646e-01
9.973152275478642803e-01
9.972641830508602867e-01
9.994747334169653552e-01
9.990909823601235029e-01
9.999581737186554742e-01
9.985669063180538929e-01
9.993693975541136920e-01
9.987784457205576283e-01
9.976313928587366986e-01
1.000009229733359595e+00
9.995736005205901886e-01
9.998232181493778015e-01
9.997654608903930873e-01
9.996595014004093782e-01
9.997800541906020078e-01
9.999481166675745492e-01
9.976628306133664692e-01
9.999058498684783025e-01
9.989156712451848774e-01
9.999178239803443446e-01
9.997442562795052501e-01
9.984888439333685639e-01
9.986587652962096717e-01
9.983947472628830200e-01
1.000737589038398045e+00
9.990777412726337126e-01
9.994198982446916846e-01
1.000431188719328235e+00
9.999630616317579657e-01
9.999822190214452400e-01
9.987962801216223596e-01
9.989854303649239320e-01
9.997399822105769163e-01
9.990947800320469918e-01
9.996573394068073437e-01
9.980636227189718657e-01
9.991614458115344322e-01
9.996020421971225645e-01
9.998502207237035533e-01
9.986641662824492505e-01
9.997365568523890467e-01
9.982095549229925702e-01
9.973001468370802369e-01
9.999403511398103905e-01
9.985437772870834339e-01
9.991478388594561277e-01
9.986616108244286139e-01
9.991034348017007183e-01
9.994833805480111133e-01
9.988911877831579966e-01
9.994743491575333039e-01
9.985520564064681581e-01
9.991251351472405506e-01
9.985762153178654454e-01
9.983735928580107499e-01
9.986573552923451169e-01
9.992061472231064112e-01
1.000053727645938029e+00
1.000463147871955227e+00
9.997606819021707114e-01
