0.000000000000000000e+00
0.000000000000000000e+00
0.000000000000000000e+00
0.000000000000000000e+00
0.000000000000000000e+00
0.000000000000000000e+00
0.000000000000000000e+00
0.000000000000000000e+00
0.000000000000000000e+00
0.000000000000000000e+00
0.000000000000000000e+00
0.000000000000000000e+00
0.000000000000000000e+00
0.000000000000000000e+00
0.000000000000000000e+00
0.000000000000000000e+00
0.000000000000000000e+00
0.000000000000000000e+00
0.000000000000000000e+00
0.000000000000000000e+00
0.000000000000000000e+00
0.000000000000000000e+00
0.000000000000000000e+00
0.000000000000000000e+00
0.000000000000000000e+00
0.000000000000000000e+00
0.000000000000000000e+00
0.000000000000000000e+00
0.000000000000000000e+00
3.266431947821613058e-03
1.108633322951823180e-01
8.041056610709236274e-01
2.139941241737201238e+00
3.127738771952791819e+00
3.229042434048403187e+00
2.784432912788485481e+00
2.271498228563845867e+00
1.818044583015860249e+00
1.503551611981398972e+00
1.288152859278369311e+00
1.140700948680836602e+00
1.059091433006717153e+00
1.026900911922594251e+00
1.024880682246432695e+00
1.039215247225791394e+00
1.068752509722117550e+00
1.113642086425373545e+00
1.157838148026997249e+00
1.217747223726560524e+00
1.252416163928582238e+00
1.297947187295413807e+00
1.331604005028557136e+00
1.353239200923048946e+00
1.363670861656170796e+00
1.370834426414325735e+00
1.376425604836018390e+00
1.366864380154238612e+00
1.360294058798950267e+00
1.352938391909216165e+00
1.327381660584640466e+00
1.283321242090738279e+00
1.237861156451498301e+00
1.172156813318635749e+00
1.103380927608692330e+00
1.009949504576581170e+00
9.253831248438022516e-01
8.473690380076107642e-01
8.054271235023054976e-01
7.810773450180286126e-01
7.730464573823341290e-01
7.840172788464823128e-01
7.970123471330345932e-01
8.178453844571557108e-01
8.337473465835254505e-01
8.580898286917576501e-01
8.788338631964046632e-01
8.963320298324417568e-01
9.103588928143965253e-01
9.220329623950265230e-01
9.337618737846931083e-01
9.411306533076898573e-01
9.444220446096875943e-01
9.537732357977787290e-01
9.541311683373731034e-01
9.571473949007383020e-01
9.606295172237476754e-01
9.607587225154143873e-01
9.657440772091074876e-01
9.694034451854796064e-01
9.734433905606690862e-01
9.779853946390951736e-01
9.849734380145130919e-01
9.917213947704777155e-01
9.967016631100612534e-01
1.001071871459623175e+00
1.010543080955036643e+00
1.010393772436780635e+00
1.016201408123194705e+00
1.022946200413522355e+00
1.026599983715904552e+00
1.029456167491180185e+00
1.032917192759667424e+00
1.032554557610786627e+00
1.030120833442416561e+00
1.033823000509542345e+00
1.031759967918649101e+00
1.027902422521283166e+00
1.025556537713605110e+00
1.022605322130661687e+00
1.022971374740673678e+00
1.018893691915013333e+00
1.017561674153762530e+00
1.013308028143752981e+00
1.014445712193427829e+00
1.009968167915745951e+00
1.008908995430314537e+00
1.007485851495895313e+00
1.006036866014065723e+00
1.006560116955249162e+00
1.003094788662630688e+00
1.003932253266584640e+00
1.000999395805245218e+00
1.002230017129246198e+00
1.000070725547080652e+00
9.983023961841863692e-01
9.991995439866018236e-01
9.983110223986958465e-01
9.958076411248648618e-01
9.978079051015849021e-01
9.971901869997672474e-01
9.971452112820714531e-01
9.981863957810681587e-01
9.943559572684987913e-01
9.952988611376103467e-01
9.952568601913969193e-01
9.965662538696558048e-01
9.939725898681345262e-01
9.949183893212222296e-01
9.952309287282796735e-01
9.933388735712370687e-01
9.953226022920976801e-01
9.968743570975120427e-01
9.972024769155167778e-01
9.959557521093171939e-01
9.982477436788523839e-01
9.982342722436271520e-01
9.960458847152057205e-01
9.960802288791360537e-01
9.972647712942193099e-01
9.978859491287558336e-01
9.976018493356781924e-01
9.994008749874012665e-01
9.993043564589426664e-01
9.989023049924441455e-01
9.988508864252912955e-01
1.002144158404135954e+00
9.992478031050319176e-01
1.000482295542665767e+00
1.000688440468441964e+00
1.000969459545857365e+00
1.000398809632299546e+00
1.000724664791848628e+00
1.001582564593926028e+00
1.002341479900135113e+00
1.002055102208968096e+00
1.001642236580911005e+00
1.001172094994956741e+00
1.000843387088952596e+00
1.002606702530631111e+00
1.001700983326303973e+00
1.000889272618528558e+00
1.001087676378529689e+00
1.000935247149055796e+00
1.001260954757098309e+00
1.001483599911643152e+00
1.000386420678815780e+00
1.001925410709036290e+00
1.000511367591665923e+00
9.998904616675463597e-01
1.001069722668657569e+00
9.998387432270889885e-01
1.000293976455734812e+00
9.998299313959919665e-01
1.000110183087891569e+00
1.000928611112033018e+00
1.000121411980621877e+00
9.993720054198901304e-01
1.000322651542938202e+00
1.000621666657383502e+00
1.000725675315029095e+00
9.985232982428672299e-01
1.000455737068719486e+00
1.000089360671672534e+00
9.997553033675068423e-01
9.983674876293828770e-01
9.993321670414823110e-01
1.000146030418774146e+00
1.000835364309373476e+00
1.001331649249429745e+00
1.000109856487562565e+00
1.000409161989234130e+00
1.001024371184625172e+00
9.994669361762947846e-01
1.001890455716377026e+00
9.996391760357972167e-01
1.000303093446750724e+00
9.996972702584515647e-01
9.992243413940331553e-01
1.000275456277102792e+00
1.000685190183290718e+00
1.000095028561031052e+00
1.002346409422596230e+00
1.001334431474260045e+00
9.994803668416584186e-01
1.000683188225473863e+00
1.000155620470767781e+00
9.989224522956562380e-01
1.000647945887488177e+00
9.996288254322933664e-01
1.000559236652750261e+00
9.996904186810677828e-01
1.000171486941700216e+00
1.000948662105046516e+00
9.996782886531604406e-01
1.000310842085120555e+00
1.000560794500521489e+00
9.993055156811654349e-01
9.997182441733338809e-01
9.994282912441693201e-01
9.996608230086984070e-01
1.001299626236800355e+00
1.000061935356989062e+00
9.999991093159020794e-01
9.990200002046706329e-01
1.000721884838100539e+00
9.995375592631811079e-01
9.980807614565652131e-01
1.000456518195300459e+00
1.000241011299448424e+00
9.991699992735915137e-01
9.985245320111649781e-01
9.998569131259619214e-01
9.997971971682757530e-01
9.998946036006449711e-01
9.999312907201367562e-01
9.998181655155842229e-01
1.000572736842554544e+00
9.997528321253780215e-01
9.982226789761631247e-01
9.995145132383163045e-01
1.001220130210177750e+00
9.997303490929894121e-01
9.995356290771839625e-01
9.986488379886762079e-01
1.000478233830216723e+00
1.000787820779463821e+00
9.985616152258947054e-01
1.000691122131889044e+00
1.000445591460959571e+00
1.000055911082284421e+00
9.992795035564865369e-01
1.000330727091511163e+00
1.000131422187946040e+00
9.995582927187957045e-01
1.000372435881677902e+00
9.994730822279166427e-01
9.995749429157184673e-01
9.996866800510749718e-01
1.000705581294765834e+00
1.000298978627665480e+00
9.990119855623887934e-01
1.000567671911340994e+00
1.000213784511187587e+00
9.997984054577795376e-01
9.993670473646888430e-01
1.000189831739407786e+00
1.001531995320302570e+00
9.995631446240028639e-01
9.996349637230560470e-01
9.990571509185632859e-01
