0.000000000000000000e+00
0.000000000000000000e+00
0.000000000000000000e+00
0.000000000000000000e+00
0.000000000000000000e+00
0.000000000000000000e+00
0.000000000000000000e+00
0.000000000000000000e+00
0.000000000000000000e+00
0.000000000000000000e+00
0.000000000000000000e+00
0.000000000000000000e+00
0.000000000000000000e+00
0.000000000000000000e+00
0.000000000000000000e+00
0.000000000000000000e+00
0.000000000000000000e+00
0.000000000000000000e+00
0.000000000000000000e+00
0.000000000000000000e+00
0.000000000000000000e+00
0.000000000000000000e+00
0.000000000000000000e+00
0.000000000000000000e+00
0.000000000000000000e+00
0.000000000000000000e+00
0.000000000000000000e+00
0.000000000000000000e+00
0.000000000000000000e+00
0.000000000000000000e+00
0.000000000000000000e+00
1.432445980253805446e-04
1.760121275369514945e-02
2.932766671117912893e-01
1.505040080142891146e+00
3.553058217306035438e+00
5.080355345793342359e+00
5.306868169168386551e+00
4.666147819847027201e+00
3.758331102137549617e+00
2.943825439352101725e+00
2.314078295477951741e+00
1.858799466154247071e+00
1.540364078463193565e+00
1.327136689266275926e+00
1.171372301223709389e+00
1.055573346910219312e+00
9.896110255078159890e-01
9.291140819675433038e-01
8.816750177959967738e-01
8.411625461345295651e-01
8.119333165856006396e-01
7.833711760355720477e-01
7.605386383110908088e-01
7.378723205607036206e-01
7.269724144649399866e-01
7.146206758267408254e-01
7.116921052923840252e-01
7.251002654027882688e-01
7.341290207380395394e-01
7.538975377889147733e-01
7.651401783313604987e-01
7.741040801722126607e-01
7.895381781211540106e-01
7.988670364842610505e-01
8.163406072650560841e-01
8.338497704528421428e-01
8.640907323629788417e-01
8.913811556341418862e-01
9.184907008477806167e-01
9.453959886798956047e-01
9.728941171831929635e-01
9.957620952672417980e-01
1.014265840981803946e+00
1.034072085719750067e+00
1.042540404733877324e+00
1.053960787329484061e+00
1.049250035575631124e+00
1.048403244219297203e+00
1.046007308016506876e+00
1.036220198918669011e+00
1.024870688517476092e+00
1.014469522351093334e+00
1.007584603550015556e+00
9.997958970844175175e-01
9.960760299168971432e-01
9.841403667407249145e-01
9.830769782733763673e-01
9.821730518389447662e-01
9.738663208974711605e-01
9.763480176196033256e-01
9.772294039131268484e-01
9.773329856580412756e-01
9.801288120737114973e-01
9.904702689638635871e-01
9.895520822973619124e-01
9.940824090372657462e-01
1.004326370319898798e+00
1.008319786743024027e+00
1.010781864651159934e+00
1.016178037831271253e+00
1.017885335115669809e+00
1.025074848933988703e+00
1.024401440154897092e+00
1.025198237925376787e+00
1.025653184133611839e+00
1.026138438974957712e+00
1.025399911740306980e+00
1.022246542499017252e+00
1.018256735855971318e+00
1.019256085157168590e+00
1.015407032722985159e+00
1.006950811527067113e+00
1.008451890140140916e+00
1.006683108099279522e+00
1.000709018871459133e+00
9.963953249119950062e-01
9.957317000865021361e-01
9.951893887419011042e-01
9.920451631015059224e-01
9.933827053961726827e-01
9.881926352993652962e-01
9.899083527868218768e-01
9.869862183729848359e-01
9.865737700128563992e-01
9.864804799239980104e-01
9.883400824108178329e-01
9.914524852154965595e-01
9.889012144647260083e-01
9.905601015563237910e-01
9.920772424764798814e-01
9.919920213429442857e-01
9.947823682304018922e-01
9.925782991742708727e-01
9.956947164361079627e-01
9.979068285822709772e-01
9.991708425718840436e-01
9.971529496756030841e-01
1.001023097712346877e+00
1.000450933985306490e+00
1.002322506979871575e+00
1.003780169366178310e+00
1.001193681982497807e+00
1.002553466330803555e+00
1.002836298871585763e+00
1.003324189819426282e+00
1.003678861958991364e+00
1.001838361867911864e+00
1.000813543630240554e+00
1.000741448485467533e+00
1.001082437000945236e+00
1.002070424083261413e+00
9.992743059700491814e-01
9.976385288620103209e-01
9.980692881219213053e-01
9.982430609565694501e-01
9.983169770676169064e-01
1.000737017195592493e+00
9.973562686238203190e-01
1.000098496004285353e+00
1.000184455534063543e+00
9.974884490808123561e-01
1.000756947592448931e+00
1.000333968261400530e+00
9.999680956734139370e-01
1.000755489478737603e+00
1.000498166240749720e+00
1.001726981796946303e+00
1.001324245799750212e+00
1.001739947725391877e+00
1.001305434905576996e+00
1.000810010190740451e+00
1.001112869844484443e+00
1.000753899107715839e+00
1.000964777391776694e+00
1.001404014703156875e+00
9.992320657421922547e-01
1.001035482538062960e+00
9.994720148599430809e-01
9.989037853326219185e-01
1.000658458943078255e+00
1.000425676151424081e+00
9.984666037506730873e-01
9.998999488763944399e-01
9.994455301578506479e-01
9.987990114577633971e-01
1.000492240709432545e+00
1.000485830010038768e+00
9.984454031964277165e-01
1.000317330787237946e+00
1.000498493414613721e+00
9.986080704438451416e-01
9.999380716751589127e-01
9.998448993044874999e-01
9.981158724224609147e-01
1.000561270987671669e+00
1.000093485428432460e+00
9.986414606303293251e-01
1.001097216184873240e+00
9.993557498169791664e-01
9.991393938354341531e-01
9.981337954371947152e-01
1.000589302143146675e+00
9.991542104463593255e-01
1.000685610503533329e+00
1.000069205698778330e+00
9.999344639527657508e-01
1.000598377913686221e+00
9.991344447248163840e-01
1.001169998066448130e+00
1.000318096757227382e+00
9.990224972933090530e-01
1.000799393643361235e+00
1.000222772366442525e+00
1.000091621674680242e+00
9.999185997393527092e-01
1.001305502567808814e+00
9.996342999495744230e-01
9.999500830450877009e-01
9.990314288174967361e-01
9.985846959222491881e-01
9.998633452576983771e-01
1.000871411449252069e+00
1.000287643579444774e+00
9.994658312596628180e-01
1.000523998859271346e+00
1.000318168334104918e+00
1.000656238491150152e+00
9.993160611219102929e-01
1.000418716065864411e+00
1.000618689622400526e+00
1.001369888686129084e+00
9.999485594182401238e-01
9.999059542055239724e-01
9.992548846225091097e-01
1.000470306325949910e+00
1.001794166526645657e+00
9.994067449772542355e-01
1.001169822945452426e+00
1.000328090484641663e+00
1.000282113363257119e+00
9.997906966896196179e-01
9.998428407967558940e-01
9.999093125721618680e-01
9.998851321777416645e-01
1.001437119356809902e+00
1.000566881141472519e+00
9.996376053400471973e-01
9.998726363799165240e-01
9.995653179496665208e-01
1.000835745328431559e+00
9.997734014523707025e-01
1.000064494814325800e+00
1.000975516748450866e+00
9.998758645520376964e-01
1.000733343548579679e+00
1.000825896413660265e+00
9.999825815420458897e-01
9.998541026354155203e-01
1.000538447612249859e+00
1.000335743794740884e+00
9.992396377662988716e-01
9.996218142659988315e-01
1.000218774002255451e+00
9.992961410708336434e-01
1.000108147851994422e+00
1.000586839775801318e+00
9.996251865845607876e-01
1.000062619638407257e+00
9.994013717343223080e-01
9.989024406822252233e-01
1.000129698094908148e+00
9.996772862871244891e-01
9.991211254851951606e-01
9.995195630528442843e-01
9.997544282147230454e-01
1.000539850062239333e+00
9.996477340717918603e-01
1.000127376260586676e+00
9.998976892560521579e-01
