0.000000000000000000e+00
0.000000000000000000e+00
0.000000000000000000e+00
0.000000000000000000e+00
0.000000000000000000e+00
0.000000000000000000e+00
0.000000000000000000e+00
0.000000000000000000e+00
0.000000000000000000e+00
0.000000000000000000e+00
0.000000000000000000e+00
0.000000000000000000e+00
0.000000000000000000e+00
0.000000000000000000e+00
0.000000000000000000e+00
0.000000000000000000e+00
0.000000000000000000e+00
0.000000000000000000e+00
0.000000000000000000e+00
0.000000000000000000e+00
0.000000000000000000e+00
0.000000000000000000e+00
0.000000000000000000e+00
0.000000000000000000e+00
0.000000000000000000e+00
0.000000000000000000e+00
0.000000000000000000e+00
0.000000000000000000e+00
0.000000000000000000e+00
0.000000000000000000e+00
0.000000000000000000e+00
2.005723145837928973e-04
1.776533810307574096e-02
2.914962916804510473e-01
1.504213276259172449e+00
3.538878237921724068e+00
5.047969438932840447e+00
5.296579232910453960e+00
4.671235579610924837e+00
3.768494400410772993e+00
2.940589213518387979e+00
2.310180312811005887e+00
1.858116193378971825e+00
1.538174438496642704e+00
1.316293151378095772e+00
1.170860126138121293e+00
1.062279039595261043e+00
9.818950334559278792e-01
9.264482350133742550e-01
8.827462909845118499e-01
8.391584172353685478e-01
8.142947999822495175e-01
7.794957080819493456e-01
7.516818292043138117e-01
7.407965655060104737e-01
7.256684295957710473e-01
7.118146143479753274e-01
7.112391538255927737e-01
7.174068700520653818e-01
7.339412347835205797e-01
7.514541795018881976e-01
7.599017443686201245e-01
7.773565814704086474e-01
7.838525201466094439e-01
7.960745859935489666e-01
8.164821099013814809e-01
8.361278913006161551e-01
8.603753574147448013e-01
8.870965308396987492e-01
9.210115521049291321e-01
9.433343879119125974e-01
9.691513991956524077e-01
9.948934828052710122e-01
1.011969565101002555e+00
1.031803037494778641e+00
1.045778336368240025e+00
1.050721723474419278e+00
1.054168681157305443e+00
1.049823696695534991e+00
1.042451687485867140e+00
1.037344251110860371e+00
1.019411442530886891e+00
1.017979377329989443e+00
1.006058638271453365e+00
9.956879856481906099e-01
9.912108674480790693e-01
9.844047892820333434e-01
9.799330797234989676e-01
9.763875114526987531e-01
9.768546431203184444e-01
9.765038913390886588e-01
9.796911532700043335e-01
9.774785913382214586e-01
9.842264931156856633e-01
9.875899190049828302e-01
9.955761765899714399e-01
9.975067201174022680e-01
1.003285576601004925e+00
1.005955566916577615e+00
1.011231139071838703e+00
1.018162065040040476e+00
1.019676368965994007e+00
1.023722852699057162e+00
1.026985377094894458e+00
1.025129658319339443e+00
1.024344759345194200e+00
1.030818684540176777e+00
1.026598359990596121e+00
1.024251361372630731e+00
1.023476055550075481e+00
1.020015712606433533e+00
1.015167223226445259e+00
1.011850107890578609e+00
1.008260020483104924e+00
1.005340961357889196e+00
1.005964928444790019e+00
1.001326567244389842e+00
9.980980792004077173e-01
9.928349493844988993e-01
9.919341181723136947e-01
9.927258877630622536e-01
9.894955100644909907e-01
9.906091041017205390e-01
9.904030820765957754e-01
9.891219568345617219e-01
9.896855660258609966e-01
9.903174684846106635e-01
9.922053737069121970e-01
9.914472284788846679e-01
9.932830891964298248e-01
9.935039434996491003e-01
9.942181864045179784e-01
9.955702992745066870e-01
9.955659644475219894e-01
9.998808879819723883e-01
1.000621592887288358e+00
9.995028254027205072e-01
1.000668773287312074e+00
1.000579322387174397e+00
1.002255411322529044e+00
1.000694410994560801e+00
1.003726642362648747e+00
1.003514597407779041e+00
1.005323552754018968e+00
1.004854006668638444e+00
1.003350104108951202e+00
1.002641362977664041e+00
1.001284502235227913e+00
1.001892279887146131e+00
1.001893014747099242e+00
1.000119363626776448e+00
1.000594400305761189e+00
1.000599334972882559e+00
9.988527075098687646e-01
1.000197699921666405e+00
9.998722326545592676e-01
9.980234004429333616e-01
1.000339362770078733e+00
9.980537815168033511e-01
9.988090714871369347e-01
9.969117750488677432e-01
9.990073692666332494e-01
1.000005864399358790e+00
9.983876347288032083e-01
1.000929299575174625e+00
1.000817385507315471e+00
1.001005176267731889e+00
9.994591586122005822e-01
1.001647678130262342e+00
1.000700597439520667e+00
1.001511341506832187e+00
1.000825706075314736e+00
1.001736924144001284e+00
1.001866447107080393e+00
1.000307129197923972e+00
9.995887305235924281e-01
9.985567433332778187e-01
9.994536824630869676e-01
1.001552935456329729e+00
1.000787542892683790e+00
1.001034446953321222e+00
9.990556135925914294e-01
9.996696736393566596e-01
1.000059049655142251e+00
9.995376305772646353e-01
9.981305971769557361e-01
9.994371634357872569e-01
9.979861516080751338e-01
9.986045570586454811e-01
1.000553457852622286e+00
9.995898239705367505e-01
9.997554831864553515e-01
9.997371539982797817e-01
9.981910556066202478e-01
9.996527910575543352e-01
9.988869481264557315e-01
9.994898973454323654e-01
9.994098450628933206e-01
9.990793373433706215e-01
1.000514803622136961e+00
9.985675142162896423e-01
9.985100951708606454e-01
1.000051913327392183e+00
1.000786799550532402e+00
9.990751222439929746e-01
1.000540034156720770e+00
9.995820102187705780e-01
1.000572449206815095e+00
9.998287844657928192e-01
1.000919443394202135e+00
1.000736636768186694e+00
9.998946889151344442e-01
9.994964802244062918e-01
1.000616311411244075e+00
9.995571309739169630e-01
1.000080427724273191e+00
1.000136502891439738e+00
9.996720337260528444e-01
9.982748522705222616e-01
9.988403421090774614e-01
1.000926494149619872e+00
1.000310190384070763e+00
9.985284586666136608e-01
1.000420731144238795e+00
9.991887986240095554e-01
9.989793615180453390e-01
9.988521596265312885e-01
9.991022637551862928e-01
9.998341635148147999e-01
9.992570314156040689e-01
9.987186163493201319e-01
9.996265968821309578e-01
9.987846438744441002e-01
1.000313587926931813e+00
9.995557730571057453e-01
9.984768610826472157e-01
9.973661829201148077e-01
1.000349571096718071e+00
1.000532691542722175e+00
9.986693043833964056e-01
9.990079958322335418e-01
1.000288715070466683e+00
1.000297862564831330e+00
9.994281558060756909e-01
9.999266046257768714e-01
9.995176208223344183e-01
9.995521656455929049e-01
9.994792517409052390e-01
9.996431148168044567e-01
9.990482785851797498e-01
9.996812224984188422e-01
9.990511706639302325e-01
9.982083988262401286e-01
9.985517397338274925e-01
9.989383290641387081e-01
9.995165187703545229e-01
9.989083622350802827e-01
1.000322386730944091e+00
9.996256369676854714e-01
9.982689426644788533e-01
9.992185569869445061e-01
9.995203164031510878e-01
1.000871251629138481e+00
1.000613088161293573e+00
1.000208688363781073e+00
1.000064740313308720e+00
9.999756526549390401e-01
1.000583135210849406e+00
9.987799246810378229e-01
9.998102096829015739e-01
9.996244351981881104e-01
9.993772346540898965e-01
9.996412752158871928e-01
9.998192438674681215e-01
9.991277303610422988e-01
9.988904114230047204e-01
9.990833705744793791e-01
9.994126587841588583e-01
9.996671066675025807e-01
9.992015166924326230e-01
