0.000000000000000000e+00
0.000000000000000000e+00
0.000000000000000000e+00
0.000000000000000000e+00
0.000000000000000000e+00
0.000000000000000000e+00
0.000000000000000000e+00
0.000000000000000000e+00
0.000000000000000000e+00
0.000000000000000000e+00
0.000000000000000000e+00
0.000000000000000000e+00
0.000000000000000000e+00
0.000000000000000000e+00
0.000000000000000000e+00
0.000000000000000000e+00
0.000000000000000000e+00
0.000000000000000000e+00
0.000000000000000000e+00
0.000000000000000000e+00
0.000000000000000000e+00
0.000000000000000000e+00
0.000000000000000000e+00
0.000000000000000000e+00
0.000000000000000000e+00
0.000000000000000000e+00
0.000000000000000000e+00
0.000000000000000000e+00
0.000000000000000000e+00
0.000000000000000000e+00
0.000000000000000000e+00
1.719095013976305105e-04
1.639164419203719900e-02
2.935066008051388509e-01
1.501215005543635295e+00
3.545898999290908904e+00
5.054046117711745723e+00
5.309807899894858352e+00
4.676709021936789057e+00
3.760211198546105305e+00
2.947028454663110253e+00
2.312923326608389285e+00
1.850252277308875204e+00
1.533205260811195902e+00
1.318229454401972589e+00
1.167429983159837592e+00
1.066164181653092236e+00
9.794584815291379476e-01
9.310134803333807163e-01
8.783920483310625471e-01
8.475841545465777616e-01
8.096183471827596012e-01
7.807930319467210056e-01
7.574903561178307765e-01
7.366774335394887796e-01
7.175329643273666846e-01
7.145357185338210293e-01
7.121108514492821007e-01
7.213544284006512264e-01
7.360122591506795819e-01
7.478700920074421443e-01
7.611220604845284621e-01
7.710608990489531411e-01
7.798671333446471898e-01
7.945470268498202593e-01
8.112739851421618686e-01
8.371933242326958791e-01
8.607265524558642689e-01
8.887555667110270674e-01
9.121896678812494441e-01
9.385794655628394434e-01
9.665110701007334493e-01
9.912299252339934474e-01
1.012502351477167606e+00
1.026873713452034043e+00
1.045595091332218063e+00
1.047918001623505013e+00
1.050531015839930804e+00
1.045940059190550553e+00
1.040886330517881486e+00
1.032363491080362294e+00
1.022175159160462865e+00
1.012049135127063959e+00
1.004081657879933198e+00
9.966476175446390418e-01
9.886234514179053079e-01
9.861888133952950719e-01
9.789089874923631029e-01
9.767067428315677757e-01
9.728494627396748751e-01
9.750710732332850128e-01
9.774730901928786464e-01
9.761910649491046810e-01
9.841681361429509556e-01
9.857580951404775194e-01
9.886932837304547306e-01
9.977073361624273495e-01
9.994071113179103794e-01
1.005796680855665093e+00
1.009290612026041867e+00
1.015453378507389814e+00
1.020993637697386047e+00
1.020217876362118581e+00
1.026028128406301532e+00
1.029261417798196909e+00
1.027452376610793916e+00
1.022130374407846931e+00
1.024358606449332187e+00
1.025179395884362243e+00
1.020317175360596629e+00
1.018938715334273271e+00
1.016061750557294863e+00
1.013839979791445689e+00
1.007362685042977324e+00
1.004922507382785657e+00
1.002926952607783750e+00
9.990332116650514349e-01
9.979660022539007525e-01
9.975901190796363505e-01
9.958366589392307899e-01
9.914093059639631500e-01
9.915124620618899209e-01
9.907734227214785028e-01
9.898499159814182491e-01
9.915245105935830416e-01
9.916302763998553482e-01
9.918113364791498743e-01
9.917388130884706721e-01
9.921751656108670492e-01
9.940412550161674687e-01
9.943949184870305436e-01
9.998580043792184568e-01
9.976895050287588607e-01
9.982381833099081003e-01
1.001248834137301591e+00
1.001567483009572435e+00
9.990470676845777387e-01
1.003253474382554300e+00
1.003420989506998096e+00
1.004349917482726839e+00
1.004031721401468458e+00
1.004295250402709838e+00
1.004015672619518629e+00
1.003741588656181793e+00
1.004545839857324596e+00
1.004119878414880374e+00
1.004080853931149653e+00
1.004223706520057657e+00
1.003382048495224055e+00
1.002885133575414978e+00
1.004488139393444390e+00
1.004458984074446004e+00
1.000473628448235841e+00
1.001455074190367389e+00
1.000615758223148521e+00
1.000330088910533322e+00
1.000580596230233432e+00
1.000477056204494453e+00
1.002095929085088155e+00
1.000084202744620843e+00
1.002932983889572860e+00
1.000064412217906318e+00
1.000603438195567074e+00
1.003442229370389072e+00
1.002544901558148904e+00
1.001465134556839276e+00
1.001234247864688731e+00
1.001114811526798709e+00
1.002295578203501014e+00
1.003708413261084287e+00
1.003551206705018739e+00
1.004162671864675005e+00
1.003720813209812102e+00
1.002695359552003618e+00
1.003053201691821661e+00
1.005367708207508759e+00
1.001784636929106354e+00
1.002946940040597035e+00
1.003171776141973393e+00
1.003371716650497847e+00
1.002502957889429780e+00
1.001465502682860942e+00
1.002654402336587980e+00
1.003076566703907879e+00
1.001184727335676872e+00
1.000623729587675204e+00
1.000367020661768525e+00
1.001004252712771159e+00
1.002667124356456885e+00
9.999360899076837894e-01
9.997728134826600055e-01
1.001930036216413633e+00
1.000118520245340870e+00
1.000336531277892238e+00
9.995547350199323056e-01
1.001804371558935536e+00
1.000569378927440356e+00
1.000243154632008302e+00
1.001294933703921641e+00
9.995236845654632551e-01
1.001763568988011333e+00
1.001128458385350140e+00
1.000879949388032708e+00
1.001280013099071109e+00
9.996589332659835403e-01
1.000620014207118436e+00
1.000208134479893429e+00
1.000560672209705571e+00
1.001751880846980747e+00
9.996928391676876968e-01
1.000745414736271099e+00
1.000530876551223303e+00
9.988411098332680149e-01
9.997699994089436215e-01
9.993763427034484392e-01
1.001207253550624454e+00
1.000121754950107578e+00
9.996929944076077268e-01
9.998769123898670896e-01
9.989112938035300537e-01
1.000143579935345972e+00
1.001468250409722760e+00
9.991180762270405191e-01
1.001063674029027739e+00
1.000236278189177597e+00
9.985236531832659690e-01
1.000604601309603492e+00
9.990765399348746634e-01
9.992908178864897684e-01
9.990224083386393117e-01
9.999143818726149435e-01
9.993228760448342740e-01
1.000961459755962402e+00
1.000406723744436732e+00
1.000468216407701671e+00
1.000394160923146814e+00
9.995698565051819307e-01
1.000056657563318074e+00
1.000638621171808795e+00
1.000173271348282711e+00
9.991182103408337012e-01
1.000784069329721637e+00
9.996698964268774246e-01
1.000269863325844000e+00
1.000822309667043664e+00
1.000059826145431208e+00
1.000955645847330544e+00
9.996822868367709614e-01
9.995139403583103155e-01
1.001058614245423195e+00
1.000994055302439012e+00
1.001361853200429142e+00
9.985003496126485523e-01
1.000719954927664634e+00
1.000318694707743372e+00
1.000156108607003436e+00
9.996095559983628753e-01
9.995241341120199019e-01
9.997351838282717562e-01
1.000114273978221835e+00
9.992899818716604043e-01
1.000361190148382651e+00
9.998583562454139706e-01
9.992258104364007965e-01
1.000279079380249181e+00
9.995174746284155587e-01
1.000680281112916070e+00
9.986922161141941201e-01
9.985662522887892578e-01
9.989114175269008244e-01
9.980285586589482394e-01
9.997035247805624580e-01
9.995420409750334079e-01
9.996431563834792255e-01
9.986989895318296728e-01
9.989060333962338500e-01
9.987116986969521992e-01
9.998861586147194114e-01
9.983090855011719222e-01
9.999841150818200575e-01
