0.000000000000000000e+00
0.000000000000000000e+00
0.000000000000000000e+00
0.000000000000000000e+00
0.000000000000000000e+00
0.000000000000000000e+00
0.000000000000000000e+00
0.000000000000000000e+00
0.000000000000000000e+00
0.000000000000000000e+00
0.000000000000000000e+00
0.000000000000000000e+00
0.000000000000000000e+00
0.000000000000000000e+00
0.000000000000000000e+00
0.000000000000000000e+00
0.000000000000000000e+00
0.000000000000000000e+00
0.000000000000000000e+00
0.000000000000000000e+00
0.000000000000000000e+00
0.000000000000000000e+00
0.000000000000000000e+00
0.000000000000000000e+00
0.000000000000000000e+00
0.000000000000000000e+00
0.000000000000000000e+00
0.000000000000000000e+00
0.000000000000000000e+00
0.000000000000000000e+00
0.000000000000000000e+00
2.291821201984444887e-04
1.735829464463740229e-02
2.915931013556515294e-01
1.500465633597444226e+00
3.541366331755716690e+00
5.051238829226842419e+00
5.281325700507758292e+00
4.671003573371779183e+00
3.773137657163666780e+00
2.959321764914022435e+00
2.302398109856258479e+00
1.859763264791522541e+00
1.540061635552040453e+00
1.322173717099418333e+00
1.166464253884721414e+00
1.061170856510953664e+00
9.843046521662612847e-01
9.244963931182175187e-01
8.798528173259068108e-01
8.395792370653106795e-01
8.078705668212357027e-01
7.770688455563820041e-01
7.578561963101014820e-01
7.345215549951744638e-01
7.233253823640366509e-01
7.139952324194364097e-01
7.120245429182675556e-01
7.201950383863289229e-01
7.314496039969002883e-01
7.506906393275510903e-01
7.597428967366907093e-01
7.744149229886039265e-01
7.826184648028632340e-01
7.987801762346135037e-01
8.127693761858624244e-01
8.382259865271445287e-01
8.596821898627797776e-01
8.848808965622850797e-01
9.165880334008716934e-01
9.407136035185734713e-01
9.636797599645946510e-01
9.933855544199763354e-01
1.007384111378871072e+00
1.030148027782169518e+00
1.039949981225708475e+00
1.049833093364340275e+00
1.050225350345782127e+00
1.042239264049512171e+00
1.038705566565734317e+00
1.033085721803351342e+00
1.021238598393956698e+00
1.009044849235097630e+00
1.003817365984571275e+00
9.932182354131375845e-01
9.896466543023618723e-01
9.796592445884786393e-01
9.785334639048992589e-01
9.739451218943329103e-01
9.746681701036538081e-01
9.716923234157953670e-01
9.737028575012919296e-01
9.791442120807933858e-01
9.798974569614716801e-01
9.832837927201232286e-01
9.913512357922419360e-01
9.960479966753011949e-01
9.983349166973268796e-01
1.003966145610580396e+00
1.011674344466956921e+00
1.015247679557803817e+00
1.018208552493005792e+00
1.020514836218547883e+00
1.022913847874727500e+00
1.024084390916434995e+00
1.025448386029037540e+00
1.027229965723270189e+00
1.023476716738581427e+00
1.020679175142478412e+00
1.018324761447921611e+00
1.015624919406455051e+00
1.011874428533822812e+00
1.012730027369966868e+00
1.007418209510108076e+00
1.003446351532807590e+00
9.994902511903299702e-01
9.992393849592987598e-01
9.969826045989879093e-01
9.928090066703441074e-01
9.916090295851432979e-01
9.871285650062596728e-01
9.866488222080158632e-01
9.879797327624769698e-01
9.884170231419019403e-01
9.883698777323621787e-01
9.854335769730925287e-01
9.865734941016467419e-01
9.895798471128378626e-01
9.895138586067568909e-01
9.918983331682706961e-01
9.925781024887284643e-01
9.921690475262004982e-01
9.937852994239221305e-01
9.955242959279119175e-01
9.985727795784224980e-01
9.978294516511341250e-01
9.989505374347684707e-01
9.994644409084338932e-01
1.001382894266599211e+00
1.000412075631097686e+00
9.991110034600143575e-01
1.001788881768123973e+00
1.002316702811901106e+00
1.001635051569844892e+00
1.002416030961830629e+00
1.001636103974414382e+00
9.991137182909114456e-01
9.997635170366243607e-01
1.000792546657165882e+00
1.000656599934889757e+00
1.000558883991786496e+00
9.993782556087933422e-01
1.000409966063046330e+00
9.987493311921857853e-01
9.962748104676126815e-01
9.978125077726704983e-01
9.987967353102460422e-01
9.973824458416595817e-01
9.975333390685968693e-01
1.000388954270700959e+00
9.986179204629058725e-01
9.972607799180897015e-01
9.984116905851420087e-01
9.997002563722221513e-01
9.989182209912307320e-01
9.992621130945633645e-01
1.001700702163480727e+00
9.982202765517295129e-01
9.989239195729363585e-01
9.994969908691834215e-01
9.991821357380060720e-01
1.000315403771572687e+00
1.000925397920024995e+00
1.000131827785060823e+00
9.989405583734028982e-01
9.983298175322099510e-01
1.001379183450142651e+00
9.994792775294653042e-01
9.986349848835900378e-01
9.997087758320359896e-01
9.991408958166473342e-01
9.983617014013879132e-01
9.977350009264375208e-01
9.980630711718814219e-01
9.980657016310592322e-01
9.976558472345747886e-01
9.968124149686816704e-01
9.984789443467252390e-01
9.976899078423869804e-01
9.983367021738124292e-01
9.991672069987901361e-01
9.984228644634277616e-01
9.981877737972026932e-01
9.994720525749017925e-01
9.989315648014502891e-01
1.000417559714219529e+00
9.990312727819958827e-01
9.976100353426327061e-01
9.990662980679763105e-01
9.987140605338893362e-01
9.987717116909178294e-01
9.989785719578400114e-01
1.000137873029265601e+00
9.993274342527198595e-01
1.000106225695002848e+00
1.000679182721175176e+00
9.998234991455059451e-01
1.000178406531132769e+00
1.000907543665037647e+00
1.000704753279307635e+00
1.000308578239542445e+00
9.999920712670469225e-01
9.993595726169680615e-01
9.991715004846604131e-01
9.995514649379133587e-01
9.993830782019412773e-01
1.000718084756126336e+00
9.990050952951239349e-01
9.988754888646040886e-01
9.978470870019680028e-01
9.992478416817477394e-01
9.993983284007101897e-01
1.000387768043755843e+00
9.989844865645592931e-01
9.988959121079241665e-01
9.985582913797551585e-01
9.971331700535498443e-01
9.996733660078308548e-01
9.982423806014397716e-01
9.990387707415054885e-01
9.985777591416975518e-01
9.997769010110487686e-01
9.994622987531082137e-01
9.985741406690186173e-01
1.000017461829581178e+00
9.990562587018964047e-01
9.980145290743197561e-01
1.000141601888890230e+00
9.986396164130981745e-01
1.000205010034835862e+00
9.983731437339284920e-01
9.994072524669683766e-01
9.996077280395453402e-01
9.987024960162882437e-01
1.000240012216566887e+00
9.979865354666288546e-01
9.999726136437749879e-01
9.994177181282742906e-01
9.990124443082100125e-01
9.994798236988817752e-01
9.989053463012010914e-01
9.992980516058341811e-01
9.994427543168931116e-01
9.994974535086191825e-01
1.000804235598545366e+00
9.993739509078194416e-01
9.986903633996719876e-01
9.983911023843803356e-01
9.974845858884642258e-01
1.000221612664370596e+00
1.000177712401556507e+00
1.000325977661339127e+00
9.988975007665746864e-01
9.990553798360959359e-01
9.991449358542012771e-01
9.995814732828748328e-01
9.988561735544586595e-01
9.991045852435643804e-01
1.000308993639523969e+00
1.000317305898048792e+00
9.992417678725937780e-01
9.994225802409492099e-01
9.991573025090888516e-01
9.986639523028972842e-01
1.000177248387925655e+00
9.999594644416947009e-01
1.000323274541601526e+00
1.000013160869628104e+00
9.997788269561080909e-01
9.983428329625386732e-01
