0.000000000000000000e+00
0.000000000000000000e+00
0.000000000000000000e+00
0.000000000000000000e+00
0.000000000000000000e+00
0.000000000000000000e+00
0.000000000000000000e+00
0.000000000000000000e+00
0.000000000000000000e+00
0.000000000000000000e+00
0.000000000000000000e+00
0.000000000000000000e+00
0.000000000000000000e+00
0.000000000000000000e+00
0.000000000000000000e+00
0.000000000000000000e+00
0.000000000000000000e+00
0.000000000000000000e+00
0.000000000000000000e+00
0.000000000000000000e+00
6.864688524011505230e-06
2.829079690919454604e-02
9.762552882714085056e-01
3.422897796027737360e+00
3.511103401369867871e+00
1.960808071850722145e+00
8.861997017601622728e-01
4.023477233863657077e-01
2.232186063196143766e-01
2.319483392837226321e-01
3.860382236472127970e-01
5.892119538389398725e-01
7.560107834150634476e-01
8.490289173839633552e-01
8.876672175054414193e-01
9.033488767663572228e-01
9.181255484562008684e-01
9.519834586863117343e-01
1.007179712251223602e+00
1.063263624788783446e+00
1.099002182308589148e+00
1.130364398047712271e+00
1.170218844137424608e+00
1.198615551698535731e+00
1.217656227251513901e+00
1.220307371329804269e+00
1.207320394554684873e+00
1.181870396200539242e+00
1.138111166416290398e+00
1.089043694123550399e+00
1.039160658863698128e+00
9.991577121017616303e-01
9.744317736394924045e-01
9.628593617924952053e-01
9.545828803810901819e-01
9.523742412225884024e-01
9.526158219384229797e-01
9.537334171521066883e-01
9.515972671179240283e-01
9.545995614418126829e-01
9.549781420841259028e-01
9.587677956234924581e-01
9.648416566556112794e-01
9.708367971912639227e-01
9.776478081633032113e-01
9.836647834050026296e-01
9.887238284005828159e-01
9.930231274934774310e-01
9.963295651756880478e-01
9.981440538617464275e-01
1.000337248303839077e+00
1.002190831603845700e+00
1.002435790687084882e+00
1.003945829568917869e+00
1.005343719674214986e+00
1.005781768321495351e+00
1.008002177707438385e+00
1.008796200148036615e+00
1.008638038514183100e+00
1.009247355789912204e+00
1.008985429005774703e+00
1.008286000904736079e+00
1.006733249828172250e+00
1.005269799991155066e+00
1.002894529527302625e+00
1.002262335259480830e+00
1.000056064128436617e+00
9.979426496434635752e-01
9.976674378504267748e-01
9.969795075125780226e-01
9.956145666454319088e-01
9.932353960573535590e-01
9.954865158461052577e-01
9.938348379357774265e-01
9.929628911509887912e-01
9.939189582072452955e-01
9.937435996187488074e-01
9.952132716645830657e-01
9.961165620802825416e-01
9.950803131258645351e-01
9.970520433859437759e-01
9.992492958986994855e-01
1.000270327509189761e+00
1.000514691351867214e+00
1.002719745932064033e+00
1.002556761237701766e+00
1.003240138968064743e+00
1.003756659219761538e+00
1.003109492558941884e+00
1.003020884308304161e+00
1.002754622154687247e+00
1.003192703327185242e+00
1.003005179869229657e+00
1.001008755523082216e+00
1.000810092414571972e+00
1.000176207798570749e+00
1.000486524087761175e+00
1.000577900313854629e+00
1.000518777790591951e+00
1.000255419274765467e+00
9.997353800726550555e-01
9.991301047444849370e-01
9.999943339223982264e-01
9.984705477831591347e-01
9.996178570894601600e-01
9.986193695341930576e-01
9.988143024100688550e-01
9.995886768911664833e-01
1.000330074195230123e+00
1.000296968122279306e+00
9.997163655054798204e-01
1.000322345291176251e+00
1.000168545021902444e+00
1.000358137577883166e+00
1.000119869445179832e+00
1.000111083975827819e+00
1.000574079426026053e+00
1.000428716054370115e+00
1.000582134138180201e+00
1.000402827263184191e+00
9.998891206378458518e-01
1.000492569870039539e+00
1.000294191323499504e+00
1.000172579560489439e+00
1.000567376475798520e+00
1.000385280726513226e+00
1.000044586887814280e+00
1.000371006086391956e+00
9.999276415440674359e-01
9.997150055966895765e-01
9.997552586915200434e-01
1.000134771947780665e+00
9.998560925587195447e-01
9.992839832442003134e-01
9.992905415067189212e-01
1.000058663403927239e+00
9.996587221746435770e-01
1.000341234335317298e+00
9.999439385522522761e-01
9.999782310718786649e-01
1.000246549720164246e+00
9.996864797021137727e-01
9.999464343428663415e-01
1.000051102403376024e+00
1.000046912448986580e+00
9.996950593375761862e-01
1.000332298234032802e+00
1.000210802889041295e+00
9.997823841284462221e-01
1.000099082871163336e+00
9.997317350684825632e-01
9.999973403170688835e-01
9.997222168268401488e-01
1.000163594827310209e+00
1.000694766609104835e+00
9.998188149267166480e-01
1.000117624567709029e+00
9.997036108769427054e-01
9.999300337296849195e-01
1.000029996554695488e+00
1.000122694801209189e+00
1.000140203823854934e+00
9.999096251142201019e-01
9.995613281051543009e-01
9.997530549730602178e-01
9.999789108339667276e-01
1.000279661143723464e+00
9.999792872902334429e-01
9.999879820509391948e-01
1.000071291853372513e+00
9.999930313894618283e-01
9.996559492808172465e-01
1.000019558598068459e+00
9.998410088668235884e-01
9.995998288381224839e-01
9.998698410485773458e-01
9.999539861846286071e-01
1.000574589808362669e+00
1.000120428420537388e+00
9.995543121123944275e-01
9.996688381697916848e-01
1.000334786553263244e+00
1.000045135756151282e+00
9.999920462423363965e-01
9.998874750648913956e-01
1.000236223360311705e+00
9.998946620500530624e-01
1.000095843356845204e+00
9.999468943549565392e-01
9.995126861226745207e-01
9.998600598083241531e-01
9.995641641912753617e-01
1.000036780547187920e+00
1.000213752033296544e+00
9.997678770664567560e-01
1.000736488167781824e+00
1.000340561694351260e+00
1.000107642388552653e+00
1.000004364224959419e+00
9.999408011757712211e-01
1.000036183560857994e+00
1.000070324249010989e+00
1.000034484767067910e+00
1.000005455659570330e+00
9.998391884234509863e-01
1.000007695915381856e+00
1.000226215045252776e+00
9.999081382070803548e-01
1.000290600220227866e+00
1.000133858108751106e+00
9.998072179456348740e-01
1.000041296710054484e+00
9.996539789446743374e-01
1.000050387288282217e+00
9.998985420966489679e-01
1.000115274721667280e+00
9.997977600092684547e-01
9.999108211098661769e-01
9.998871586788099508e-01
9.999984504879297909e-01
9.997320967704534933e-01
9.998504976633469932e-01
1.000041975890912260e+00
9.997846403628904977e-01
1.000149952137378007e+00
1.000194449256582407e+00
9.998095440520777810e-01
1.000176595072116648e+00
9.999882486034090689e-01
1.000199032220850714e+00
1.000052840752649663e+00
1.000148954837213333e+00
1.000086860007886269e+00
1.000129229847456447e+00
9.999006474054026317e-01
1.000283390839962205e+00
1.000245769252510186e+00
9.998454797025766450e-01
1.000424746042603008e+00
9.999737538690567362e-01
9.999937244060593811e-01
1.000215714863085692e+00
1.000138057644319289e+00
1.000359659732350304e+00
1.000290930462348182e+00
1.000232633982974573e+00
1.000203027153959257e+00
9.997577038917815351e-01
1.000400332727729547e+00
1.000248854504103280e+00
1.000208238874659816e+00
1.000301340247758963e+00
1.000531362657507639e+00
1.000291996285203933e+00
1.000021321617202696e+00
1.000055228783776951e+00
1.000240174601944698e+00
1.000054193995837171e+00
9.999306519720584374e-01
1.000183843493248403e+00
1.000170151135435059e+00
1.000484142824211498e+00
1.000301571645200616e+00
1.000332187046605537e+00
1.000269173652325927e+00
9.999925053961274957e-01
1.000186973569534787e+00
1.000401950960186470e+00
9.997705874457318842e-01
1.000200739359731417e+00
1.000143456392383445e+00
1.000158124098604384e+00
1.000225499601922419e+00
1.000164630587914161e+00
1.000126668169373900e+00
1.000020676346274895e+00
1.000094525153460534e+00
1.000005608304607607e+00
1.000125227022769403e+00
1.000130434211282227e+00
1.000320515029473167e+00
1.000231626718583788e+00
1.000327485085307000e+00
1.000251192870291517e+00
1.000256708722182308e+00
9.997580786478829085e-01
1.000223144314063450e+00
1.000067584106097529e+00
1.000107216763852946e+00
9.997684140769254046e-01
1.000133072525101197e+00
1.000075072485109295e+00
1.000058168343155529e+00
1.000116368621513541e+00
9.998262350325249903e-01
9.999299149613813942e-01
9.999071000848647195e-01
1.000192990960949935e+00
9.999602539527208123e-01
1.000049293455023136e+00
9.999191826804622041e-01
9.999196552472211508e-01
9.999399839362440590e-01
1.000153476036759193e+00
9.997101661472886924e-01
9.998859541655963357e-01
9.997186516876089835e-01
9.998625509561948066e-01
9.998272095685803995e-01
1.000223531570301416e+00
1.000004980264517007e+00
9.998591873881224057e-01
9.945918239290890694e-01
9.854498387830555872e-01
9.766799644049594109e-01
9.676509139728988185e-01
9.591992392488356556e-01
9.500539194380028807e-01
9.414068143676732614e-01
9.326270310405443409e-01
9.240850632980931456e-01
9.156076097111033318e-01
9.069628839568997236e-01
8.987126803012469578e-01
8.904408300528812159e-01
8.817479505813576868e-01
8.734159822425106023e-01
8.652971749212757802e-01
8.565809332226510531e-01
8.491401051216052043e-01
8.408872291908419117e-01
8.326418756785300967e-01
8.244685932139157458e-01
8.164685012287016264e-01
8.088492664409563382e-01
8.010022797800085970e-01
7.928898632055279005e-01
7.851287550932750658e-01
7.774492591346133796e-01
7.699230698474028856e-01
7.618495887385997589e-01
7.544184712279174976e-01
7.469016521367779493e-01
7.390662580351526900e-01
7.317404986810120970e-01
7.242943115612809901e-01
7.167425379984767586e-01
7.092100140648652795e-01
7.019265476084796118e-01
6.947166522347365536e-01
6.876107766534481636e-01
6.803599939096502958e-01
6.730805252671724359e-01
6.658675442691620594e-01
6.588726256371221224e-01
6.519289854075684953e-01
6.447792562745452427e-01
6.376305542137220561e-01
6.308404650764728450e-01
6.237895094320377032e-01
6.168530519391378641e-01
6.101731218899649756e-01
6.033521361773196423e-01
5.963471329896047335e-01
5.895349759295788195e-01
5.829106785133134627e-01
5.763246076456661759e-01
5.695064663202351607e-01
5.629717963546105874e-01
5.563415555346004071e-01
5.497980423918814585e-01
5.432548709860823832e-01
5.368030372414968054e-01
5.304672688901475031e-01
5.239336078827118159e-01
5.174909261438687125e-01
5.112909859108979438e-01
5.049275202749471392e-01
4.985915376314803416e-01
4.924982794580023970e-01
4.861488052820138184e-01
4.801357406803976602e-01
4.737373753488209327e-01
4.674984910049809761e-01
4.614473448422522495e-01
4.555013000513140065e-01
4.492870694298250478e-01
4.435043185791218145e-01
4.375862327216080150e-01
4.316142549861909372e-01
4.255502046637656410e-01
4.197163990110887033e-01
4.138397236100863630e-01
4.080121673505003876e-01
4.021690369748753269e-01
3.963716309097772839e-01
3.906922151496510232e-01
3.850000589696964126e-01
3.792623423936546390e-01
3.734695641789657072e-01
3.678302434944900057e-01
3.624694818559411336e-01
3.567679105635780945e-01
3.512448073391468140e-01
3.456413382796306721e-01
3.401243433549362982e-01
3.346647946833876119e-01
3.290367654705638190e-01
3.236165075548077530e-01
3.181806452742344526e-01
3.128376687568752978e-01
3.076262598705964968e-01
3.022151833807166232e-01
2.969651724566685913e-01
2.916785279476322712e-01
2.863136865183082969e-01
2.810564050712086037e-01
2.758786050914806554e-01
2.705399829099918163e-01
2.656309474729972586e-01
2.603532863022032795e-01
2.552366139712107240e-01
2.501283511723112474e-01
2.451186575576867199e-01
2.400539667967486746e-01
2.349107600976318155e-01
2.300531506540190452e-01
2.248671964562512782e-01
2.199580257205215605e-01
2.150701015242661163e-01
2.103646840208742153e-01
2.051921175822341015e-01
2.004429113892426673e-01
1.957059838353682468e-01
1.907296282861916104e-01
1.859083398516976071e-01
1.811099601729352637e-01
1.764470125567980940e-01
1.715428900712478999e-01
1.669292420289969214e-01
1.621878689760276326e-01
1.575309851980902787e-01
1.527901854951441152e-01
1.482409905744279666e-01
1.436345607485829401e-01
1.389967131718085891e-01
1.344186171149658049e-01
1.298367774636123573e-01
1.252960901216056688e-01
1.206884359375747506e-01
1.166228908121119817e-01
1.128430960475137884e-01
1.092335590422238711e-01
1.057738733404120224e-01
1.024105565889948943e-01
9.927429019961778178e-02
9.611623555905507432e-02
9.309946878193554876e-02
9.023853463562001020e-02
8.751937807123935653e-02
8.476961224855975030e-02
8.220537383879873705e-02
7.961486722684280037e-02
7.711185453590954642e-02
7.475332611792319393e-02
7.241240443091816192e-02
7.015068110918322442e-02
6.785004151183401944e-02
6.579124387362458859e-02
6.367690228896838445e-02
6.165675084880151147e-02
5.970115803127830356e-02
5.774674361189070793e-02
5.588961581818362168e-02
5.404217299078473841e-02
5.228326083936205709e-02
5.052336481366028614e-02
4.888623201173707133e-02
4.727639978373527480e-02
4.568009516823502703e-02
4.410137603288005054e-02
4.258853174266549746e-02
4.109781322087396188e-02
3.965892732390342151e-02
3.829615506094781463e-02
3.692786705314753115e-02
3.561037540456076650e-02
3.428172965278026424e-02
3.304918658379087104e-02
3.180325975964548579e-02
3.063297581068020331e-02
2.946858075158829623e-02
2.833567300805446901e-02
2.723092409974702671e-02
2.617283488973210989e-02
2.515891157809791237e-02
2.410779282624840938e-02
2.315362116504633000e-02
2.218817422158700023e-02
2.124827555782589708e-02
2.035867053495460377e-02
1.949675470275306216e-02
1.866421696371453609e-02
1.780045157190334945e-02
1.701417182543324413e-02
1.623709655234720911e-02
1.551400167370498885e-02
1.478433245533669962e-02
1.401865420990602157e-02
1.338523579453518644e-02
1.268507830060277598e-02
1.204377666302124117e-02
1.144427951059861018e-02
1.084454520490266485e-02
1.026108221059390466e-02
9.704779360007721734e-03
9.154293301152218593e-03
8.628267351128761711e-03
8.119246435012389060e-03
7.641308216990318376e-03
7.167638306041264860e-03
6.690562995254569455e-03
6.264798154021758263e-03
5.862690505697976812e-03
5.452815427724903852e-03
5.082615487758368814e-03
4.713521033488244326e-03
4.369756037815619373e-03
4.015890642383304794e-03
3.704151093762507018e-03
3.397456928674908328e-03
3.111697418112975306e-03
2.828559229044786631e-03
2.573694254851022732e-03
2.321642502149018610e-03
2.086507550583825091e-03
1.856679883249583033e-03
1.649857557884566468e-03
1.459877708109732575e-03
1.284766425587073732e-03
1.116873630093271176e-03
9.611957850473725699e-04
8.205423659122135661e-04
6.903310481513649224e-04
5.689051920379940971e-04
4.613623142683063571e-04
3.685737741056062996e-04
2.825999311095023486e-04
2.101112794879186701e-04
1.486810183109084620e-04
1.001712903817855797e-04
5.896146834102924782e-05
2.978280333251196569e-05
1.044863300298388581e-05
1.818435191789919946e-06
6.098484764150838392e-08
0.000000000000000000e+00
0.000000000000000000e+00
0.000000000000000000e+00
0.000000000000000000e+00
0.000000000000000000e+00
0.000000000000000000e+00
0.000000000000000000e+00
0.000000000000000000e+00
0.000000000000000000e+00
0.000000000000000000e+00
0.000000000000000000e+00
0.000000000000000000e+00
0.000000000000000000e+00
0.000000000000000000e+00
0.000000000000000000e+00
0.000000000000000000e+00
0.000000000000000000e+00
0.000000000000000000e+00
0.000000000000000000e+00
0.000000000000000000e+00
0.000000000000000000e+00
0.000000000000000000e+00
0.000000000000000000e+00
0.000000000000000000e+00
0.000000000000000000e+00
0.000000000000000000e+00
0.000000000000000000e+00
0.000000000000000000e+00
0.000000000000000000e+00
0.000000000000000000e+00
0.000000000000000000e+00
0.000000000000000000e+00
0.000000000000000000e+00
0.000000000000000000e+00
0.000000000000000000e+00
0.000000000000000000e+00
0.000000000000000000e+00
0.000000000000000000e+00
0.000000000000000000e+00
0.000000000000000000e+00
0.000000000000000000e+00
0.000000000000000000e+00
0.000000000000000000e+00
0.000000000000000000e+00
0.000000000000000000e+00
0.000000000000000000e+00
0.000000000000000000e+00
0.000000000000000000e+00
0.000000000000000000e+00
0.000000000000000000e+00
0.000000000000000000e+00
0.000000000000000000e+00
0.000000000000000000e+00
0.000000000000000000e+00
0.000000000000000000e+00
0.000000000000000000e+00
0.000000000000000000e+00
0.000000000000000000e+00
0.000000000000000000e+00
0.000000000000000000e+00
0.000000000000000000e+00
0.000000000000000000e+00
0.000000000000000000e+00
0.000000000000000000e+00
0.000000000000000000e+00
0.000000000000000000e+00
0.000000000000000000e+00
0.000000000000000000e+00
0.000000000000000000e+00
0.000000000000000000e+00
0.000000000000000000e+00
0.000000000000000000e+00
0.000000000000000000e+00
0.000000000000000000e+00
