0.000000000000000000e+00 9.999999917877651079e-01
5.000000000000000278e-02 9.820613186167543862e-01
1.000000000000000056e-01 9.468763155411545895e-01
1.500000000000000222e-01 9.095146291693266827e-01
2.000000000000000111e-01 8.729232476825925513e-01
2.500000000000000000e-01 8.399017830862703926e-01
3.000000000000000444e-01 8.121039790460412577e-01
3.500000000000000333e-01 7.893111505470724598e-01
4.000000000000000222e-01 7.716982038235051800e-01
4.500000000000000111e-01 7.568314257269727063e-01
5.000000000000000000e-01 7.429848305327422242e-01
5.500000000000000444e-01 7.297287823120838235e-01
6.000000000000000888e-01 7.177067103564063189e-01
6.500000000000000222e-01 7.052439263745621245e-01
7.000000000000000666e-01 6.931880104981269497e-01
7.500000000000000000e-01 6.827170464316293375e-01
8.000000000000000444e-01 6.728122363029964692e-01
8.500000000000000888e-01 6.630095037644703204e-01
9.000000000000000222e-01 6.530205909751346516e-01
9.500000000000000666e-01 6.426821121584868068e-01
1.000000000000000000e+00 6.327403419529793460e-01
1.050000000000000044e+00 6.230306919370404151e-01
1.100000000000000089e+00 6.138637628847654071e-01
1.150000000000000133e+00 6.066630430311974465e-01
1.200000000000000178e+00 5.996339816542076706e-01
1.250000000000000000e+00 5.930651498721267734e-01
1.300000000000000044e+00 5.860334491924786837e-01
1.350000000000000089e+00 5.760778863531391680e-01
1.400000000000000133e+00 5.663072281161769528e-01
1.450000000000000178e+00 5.579688450222760610e-01
1.500000000000000000e+00 5.507445467410914119e-01
1.550000000000000044e+00 5.440048537666913875e-01
1.600000000000000089e+00 5.359978312219111363e-01
1.650000000000000133e+00 5.284442265036836117e-01
1.700000000000000178e+00 5.213133855636591374e-01
1.750000000000000000e+00 5.141850968046088877e-01
1.800000000000000044e+00 5.075476290404172808e-01
1.850000000000000089e+00 5.013708101293556929e-01
1.900000000000000133e+00 4.953101856191695629e-01
1.950000000000000178e+00 4.886499382465713248e-01
2.000000000000000000e+00 4.828061261259414261e-01
2.050000000000000266e+00 4.775737039032560416e-01
2.100000000000000089e+00 4.698154277790545508e-01
2.149999999999999911e+00 4.623777812719403468e-01
2.200000000000000178e+00 4.566698862955558269e-01
2.250000000000000000e+00 4.518183690963447074e-01
2.300000000000000266e+00 4.461963862732837849e-01
2.350000000000000089e+00 4.400629742314852710e-01
2.400000000000000355e+00 4.353543488187954780e-01
2.450000000000000178e+00 4.291784659645211386e-01
2.500000000000000000e+00 4.230808156584653368e-01
2.550000000000000266e+00 4.180481028287333922e-01
2.600000000000000089e+00 4.116248262764845567e-01
2.650000000000000355e+00 4.070385031288463740e-01
2.700000000000000178e+00 4.021859485521450672e-01
2.750000000000000000e+00 3.969119100173385539e-01
2.800000000000000266e+00 3.924101406072033060e-01
2.850000000000000089e+00 3.880238006089372083e-01
2.900000000000000355e+00 3.822603324273785019e-01
2.950000000000000178e+00 3.771601253222840455e-01
3.000000000000000000e+00 3.713758482860278765e-01
3.050000000000000266e+00 3.648170729930832468e-01
3.100000000000000089e+00 3.591153692888635618e-01
3.150000000000000355e+00 3.548671530387306206e-01
3.200000000000000178e+00 3.506670231473947852e-01
3.250000000000000000e+00 3.459689706993216429e-01
3.300000000000000266e+00 3.436948161363391208e-01
3.350000000000000089e+00 3.398624281713636397e-01
3.400000000000000355e+00 3.352018550699682464e-01
3.450000000000000178e+00 3.304771732475555446e-01
3.500000000000000000e+00 3.258665077589957271e-01
3.550000000000000266e+00 3.221747428011448866e-01
3.600000000000000089e+00 3.165250140014657099e-01
3.650000000000000355e+00 3.120725574521487911e-01
3.700000000000000178e+00 3.067761138052771952e-01
3.750000000000000000e+00 3.015674443395613968e-01
3.800000000000000266e+00 2.970150641373103806e-01
3.850000000000000089e+00 2.935164399824647941e-01
3.900000000000000355e+00 2.890591043629266443e-01
3.950000000000000178e+00 2.843968513180438751e-01
4.000000000000000000e+00 2.807689343761974321e-01
4.049999999999999822e+00 2.786060019496165441e-01
4.100000000000000533e+00 2.752212178632900130e-01
4.150000000000000355e+00 2.716254186706341667e-01
4.200000000000000178e+00 2.681391350494967130e-01
4.250000000000000000e+00 2.643178005946550391e-01
4.299999999999999822e+00 2.612629433474911167e-01
4.350000000000000533e+00 2.584120920052703774e-01
4.400000000000000355e+00 2.542661644639547247e-01
4.450000000000000178e+00 2.494360426983129042e-01
4.500000000000000000e+00 2.439205166747042963e-01
4.549999999999999822e+00 2.378491961645224917e-01
4.600000000000000533e+00 2.346144378600136526e-01
4.650000000000000355e+00 2.318458791686170417e-01
4.700000000000000178e+00 2.304450037662923723e-01
4.750000000000000000e+00 2.299230368909573885e-01
4.800000000000000711e+00 2.255759002634108445e-01
4.850000000000000533e+00 2.219104542626054721e-01
4.900000000000000355e+00 2.191012223496297817e-01
4.950000000000000178e+00 2.161510419350721190e-01
5.000000000000000000e+00 2.124580834591723588e-01
5.050000000000000711e+00 2.081210323228769865e-01
5.100000000000000533e+00 2.052308040144324996e-01
5.150000000000000355e+00 2.027660747059778223e-01
5.200000000000000178e+00 1.995835425231674287e-01
5.250000000000000000e+00 1.979189344610958190e-01
5.300000000000000711e+00 1.954005438010203710e-01
5.350000000000000533e+00 1.947045486835920214e-01
5.400000000000000355e+00 1.947638510754134133e-01
5.450000000000000178e+00 1.933535676541603965e-01
5.500000000000000000e+00 1.917487159227514726e-01
5.550000000000000711e+00 1.899346588595751950e-01
5.600000000000000533e+00 1.883446480257942035e-01
5.650000000000000355e+00 1.867456194367146938e-01
5.700000000000000178e+00 1.837889005750125426e-01
5.750000000000000000e+00 1.823258187240196504e-01
5.800000000000000711e+00 1.797339774843254023e-01
5.850000000000000533e+00 1.776596250476615568e-01
5.900000000000000355e+00 1.744750837895226725e-01
5.950000000000000178e+00 1.708675676434610324e-01
6.000000000000000000e+00 1.663854276937063448e-01
6.050000000000000711e+00 1.631751766520815883e-01
6.100000000000000533e+00 1.601889077483102386e-01
6.150000000000000355e+00 1.597656164896117947e-01
6.200000000000000178e+00 1.567790886734335143e-01
6.250000000000000000e+00 1.532241858008841495e-01
6.300000000000000711e+00 1.524325567731286690e-01
6.350000000000000533e+00 1.518211361572201490e-01
6.400000000000000355e+00 1.509815513363197415e-01
6.450000000000000178e+00 1.485219844625407515e-01
6.500000000000000000e+00 1.472918124409385021e-01
6.550000000000000711e+00 1.451756864258375024e-01
6.600000000000000533e+00 1.432806788517426433e-01
6.650000000000000355e+00 1.406053118876291474e-01
6.700000000000000178e+00 1.382431438247138100e-01
6.750000000000000000e+00 1.360442876864358941e-01
6.800000000000000711e+00 1.334916801608120041e-01
6.850000000000000533e+00 1.320324055126399498e-01
6.900000000000000355e+00 1.317136364457786035e-01
6.950000000000000178e+00 1.303588717774558092e-01
7.000000000000000000e+00 1.292989499979343981e-01
7.050000000000000711e+00 1.254751563563963612e-01
7.100000000000000533e+00 1.215979699748532261e-01
7.150000000000000355e+00 1.203607004825928001e-01
7.200000000000000178e+00 1.195225046118644080e-01
7.250000000000000000e+00 1.184507681710933319e-01
7.300000000000000711e+00 1.171937055781881593e-01
7.350000000000000533e+00 1.163072006983567330e-01
7.400000000000000355e+00 1.143822883573278326e-01
7.450000000000000178e+00 1.117138694232436974e-01
7.500000000000000000e+00 1.097553327723886224e-01
7.550000000000000711e+00 1.063706823101113336e-01
7.600000000000000533e+00 1.048600224059604985e-01
7.650000000000000355e+00 1.043201983465120303e-01
7.700000000000000178e+00 1.015180181289444539e-01
7.750000000000000000e+00 1.014357184646027116e-01
7.800000000000000711e+00 1.009007082778623637e-01
7.850000000000000533e+00 9.679566603389133661e-02
7.900000000000000355e+00 9.614593548605469830e-02
7.950000000000000178e+00 9.699593750538507142e-02
8.000000000000000000e+00 9.702596333495654146e-02
8.050000000000000711e+00 9.528519985857415719e-02
8.099999999999999645e+00 9.504412770323286686e-02
8.150000000000000355e+00 9.303696207179064370e-02
8.200000000000001066e+00 9.251095983190799066e-02
8.250000000000000000e+00 9.203398783756751300e-02
8.300000000000000711e+00 8.870381432798246646e-02
8.349999999999999645e+00 8.652326974066898435e-02
8.400000000000000355e+00 8.612291846428965503e-02
8.450000000000001066e+00 8.371141581033457457e-02
8.500000000000000000e+00 8.270386877576510476e-02
8.550000000000000711e+00 8.104714818807780274e-02
8.599999999999999645e+00 7.954224067147531996e-02
8.650000000000000355e+00 7.802015383732685549e-02
8.700000000000001066e+00 7.595295671341675825e-02
8.750000000000000000e+00 7.419111211858356314e-02
8.800000000000000711e+00 7.294902789742072069e-02
8.849999999999999645e+00 7.221172231562102140e-02
8.900000000000000355e+00 7.208188198943575598e-02
8.950000000000001066e+00 7.263135405346884954e-02
9.000000000000000000e+00 7.381656673670761171e-02
9.050000000000000711e+00 7.355587483561144835e-02
9.099999999999999645e+00 7.321233206202397426e-02
9.150000000000000355e+00 7.235788382362641491e-02
9.200000000000001066e+00 7.040109489125799536e-02
9.250000000000000000e+00 6.880549994092145794e-02
9.300000000000000711e+00 6.962541997839487296e-02
9.349999999999999645e+00 7.020625937636745806e-02
9.400000000000000355e+00 6.950343658884253206e-02
9.450000000000001066e+00 6.795676513737698710e-02
9.500000000000000000e+00 6.659559561966245378e-02
9.550000000000000711e+00 6.721389969122441854e-02
9.600000000000001421e+00 6.506873604667634536e-02
9.650000000000000355e+00 6.142748056929786538e-02
9.700000000000001066e+00 5.960975957204441705e-02
9.750000000000000000e+00 5.810862051086033986e-02
9.800000000000000711e+00 5.584388602300247723e-02
9.850000000000001421e+00 5.497830479829635131e-02
9.900000000000000355e+00 5.377022000820424336e-02
9.950000000000001066e+00 5.228187395125136888e-02
1.000000000000000000e+01 5.198578005311070560e-02
1.005000000000000071e+01 5.219446311449502801e-02
1.010000000000000142e+01 5.151901185758658852e-02
1.015000000000000036e+01 4.998641065276156203e-02
1.020000000000000107e+01 4.711616465592580183e-02
1.025000000000000000e+01 4.594045156046020623e-02
1.030000000000000071e+01 4.595195943189763627e-02
1.035000000000000142e+01 4.606910887396312160e-02
1.040000000000000036e+01 4.574159716290134708e-02
1.045000000000000107e+01 4.493127661819710378e-02
1.050000000000000000e+01 4.421023444434842714e-02
1.055000000000000071e+01 4.406346546602845499e-02
1.060000000000000142e+01 4.489474798677012962e-02
1.065000000000000036e+01 4.341090906545747724e-02
1.070000000000000107e+01 4.101688323820735366e-02
1.075000000000000000e+01 4.026207493021468492e-02
1.080000000000000071e+01 4.109906440958035340e-02
1.085000000000000142e+01 4.089768001034244094e-02
1.090000000000000036e+01 4.102139588621195321e-02
1.095000000000000107e+01 4.045905680261172727e-02
1.100000000000000000e+01 4.089687905561703585e-02
1.105000000000000071e+01 4.074049713405537843e-02
1.110000000000000142e+01 4.140796842873678552e-02
1.115000000000000036e+01 4.200405678552333183e-02
1.120000000000000107e+01 4.121149342751223577e-02
1.125000000000000000e+01 4.148304597107180941e-02
1.130000000000000071e+01 4.371547717277498440e-02
1.135000000000000142e+01 4.488473820783010076e-02
1.140000000000000036e+01 4.553929667616892635e-02
1.145000000000000107e+01 4.484304705068137276e-02
1.150000000000000000e+01 4.416995514610413259e-02
1.155000000000000071e+01 4.371018886025142269e-02
1.160000000000000142e+01 4.282943947002589707e-02
1.165000000000000036e+01 4.134786991010350882e-02
1.170000000000000107e+01 4.166017006167578585e-02
1.175000000000000000e+01 4.011555042249657227e-02
1.180000000000000071e+01 3.875567929298245201e-02
1.185000000000000142e+01 3.677527191257081579e-02
1.190000000000000036e+01 3.449335148083004093e-02
1.195000000000000107e+01 3.245978872655859437e-02
1.200000000000000000e+01 3.209851760869711357e-02
1.205000000000000071e+01 3.055469899182872151e-02
1.210000000000000142e+01 3.102268841235374802e-02
1.215000000000000036e+01 3.259459906166856796e-02
1.220000000000000107e+01 3.232673532710583081e-02
1.225000000000000000e+01 3.390916078326515481e-02
1.230000000000000071e+01 3.321938454787640160e-02
1.235000000000000142e+01 3.095867382083846917e-02
1.240000000000000036e+01 2.955214120397609348e-02
1.245000000000000107e+01 2.862243175668171408e-02
1.250000000000000000e+01 2.832620699413667190e-02
1.255000000000000071e+01 2.613659275841926505e-02
1.260000000000000142e+01 2.308914972928114567e-02
1.265000000000000036e+01 2.166890610596084593e-02
1.270000000000000107e+01 2.009880892654790363e-02
1.275000000000000000e+01 1.883246120271087412e-02
1.280000000000000071e+01 1.750795947222404461e-02
1.285000000000000142e+01 1.708545920065961121e-02
1.290000000000000036e+01 1.711540790209602897e-02
1.295000000000000107e+01 1.722226724540429355e-02
1.300000000000000000e+01 1.649474510121363979e-02
1.305000000000000071e+01 1.517516298667838034e-02
1.310000000000000142e+01 1.488092710982444507e-02
1.315000000000000036e+01 1.568157514903105107e-02
1.320000000000000107e+01 1.485346209350512162e-02
1.325000000000000000e+01 1.297370769593412035e-02
1.330000000000000071e+01 1.237894875660066826e-02
1.335000000000000142e+01 1.353282944589903614e-02
1.340000000000000036e+01 1.356096466746179764e-02
1.345000000000000107e+01 1.410871534397035131e-02
1.350000000000000000e+01 1.556000317095335497e-02
1.355000000000000071e+01 1.481277072939458234e-02
1.360000000000000142e+01 1.347559195212741368e-02
1.365000000000000036e+01 1.377846044760991547e-02
1.370000000000000107e+01 1.338793688683272837e-02
1.375000000000000000e+01 1.284189681482258288e-02
1.380000000000000071e+01 1.317615668506368076e-02
1.385000000000000142e+01 1.329304476027336895e-02
1.390000000000000036e+01 1.241467705118278961e-02
1.395000000000000107e+01 1.377590281407526339e-02
1.400000000000000000e+01 1.369550483545560818e-02
1.405000000000000071e+01 1.350756647209364059e-02
1.410000000000000142e+01 1.422608112983600459e-02
1.415000000000000036e+01 1.315963441633295067e-02
1.420000000000000107e+01 1.287036547944454129e-02
1.425000000000000000e+01 1.322475867308589396e-02
1.430000000000000071e+01 1.337976277309280149e-02
1.435000000000000142e+01 1.313896367353029580e-02
1.440000000000000036e+01 1.412270766672418451e-02
1.445000000000000107e+01 1.393772485387133331e-02
1.450000000000000000e+01 1.323999774553581352e-02
1.455000000000000071e+01 1.262677290866774139e-02
1.460000000000000142e+01 1.100535939017390115e-02
1.465000000000000036e+01 1.040449660406056465e-02
1.470000000000000107e+01 1.087517805033244751e-02
1.475000000000000000e+01 1.198794505264525780e-02
1.480000000000000071e+01 1.242749756156692580e-02
1.485000000000000142e+01 1.282245788174775358e-02
1.490000000000000036e+01 1.312766121729426472e-02
1.495000000000000107e+01 1.299921017923460174e-02
1.500000000000000000e+01 1.159420777905220690e-02
1.505000000000000071e+01 1.056867634763070281e-02
1.510000000000000142e+01 1.009245354961210185e-02
1.515000000000000036e+01 8.415110655694229766e-03
1.520000000000000107e+01 7.064245788650718762e-03
1.525000000000000000e+01 5.134729646373523484e-03
1.530000000000000071e+01 5.508003267594330406e-03
1.535000000000000142e+01 5.933882194103774418e-03
1.540000000000000036e+01 5.293500659184401970e-03
1.545000000000000107e+01 5.608550481385805690e-03
1.550000000000000000e+01 5.992581059434945977e-03
1.555000000000000071e+01 6.810831934133246279e-03
1.560000000000000142e+01 7.216097168728828962e-03
1.565000000000000036e+01 6.559888232819634062e-03
1.570000000000000107e+01 6.925089110438245078e-03
1.575000000000000000e+01 7.765930233163297579e-03
1.580000000000000071e+01 7.406332346394265548e-03
1.585000000000000142e+01 7.853592752373912689e-03
1.590000000000000036e+01 7.532946470929036652e-03
1.595000000000000107e+01 7.628671634684539363e-03
1.600000000000000000e+01 8.411413082062148272e-03
1.605000000000000071e+01 8.911483271327486078e-03
1.610000000000000142e+01 9.725219606552457791e-03
1.615000000000000213e+01 1.023295384979650696e-02
1.619999999999999929e+01 1.189123570012065589e-02
1.625000000000000000e+01 1.350131088223056192e-02
1.630000000000000071e+01 1.344274049902141957e-02
1.635000000000000142e+01 1.376564472828075737e-02
1.640000000000000213e+01 1.196451910421213356e-02
1.644999999999999929e+01 1.015642615971342443e-02
1.650000000000000000e+01 9.885737305620459839e-03
1.655000000000000071e+01 9.533201117088435997e-03
1.660000000000000142e+01 9.668740246710811823e-03
1.665000000000000213e+01 9.456491565627764273e-03
1.669999999999999929e+01 8.076376806908671518e-03
1.675000000000000000e+01 7.953964917842507726e-03
1.680000000000000071e+01 8.674514906343418208e-03
1.685000000000000142e+01 8.408196918178460072e-03
1.690000000000000213e+01 6.887004610975490208e-03
1.694999999999999929e+01 6.868740612202861237e-03
1.700000000000000000e+01 5.802894159975053451e-03
1.705000000000000071e+01 4.859351137071740712e-03
1.710000000000000142e+01 5.326692694145636862e-03
1.715000000000000213e+01 4.313674808828522368e-03
1.719999999999999929e+01 3.115197809667771302e-03
1.725000000000000000e+01 2.830255702544576171e-03
1.730000000000000071e+01 4.130953752009628756e-03
1.735000000000000142e+01 5.784494450730157458e-03
1.740000000000000213e+01 6.901559597287078990e-03
1.744999999999999929e+01 6.376934101160502619e-03
1.750000000000000000e+01 4.132208614841325484e-03
1.755000000000000071e+01 4.116368160296011297e-03
1.760000000000000142e+01 5.197378485112340817e-03
1.765000000000000213e+01 7.230764944382591861e-03
1.769999999999999929e+01 8.300913891905114042e-03
1.775000000000000000e+01 9.273865739738349628e-03
1.780000000000000071e+01 8.614879334342160494e-03
1.785000000000000142e+01 6.350246666029876579e-03
1.790000000000000213e+01 5.227798076683847286e-03
1.794999999999999929e+01 5.882681756597483297e-03
1.800000000000000000e+01 5.940943219735836042e-03
1.805000000000000071e+01 5.845198099495752149e-03
1.810000000000000142e+01 5.987330312438175935e-03
1.815000000000000213e+01 5.792091529243616893e-03
1.819999999999999929e+01 6.464121267513124255e-03
1.825000000000000000e+01 7.961499673306818639e-03
1.830000000000000071e+01 1.016927653671702292e-02
1.835000000000000142e+01 1.212188931053334758e-02
1.840000000000000213e+01 1.172504397738267229e-02
1.844999999999999929e+01 9.847600550364861080e-03
1.850000000000000000e+01 8.175274193535005465e-03
1.855000000000000071e+01 8.285395804243204237e-03
1.860000000000000142e+01 9.759993517011346723e-03
1.865000000000000213e+01 1.068604779597981912e-02
1.869999999999999929e+01 1.193082976413766677e-02
1.875000000000000000e+01 1.370275621598205686e-02
1.880000000000000071e+01 1.420372767747671988e-02
1.885000000000000142e+01 1.327426601578969405e-02
1.890000000000000213e+01 1.300804188589172600e-02
1.894999999999999929e+01 1.373897403846042684e-02
1.900000000000000000e+01 1.441367222383937996e-02
1.905000000000000071e+01 1.441525966951705783e-02
1.910000000000000142e+01 1.408005861339945569e-02
1.915000000000000213e+01 1.313538368351478518e-02
1.920000000000000284e+01 1.132068993139052904e-02
1.925000000000000000e+01 1.124230092035843898e-02
1.930000000000000071e+01 1.168739206861890874e-02
1.935000000000000142e+01 1.132622587643273941e-02
1.940000000000000213e+01 1.181377255231673938e-02
1.945000000000000284e+01 1.138873657462259083e-02
1.950000000000000000e+01 1.129838613908513284e-02
1.955000000000000071e+01 1.043173418048267895e-02
1.960000000000000142e+01 1.013961729250119868e-02
1.965000000000000213e+01 1.016274144219551055e-02
1.970000000000000284e+01 1.150017305891670900e-02
1.975000000000000000e+01 1.256034573006787822e-02
1.980000000000000071e+01 1.209841894815744459e-02
1.985000000000000142e+01 1.061298239160393155e-02
1.990000000000000213e+01 1.067514692181197045e-02
1.995000000000000284e+01 1.202984037786445672e-02
2.000000000000000000e+01 1.304425264331336189e-02
2.005000000000000071e+01 1.323578046383866447e-02
2.010000000000000142e+01 1.370681588335405550e-02
2.015000000000000213e+01 1.356450615152883336e-02
2.020000000000000284e+01 1.352361572868006345e-02
2.025000000000000000e+01 1.206333233293030958e-02
2.030000000000000071e+01 1.199801150866254031e-02
2.035000000000000142e+01 1.193355832603870161e-02
2.040000000000000213e+01 1.209839651056254448e-02
2.045000000000000284e+01 1.251565368235453730e-02
2.050000000000000000e+01 1.353602540600253208e-02
2.055000000000000071e+01 1.273480732299107909e-02
2.060000000000000142e+01 1.109990918626608918e-02
2.065000000000000213e+01 1.035266621890835494e-02
2.070000000000000284e+01 8.359828737453929223e-03
2.075000000000000000e+01 7.358606527412653656e-03
2.080000000000000071e+01 8.482468627875196232e-03
2.085000000000000142e+01 8.314468657011686581e-03
2.090000000000000213e+01 8.783166598562923422e-03
2.095000000000000284e+01 9.614420934418416165e-03
2.100000000000000000e+01 9.460552004884173471e-03
2.105000000000000071e+01 9.264964431138765846e-03
2.110000000000000142e+01 8.910084135533419963e-03
2.115000000000000213e+01 7.841434104762999915e-03
2.120000000000000284e+01 7.749636591937272487e-03
2.125000000000000000e+01 6.897462216026186560e-03
2.130000000000000071e+01 6.456684854733620547e-03
2.135000000000000142e+01 5.607536881981209191e-03
2.140000000000000213e+01 5.980931929195145401e-03
2.145000000000000284e+01 5.773452886866332207e-03
2.150000000000000000e+01 5.199338003234233591e-03
2.155000000000000071e+01 5.435431565226394451e-03
2.160000000000000142e+01 5.024798337781262621e-03
2.165000000000000213e+01 6.525418287252085676e-03
2.170000000000000284e+01 6.768865958629141991e-03
2.175000000000000000e+01 5.271611471744013476e-03
2.180000000000000071e+01 7.182818463907824150e-03
2.185000000000000142e+01 7.111849595696782649e-03
2.190000000000000213e+01 8.091491827867154304e-03
2.195000000000000284e+01 1.099015448015775061e-02
2.200000000000000000e+01 1.408891429661296435e-02
2.205000000000000071e+01 1.486709969667744310e-02
2.210000000000000142e+01 1.348982624550351672e-02
2.215000000000000213e+01 1.290310783461713628e-02
2.220000000000000284e+01 1.107348110542761416e-02
2.225000000000000000e+01 1.129947029078702883e-02
2.230000000000000071e+01 1.176983104093832187e-02
2.235000000000000142e+01 1.221668623590576284e-02
2.240000000000000213e+01 1.144788920023091100e-02
2.245000000000000284e+01 9.913937479571864261e-03
2.250000000000000000e+01 1.076239580555078332e-02
2.255000000000000071e+01 1.112356364445184209e-02
2.260000000000000142e+01 9.863762692040851585e-03
2.265000000000000213e+01 9.232714886048182246e-03
2.270000000000000284e+01 9.191047865551780355e-03
2.275000000000000000e+01 7.479796401257237867e-03
2.280000000000000071e+01 6.207458106810294883e-03
2.285000000000000142e+01 5.554638232846175264e-03
2.290000000000000213e+01 6.091849195908188852e-03
2.295000000000000284e+01 6.039030945420163950e-03
2.300000000000000000e+01 4.511412469968672720e-03
2.305000000000000071e+01 3.249812615390190989e-03
2.310000000000000142e+01 2.650876369888816985e-03
2.315000000000000213e+01 4.438823754994364497e-03
2.320000000000000284e+01 5.939030898652643276e-03
2.325000000000000000e+01 6.588566154874359558e-03
2.330000000000000071e+01 8.094057641451844753e-03
2.335000000000000142e+01 7.541277475392370311e-03
2.340000000000000213e+01 5.955482272595265594e-03
2.345000000000000284e+01 4.730807035410509662e-03
2.350000000000000000e+01 3.866666968235341669e-03
2.355000000000000071e+01 1.184773666704296230e-03
2.360000000000000142e+01 -6.075417244314682257e-04
2.365000000000000213e+01 -7.710224284626285545e-04
2.370000000000000284e+01 -3.610959654549103243e-04
2.375000000000000000e+01 7.961606325064849799e-04
2.380000000000000071e+01 1.246693627730085683e-03
2.385000000000000142e+01 1.430779208192711847e-03
2.390000000000000213e+01 2.849071117357986939e-03
2.395000000000000284e+01 5.116479684094846908e-03
2.400000000000000000e+01 6.712032418822535401e-03
2.405000000000000071e+01 9.327922485565355928e-03
2.410000000000000142e+01 1.143646916018428716e-02
2.415000000000000213e+01 1.208110241286824461e-02
2.420000000000000284e+01 1.188511887063632005e-02
2.425000000000000000e+01 9.878352575296855259e-03
2.430000000000000071e+01 8.516169766489023810e-03
2.435000000000000142e+01 6.899998732902531268e-03
2.440000000000000213e+01 6.000317586453553058e-03
2.445000000000000284e+01 4.934057477858021755e-03
2.450000000000000000e+01 5.683905232205584135e-03
2.455000000000000071e+01 4.524842100420903637e-03
2.460000000000000142e+01 4.603584542592509092e-03
2.465000000000000213e+01 6.598900135073124985e-03
2.470000000000000284e+01 9.268120124377325630e-03
2.475000000000000000e+01 9.772264179029876985e-03
2.480000000000000071e+01 1.075216869834004323e-02
2.485000000000000142e+01 1.011706482701198520e-02
2.490000000000000213e+01 8.607864039364566955e-03
2.495000000000000284e+01 6.287793302495309905e-03
2.500000000000000000e+01 5.302380298706117767e-03
2.505000000000000071e+01 6.535154255411962897e-03
2.510000000000000142e+01 8.637648218038290054e-03
2.515000000000000213e+01 9.439350010654833784e-03
2.520000000000000284e+01 9.741354737042767775e-03
2.525000000000000000e+01 1.017565180461999473e-02
2.530000000000000071e+01 9.734398325807249244e-03
2.535000000000000142e+01 8.042955112668151788e-03
2.540000000000000213e+01 6.735019845723231972e-03
2.545000000000000284e+01 5.578212656001654834e-03
2.550000000000000000e+01 5.784048522204376062e-03
2.555000000000000071e+01 5.380357604483786485e-03
2.560000000000000142e+01 4.575975837596731044e-03
2.565000000000000213e+01 3.953703433484397935e-03
2.570000000000000284e+01 4.276028494546476114e-03
2.575000000000000000e+01 4.032728978937357572e-03
2.580000000000000071e+01 4.502945264188100601e-03
2.585000000000000142e+01 5.533114816159903984e-03
2.590000000000000213e+01 6.727973850250021370e-03
2.595000000000000284e+01 8.352161168215870360e-03
2.600000000000000000e+01 9.263278462203485344e-03
2.605000000000000071e+01 8.625848505292955243e-03
2.610000000000000142e+01 8.212407270484297847e-03
2.615000000000000213e+01 9.243139550267589349e-03
2.620000000000000284e+01 1.084052406549006371e-02
2.625000000000000000e+01 1.062743460674603693e-02
2.630000000000000071e+01 1.093461332892038153e-02
2.635000000000000142e+01 1.102170998459447993e-02
2.640000000000000213e+01 9.465307728290534711e-03
2.645000000000000284e+01 9.451758021974888263e-03
2.650000000000000000e+01 8.900436632610976909e-03
2.655000000000000071e+01 9.156662851101183762e-03
2.660000000000000142e+01 9.699123260739947461e-03
2.665000000000000213e+01 7.531212675925659863e-03
2.670000000000000284e+01 7.032985017527468470e-03
2.675000000000000000e+01 8.198390255311069005e-03
2.680000000000000071e+01 8.943491472169452436e-03
2.685000000000000142e+01 1.078732210698400001e-02
2.690000000000000213e+01 1.165597883295607651e-02
2.695000000000000284e+01 1.133349037596234794e-02
2.700000000000000000e+01 1.166965678717582500e-02
2.705000000000000071e+01 1.207426345827597794e-02
2.710000000000000142e+01 1.172838911444250981e-02
2.715000000000000213e+01 1.027987145935552356e-02
2.720000000000000284e+01 9.860223161461919780e-03
2.725000000000000000e+01 8.404937187677452917e-03
2.730000000000000071e+01 8.992889845918748681e-03
2.735000000000000142e+01 1.019255536134022581e-02
2.740000000000000213e+01 1.053210720031867026e-02
2.745000000000000284e+01 1.021738800204263255e-02
2.750000000000000000e+01 1.001480779002879989e-02
2.755000000000000071e+01 1.060263955549521978e-02
2.760000000000000142e+01 1.038518465588719394e-02
2.765000000000000213e+01 9.952595982181044673e-03
2.770000000000000284e+01 9.112517104627824299e-03
2.775000000000000000e+01 8.525340996106970520e-03
2.780000000000000071e+01 8.858761893514616181e-03
2.785000000000000142e+01 9.440900580921465779e-03
2.790000000000000213e+01 9.809832026862249504e-03
2.795000000000000284e+01 1.045047080895795261e-02
2.800000000000000000e+01 1.018768182405543378e-02
2.805000000000000071e+01 8.762947821623116862e-03
2.810000000000000142e+01 8.287381114536106208e-03
2.815000000000000213e+01 7.193301283794497486e-03
2.820000000000000284e+01 5.602118335971201929e-03
2.825000000000000000e+01 5.755297178203152252e-03
2.830000000000000071e+01 4.795466438101842963e-03
2.835000000000000142e+01 4.140945465698958605e-03
2.840000000000000213e+01 4.803098283549126456e-03
2.845000000000000284e+01 6.591202121754475424e-03
2.850000000000000000e+01 8.302744799149459204e-03
2.855000000000000071e+01 8.424962236807746405e-03
2.860000000000000142e+01 8.024415315671280802e-03
2.865000000000000213e+01 9.355559986210085222e-03
2.870000000000000284e+01 1.076967450268970228e-02
2.875000000000000000e+01 1.156475795072302130e-02
2.880000000000000071e+01 1.145564933971814948e-02
2.885000000000000142e+01 1.059761439439436091e-02
2.890000000000000213e+01 1.024882598428619902e-02
2.895000000000000284e+01 1.084684472764840812e-02
2.900000000000000000e+01 1.045421797764305681e-02
2.905000000000000071e+01 1.005507421680004905e-02
2.910000000000000142e+01 1.153753639023615690e-02
2.915000000000000213e+01 1.132147272263239225e-02
2.920000000000000284e+01 1.175018963028481335e-02
2.925000000000000000e+01 1.134692659030014060e-02
2.930000000000000071e+01 9.911607480246904106e-03
2.935000000000000142e+01 9.427521538985184080e-03
2.940000000000000213e+01 1.101847438557833868e-02
2.945000000000000284e+01 1.129099789578003402e-02
2.950000000000000000e+01 1.114474882447693757e-02
2.955000000000000071e+01 1.246381963571627054e-02
2.960000000000000142e+01 1.331416312995119776e-02
2.965000000000000213e+01 1.442905420948986314e-02
2.970000000000000284e+01 1.376524126810053233e-02
2.975000000000000000e+01 1.218175932544244416e-02
2.980000000000000071e+01 1.279802687187680220e-02
2.985000000000000142e+01 1.043678967196031912e-02
2.990000000000000213e+01 8.582827625120048945e-03
2.995000000000000284e+01 6.983561939520981955e-03
3.000000000000000000e+01 5.412270274229555138e-03
3.005000000000000071e+01 4.886965482238805371e-03
3.010000000000000142e+01 5.503757316531453572e-03
3.015000000000000213e+01 5.731956327519094167e-03
3.020000000000000284e+01 5.340270656591178389e-03
3.025000000000000000e+01 4.823654401317867095e-03
3.030000000000000071e+01 5.014278549685203222e-03
3.035000000000000142e+01 5.765585474080921376e-03
3.040000000000000213e+01 6.990048604733283856e-03
3.045000000000000284e+01 7.329728294485983106e-03
3.050000000000000000e+01 8.312957628020159473e-03
3.055000000000000071e+01 8.465405768251979893e-03
3.060000000000000142e+01 7.899403009956855806e-03
3.065000000000000213e+01 8.612338597948772725e-03
3.070000000000000284e+01 8.576675115178641548e-03
3.075000000000000000e+01 9.296152212612474736e-03
3.080000000000000071e+01 9.036129387519766659e-03
3.085000000000000142e+01 9.055384393575506910e-03
3.090000000000000213e+01 1.068563283324414602e-02
3.095000000000000284e+01 1.064957069169265164e-02
3.100000000000000000e+01 9.990656245676743374e-03
3.105000000000000071e+01 9.330736717699099000e-03
3.110000000000000142e+01 9.356072280242678021e-03
3.115000000000000213e+01 9.011454469314204158e-03
3.120000000000000284e+01 8.697951719734130574e-03
3.125000000000000000e+01 8.636803505091671801e-03
3.130000000000000071e+01 8.071952863930243610e-03
3.135000000000000142e+01 6.831872529576363783e-03
3.140000000000000213e+01 6.263111395477495395e-03
3.145000000000000284e+01 3.913079258198281195e-03
3.150000000000000000e+01 2.873661398659216326e-03
3.155000000000000071e+01 2.290557776436500954e-03
3.160000000000000142e+01 1.917843658981076109e-03
3.165000000000000213e+01 2.836653319620352498e-03
3.170000000000000284e+01 3.302288013504915513e-03
3.175000000000000000e+01 3.152586624900029916e-03
3.180000000000000071e+01 2.449227304779669819e-03
3.185000000000000142e+01 1.066270062714965404e-03
3.190000000000000213e+01 -8.114819718726815805e-04
3.195000000000000284e+01 -2.223459040380333738e-03
3.200000000000000000e+01 -3.212622814772122214e-03
3.205000000000000426e+01 -2.349490374307309625e-03
3.210000000000000142e+01 -1.652687609949116294e-03
3.214999999999999858e+01 -8.187377380551218381e-04
3.220000000000000284e+01 -7.121346648241288092e-04
3.225000000000000000e+01 -1.215638494365411243e-03
3.230000000000000426e+01 -1.757480889636220444e-03
3.235000000000000142e+01 -2.071529716339450770e-03
3.239999999999999858e+01 -2.812514017210393600e-03
3.245000000000000284e+01 -2.318465122546093521e-03
3.250000000000000000e+01 -2.137064575263375281e-03
3.255000000000000426e+01 -2.386309240400402796e-03
3.260000000000000142e+01 -2.880724096633171822e-03
3.264999999999999858e+01 -3.079836208290335359e-03
3.270000000000000284e+01 -2.736600744205437349e-03
3.275000000000000000e+01 -2.341873447075165475e-03
3.280000000000000426e+01 -1.551323807566377336e-03
3.285000000000000142e+01 -8.237747146708048395e-04
3.289999999999999858e+01 -1.051782422833964694e-03
3.295000000000000284e+01 -7.585418559988707987e-04
3.300000000000000000e+01 -1.027950590335957983e-03
3.305000000000000426e+01 -1.641093179759781648e-03
3.310000000000000142e+01 -3.063160820180776695e-03
3.314999999999999858e+01 -3.851985144306052395e-03
3.320000000000000284e+01 -3.837711072411448092e-03
3.325000000000000000e+01 -3.574919675512658150e-03
3.330000000000000426e+01 -3.411919378345106349e-03
3.335000000000000142e+01 -3.752659992994632904e-03
3.339999999999999858e+01 -4.753188950051314733e-03
3.345000000000000284e+01 -4.995350749884479129e-03
3.350000000000000000e+01 -4.766208829431131493e-03
3.355000000000000426e+01 -4.279677785628047820e-03
3.360000000000000142e+01 -5.487655169821135590e-03
3.364999999999999858e+01 -7.276661778242047435e-03
3.370000000000000284e+01 -7.188250497180861780e-03
3.375000000000000000e+01 -5.430705419504892710e-03
3.380000000000000426e+01 -3.962052534110846458e-03
3.385000000000000142e+01 -3.319387552225798108e-03
3.389999999999999858e+01 -1.795441556443895352e-03
3.395000000000000284e+01 -1.014092189425212353e-03
3.400000000000000000e+01 -3.887699683357579501e-04
3.405000000000000426e+01 3.650341601259046980e-04
3.410000000000000142e+01 9.341029785392498692e-04
3.414999999999999858e+01 1.695037561971252885e-03
3.420000000000000284e+01 2.459321851789332634e-03
3.425000000000000000e+01 2.689690862565134125e-03
3.430000000000000426e+01 2.533081405648735483e-03
3.435000000000000142e+01 2.747267987190527092e-03
3.439999999999999858e+01 2.921463998652501417e-03
3.445000000000000284e+01 3.410433009814283108e-03
3.450000000000000000e+01 2.590549741434854201e-03
3.455000000000000426e+01 2.773302846487228461e-03
3.460000000000000142e+01 1.710989093949141001e-03
3.464999999999999858e+01 5.367195704315445111e-04
3.470000000000000284e+01 8.033209804629584888e-04
3.475000000000000000e+01 -4.136169165886443991e-04
3.480000000000000426e+01 -3.885907720799267029e-04
3.485000000000000142e+01 1.824639808484198938e-03
3.489999999999999858e+01 1.922641454742215344e-03
3.495000000000000284e+01 1.649426789349768118e-03
3.500000000000000000e+01 1.641395900395892313e-03
3.505000000000000426e+01 -3.621197455409239660e-04
3.510000000000000142e+01 -2.257059423626783454e-03
3.514999999999999858e+01 -4.661145175659416051e-03
3.520000000000000284e+01 -5.511222974185731732e-03
3.525000000000000000e+01 -6.671931519937002175e-03
3.530000000000000426e+01 -8.307131013836987696e-03
3.535000000000000142e+01 -8.456124693402804551e-03
3.539999999999999858e+01 -7.830197555826813940e-03
3.545000000000000284e+01 -7.330048629989600016e-03
3.550000000000000000e+01 -6.735557018432362930e-03
3.555000000000000426e+01 -6.660962393718944038e-03
3.560000000000000142e+01 -6.784813686786084382e-03
3.564999999999999858e+01 -6.077663658396932969e-03
3.570000000000000284e+01 -5.603057932716963389e-03
3.575000000000000000e+01 -6.612643205305783305e-03
3.580000000000000426e+01 -7.990650785540816606e-03
3.585000000000000142e+01 -9.184732464203027719e-03
3.589999999999999858e+01 -1.150699689491090777e-02
3.595000000000000284e+01 -1.248837481483421399e-02
3.600000000000000000e+01 -1.056389660792284024e-02
3.605000000000000426e+01 -9.446092868789033453e-03
3.610000000000000142e+01 -8.214820370744028641e-03
3.614999999999999858e+01 -6.798317719239895841e-03
3.620000000000000284e+01 -3.848684108147920526e-03
3.625000000000000000e+01 -1.272125717406175516e-03
3.630000000000000426e+01 -7.031293426870233263e-05
3.635000000000000142e+01 -5.444495471030628498e-04
3.639999999999999858e+01 -2.012411364961441251e-03
3.645000000000000284e+01 -2.145478577688503946e-03
3.650000000000000000e+01 -2.579957366815733948e-03
3.655000000000000426e+01 -3.029743386390758905e-03
3.660000000000000142e+01 -2.440994284387395727e-03
3.664999999999999858e+01 -1.702060990739816823e-03
3.670000000000000284e+01 -3.251218044612600670e-03
3.675000000000000000e+01 -3.876227728294692667e-03
3.680000000000000426e+01 -1.926385830729076534e-03
3.685000000000000142e+01 -1.346567669004468046e-03
3.689999999999999858e+01 -9.548104262163855912e-04
3.695000000000000284e+01 1.027803620512127234e-03
3.700000000000000000e+01 1.938499002348504415e-03
3.705000000000000426e+01 1.843643671327282237e-03
3.710000000000000142e+01 2.989703656975453445e-03
3.714999999999999858e+01 2.958853079073728905e-03
3.720000000000000284e+01 1.955024079906158164e-03
3.725000000000000000e+01 1.369905344237404895e-03
3.730000000000000426e+01 4.368119734792085961e-04
3.735000000000000142e+01 1.363413499568666334e-03
3.739999999999999858e+01 3.081423160528762827e-03
3.745000000000000284e+01 4.543568141523854700e-03
3.750000000000000000e+01 4.577003103673840841e-03
3.755000000000000426e+01 3.973205599229423512e-03
3.760000000000000142e+01 2.902609661810380808e-03
3.764999999999999858e+01 2.131182965751858820e-03
3.770000000000000284e+01 2.341208166882489169e-03
3.775000000000000000e+01 2.790620917099159368e-03
3.780000000000000426e+01 1.999700501869436722e-03
3.785000000000000142e+01 1.414256100319781365e-03
3.789999999999999858e+01 9.864198529959673604e-04
3.795000000000000284e+01 6.852345815005075284e-04
3.800000000000000000e+01 -1.655391671397350511e-04
3.805000000000000426e+01 -1.211582315324577757e-03
3.810000000000000142e+01 -9.148132557641276480e-04
3.814999999999999858e+01 -6.665762407155705191e-04
3.820000000000000284e+01 -7.455041380317932670e-04
3.825000000000000000e+01 -5.637972337201761297e-04
3.830000000000000426e+01 -1.894348037398292921e-03
3.835000000000000142e+01 -2.871114238422070846e-03
3.840000000000000568e+01 -3.155757148564467939e-03
3.845000000000000284e+01 -4.159080552478155134e-03
3.850000000000000000e+01 -4.447238494121027140e-03
3.855000000000000426e+01 -3.145687086828839567e-03
3.860000000000000142e+01 -2.461449883168603456e-03
3.865000000000000568e+01 -1.631682600655242309e-03
3.870000000000000284e+01 -9.551568205605761664e-04
3.875000000000000000e+01 -8.322202028131998257e-05
3.880000000000000426e+01 3.400708296203855613e-04
3.885000000000000142e+01 -4.929050806799504299e-04
3.890000000000000568e+01 -8.509049607973550710e-04
3.895000000000000284e+01 6.123799007880991949e-04
3.900000000000000000e+01 2.171696993552815844e-03
3.905000000000000426e+01 2.296654908762778106e-03
3.910000000000000142e+01 1.237201349869922586e-03
3.915000000000000568e+01 1.903769757447994605e-04
3.920000000000000284e+01 2.165532596825293845e-04
3.925000000000000000e+01 -2.277535714988118698e-04
3.930000000000000426e+01 6.803221059208898122e-04
3.935000000000000142e+01 2.034027418063980887e-03
3.940000000000000568e+01 2.443795073829282006e-03
3.945000000000000284e+01 2.400550990220204003e-03
3.950000000000000000e+01 3.254455255100077628e-03
3.955000000000000426e+01 3.010115963474519624e-03
3.960000000000000142e+01 1.390608020526920216e-03
3.965000000000000568e+01 2.012880411664538273e-03
3.970000000000000284e+01 2.103243755515947413e-03
3.975000000000000000e+01 1.535245794623335200e-03
3.980000000000000426e+01 4.326206027055337980e-04
3.985000000000000142e+01 -2.760672741972710308e-03
3.990000000000000568e+01 -5.717545716930643417e-03
3.995000000000000284e+01 -5.202685106075632081e-03
4.000000000000000000e+01 -5.161091541191326591e-03
4.005000000000000426e+01 -4.624802923259504345e-03
4.010000000000000142e+01 -3.824346542795706988e-03
4.015000000000000568e+01 -2.999979311321436786e-03
4.020000000000000284e+01 -2.628839021265828076e-03
4.025000000000000000e+01 -1.222364268587421707e-03
4.030000000000000426e+01 -4.621977152523333468e-04
4.035000000000000142e+01 -1.785047776251251972e-03
4.040000000000000568e+01 -3.958035819750481410e-03
4.045000000000000284e+01 -5.819520899784992943e-03
4.050000000000000000e+01 -5.105966657962723344e-03
4.055000000000000426e+01 -5.069220976173564874e-03
4.060000000000000142e+01 -5.120296111558469802e-03
4.065000000000000568e+01 -3.197260785656427882e-03
4.070000000000000284e+01 -1.818707348720002013e-03
4.075000000000000000e+01 -1.192509987718623704e-03
4.080000000000000426e+01 -8.292345487760130040e-04
4.085000000000000142e+01 -4.311884191751838135e-04
4.090000000000000568e+01 -1.117820005513902541e-03
4.095000000000000284e+01 -3.516080951109213943e-03
4.100000000000000000e+01 -4.690059974546232670e-03
4.105000000000000426e+01 -4.434809220203698651e-03
4.110000000000000142e+01 -4.457843132581347338e-03
4.115000000000000568e+01 -3.520074640701515486e-03
4.120000000000000284e+01 -2.499951357547090282e-03
4.125000000000000000e+01 -2.270068607489657622e-03
4.130000000000000426e+01 -1.850605938363301299e-03
4.135000000000000142e+01 -1.275095670843932232e-03
4.140000000000000568e+01 -1.539730061639940986e-03
4.145000000000000284e+01 -1.084625020944731495e-03
4.150000000000000000e+01 -1.815455608215711192e-03
4.155000000000000426e+01 -2.416067094601592226e-03
4.160000000000000142e+01 -2.006561345214253906e-03
4.165000000000000568e+01 -1.912152741896889054e-03
4.170000000000000284e+01 -3.832415818025297497e-04
4.175000000000000000e+01 -8.880019643065350382e-04
4.180000000000000426e+01 -1.960926690222526258e-03
4.185000000000000142e+01 -3.336160079159323968e-03
4.190000000000000568e+01 -4.730527845050695214e-03
4.195000000000000284e+01 -6.070716285865229364e-03
4.200000000000000000e+01 -8.315118352004586752e-03
4.205000000000000426e+01 -7.928390689305925276e-03
4.210000000000000142e+01 -6.418217938028946551e-03
4.215000000000000568e+01 -4.121549835265096197e-03
4.220000000000000284e+01 -2.398733238242647513e-03
4.225000000000000000e+01 -1.758902311840155599e-03
4.230000000000000426e+01 -1.382963968772033751e-04
4.235000000000000142e+01 2.898302308290751821e-04
4.240000000000000568e+01 1.170287530254123269e-03
4.245000000000000284e+01 2.333707652409565143e-03
4.250000000000000000e+01 1.365717335304741670e-03
4.255000000000000426e+01 7.164667750699018354e-04
4.260000000000000142e+01 9.429311486358469456e-04
4.265000000000000568e+01 1.469804118415656306e-03
4.270000000000000284e+01 2.139382636711885475e-03
4.275000000000000000e+01 1.533557907779889082e-03
4.280000000000000426e+01 1.459184237102574859e-03
4.285000000000000142e+01 5.929604780714697963e-04
4.290000000000000568e+01 -4.593496558692738855e-04
4.295000000000000284e+01 -7.463259836322663982e-04
4.300000000000000000e+01 -2.032651847696141482e-03
4.305000000000000426e+01 -3.759500109414834652e-03
4.310000000000000142e+01 -4.260482260068577248e-03
4.315000000000000568e+01 -2.803477602213773606e-03
4.320000000000000284e+01 -2.709425588532490218e-03
4.325000000000000000e+01 -1.768348090264212436e-03
4.330000000000000426e+01 -1.089944107837960592e-03
4.335000000000000142e+01 -2.065819264445350155e-03
4.340000000000000568e+01 -1.077940843725677753e-03
4.345000000000000284e+01 -2.329066551733541366e-04
4.350000000000000000e+01 2.658522630236769099e-04
4.355000000000000426e+01 1.639036559780900851e-03
4.360000000000000142e+01 1.500312735915355954e-03
4.365000000000000568e+01 2.746946190030143424e-04
4.370000000000000284e+01 -5.070917252229487386e-04
4.375000000000000000e+01 -9.008135425922007529e-04
4.380000000000000426e+01 -1.144436062833446540e-03
4.385000000000000142e+01 -1.527254705982668617e-03
4.390000000000000568e+01 -2.339991506003509091e-03
4.395000000000000284e+01 -2.180150405890803229e-03
4.400000000000000000e+01 -7.593200098835348145e-04
4.405000000000000426e+01 9.258718856834382508e-04
4.410000000000000142e+01 2.004531649499329687e-03
4.415000000000000568e+01 5.210943155712800942e-04
4.420000000000000284e+01 -4.899492752808558846e-04
4.425000000000000000e+01 2.172854405140749287e-04
4.430000000000000426e+01 9.964139870367186638e-04
4.435000000000000142e+01 1.135672091426994995e-03
4.440000000000000568e+01 8.707636540451910373e-04
4.445000000000000284e+01 6.349999902561688633e-04
4.450000000000000000e+01 3.445647676289478769e-04
4.455000000000000426e+01 1.879889582614528492e-03
4.460000000000000142e+01 2.136314139259213804e-03
4.465000000000000568e+01 2.787470581598956720e-03
4.470000000000000284e+01 3.731615633184988141e-03
4.475000000000000000e+01 2.804971791328378546e-03
4.480000000000000426e+01 9.171655375601727583e-04
4.485000000000000142e+01 -2.062803627052546378e-03
4.490000000000000568e+01 -2.615118192555582199e-03
4.495000000000000284e+01 -3.199476620627134463e-03
4.500000000000000000e+01 -3.684927198216289470e-03
4.505000000000000426e+01 -4.386742190537966379e-03
4.510000000000000142e+01 -5.487367564260243503e-03
4.515000000000000568e+01 -7.279272609978235282e-03
4.520000000000000284e+01 -7.230342056259744972e-03
4.525000000000000000e+01 -6.181426541861716369e-03
4.530000000000000426e+01 -6.159097182503785184e-03
4.535000000000000142e+01 -8.032239101183126159e-03
4.540000000000000568e+01 -8.718081860020286677e-03
4.545000000000000284e+01 -6.958653587684102311e-03
4.550000000000000000e+01 -6.089453631390279349e-03
4.555000000000000426e+01 -7.708088230314326730e-03
4.560000000000000142e+01 -7.366768779816333136e-03
4.565000000000000568e+01 -7.332384066786167692e-03
4.570000000000000284e+01 -6.464386077723531521e-03
4.575000000000000000e+01 -5.313860087228882215e-03
4.580000000000000426e+01 -5.376650969289159532e-03
4.585000000000000142e+01 -6.808653157708476934e-03
4.590000000000000568e+01 -6.924930470559314752e-03
4.595000000000000284e+01 -5.398589989821130086e-03
4.600000000000000000e+01 -5.900124991404673280e-03
4.605000000000000426e+01 -6.391822792237780715e-03
4.610000000000000142e+01 -7.411689147023518311e-03
4.615000000000000568e+01 -8.425439791000148906e-03
4.620000000000000284e+01 -9.273684325867396355e-03
4.625000000000000000e+01 -8.780103022543846170e-03
4.630000000000000426e+01 -8.290564659257062402e-03
4.635000000000000142e+01 -8.114207154443598552e-03
4.640000000000000568e+01 -7.810617941593781845e-03
4.645000000000000284e+01 -7.530166016223104920e-03
4.650000000000000000e+01 -7.390789888973882393e-03
4.655000000000000426e+01 -6.276662534935433316e-03
4.660000000000000142e+01 -4.497041700944941212e-03
4.665000000000000568e+01 -4.291560935488936135e-03
4.670000000000000284e+01 -3.004241838048413160e-03
4.675000000000000000e+01 -8.898049107163322159e-04
4.680000000000000426e+01 -5.487387059775315377e-04
4.685000000000000142e+01 -6.507316534831830267e-04
4.690000000000000568e+01 -1.285027453977812375e-03
4.695000000000000284e+01 -2.742112496848555896e-03
4.700000000000000000e+01 -2.751357400664166189e-03
4.705000000000000426e+01 -2.811422675532373582e-03
4.710000000000000142e+01 -3.647256650188311806e-03
4.715000000000000568e+01 -4.313318023254634342e-03
4.720000000000000284e+01 -5.364585458186519815e-03
4.725000000000000000e+01 -6.746541252458062264e-03
4.730000000000000426e+01 -7.003129600180760424e-03
4.735000000000000142e+01 -9.347256081772718772e-03
4.740000000000000568e+01 -9.720210928817148155e-03
4.745000000000000284e+01 -9.333319141977207412e-03
4.750000000000000000e+01 -9.020144233739021966e-03
4.755000000000000426e+01 -8.590696178760705987e-03
4.760000000000000142e+01 -8.035281449432087053e-03
4.765000000000000568e+01 -5.460114074587196081e-03
4.770000000000000284e+01 -3.456158695767119673e-03
4.775000000000000000e+01 -3.045637957126819985e-03
4.780000000000000426e+01 -4.065823042235171617e-03
4.785000000000000142e+01 -5.462584061715770878e-03
4.790000000000000568e+01 -5.653961070241800974e-03
4.795000000000000284e+01 -6.236528858418518423e-03
4.800000000000000000e+01 -5.918301348143362173e-03
4.805000000000000426e+01 -6.047262209907157057e-03
4.810000000000000142e+01 -6.535652798657139856e-03
4.815000000000000568e+01 -7.252139435625306121e-03
4.820000000000000284e+01 -6.853927411070256936e-03
4.825000000000000000e+01 -6.581965450655469056e-03
4.830000000000000426e+01 -6.426080598419610553e-03
4.835000000000000142e+01 -5.967635355525448271e-03
4.840000000000000568e+01 -4.282191866636855457e-03
4.845000000000000284e+01 -3.253512703493717777e-03
4.850000000000000000e+01 -2.812469259269622431e-03
4.855000000000000426e+01 -3.484257283347529186e-03
4.860000000000000142e+01 -4.613553921396424708e-03
4.865000000000000568e+01 -5.271984653505731692e-03
4.870000000000000284e+01 -5.290629048780501158e-03
4.875000000000000000e+01 -5.688249201239428156e-03
4.880000000000000426e+01 -5.831894234681279411e-03
4.885000000000000142e+01 -6.554571876638336930e-03
4.890000000000000568e+01 -5.684466068373588907e-03
4.895000000000000284e+01 -5.175664121268697300e-03
4.900000000000000000e+01 -5.989147694047192334e-03
4.905000000000000426e+01 -4.809087113821220762e-03
4.910000000000000142e+01 -3.607808699449370493e-03
4.915000000000000568e+01 -3.080731057439117879e-03
4.920000000000000284e+01 -3.129471527891149185e-03
4.925000000000000000e+01 -4.251530608113275773e-03
4.930000000000000426e+01 -4.389175926830619565e-03
4.935000000000000142e+01 -4.916884779035052451e-03
4.940000000000000568e+01 -4.293808135742285120e-03
4.945000000000000284e+01 -4.514667663770763166e-03
4.950000000000000000e+01 -4.836909852361046674e-03
4.955000000000000426e+01 -4.924511519542223818e-03
4.960000000000000142e+01 -6.391404216444912176e-03
4.965000000000000568e+01 -7.105364340971067651e-03
4.970000000000000284e+01 -7.450787643964702257e-03
4.975000000000000000e+01 -8.255426866322808366e-03
4.980000000000000426e+01 -1.006377212870326887e-02
4.985000000000000142e+01 -1.162568688239169756e-02
4.990000000000000568e+01 -1.157469893476282055e-02
4.995000000000000284e+01 -1.203601516673084848e-02
5.000000000000000000e+01 -1.078539835270996353e-02
5.005000000000000426e+01 -1.005739292363674181e-02
5.010000000000000142e+01 -1.095162747626440489e-02
5.015000000000000568e+01 -1.140638556955470527e-02
5.020000000000000284e+01 -1.177731472633338980e-02
5.025000000000000000e+01 -1.121454263420334357e-02
5.030000000000000426e+01 -1.032834234683500246e-02
5.035000000000000142e+01 -9.689458915538576994e-03
5.040000000000000568e+01 -8.161213822568917989e-03
5.045000000000000284e+01 -7.125201846289561276e-03
5.050000000000000000e+01 -6.422955689706469178e-03
5.055000000000000426e+01 -7.476885371381899147e-03
5.060000000000000142e+01 -8.891140462772097186e-03
5.065000000000000568e+01 -9.925220967420314219e-03
5.070000000000000284e+01 -1.035107237781007251e-02
5.075000000000000000e+01 -1.067101106664498401e-02
5.080000000000000426e+01 -1.050147145559695433e-02
5.085000000000000142e+01 -1.120503669891624414e-02
5.090000000000000568e+01 -1.243078134865364774e-02
5.095000000000000284e+01 -1.350196248494154108e-02
5.100000000000000000e+01 -1.283269814952745815e-02
5.105000000000000426e+01 -1.140659736849566376e-02
5.110000000000000142e+01 -1.272947792556384031e-02
5.115000000000000568e+01 -1.348853241128291150e-02
5.120000000000000284e+01 -1.261472139250732066e-02
5.125000000000000000e+01 -1.304195438134105739e-02
5.130000000000000426e+01 -1.272668550703269508e-02
5.135000000000000142e+01 -1.135679651673384034e-02
5.140000000000000568e+01 -1.002512795480075235e-02
5.145000000000000284e+01 -9.632576383710138648e-03
5.150000000000000000e+01 -1.173468591444513064e-02
5.155000000000000426e+01 -1.123522627939521276e-02
5.160000000000000142e+01 -1.040386390091985191e-02
5.165000000000000568e+01 -9.817829242343052015e-03
5.170000000000000284e+01 -1.005151592914236940e-02
5.175000000000000000e+01 -1.195155688036137094e-02
5.180000000000000426e+01 -1.497278656575357081e-02
5.185000000000000142e+01 -1.672526342979476985e-02
5.190000000000000568e+01 -1.702251790137567986e-02
5.195000000000000284e+01 -1.704591520654251749e-02
5.200000000000000000e+01 -1.649275846176023741e-02
5.205000000000000426e+01 -1.541741482673309599e-02
5.210000000000000142e+01 -1.463186476375463035e-02
5.215000000000000568e+01 -1.240180796918377050e-02
5.220000000000000284e+01 -1.139981767753409092e-02
5.225000000000000000e+01 -1.107727223424221676e-02
5.230000000000000426e+01 -1.134224196512274331e-02
5.235000000000000142e+01 -1.106955820603710075e-02
5.240000000000000568e+01 -1.119048298500805935e-02
5.245000000000000284e+01 -9.716737926130392458e-03
5.250000000000000000e+01 -8.868018453480248225e-03
5.255000000000000426e+01 -9.193424262308354244e-03
5.260000000000000142e+01 -9.600783172602638665e-03
5.265000000000000568e+01 -9.173026866391447223e-03
5.270000000000000284e+01 -7.248354108688259169e-03
5.275000000000000000e+01 -6.388541970961597767e-03
5.280000000000000426e+01 -6.293887113503517095e-03
5.285000000000000142e+01 -7.456931088808987050e-03
5.290000000000000568e+01 -8.569122616139788692e-03
5.295000000000000284e+01 -8.364184279722226487e-03
5.300000000000000000e+01 -7.936577329955106855e-03
5.305000000000000426e+01 -8.873848080595291010e-03
5.310000000000000142e+01 -1.007132039193871405e-02
5.315000000000000568e+01 -1.011995965363108631e-02
5.320000000000000284e+01 -1.002639920298530919e-02
5.325000000000000000e+01 -8.855261723431130660e-03
5.330000000000000426e+01 -7.100845543318415158e-03
5.335000000000000142e+01 -6.004057055956329991e-03
5.340000000000000568e+01 -5.269532805100307117e-03
5.345000000000000284e+01 -4.558020851154922885e-03
5.350000000000000000e+01 -3.376010689512604600e-03
5.355000000000000426e+01 -3.454430963568197541e-03
5.360000000000000142e+01 -4.171804685440757415e-03
5.365000000000000568e+01 -4.425232753399127236e-03
5.370000000000000284e+01 -4.788953924780367175e-03
5.375000000000000000e+01 -2.894320449915895477e-03
5.380000000000000426e+01 -6.363720883376229544e-05
5.385000000000000142e+01 8.379244372791338916e-04
5.390000000000000568e+01 1.165067490284875352e-04
5.395000000000000284e+01 -4.141491461339791530e-04
5.400000000000000000e+01 -1.681617954561902013e-03
5.405000000000000426e+01 -2.148526924060181233e-03
5.410000000000000142e+01 -3.726295305344247411e-03
5.415000000000000568e+01 -6.403577560842130256e-03
5.420000000000000284e+01 -6.022167781458542986e-03
5.425000000000000000e+01 -6.519606647045189836e-03
5.430000000000000426e+01 -7.622844153859532901e-03
5.435000000000000142e+01 -7.628310205773669930e-03
5.440000000000000568e+01 -8.337709089896831738e-03
5.445000000000000284e+01 -7.619748369450764225e-03
5.450000000000000000e+01 -7.685365639124720587e-03
5.455000000000000426e+01 -7.493370680772304046e-03
5.460000000000000142e+01 -7.900514887903664629e-03
5.465000000000000568e+01 -7.496087923921449132e-03
5.470000000000000284e+01 -7.111448061882188858e-03
5.475000000000000000e+01 -6.964966817200124796e-03
5.480000000000000426e+01 -6.923722792673409759e-03
5.485000000000000142e+01 -7.520291325746751750e-03
5.490000000000000568e+01 -8.713252728580433287e-03
5.495000000000000284e+01 -8.856577723598530946e-03
5.500000000000000000e+01 -8.737669206044761105e-03
5.505000000000000426e+01 -9.082092982076751461e-03
5.510000000000000142e+01 -1.092778975391814865e-02
5.515000000000000568e+01 -1.170960386188224338e-02
5.520000000000000284e+01 -1.159808249208457015e-02
5.525000000000000000e+01 -1.063882363655318727e-02
5.530000000000000426e+01 -7.969369416756598434e-03
5.535000000000000142e+01 -5.373268453204050298e-03
5.540000000000000568e+01 -2.608433709816410789e-03
5.545000000000000284e+01 -2.497410645354070351e-03
5.550000000000000000e+01 -4.519531206705756921e-03
5.555000000000000426e+01 -4.366324739944331922e-03
5.560000000000000142e+01 -4.545230249461443620e-03
5.565000000000000568e+01 -4.655733179364021472e-03
5.570000000000000284e+01 -5.905436283348761140e-03
5.575000000000000000e+01 -7.903647269704256947e-03
5.580000000000000426e+01 -8.686711353447276393e-03
5.585000000000000142e+01 -7.605037531684062484e-03
5.590000000000000568e+01 -7.164975424965907592e-03
5.595000000000000284e+01 -6.909634967049820865e-03
5.600000000000000000e+01 -6.492932577581982112e-03
5.605000000000000426e+01 -7.640788008009834903e-03
5.610000000000000142e+01 -7.821550739460428683e-03
5.615000000000000568e+01 -7.372263352622379640e-03
5.620000000000000284e+01 -5.950781766717890171e-03
5.625000000000000000e+01 -6.626814116960332880e-03
5.630000000000000426e+01 -8.010778959180314684e-03
5.635000000000000142e+01 -7.648099238281791216e-03
5.640000000000000568e+01 -7.258641601091181741e-03
5.645000000000000284e+01 -6.797702630367647922e-03
5.650000000000000000e+01 -7.130488114342263019e-03
5.655000000000000426e+01 -7.957043183429714575e-03
5.660000000000000142e+01 -7.716499871992929180e-03
5.665000000000000568e+01 -8.195804733654346586e-03
5.670000000000000284e+01 -7.976190186669446583e-03
5.675000000000000000e+01 -8.303958172863097273e-03
5.680000000000000426e+01 -1.032844062460272494e-02
5.685000000000000142e+01 -1.168006505599846791e-02
5.690000000000000568e+01 -1.243231837926960827e-02
5.695000000000000284e+01 -1.331931458205174237e-02
5.700000000000000000e+01 -1.400646122435021852e-02
5.705000000000000426e+01 -1.408698005939029545e-02
5.710000000000000142e+01 -1.329460391431980422e-02
5.715000000000000568e+01 -1.364519601373530636e-02
5.720000000000000284e+01 -1.339737900398940522e-02
5.725000000000000000e+01 -1.371969890457986480e-02
5.730000000000000426e+01 -1.293819082770925749e-02
5.735000000000000142e+01 -1.346560731506409904e-02
5.740000000000000568e+01 -1.399341930104646553e-02
5.745000000000000284e+01 -1.227803129498833759e-02
5.750000000000000000e+01 -1.300524981446138199e-02
5.755000000000000426e+01 -1.424022945559157843e-02
5.760000000000000142e+01 -1.398770962888119286e-02
5.765000000000000568e+01 -1.396223359495323002e-02
5.770000000000000284e+01 -1.276505092409797870e-02
5.775000000000000000e+01 -1.078098442709350506e-02
5.780000000000000426e+01 -9.764143538394786520e-03
5.785000000000000142e+01 -9.136819219679029325e-03
5.790000000000000568e+01 -9.368980095579215392e-03
5.795000000000000284e+01 -9.052220414143037283e-03
5.800000000000000000e+01 -7.862993648725568469e-03
5.805000000000000426e+01 -5.430936777461826612e-03
5.810000000000000142e+01 -4.102314796687184240e-03
5.815000000000000568e+01 -3.542424397652071174e-03
5.820000000000000284e+01 -3.125902717424061845e-03
5.825000000000000000e+01 -3.427710086603579821e-03
5.830000000000000426e+01 -4.624904485878494551e-03
5.835000000000000142e+01 -3.900024638760429298e-03
5.840000000000000568e+01 -4.572340843244685274e-03
5.845000000000000284e+01 -4.951343674929338523e-03
5.850000000000000000e+01 -5.673345159863683700e-03
5.855000000000000426e+01 -7.680022132024105948e-03
5.860000000000000142e+01 -1.031084705923866751e-02
5.865000000000000568e+01 -1.181048418777247769e-02
5.870000000000000284e+01 -1.144066668171118961e-02
5.875000000000000000e+01 -8.919292111569542339e-03
5.880000000000000426e+01 -7.387794482596362657e-03
5.885000000000000142e+01 -8.030727631243779127e-03
5.890000000000000568e+01 -7.160309143518886130e-03
5.895000000000000284e+01 -6.955573884577458642e-03
5.900000000000000000e+01 -5.814495959908188780e-03
5.905000000000000426e+01 -5.754564857775623307e-03
5.910000000000000142e+01 -6.832591366212417867e-03
5.915000000000000568e+01 -8.842608487412478499e-03
5.920000000000000284e+01 -9.848019859227022388e-03
5.925000000000000000e+01 -1.023193432325997070e-02
5.930000000000000426e+01 -1.008204179240776259e-02
5.935000000000000142e+01 -9.697865334457137290e-03
5.940000000000000568e+01 -9.026892701289373697e-03
5.945000000000000284e+01 -8.161368898434597993e-03
5.950000000000000000e+01 -7.381730707389186699e-03
5.955000000000000426e+01 -7.578636624596594637e-03
5.960000000000000142e+01 -9.010877640853015222e-03
5.965000000000000568e+01 -9.910403731920669826e-03
5.970000000000000284e+01 -9.328604519515237142e-03
5.975000000000000000e+01 -8.890021462470623984e-03
5.980000000000000426e+01 -1.057453095480344329e-02
5.985000000000000142e+01 -1.110664599759563984e-02
5.990000000000000568e+01 -1.201238679021334431e-02
5.995000000000000284e+01 -1.295165146019396606e-02
