0.000000000000000000e+00 9.999999859841082195e-01
5.000000000000000278e-02 9.822740560981986224e-01
1.000000000000000056e-01 9.494623267516387743e-01
1.500000000000000222e-01 9.162649901319149803e-01
2.000000000000000111e-01 8.856332009130608585e-01
2.500000000000000000e-01 8.606930173647101556e-01
3.000000000000000444e-01 8.407237114613091977e-01
3.500000000000000333e-01 8.245331186009846602e-01
4.000000000000000222e-01 8.113525444412925669e-01
4.500000000000000111e-01 7.998872343555984976e-01
5.000000000000000000e-01 7.896647465601784877e-01
5.500000000000000444e-01 7.805194995584678885e-01
6.000000000000000888e-01 7.720679154342613426e-01
6.500000000000000222e-01 7.638188095685575218e-01
7.000000000000000666e-01 7.559752908084118594e-01
7.500000000000000000e-01 7.480018211149291885e-01
8.000000000000000444e-01 7.402256347564074579e-01
8.500000000000000888e-01 7.331948588883614448e-01
9.000000000000000222e-01 7.260604283812213122e-01
9.500000000000000666e-01 7.196359422816163143e-01
1.000000000000000000e+00 7.132332685459149557e-01
1.050000000000000044e+00 7.065178163907352982e-01
1.100000000000000089e+00 6.994667756925053714e-01
1.150000000000000133e+00 6.923000918983507335e-01
1.200000000000000178e+00 6.851321066021747175e-01
1.250000000000000000e+00 6.782495031991467860e-01
1.300000000000000044e+00 6.716485852962404968e-01
1.350000000000000089e+00 6.653776540323665944e-01
1.400000000000000133e+00 6.593414711290547237e-01
1.450000000000000178e+00 6.530869672945922577e-01
1.500000000000000000e+00 6.468232825733609692e-01
1.550000000000000044e+00 6.407237719698816170e-01
1.600000000000000089e+00 6.347955893776257019e-01
1.650000000000000133e+00 6.291940505600304157e-01
1.700000000000000178e+00 6.237583940455552201e-01
1.750000000000000000e+00 6.185622909613193166e-01
1.800000000000000044e+00 6.134473445838866112e-01
1.850000000000000089e+00 6.083532526586840072e-01
1.900000000000000133e+00 6.028014226278380905e-01
1.950000000000000178e+00 5.974180856502572246e-01
2.000000000000000000e+00 5.922119431724919281e-01
2.050000000000000266e+00 5.871416966021125727e-01
2.100000000000000089e+00 5.822268344958703157e-01
2.149999999999999911e+00 5.772709579895968224e-01
2.200000000000000178e+00 5.723708045054426430e-01
2.250000000000000000e+00 5.674353953515687277e-01
2.300000000000000266e+00 5.625003011724111213e-01
2.350000000000000089e+00 5.576839124412279469e-01
2.400000000000000355e+00 5.530226302381575643e-01
2.450000000000000178e+00 5.481767895838118854e-01
2.500000000000000000e+00 5.437798347693172385e-01
2.550000000000000266e+00 5.393810161588040719e-01
2.600000000000000089e+00 5.349818494397647894e-01
2.650000000000000355e+00 5.308983541325503763e-01
2.700000000000000178e+00 5.270503535423530783e-01
2.750000000000000000e+00 5.231065707528147479e-01
2.800000000000000266e+00 5.187681406956367036e-01
2.850000000000000089e+00 5.141607556047511629e-01
2.900000000000000355e+00 5.097693223675715535e-01
2.950000000000000178e+00 5.057121521182185164e-01
3.000000000000000000e+00 5.020444547416781367e-01
3.050000000000000266e+00 4.981062256384110598e-01
3.100000000000000089e+00 4.942016910812601638e-01
3.150000000000000355e+00 4.897865128580652927e-01
3.200000000000000178e+00 4.857450502021716798e-01
3.250000000000000000e+00 4.820438351916747077e-01
3.300000000000000266e+00 4.787753178629140516e-01
3.350000000000000089e+00 4.752698737172176835e-01
3.400000000000000355e+00 4.713803239411953339e-01
3.450000000000000178e+00 4.674672080608499591e-01
3.500000000000000000e+00 4.641504540146931257e-01
3.550000000000000266e+00 4.609394813302200578e-01
3.600000000000000089e+00 4.571218286819673238e-01
3.650000000000000355e+00 4.532487629550254749e-01
3.700000000000000178e+00 4.497200385719489768e-01
3.750000000000000000e+00 4.458610588431942134e-01
3.800000000000000266e+00 4.419970512163035048e-01
3.850000000000000089e+00 4.382037794170101641e-01
3.900000000000000355e+00 4.345690277589109307e-01
3.950000000000000178e+00 4.316185229162252668e-01
4.000000000000000000e+00 4.284497077177586988e-01
4.049999999999999822e+00 4.254926864138361409e-01
4.100000000000000533e+00 4.227552538335725418e-01
4.150000000000000355e+00 4.200048123487063467e-01
4.200000000000000178e+00 4.173166971424260852e-01
4.250000000000000000e+00 4.145163897431604072e-01
4.299999999999999822e+00 4.117343230144045463e-01
4.350000000000000533e+00 4.085644974705368582e-01
4.400000000000000355e+00 4.057210638422579230e-01
4.450000000000000178e+00 4.025494431700571418e-01
4.500000000000000000e+00 3.994449112569787852e-01
4.549999999999999822e+00 3.967590163463071695e-01
4.600000000000000533e+00 3.939016344251833890e-01
4.650000000000000355e+00 3.908605070887926081e-01
4.700000000000000178e+00 3.880803764377674381e-01
4.750000000000000000e+00 3.855613872850767732e-01
4.800000000000000711e+00 3.828044349136383584e-01
4.850000000000000533e+00 3.798590697011526851e-01
4.900000000000000355e+00 3.770794331116961717e-01
4.950000000000000178e+00 3.742235320601169368e-01
5.000000000000000000e+00 3.709135809364563774e-01
5.050000000000000711e+00 3.678504679409869138e-01
5.100000000000000533e+00 3.650622788328845569e-01
5.150000000000000355e+00 3.624476019179138642e-01
5.200000000000000178e+00 3.599890810548067033e-01
5.250000000000000000e+00 3.569729863945433346e-01
5.300000000000000711e+00 3.543118214824388379e-01
5.350000000000000533e+00 3.520318771077289299e-01
5.400000000000000355e+00 3.497434328182818519e-01
5.450000000000000178e+00 3.478466971727851575e-01
5.500000000000000000e+00 3.454067873939939415e-01
5.550000000000000711e+00 3.427524913671193274e-01
5.600000000000000533e+00 3.404620661940110926e-01
5.650000000000000355e+00 3.380438373972474708e-01
5.700000000000000178e+00 3.355924737562604454e-01
5.750000000000000000e+00 3.330255864874792082e-01
5.800000000000000711e+00 3.303135763344894338e-01
5.850000000000000533e+00 3.275908683623999229e-01
5.900000000000000355e+00 3.252423656297631083e-01
5.950000000000000178e+00 3.228048587740628972e-01
6.000000000000000000e+00 3.204855704728811761e-01
6.050000000000000711e+00 3.183886778942247031e-01
6.100000000000000533e+00 3.164358690337725766e-01
6.150000000000000355e+00 3.143806571749594991e-01
6.200000000000000178e+00 3.121328675539397635e-01
6.250000000000000000e+00 3.102036856681708588e-01
6.300000000000000711e+00 3.081057815799267408e-01
6.350000000000000533e+00 3.060473614776977880e-01
6.400000000000000355e+00 3.038715885889735624e-01
6.450000000000000178e+00 3.016920538977059252e-01
6.500000000000000000e+00 3.002254041287329422e-01
6.550000000000000711e+00 2.985384452900773922e-01
6.600000000000000533e+00 2.969122348295539227e-01
6.650000000000000355e+00 2.956045598150502385e-01
6.700000000000000178e+00 2.938958892730916261e-01
6.750000000000000000e+00 2.915552332639189670e-01
6.800000000000000711e+00 2.893850847539269910e-01
6.850000000000000533e+00 2.870865685300190706e-01
6.900000000000000355e+00 2.851248485332138483e-01
6.950000000000000178e+00 2.836732026415769714e-01
7.000000000000000000e+00 2.821822494008763282e-01
7.050000000000000711e+00 2.803208912721852908e-01
7.100000000000000533e+00 2.780435862339377118e-01
7.150000000000000355e+00 2.760631017965154421e-01
7.200000000000000178e+00 2.739875324919254784e-01
7.250000000000000000e+00 2.720600279159484103e-01
7.300000000000000711e+00 2.702226851200398294e-01
7.350000000000000533e+00 2.683853610243584487e-01
7.400000000000000355e+00 2.664206739905164989e-01
7.450000000000000178e+00 2.645781770932277288e-01
7.500000000000000000e+00 2.628207166383049742e-01
7.550000000000000711e+00 2.609069922532935015e-01
7.600000000000000533e+00 2.587660616334739871e-01
7.650000000000000355e+00 2.570501594831136605e-01
7.700000000000000178e+00 2.555013497649032406e-01
7.750000000000000000e+00 2.538141646097675230e-01
7.800000000000000711e+00 2.521709805970712148e-01
7.850000000000000533e+00 2.504824763397520693e-01
7.900000000000000355e+00 2.488926672769803672e-01
7.950000000000000178e+00 2.470380175573565484e-01
8.000000000000000000e+00 2.452797120028163969e-01
8.050000000000000711e+00 2.439648483042031468e-01
8.099999999999999645e+00 2.425315259791657463e-01
8.150000000000000355e+00 2.408293690152063238e-01
8.200000000000001066e+00 2.391683743331668721e-01
8.250000000000000000e+00 2.375191667984857813e-01
8.300000000000000711e+00 2.362220755081077539e-01
8.349999999999999645e+00 2.349157909284149970e-01
8.400000000000000355e+00 2.339445920609969365e-01
8.450000000000001066e+00 2.324853175801132876e-01
8.500000000000000000e+00 2.305252448465630599e-01
8.550000000000000711e+00 2.287833110388576840e-01
8.599999999999999645e+00 2.268468968810520847e-01
8.650000000000000355e+00 2.252449637237625424e-01
8.700000000000001066e+00 2.243594291130544816e-01
8.750000000000000000e+00 2.233612324975513541e-01
8.800000000000000711e+00 2.221339499998446765e-01
8.849999999999999645e+00 2.209723140592947943e-01
8.900000000000000355e+00 2.197954242325639018e-01
8.950000000000001066e+00 2.186158546798775137e-01
9.000000000000000000e+00 2.172909472702955203e-01
9.050000000000000711e+00 2.158677960826492215e-01
9.099999999999999645e+00 2.146188032797599343e-01
9.150000000000000355e+00 2.134099667761403807e-01
9.200000000000001066e+00 2.121804564579001795e-01
9.250000000000000000e+00 2.108988104255059282e-01
9.300000000000000711e+00 2.094309272792722054e-01
9.349999999999999645e+00 2.080524750459484540e-01
9.400000000000000355e+00 2.069878678910105074e-01
9.450000000000001066e+00 2.062246836297846053e-01
9.500000000000000000e+00 2.051884117227271154e-01
9.550000000000000711e+00 2.037050534349079955e-01
9.600000000000001421e+00 2.022345950719139362e-01
9.650000000000000355e+00 2.008349507375090659e-01
9.700000000000001066e+00 1.992515352454137245e-01
9.750000000000000000e+00 1.980249646120320894e-01
9.800000000000000711e+00 1.971664805503745010e-01
9.850000000000001421e+00 1.963294944118477714e-01
9.900000000000000355e+00 1.949689071424154929e-01
9.950000000000001066e+00 1.941631623080556368e-01
1.000000000000000000e+01 1.931767959759606856e-01
1.005000000000000071e+01 1.921995793485510584e-01
1.010000000000000142e+01 1.909699420146521442e-01
1.015000000000000036e+01 1.896648131566902318e-01
1.020000000000000107e+01 1.887249543982499889e-01
1.025000000000000000e+01 1.880747850608303351e-01
1.030000000000000071e+01 1.871623873789831916e-01
1.035000000000000142e+01 1.860320449398030762e-01
1.040000000000000036e+01 1.846286818952030395e-01
1.045000000000000107e+01 1.827781973972336382e-01
1.050000000000000000e+01 1.813237274461957371e-01
1.055000000000000071e+01 1.805173671892237319e-01
1.060000000000000142e+01 1.793842690898160008e-01
1.065000000000000036e+01 1.779455811928667419e-01
1.070000000000000107e+01 1.769559600772431518e-01
1.075000000000000000e+01 1.762298593367210842e-01
1.080000000000000071e+01 1.754225004340536909e-01
1.085000000000000142e+01 1.744704106413038913e-01
1.090000000000000036e+01 1.734958318100400798e-01
1.095000000000000107e+01 1.727485076143821241e-01
1.100000000000000000e+01 1.717592839517936842e-01
1.105000000000000071e+01 1.707644848984461172e-01
1.110000000000000142e+01 1.700431131379448457e-01
1.115000000000000036e+01 1.694467354836786954e-01
1.120000000000000107e+01 1.689234808968061441e-01
1.125000000000000000e+01 1.682370379493545176e-01
1.130000000000000071e+01 1.671572184839721920e-01
1.135000000000000142e+01 1.661723265153780271e-01
1.140000000000000036e+01 1.653405328830059862e-01
1.145000000000000107e+01 1.640151057376941501e-01
1.150000000000000000e+01 1.624148658104207221e-01
1.155000000000000071e+01 1.613233810656765910e-01
1.160000000000000142e+01 1.602558089478784142e-01
1.165000000000000036e+01 1.595057164930549221e-01
1.170000000000000107e+01 1.587709640971273761e-01
1.175000000000000000e+01 1.580515142929768690e-01
1.180000000000000071e+01 1.572835809984753364e-01
1.185000000000000142e+01 1.561926069280092366e-01
1.190000000000000036e+01 1.556079362909803809e-01
1.195000000000000107e+01 1.548667433713609431e-01
1.200000000000000000e+01 1.541270211841438142e-01
1.205000000000000071e+01 1.535315724166656792e-01
1.210000000000000142e+01 1.527247341538525705e-01
1.215000000000000036e+01 1.519504781400268512e-01
1.220000000000000107e+01 1.510188978497724877e-01
1.225000000000000000e+01 1.507288004412157822e-01
1.230000000000000071e+01 1.504674933123266167e-01
1.235000000000000142e+01 1.495429004869837653e-01
1.240000000000000036e+01 1.487030934590014564e-01
1.245000000000000107e+01 1.476828987847570718e-01
1.250000000000000000e+01 1.463592454432393053e-01
1.255000000000000071e+01 1.453263804432979034e-01
1.260000000000000142e+01 1.443632402932696901e-01
1.265000000000000036e+01 1.431773802253759331e-01
1.270000000000000107e+01 1.420293317273164380e-01
1.275000000000000000e+01 1.412002093282180293e-01
1.280000000000000071e+01 1.406241665288411324e-01
1.285000000000000142e+01 1.400690677886712032e-01
1.290000000000000036e+01 1.394118701620567780e-01
1.295000000000000107e+01 1.387112982988863985e-01
1.300000000000000000e+01 1.382511033398406419e-01
1.305000000000000071e+01 1.375957381745265828e-01
1.310000000000000142e+01 1.368336664417553472e-01
1.315000000000000036e+01 1.364279518444508899e-01
1.320000000000000107e+01 1.359118807910511817e-01
1.325000000000000000e+01 1.350629680312329939e-01
1.330000000000000071e+01 1.340163306239618435e-01
1.335000000000000142e+01 1.324476394952140701e-01
1.340000000000000036e+01 1.314094464558585862e-01
1.345000000000000107e+01 1.310470567341583681e-01
1.350000000000000000e+01 1.308995277322035355e-01
1.355000000000000071e+01 1.307135274915688650e-01
1.360000000000000142e+01 1.302811300621843082e-01
1.365000000000000036e+01 1.293833955590323881e-01
1.370000000000000107e+01 1.287521406371554822e-01
1.375000000000000000e+01 1.281055972111374286e-01
1.380000000000000071e+01 1.273966776883597996e-01
1.385000000000000142e+01 1.268714324694703299e-01
1.390000000000000036e+01 1.261077303665238958e-01
1.395000000000000107e+01 1.256443912238597305e-01
1.400000000000000000e+01 1.248161822335396437e-01
1.405000000000000071e+01 1.239633180307797844e-01
1.410000000000000142e+01 1.232750260448416957e-01
1.415000000000000036e+01 1.223160830953140404e-01
1.420000000000000107e+01 1.214588501229850875e-01
1.425000000000000000e+01 1.207181008517151238e-01
1.430000000000000071e+01 1.206227928412091921e-01
1.435000000000000142e+01 1.200436267784003863e-01
1.440000000000000036e+01 1.194332949160079455e-01
1.445000000000000107e+01 1.190707003571617184e-01
1.450000000000000000e+01 1.184042326937297801e-01
1.455000000000000071e+01 1.177420214661564352e-01
1.460000000000000142e+01 1.171396217181525784e-01
1.465000000000000036e+01 1.165227120050908588e-01
1.470000000000000107e+01 1.159791789876959273e-01
1.475000000000000000e+01 1.155591837791615090e-01
1.480000000000000071e+01 1.148184904616289664e-01
1.485000000000000142e+01 1.139233480609706251e-01
1.490000000000000036e+01 1.132378974617613415e-01
1.495000000000000107e+01 1.125430234205705704e-01
1.500000000000000000e+01 1.121382520288426721e-01
1.505000000000000071e+01 1.122137521757677614e-01
1.510000000000000142e+01 1.122451956979907961e-01
1.515000000000000036e+01 1.114710524151657361e-01
1.520000000000000107e+01 1.108783400464311841e-01
1.525000000000000000e+01 1.105853645313643469e-01
1.530000000000000071e+01 1.101151211030330368e-01
1.535000000000000142e+01 1.096911158500139122e-01
1.540000000000000036e+01 1.089796078545157143e-01
1.545000000000000107e+01 1.084783078028246639e-01
1.550000000000000000e+01 1.075956431363803700e-01
1.555000000000000071e+01 1.068424633360277043e-01
1.560000000000000142e+01 1.062971141634341948e-01
1.565000000000000036e+01 1.058267837032189351e-01
1.570000000000000107e+01 1.056000260905559374e-01
1.575000000000000000e+01 1.053171978257991387e-01
1.580000000000000071e+01 1.046194491648697045e-01
1.585000000000000142e+01 1.042528875972728170e-01
1.590000000000000036e+01 1.040181711606763537e-01
1.595000000000000107e+01 1.037968427622519701e-01
1.600000000000000000e+01 1.030842490563305819e-01
1.605000000000000071e+01 1.024588561801863945e-01
1.610000000000000142e+01 1.020301474282312715e-01
1.615000000000000213e+01 1.013486880490369890e-01
1.619999999999999929e+01 1.007157314054151209e-01
1.625000000000000000e+01 1.003054050477294873e-01
1.630000000000000071e+01 1.003641758076427720e-01
1.635000000000000142e+01 9.992963132595589215e-02
1.640000000000000213e+01 9.929714446971861508e-02
1.644999999999999929e+01 9.877936062063906453e-02
1.650000000000000000e+01 9.836333498691249289e-02
1.655000000000000071e+01 9.767612426656420432e-02
1.660000000000000142e+01 9.739411689524889171e-02
1.665000000000000213e+01 9.714988772810487228e-02
1.669999999999999929e+01 9.667661453416948047e-02
1.675000000000000000e+01 9.611660074157565847e-02
1.680000000000000071e+01 9.560101043571844759e-02
1.685000000000000142e+01 9.517210916493466788e-02
1.690000000000000213e+01 9.476789269593798026e-02
1.694999999999999929e+01 9.407860997122846625e-02
1.700000000000000000e+01 9.364430379835887719e-02
1.705000000000000071e+01 9.328336071737430846e-02
1.710000000000000142e+01 9.285224544567649563e-02
1.715000000000000213e+01 9.245597075458508729e-02
1.719999999999999929e+01 9.200856304800010543e-02
1.725000000000000000e+01 9.137654929341920695e-02
1.730000000000000071e+01 9.091243107444740845e-02
1.735000000000000142e+01 9.013327110661480124e-02
1.740000000000000213e+01 8.934939815276278507e-02
1.744999999999999929e+01 8.907718475798198643e-02
1.750000000000000000e+01 8.900360553476606429e-02
1.755000000000000071e+01 8.829954220293456668e-02
1.760000000000000142e+01 8.787456221429192083e-02
1.765000000000000213e+01 8.744448433041487889e-02
1.769999999999999929e+01 8.672748062383890677e-02
1.775000000000000000e+01 8.641102644333374661e-02
1.780000000000000071e+01 8.630011706231639768e-02
1.785000000000000142e+01 8.629177896407766446e-02
1.790000000000000213e+01 8.618929573717745707e-02
1.794999999999999929e+01 8.565044501012164524e-02
1.800000000000000000e+01 8.547777436515517635e-02
1.805000000000000071e+01 8.520199659486044075e-02
1.810000000000000142e+01 8.484861859412863583e-02
1.815000000000000213e+01 8.427668836396590146e-02
1.819999999999999929e+01 8.410579276005084037e-02
1.825000000000000000e+01 8.409577100956043549e-02
1.830000000000000071e+01 8.413670908842554863e-02
1.835000000000000142e+01 8.404618545750694447e-02
1.840000000000000213e+01 8.345273875932134044e-02
1.844999999999999929e+01 8.320536580064416543e-02
1.850000000000000000e+01 8.320679974332990947e-02
1.855000000000000071e+01 8.265360622619950803e-02
1.860000000000000142e+01 8.203471296034461901e-02
1.865000000000000213e+01 8.173956515593325256e-02
1.869999999999999929e+01 8.139616403572214054e-02
1.875000000000000000e+01 8.079333901367362347e-02
1.880000000000000071e+01 8.005881409017452655e-02
1.885000000000000142e+01 7.929686972326488448e-02
1.890000000000000213e+01 7.882990253249903823e-02
1.894999999999999929e+01 7.833800969247006751e-02
1.900000000000000000e+01 7.809472417156115842e-02
1.905000000000000071e+01 7.826475775212239638e-02
1.910000000000000142e+01 7.805735548623485287e-02
1.915000000000000213e+01 7.752619597164364662e-02
1.920000000000000284e+01 7.712125393720647981e-02
1.925000000000000000e+01 7.643113721081483403e-02
1.930000000000000071e+01 7.575042269797535588e-02
1.935000000000000142e+01 7.495759287977353524e-02
1.940000000000000213e+01 7.454295155352326507e-02
1.945000000000000284e+01 7.387554758090909834e-02
1.950000000000000000e+01 7.356302758623184390e-02
1.955000000000000071e+01 7.346897627423235044e-02
1.960000000000000142e+01 7.354416867637011967e-02
1.965000000000000213e+01 7.335304581742735364e-02
1.970000000000000284e+01 7.296717970829912081e-02
1.975000000000000000e+01 7.263312536045790635e-02
1.980000000000000071e+01 7.207610217786208917e-02
1.985000000000000142e+01 7.167588463783351738e-02
1.990000000000000213e+01 7.170474470098521513e-02
1.995000000000000284e+01 7.211051363010448356e-02
2.000000000000000000e+01 7.234508434005038069e-02
2.005000000000000071e+01 7.223609536880663817e-02
2.010000000000000142e+01 7.219452954134680800e-02
2.015000000000000213e+01 7.202119174091975440e-02
2.020000000000000284e+01 7.168316255360088207e-02
2.025000000000000000e+01 7.152550584071686035e-02
2.030000000000000071e+01 7.129660479090961511e-02
2.035000000000000142e+01 7.064824252416233852e-02
2.040000000000000213e+01 6.954065671908962742e-02
2.045000000000000284e+01 6.891379069652650569e-02
2.050000000000000000e+01 6.885654809161578793e-02
2.055000000000000071e+01 6.845963030859376908e-02
2.060000000000000142e+01 6.781830395800897415e-02
2.065000000000000213e+01 6.755153680335766742e-02
2.070000000000000284e+01 6.720902959312058389e-02
2.075000000000000000e+01 6.682241087050945494e-02
2.080000000000000071e+01 6.656660209513395876e-02
2.085000000000000142e+01 6.628113049385030153e-02
2.090000000000000213e+01 6.598125417920185087e-02
2.095000000000000284e+01 6.558827506032971488e-02
2.100000000000000000e+01 6.535925562781373654e-02
2.105000000000000071e+01 6.500183597923020473e-02
2.110000000000000142e+01 6.456194756278366143e-02
2.115000000000000213e+01 6.442598676555538750e-02
2.120000000000000284e+01 6.407974381097934768e-02
2.125000000000000000e+01 6.387266678527625530e-02
2.130000000000000071e+01 6.362813204910082454e-02
2.135000000000000142e+01 6.329271746797357490e-02
2.140000000000000213e+01 6.313784897954161091e-02
2.145000000000000284e+01 6.283615095023488417e-02
2.150000000000000000e+01 6.208791368815429201e-02
2.155000000000000071e+01 6.169977438881470155e-02
2.160000000000000142e+01 6.121047652969557190e-02
2.165000000000000213e+01 6.074837740964145888e-02
2.170000000000000284e+01 6.032836874078261608e-02
2.175000000000000000e+01 6.050675071400166138e-02
2.180000000000000071e+01 6.045833987127572501e-02
2.185000000000000142e+01 5.989159927262721617e-02
2.190000000000000213e+01 5.973066683921785663e-02
2.195000000000000284e+01 5.947570401865115430e-02
2.200000000000000000e+01 5.930008407084668559e-02
2.205000000000000071e+01 5.921560010464738122e-02
2.210000000000000142e+01 5.905349599044774217e-02
2.215000000000000213e+01 5.918293775369339732e-02
2.220000000000000284e+01 5.903164037980182521e-02
2.225000000000000000e+01 5.863065250735220724e-02
2.230000000000000071e+01 5.847407626290454519e-02
2.235000000000000142e+01 5.803166792584882328e-02
2.240000000000000213e+01 5.728437752872417299e-02
2.245000000000000284e+01 5.682852122680239620e-02
2.250000000000000000e+01 5.619802414232644150e-02
2.255000000000000071e+01 5.589513252413337574e-02
2.260000000000000142e+01 5.550496391327050527e-02
2.265000000000000213e+01 5.458244316710195165e-02
2.270000000000000284e+01 5.417871798042964843e-02
2.275000000000000000e+01 5.383292508517972808e-02
2.280000000000000071e+01 5.386127903464907329e-02
2.285000000000000142e+01 5.383963247226986049e-02
2.290000000000000213e+01 5.397679728137166899e-02
2.295000000000000284e+01 5.385801055813953242e-02
2.300000000000000000e+01 5.306047043216408771e-02
2.305000000000000071e+01 5.294829085386326684e-02
2.310000000000000142e+01 5.300393820494447850e-02
2.315000000000000213e+01 5.284071024055884969e-02
2.320000000000000284e+01 5.273124610715877736e-02
2.325000000000000000e+01 5.289493518412906325e-02
2.330000000000000071e+01 5.251855209246610728e-02
2.335000000000000142e+01 5.223168870364611888e-02
2.340000000000000213e+01 5.182504222119270476e-02
2.345000000000000284e+01 5.137496517156132925e-02
2.350000000000000000e+01 5.137632598859828703e-02
2.355000000000000071e+01 5.138893911728737579e-02
2.360000000000000142e+01 5.103670378864551271e-02
2.365000000000000213e+01 5.113302100460456745e-02
2.370000000000000284e+01 5.077265975844572066e-02
2.375000000000000000e+01 5.088796396111736758e-02
2.380000000000000071e+01 5.081581406388414879e-02
2.385000000000000142e+01 5.067018947844007665e-02
2.390000000000000213e+01 5.061858914481934951e-02
2.395000000000000284e+01 5.073525749715931954e-02
2.400000000000000000e+01 5.062672729798033816e-02
2.405000000000000071e+01 5.016489696038869961e-02
2.410000000000000142e+01 4.976405819340114917e-02
2.415000000000000213e+01 4.961412985132778591e-02
2.420000000000000284e+01 4.971024042153882744e-02
2.425000000000000000e+01 4.954065435330383405e-02
2.430000000000000071e+01 4.925288509323558217e-02
2.435000000000000142e+01 4.932861474097624543e-02
2.440000000000000213e+01 4.902989920172477756e-02
2.445000000000000284e+01 4.899161524660713973e-02
2.450000000000000000e+01 4.886508594827244228e-02
2.455000000000000071e+01 4.894794006933371466e-02
2.460000000000000142e+01 4.921358499449036972e-02
2.465000000000000213e+01 4.942798937517143415e-02
2.470000000000000284e+01 4.985044348318975332e-02
2.475000000000000000e+01 4.986340901783561236e-02
2.480000000000000071e+01 4.997371274439017103e-02
2.485000000000000142e+01 5.008385291150821428e-02
2.490000000000000213e+01 4.983911488707683246e-02
2.495000000000000284e+01 4.990462527600333931e-02
2.500000000000000000e+01 4.936418062107084809e-02
2.505000000000000071e+01 4.879810351534460966e-02
2.510000000000000142e+01 4.859060682587639651e-02
2.515000000000000213e+01 4.847926083136777642e-02
2.520000000000000284e+01 4.803280977372016702e-02
2.525000000000000000e+01 4.720789669437771424e-02
2.530000000000000071e+01 4.651357527981702517e-02
2.535000000000000142e+01 4.612597499400199197e-02
2.540000000000000213e+01 4.628382069847990221e-02
2.545000000000000284e+01 4.661042997386904280e-02
2.550000000000000000e+01 4.663121479595221108e-02
2.555000000000000071e+01 4.682294601739708101e-02
2.560000000000000142e+01 4.688939604104121195e-02
2.565000000000000213e+01 4.672457561719722124e-02
2.570000000000000284e+01 4.661747851475574883e-02
2.575000000000000000e+01 4.678424770541893263e-02
2.580000000000000071e+01 4.675561490808092385e-02
2.585000000000000142e+01 4.690346297133125841e-02
2.590000000000000213e+01 4.728705110877991918e-02
2.595000000000000284e+01 4.706598935899830582e-02
2.600000000000000000e+01 4.707629003102816595e-02
2.605000000000000071e+01 4.674176629954666928e-02
2.610000000000000142e+01 4.631431288294390186e-02
2.615000000000000213e+01 4.641035318998924103e-02
2.620000000000000284e+01 4.647858451038733296e-02
2.625000000000000000e+01 4.597369225695452366e-02
2.630000000000000071e+01 4.566620988626336752e-02
2.635000000000000142e+01 4.550477576355523024e-02
2.640000000000000213e+01 4.566767363407490260e-02
2.645000000000000284e+01 4.573224644471461653e-02
2.650000000000000000e+01 4.586870907269288006e-02
2.655000000000000071e+01 4.670121492677765940e-02
2.660000000000000142e+01 4.706075601311257572e-02
2.665000000000000213e+01 4.705379791423856123e-02
2.670000000000000284e+01 4.703984445473616965e-02
2.675000000000000000e+01 4.693743412688176908e-02
2.680000000000000071e+01 4.724202725234100120e-02
2.685000000000000142e+01 4.705831820812439448e-02
2.690000000000000213e+01 4.646880609568003473e-02
2.695000000000000284e+01 4.596594002734469969e-02
2.700000000000000000e+01 4.552360359218000918e-02
2.705000000000000071e+01 4.529494958636352819e-02
2.710000000000000142e+01 4.539558413880581678e-02
2.715000000000000213e+01 4.519022298374075763e-02
2.720000000000000284e+01 4.504376619835764872e-02
2.725000000000000000e+01 4.491825294202206331e-02
2.730000000000000071e+01 4.458604683515306200e-02
2.735000000000000142e+01 4.431393754989251116e-02
2.740000000000000213e+01 4.412993832559943680e-02
2.745000000000000284e+01 4.375704122502586252e-02
2.750000000000000000e+01 4.355251035024303163e-02
2.755000000000000071e+01 4.310676910268491230e-02
2.760000000000000142e+01 4.273370280055029113e-02
2.765000000000000213e+01 4.265193774490896178e-02
2.770000000000000284e+01 4.254709142583625037e-02
2.775000000000000000e+01 4.233786811072805939e-02
2.780000000000000071e+01 4.191249280048928855e-02
2.785000000000000142e+01 4.129874548319058952e-02
2.790000000000000213e+01 4.095488330290485840e-02
2.795000000000000284e+01 4.103479279117175360e-02
2.800000000000000000e+01 4.098581883867911946e-02
2.805000000000000071e+01 4.088654330813474430e-02
2.810000000000000142e+01 4.061452501552374750e-02
2.815000000000000213e+01 4.058654670300269190e-02
2.820000000000000284e+01 4.038618215034840697e-02
2.825000000000000000e+01 4.009688218405482035e-02
2.830000000000000071e+01 3.969473868047018739e-02
2.835000000000000142e+01 3.957500390313271194e-02
2.840000000000000213e+01 3.945934884515223812e-02
2.845000000000000284e+01 3.906250914537067603e-02
2.850000000000000000e+01 3.833912674494305284e-02
2.855000000000000071e+01 3.822069401070218170e-02
2.860000000000000142e+01 3.822362087068036790e-02
2.865000000000000213e+01 3.841145016106008864e-02
2.870000000000000284e+01 3.878457952254084351e-02
2.875000000000000000e+01 3.896978603541477459e-02
2.880000000000000071e+01 3.876344099407884325e-02
2.885000000000000142e+01 3.846241983842449419e-02
2.890000000000000213e+01 3.843646227400283194e-02
2.895000000000000284e+01 3.830101823406047157e-02
2.900000000000000000e+01 3.795111617049531927e-02
2.905000000000000071e+01 3.774770015865991368e-02
2.910000000000000142e+01 3.802738021133119511e-02
2.915000000000000213e+01 3.836781984632028214e-02
2.920000000000000284e+01 3.882274840487640738e-02
2.925000000000000000e+01 3.882103882829049391e-02
2.930000000000000071e+01 3.841153110743802945e-02
2.935000000000000142e+01 3.815775958868177636e-02
2.940000000000000213e+01 3.776901847005901397e-02
2.945000000000000284e+01 3.716063459796983132e-02
2.950000000000000000e+01 3.676704632572429243e-02
2.955000000000000071e+01 3.646125525632280817e-02
2.960000000000000142e+01 3.617093246597091055e-02
2.965000000000000213e+01 3.624838962434981382e-02
2.970000000000000284e+01 3.617424966542376330e-02
2.975000000000000000e+01 3.609649003174142390e-02
2.980000000000000071e+01 3.598978158613465317e-02
2.985000000000000142e+01 3.595230816168910881e-02
2.990000000000000213e+01 3.586065927720658020e-02
2.995000000000000284e+01 3.554193702931158355e-02
3.000000000000000000e+01 3.520812513894941431e-02
3.005000000000000071e+01 3.536620079738262562e-02
3.010000000000000142e+01 3.580241469969844270e-02
3.015000000000000213e+01 3.591538647792723998e-02
3.020000000000000284e+01 3.577060048731808134e-02
3.025000000000000000e+01 3.544574354617366363e-02
3.030000000000000071e+01 3.488188929653374126e-02
3.035000000000000142e+01 3.464604296262033256e-02
3.040000000000000213e+01 3.442673527225040969e-02
3.045000000000000284e+01 3.423468177035508819e-02
3.050000000000000000e+01 3.394881328628091000e-02
3.055000000000000071e+01 3.388513886801439862e-02
3.060000000000000142e+01 3.382140028643498830e-02
3.065000000000000213e+01 3.352552444916319374e-02
3.070000000000000284e+01 3.357122869896744105e-02
3.075000000000000000e+01 3.347490380873513471e-02
3.080000000000000071e+01 3.299652589755948384e-02
3.085000000000000142e+01 3.277181165244202887e-02
3.090000000000000213e+01 3.252739519599414514e-02
3.095000000000000284e+01 3.211748823025676464e-02
3.100000000000000000e+01 3.203823881425770653e-02
3.105000000000000071e+01 3.190883455076570785e-02
3.110000000000000142e+01 3.194936715568513080e-02
3.115000000000000213e+01 3.219302163910285619e-02
3.120000000000000284e+01 3.221400786550527445e-02
3.125000000000000000e+01 3.247447697147255036e-02
3.130000000000000071e+01 3.255557435613236350e-02
3.135000000000000142e+01 3.236955122395102080e-02
3.140000000000000213e+01 3.212944672810692792e-02
3.145000000000000284e+01 3.204119238436919925e-02
3.150000000000000000e+01 3.154597393954479412e-02
3.155000000000000071e+01 3.148535851498043131e-02
3.160000000000000142e+01 3.142996730593193566e-02
3.165000000000000213e+01 3.086775571876187313e-02
3.170000000000000284e+01 3.060624082070273477e-02
3.175000000000000000e+01 3.027151356543529917e-02
3.180000000000000071e+01 3.037370815651567815e-02
3.185000000000000142e+01 3.022008539004982994e-02
3.190000000000000213e+01 3.029694975113440825e-02
3.195000000000000284e+01 3.056540717904013965e-02
3.200000000000000000e+01 3.038692242159553303e-02
3.205000000000000426e+01 3.046343062914256758e-02
3.210000000000000142e+01 3.008478813627932930e-02
3.214999999999999858e+01 2.983614292843153604e-02
3.220000000000000284e+01 2.998862295486964119e-02
3.225000000000000000e+01 2.995405796009345534e-02
3.230000000000000426e+01 2.949556521061475270e-02
3.235000000000000142e+01 2.953905915298761509e-02
3.239999999999999858e+01 2.954103994471303507e-02
3.245000000000000284e+01 2.957043999892892266e-02
3.250000000000000000e+01 2.968332030031271482e-02
3.255000000000000426e+01 3.005106268526203453e-02
3.260000000000000142e+01 3.016399819584055994e-02
3.264999999999999858e+01 3.031532547047945808e-02
3.270000000000000284e+01 3.022797242818917041e-02
3.275000000000000000e+01 2.993503966563253529e-02
3.280000000000000426e+01 2.956012789442139660e-02
3.285000000000000142e+01 2.928834206556048952e-02
3.289999999999999858e+01 2.932013325231023690e-02
3.295000000000000284e+01 2.943151152527753722e-02
3.300000000000000000e+01 2.942229877874990782e-02
3.305000000000000426e+01 2.997299489577986628e-02
3.310000000000000142e+01 3.000030936400672338e-02
3.314999999999999858e+01 3.006882755056667147e-02
3.320000000000000284e+01 3.027881627415652394e-02
3.325000000000000000e+01 2.978954992180204639e-02
3.330000000000000426e+01 2.933567592720507516e-02
3.335000000000000142e+01 2.939217076639150800e-02
3.339999999999999858e+01 2.919958092613297862e-02
3.345000000000000284e+01 2.914145213959808828e-02
3.350000000000000000e+01 2.902335972772112499e-02
3.355000000000000426e+01 2.887837360118507626e-02
3.360000000000000142e+01 2.874535261685079793e-02
3.364999999999999858e+01 2.880401692337737282e-02
3.370000000000000284e+01 2.866306088280469802e-02
3.375000000000000000e+01 2.838856925234056056e-02
3.380000000000000426e+01 2.862701304639957839e-02
3.385000000000000142e+01 2.837228867650715483e-02
3.389999999999999858e+01 2.772678719080791040e-02
3.395000000000000284e+01 2.730347253757892112e-02
3.400000000000000000e+01 2.682691132767161396e-02
3.405000000000000426e+01 2.656186879741975759e-02
3.410000000000000142e+01 2.656867810027418661e-02
3.414999999999999858e+01 2.644150698235046143e-02
3.420000000000000284e+01 2.637508178213467808e-02
3.425000000000000000e+01 2.633137848887603938e-02
3.430000000000000426e+01 2.634617669749122690e-02
3.435000000000000142e+01 2.632297916045107933e-02
3.439999999999999858e+01 2.642784422543797626e-02
3.445000000000000284e+01 2.637231068926575855e-02
3.450000000000000000e+01 2.620061815984412248e-02
3.455000000000000426e+01 2.586034997192914256e-02
3.460000000000000142e+01 2.556491850654701511e-02
3.464999999999999858e+01 2.516288073661863620e-02
3.470000000000000284e+01 2.535401377134580483e-02
3.475000000000000000e+01 2.523745666714918845e-02
3.480000000000000426e+01 2.504031146024481708e-02
3.485000000000000142e+01 2.476531055540625095e-02
3.489999999999999858e+01 2.437458063513232159e-02
3.495000000000000284e+01 2.450860846127510956e-02
3.500000000000000000e+01 2.470353746191571859e-02
3.505000000000000426e+01 2.531160640340554546e-02
3.510000000000000142e+01 2.545420597926806652e-02
3.514999999999999858e+01 2.519681765114984220e-02
3.520000000000000284e+01 2.514246246483527181e-02
3.525000000000000000e+01 2.501736113768244715e-02
3.530000000000000426e+01 2.453036801446479079e-02
3.535000000000000142e+01 2.402315545873779171e-02
3.539999999999999858e+01 2.406231109735813140e-02
3.545000000000000284e+01 2.395332776257385471e-02
3.550000000000000000e+01 2.382797878456165488e-02
3.555000000000000426e+01 2.418433614218937211e-02
3.560000000000000142e+01 2.431548806423282014e-02
3.564999999999999858e+01 2.460789453810720284e-02
3.570000000000000284e+01 2.442606920734287715e-02
3.575000000000000000e+01 2.450675993947634343e-02
3.580000000000000426e+01 2.460883721093012205e-02
3.585000000000000142e+01 2.470898720706092219e-02
3.589999999999999858e+01 2.501279598630174253e-02
3.595000000000000284e+01 2.524193565997211522e-02
3.600000000000000000e+01 2.536465957147425454e-02
3.605000000000000426e+01 2.549640449312626928e-02
3.610000000000000142e+01 2.575264394802700280e-02
3.614999999999999858e+01 2.573659894182886779e-02
3.620000000000000284e+01 2.534969394128651007e-02
3.625000000000000000e+01 2.480714034583139660e-02
3.630000000000000426e+01 2.401745091319487657e-02
3.635000000000000142e+01 2.340680354326032594e-02
3.639999999999999858e+01 2.360496258771889455e-02
3.645000000000000284e+01 2.410075480352680613e-02
3.650000000000000000e+01 2.452582532077189972e-02
3.655000000000000426e+01 2.472724897464019869e-02
3.660000000000000142e+01 2.471544407494662143e-02
3.664999999999999858e+01 2.466615123585307393e-02
3.670000000000000284e+01 2.458637689666302861e-02
3.675000000000000000e+01 2.469589423773935893e-02
3.680000000000000426e+01 2.468605850843504784e-02
3.685000000000000142e+01 2.475495280992791661e-02
3.689999999999999858e+01 2.462890428537188939e-02
3.695000000000000284e+01 2.474072016627944584e-02
3.700000000000000000e+01 2.518787465968086448e-02
3.705000000000000426e+01 2.521390514738093558e-02
3.710000000000000142e+01 2.511804198994736087e-02
3.714999999999999858e+01 2.473022778680655440e-02
3.720000000000000284e+01 2.452228509006059223e-02
3.725000000000000000e+01 2.452357210697676468e-02
3.730000000000000426e+01 2.420325489566682586e-02
3.735000000000000142e+01 2.438682797955470799e-02
3.739999999999999858e+01 2.485901075783066017e-02
3.745000000000000284e+01 2.494872531043124467e-02
3.750000000000000000e+01 2.466843383106116089e-02
3.755000000000000426e+01 2.405305921237557015e-02
3.760000000000000142e+01 2.371715341295491802e-02
3.764999999999999858e+01 2.348426459582182713e-02
3.770000000000000284e+01 2.347819956528607310e-02
3.775000000000000000e+01 2.371484051621692776e-02
3.780000000000000426e+01 2.353368777147927735e-02
3.785000000000000142e+01 2.343765745994196362e-02
3.789999999999999858e+01 2.339338168203084628e-02
3.795000000000000284e+01 2.361382638610361531e-02
3.800000000000000000e+01 2.353719947570277748e-02
3.805000000000000426e+01 2.364278826565409386e-02
3.810000000000000142e+01 2.359950321797639819e-02
3.814999999999999858e+01 2.293374277498724800e-02
3.820000000000000284e+01 2.267731327618633178e-02
3.825000000000000000e+01 2.275872324582001865e-02
3.830000000000000426e+01 2.278451559355953310e-02
3.835000000000000142e+01 2.270071764365080846e-02
3.840000000000000568e+01 2.288674906183629787e-02
3.845000000000000284e+01 2.301614678344623965e-02
3.850000000000000000e+01 2.298439023062653214e-02
3.855000000000000426e+01 2.276256677617917445e-02
3.860000000000000142e+01 2.272171019420041183e-02
3.865000000000000568e+01 2.274766875596278756e-02
3.870000000000000284e+01 2.315291385598236551e-02
3.875000000000000000e+01 2.292725311797106161e-02
3.880000000000000426e+01 2.278058747937487805e-02
3.885000000000000142e+01 2.284118443565214332e-02
3.890000000000000568e+01 2.283569947825728197e-02
3.895000000000000284e+01 2.269241983017387249e-02
3.900000000000000000e+01 2.275059007299612412e-02
3.905000000000000426e+01 2.278954984483227628e-02
3.910000000000000142e+01 2.317701767284705006e-02
3.915000000000000568e+01 2.282636903946182530e-02
3.920000000000000284e+01 2.265233904486305475e-02
3.925000000000000000e+01 2.259546216554723236e-02
3.930000000000000426e+01 2.260363590373335591e-02
3.935000000000000142e+01 2.282428129236835704e-02
3.940000000000000568e+01 2.293124701442314853e-02
3.945000000000000284e+01 2.327127748277929217e-02
3.950000000000000000e+01 2.298875989577689460e-02
3.955000000000000426e+01 2.229861766343182311e-02
3.960000000000000142e+01 2.167769441611848077e-02
3.965000000000000568e+01 2.123852175573379131e-02
3.970000000000000284e+01 2.075392421063516901e-02
3.975000000000000000e+01 2.060676330816776924e-02
3.980000000000000426e+01 2.092271132191295124e-02
3.985000000000000142e+01 2.077786232719721488e-02
3.990000000000000568e+01 2.088766367228973506e-02
3.995000000000000284e+01 2.117198459315432907e-02
4.000000000000000000e+01 2.134148774135562199e-02
4.005000000000000426e+01 2.115001948586639480e-02
4.010000000000000142e+01 2.092245001139473454e-02
4.015000000000000568e+01 2.063881325532729641e-02
4.020000000000000284e+01 2.050299170469498805e-02
4.025000000000000000e+01 2.057993472371179300e-02
4.030000000000000426e+01 2.028764338252926971e-02
4.035000000000000142e+01 1.999147464796548548e-02
4.040000000000000568e+01 2.030644060903708664e-02
4.045000000000000284e+01 2.091137030346747194e-02
4.050000000000000000e+01 2.108828656604305393e-02
4.055000000000000426e+01 2.105877363587370724e-02
4.060000000000000142e+01 2.068347766445296360e-02
4.065000000000000568e+01 2.046595142468309036e-02
4.070000000000000284e+01 2.068044979648273399e-02
4.075000000000000000e+01 2.084704440551107818e-02
4.080000000000000426e+01 2.090142454489048521e-02
4.085000000000000142e+01 2.067145141278485185e-02
4.090000000000000568e+01 2.042000601209481916e-02
4.095000000000000284e+01 2.051793167584779753e-02
4.100000000000000000e+01 2.054703726087030169e-02
4.105000000000000426e+01 1.997197579819912777e-02
4.110000000000000142e+01 1.914100719602756032e-02
4.115000000000000568e+01 1.880911867051348815e-02
4.120000000000000284e+01 1.870389063830718221e-02
4.125000000000000000e+01 1.886898801197606571e-02
4.130000000000000426e+01 1.918332091772835188e-02
4.135000000000000142e+01 1.950255398453714165e-02
4.140000000000000568e+01 1.928774999810919932e-02
4.145000000000000284e+01 1.918175722988718981e-02
4.150000000000000000e+01 1.928472905911898100e-02
4.155000000000000426e+01 1.897519273519526067e-02
4.160000000000000142e+01 1.875332625429881536e-02
4.165000000000000568e+01 1.849207149561139102e-02
4.170000000000000284e+01 1.825880899504573468e-02
4.175000000000000000e+01 1.825018698825060098e-02
4.180000000000000426e+01 1.817416931558931206e-02
4.185000000000000142e+01 1.824805679574574568e-02
4.190000000000000568e+01 1.843883513451947606e-02
4.195000000000000284e+01 1.811536722945339059e-02
4.200000000000000000e+01 1.764685275533350167e-02
4.205000000000000426e+01 1.733573781327746310e-02
4.210000000000000142e+01 1.711145566819103833e-02
4.215000000000000568e+01 1.666556848735883944e-02
4.220000000000000284e+01 1.599732390612963392e-02
4.225000000000000000e+01 1.570810468063019855e-02
4.230000000000000426e+01 1.550204613910682004e-02
4.235000000000000142e+01 1.541464539533420400e-02
4.240000000000000568e+01 1.581468045213338738e-02
4.245000000000000284e+01 1.595738595672152940e-02
4.250000000000000000e+01 1.605360314605564290e-02
4.255000000000000426e+01 1.582446025328681019e-02
4.260000000000000142e+01 1.548046227199823162e-02
4.265000000000000568e+01 1.560256323029620383e-02
4.270000000000000284e+01 1.567312578443704960e-02
4.275000000000000000e+01 1.581820682705598752e-02
4.280000000000000426e+01 1.638023697494886063e-02
4.285000000000000142e+01 1.670247938572200219e-02
4.290000000000000568e+01 1.650191985709507231e-02
4.295000000000000284e+01 1.628244532448401907e-02
4.300000000000000000e+01 1.599941496097578159e-02
4.305000000000000426e+01 1.609229651676544540e-02
4.310000000000000142e+01 1.616738864774326309e-02
4.315000000000000568e+01 1.606295539409528794e-02
4.320000000000000284e+01 1.604349136264396694e-02
4.325000000000000000e+01 1.619076213532296554e-02
4.330000000000000426e+01 1.643175931772451054e-02
4.335000000000000142e+01 1.643520969219653544e-02
4.340000000000000568e+01 1.652288831269200023e-02
4.345000000000000284e+01 1.679008631302610771e-02
4.350000000000000000e+01 1.660791298722238268e-02
4.355000000000000426e+01 1.608802529501858133e-02
4.360000000000000142e+01 1.585835441218656772e-02
4.365000000000000568e+01 1.604284290512692640e-02
4.370000000000000284e+01 1.617834099071172038e-02
4.375000000000000000e+01 1.643252851781610430e-02
4.380000000000000426e+01 1.673410576178658779e-02
4.385000000000000142e+01 1.700954476395159787e-02
4.390000000000000568e+01 1.702449480259534548e-02
4.395000000000000284e+01 1.724538386688891090e-02
4.400000000000000000e+01 1.739016702491716013e-02
4.405000000000000426e+01 1.719372223970959401e-02
4.410000000000000142e+01 1.673570021889162970e-02
4.415000000000000568e+01 1.639048830914603683e-02
4.420000000000000284e+01 1.632707134052990838e-02
4.425000000000000000e+01 1.627159259098455088e-02
4.430000000000000426e+01 1.635289450448675422e-02
4.435000000000000142e+01 1.664947204409991319e-02
4.440000000000000568e+01 1.690867147217110095e-02
4.445000000000000284e+01 1.704191458277343543e-02
4.450000000000000000e+01 1.639139790026396953e-02
4.455000000000000426e+01 1.569574828148419254e-02
4.460000000000000142e+01 1.576669229457938401e-02
4.465000000000000568e+01 1.583884474654020588e-02
4.470000000000000284e+01 1.604782198145951119e-02
4.475000000000000000e+01 1.600930134328022031e-02
4.480000000000000426e+01 1.602255640490686181e-02
4.485000000000000142e+01 1.573904909992607931e-02
4.490000000000000568e+01 1.535104523830529456e-02
4.495000000000000284e+01 1.509773219812033870e-02
4.500000000000000000e+01 1.479477620778290106e-02
4.505000000000000426e+01 1.496404309231169107e-02
4.510000000000000142e+01 1.472694940448028220e-02
4.515000000000000568e+01 1.435331438992880002e-02
4.520000000000000284e+01 1.398730165295281568e-02
4.525000000000000000e+01 1.379888651223555585e-02
4.530000000000000426e+01 1.325361499540606523e-02
4.535000000000000142e+01 1.285810574683909566e-02
4.540000000000000568e+01 1.304928801657014373e-02
4.545000000000000284e+01 1.331532854576690690e-02
4.550000000000000000e+01 1.372014330934043062e-02
4.555000000000000426e+01 1.393147847922295880e-02
4.560000000000000142e+01 1.403381271568542032e-02
4.565000000000000568e+01 1.363741962453774229e-02
4.570000000000000284e+01 1.367148962714915747e-02
4.575000000000000000e+01 1.363454434001359211e-02
4.580000000000000426e+01 1.399656146895687445e-02
4.585000000000000142e+01 1.455907886364686196e-02
4.590000000000000568e+01 1.441000847812473791e-02
4.595000000000000284e+01 1.420170556408417370e-02
4.600000000000000000e+01 1.398893481766324935e-02
4.605000000000000426e+01 1.404556635251261350e-02
4.610000000000000142e+01 1.384979898179756162e-02
4.615000000000000568e+01 1.381062846869384776e-02
4.620000000000000284e+01 1.414458468676710844e-02
4.625000000000000000e+01 1.434220640225065957e-02
4.630000000000000426e+01 1.414820658417787966e-02
4.635000000000000142e+01 1.403980666806710527e-02
4.640000000000000568e+01 1.395713723441513107e-02
4.645000000000000284e+01 1.402633842605008341e-02
4.650000000000000000e+01 1.428743895465330038e-02
4.655000000000000426e+01 1.456971637743650905e-02
4.660000000000000142e+01 1.475992314456298082e-02
4.665000000000000568e+01 1.457014281699825498e-02
4.670000000000000284e+01 1.410072149970345926e-02
4.675000000000000000e+01 1.377111483989531225e-02
4.680000000000000426e+01 1.359628483219979880e-02
4.685000000000000142e+01 1.391115806042006117e-02
4.690000000000000568e+01 1.423567392211176966e-02
4.695000000000000284e+01 1.417904544661805800e-02
4.700000000000000000e+01 1.372016391992288316e-02
4.705000000000000426e+01 1.321773662057130691e-02
4.710000000000000142e+01 1.299399272617074268e-02
4.715000000000000568e+01 1.289304836153968431e-02
4.720000000000000284e+01 1.287333497097221946e-02
4.725000000000000000e+01 1.302502192277697410e-02
4.730000000000000426e+01 1.338575189393359337e-02
4.735000000000000142e+01 1.345652726242667352e-02
4.740000000000000568e+01 1.347447726030558471e-02
4.745000000000000284e+01 1.362847135246106865e-02
4.750000000000000000e+01 1.339350693963980640e-02
4.755000000000000426e+01 1.258818226144397569e-02
4.760000000000000142e+01 1.210238194658031126e-02
4.765000000000000568e+01 1.191005521410880980e-02
4.770000000000000284e+01 1.197908004389610509e-02
4.775000000000000000e+01 1.210632585584183601e-02
4.780000000000000426e+01 1.228203556461079926e-02
4.785000000000000142e+01 1.222377999851984379e-02
4.790000000000000568e+01 1.229146288951817739e-02
4.795000000000000284e+01 1.245196223039181024e-02
4.800000000000000000e+01 1.304245266664703050e-02
4.805000000000000426e+01 1.321685373645727427e-02
4.810000000000000142e+01 1.328763876330773044e-02
4.815000000000000568e+01 1.365783730803432454e-02
4.820000000000000284e+01 1.394656165473197318e-02
4.825000000000000000e+01 1.387455253805729150e-02
4.830000000000000426e+01 1.356311821675275364e-02
4.835000000000000142e+01 1.332330231799721230e-02
4.840000000000000568e+01 1.294489325925479023e-02
4.845000000000000284e+01 1.305759829721765165e-02
4.850000000000000000e+01 1.327474132948388078e-02
4.855000000000000426e+01 1.356128819831336346e-02
4.860000000000000142e+01 1.430259220748269881e-02
4.865000000000000568e+01 1.440067610380335421e-02
4.870000000000000284e+01 1.393966630325534084e-02
4.875000000000000000e+01 1.336874787721421994e-02
4.880000000000000426e+01 1.316908436883491330e-02
4.885000000000000142e+01 1.320306180490530765e-02
4.890000000000000568e+01 1.331587419259688647e-02
4.895000000000000284e+01 1.322467152089141715e-02
4.900000000000000000e+01 1.299804129886009650e-02
4.905000000000000426e+01 1.298819401649361702e-02
4.910000000000000142e+01 1.309197674986997510e-02
4.915000000000000568e+01 1.328533684849840350e-02
4.920000000000000284e+01 1.384122833161256783e-02
4.925000000000000000e+01 1.388037611310151409e-02
4.930000000000000426e+01 1.339103358290759903e-02
4.935000000000000142e+01 1.346176187029425944e-02
4.940000000000000568e+01 1.326058921933606985e-02
4.945000000000000284e+01 1.299849703044592304e-02
4.950000000000000000e+01 1.278811810609204076e-02
4.955000000000000426e+01 1.286992642923510781e-02
4.960000000000000142e+01 1.339167589689286599e-02
4.965000000000000568e+01 1.330600524978294355e-02
4.970000000000000284e+01 1.303463217203961258e-02
4.975000000000000000e+01 1.255898160497241102e-02
4.980000000000000426e+01 1.210572810729443685e-02
4.985000000000000142e+01 1.207718756199368908e-02
4.990000000000000568e+01 1.226513192835355578e-02
4.995000000000000284e+01 1.242960114886079021e-02
5.000000000000000000e+01 1.224949061425367226e-02
5.005000000000000426e+01 1.227486531948636904e-02
5.010000000000000142e+01 1.246871281193321496e-02
5.015000000000000568e+01 1.228760812216362144e-02
5.020000000000000284e+01 1.222313792710234825e-02
5.025000000000000000e+01 1.237529726953742228e-02
5.030000000000000426e+01 1.247767777072804340e-02
5.035000000000000142e+01 1.246891516902536717e-02
5.040000000000000568e+01 1.252101134059239139e-02
5.045000000000000284e+01 1.216457279575381377e-02
5.050000000000000000e+01 1.140799596318709495e-02
5.055000000000000426e+01 1.091027168434438414e-02
5.060000000000000142e+01 1.091041937197277829e-02
5.065000000000000568e+01 1.136899889101084318e-02
5.070000000000000284e+01 1.141786524947846319e-02
5.075000000000000000e+01 1.127262469623708033e-02
5.080000000000000426e+01 1.096629385143621863e-02
5.085000000000000142e+01 1.090668959753428487e-02
5.090000000000000568e+01 1.144906094262564990e-02
5.095000000000000284e+01 1.173214705520021772e-02
5.100000000000000000e+01 1.134158328772825325e-02
5.105000000000000426e+01 1.107825425104758989e-02
5.110000000000000142e+01 1.082760525222332612e-02
5.115000000000000568e+01 1.038508541335669312e-02
5.120000000000000284e+01 9.808063487696968424e-03
5.125000000000000000e+01 9.562585353128830179e-03
5.130000000000000426e+01 9.411280439574008436e-03
5.135000000000000142e+01 9.114455658614583483e-03
5.140000000000000568e+01 8.885954203269484306e-03
5.145000000000000284e+01 8.878534838398408416e-03
5.150000000000000000e+01 8.950084430367169497e-03
5.155000000000000426e+01 9.036315765921646911e-03
5.160000000000000142e+01 9.077518389181882599e-03
5.165000000000000568e+01 8.905155884618173520e-03
5.170000000000000284e+01 8.900758868763647760e-03
5.175000000000000000e+01 8.791081364662918854e-03
5.180000000000000426e+01 8.925412175980159887e-03
5.185000000000000142e+01 9.406045745257522392e-03
5.190000000000000568e+01 9.662842366794675841e-03
5.195000000000000284e+01 9.438954556660245077e-03
5.200000000000000000e+01 9.421549471867638262e-03
5.205000000000000426e+01 9.508142550238952301e-03
5.210000000000000142e+01 9.370331177338642875e-03
5.215000000000000568e+01 9.331549960016175677e-03
5.220000000000000284e+01 9.837292573332854367e-03
5.225000000000000000e+01 1.016207171771767170e-02
5.230000000000000426e+01 9.976147664714697660e-03
5.235000000000000142e+01 9.967819050291442176e-03
5.240000000000000568e+01 9.820068876474892169e-03
5.245000000000000284e+01 9.424120160359200984e-03
5.250000000000000000e+01 9.288543480548163561e-03
5.255000000000000426e+01 9.050701304293957625e-03
5.260000000000000142e+01 8.889438514416550530e-03
5.265000000000000568e+01 8.981243455782496679e-03
5.270000000000000284e+01 8.905678100522741378e-03
5.275000000000000000e+01 8.560978273833513494e-03
5.280000000000000426e+01 8.359018868400052565e-03
5.285000000000000142e+01 8.290207121116761543e-03
5.290000000000000568e+01 8.366254248977876562e-03
5.295000000000000284e+01 8.645081181994168640e-03
5.300000000000000000e+01 8.827234185194066454e-03
5.305000000000000426e+01 8.955954068437700297e-03
5.310000000000000142e+01 9.198650347409255065e-03
5.315000000000000568e+01 9.231171183478766723e-03
5.320000000000000284e+01 9.329972060536114928e-03
5.325000000000000000e+01 9.646517232075338399e-03
5.330000000000000426e+01 9.484467154319579582e-03
5.335000000000000142e+01 9.347952114634031084e-03
5.340000000000000568e+01 9.207386307821877058e-03
5.345000000000000284e+01 9.012886683317513151e-03
5.350000000000000000e+01 9.021042918286262952e-03
5.355000000000000426e+01 9.160546067616119614e-03
5.360000000000000142e+01 9.194773126538881639e-03
5.365000000000000568e+01 9.005738280102345075e-03
5.370000000000000284e+01 9.303837239692060168e-03
5.375000000000000000e+01 9.755942387436851784e-03
5.380000000000000426e+01 9.913138130662338746e-03
5.385000000000000142e+01 9.455068292547283773e-03
5.390000000000000568e+01 9.059250738501497396e-03
5.395000000000000284e+01 8.637724231576672171e-03
5.400000000000000000e+01 8.350256812739129814e-03
5.405000000000000426e+01 7.909847213908454550e-03
5.410000000000000142e+01 8.055968828570358314e-03
5.415000000000000568e+01 8.334903470171288464e-03
5.420000000000000284e+01 8.238104229786118518e-03
5.425000000000000000e+01 8.141142902852853760e-03
5.430000000000000426e+01 7.739693894364636784e-03
5.435000000000000142e+01 7.617869566518471226e-03
5.440000000000000568e+01 7.487828382917310031e-03
5.445000000000000284e+01 7.403471730933003370e-03
5.450000000000000000e+01 7.497721620798820930e-03
5.455000000000000426e+01 7.597363930032776692e-03
5.460000000000000142e+01 7.822729810484671184e-03
5.465000000000000568e+01 7.868984513035717082e-03
5.470000000000000284e+01 8.182421193507696464e-03
5.475000000000000000e+01 8.572364236151873082e-03
5.480000000000000426e+01 8.788774300297624506e-03
5.485000000000000142e+01 8.743315282376654812e-03
5.490000000000000568e+01 8.855211408936027387e-03
5.495000000000000284e+01 9.040078773107982149e-03
5.500000000000000000e+01 9.435412320337774328e-03
5.505000000000000426e+01 9.368299850347375918e-03
5.510000000000000142e+01 9.396694320498203204e-03
5.515000000000000568e+01 8.975701839942826221e-03
5.520000000000000284e+01 8.522985522043426132e-03
5.525000000000000000e+01 8.434691141717265764e-03
5.530000000000000426e+01 8.833374173756722292e-03
5.535000000000000142e+01 9.215272410469665249e-03
5.540000000000000568e+01 9.264330666668183639e-03
5.545000000000000284e+01 9.170694481008778015e-03
5.550000000000000000e+01 9.296589974314537971e-03
5.555000000000000426e+01 9.562888296167386046e-03
5.560000000000000142e+01 9.813668753706145456e-03
5.565000000000000568e+01 1.019678204411486426e-02
5.570000000000000284e+01 1.039480863376132484e-02
5.575000000000000000e+01 1.033622786743984036e-02
5.580000000000000426e+01 9.888500546628611887e-03
5.585000000000000142e+01 9.521959866145224965e-03
5.590000000000000568e+01 9.422055935325045206e-03
5.595000000000000284e+01 9.430248925002765806e-03
5.600000000000000000e+01 9.622651892501374316e-03
5.605000000000000426e+01 9.701616078894099299e-03
5.610000000000000142e+01 1.011747350008305839e-02
5.615000000000000568e+01 1.023507998541955261e-02
5.620000000000000284e+01 1.033270855528982575e-02
5.625000000000000000e+01 1.034763556358932191e-02
5.630000000000000426e+01 1.027720586695722235e-02
5.635000000000000142e+01 9.747037017250775523e-03
5.640000000000000568e+01 9.868959872927088317e-03
5.645000000000000284e+01 9.898122532437048093e-03
5.650000000000000000e+01 9.759617527245644658e-03
5.655000000000000426e+01 9.685537848646688652e-03
5.660000000000000142e+01 9.649740039130064173e-03
5.665000000000000568e+01 9.425873869566843422e-03
5.670000000000000284e+01 9.424685882068782952e-03
5.675000000000000000e+01 9.726401254564025212e-03
5.680000000000000426e+01 9.946276060286500173e-03
5.685000000000000142e+01 9.528831718607055565e-03
5.690000000000000568e+01 9.140326205818933777e-03
5.695000000000000284e+01 8.983472014786955673e-03
5.700000000000000000e+01 9.078649371208429714e-03
5.705000000000000426e+01 9.194999540825759751e-03
5.710000000000000142e+01 9.179262184777268671e-03
5.715000000000000568e+01 9.026338871008746101e-03
5.720000000000000284e+01 9.098351493049099126e-03
5.725000000000000000e+01 9.104419601583518123e-03
5.730000000000000426e+01 9.225169612925408422e-03
5.735000000000000142e+01 9.375303046348336389e-03
5.740000000000000568e+01 9.254923121047213888e-03
5.745000000000000284e+01 8.940134723077334741e-03
5.750000000000000000e+01 8.641279759639641095e-03
5.755000000000000426e+01 8.451951160893643109e-03
5.760000000000000142e+01 8.644470918938957499e-03
5.765000000000000568e+01 9.122774408712747835e-03
5.770000000000000284e+01 9.224660744219939992e-03
5.775000000000000000e+01 9.041063283329596120e-03
5.780000000000000426e+01 8.734575539820507370e-03
5.785000000000000142e+01 8.539492199103900991e-03
5.790000000000000568e+01 8.528759485217349279e-03
5.795000000000000284e+01 8.555399124492626267e-03
5.800000000000000000e+01 8.564843607599809810e-03
5.805000000000000426e+01 8.647375961059279581e-03
5.810000000000000142e+01 8.817666562970834926e-03
5.815000000000000568e+01 9.230604496424774444e-03
5.820000000000000284e+01 9.327985805458611709e-03
5.825000000000000000e+01 9.166399299816017920e-03
5.830000000000000426e+01 9.299708736312264912e-03
5.835000000000000142e+01 9.142951765748610210e-03
5.840000000000000568e+01 8.849380360732579665e-03
5.845000000000000284e+01 8.819778711803998028e-03
5.850000000000000000e+01 8.952793267157338475e-03
5.855000000000000426e+01 9.124001048110312248e-03
5.860000000000000142e+01 9.381169069802719127e-03
5.865000000000000568e+01 9.583397241763127322e-03
5.870000000000000284e+01 9.521021819643593620e-03
5.875000000000000000e+01 9.713541821661269421e-03
5.880000000000000426e+01 9.790165228032925854e-03
5.885000000000000142e+01 9.699844283929129340e-03
5.890000000000000568e+01 9.866082173657831147e-03
5.895000000000000284e+01 9.831241804415958435e-03
5.900000000000000000e+01 9.711273555070881053e-03
5.905000000000000426e+01 9.701496606097152059e-03
5.910000000000000142e+01 9.697842593266661412e-03
5.915000000000000568e+01 9.712090072219735012e-03
5.920000000000000284e+01 9.743562911817002861e-03
5.925000000000000000e+01 9.860796263864766639e-03
5.930000000000000426e+01 9.895131791760521447e-03
5.935000000000000142e+01 9.752035427238198856e-03
5.940000000000000568e+01 9.454142127132317275e-03
5.945000000000000284e+01 9.451688331476117144e-03
5.950000000000000000e+01 9.632493186720752359e-03
5.955000000000000426e+01 9.884250396872228464e-03
5.960000000000000142e+01 9.758990029761199086e-03
5.965000000000000568e+01 9.286889499959836980e-03
5.970000000000000284e+01 8.878703424623329496e-03
5.975000000000000000e+01 8.478238272743935863e-03
5.980000000000000426e+01 8.309109379638695767e-03
5.985000000000000142e+01 8.584460862362645189e-03
5.990000000000000568e+01 9.055574864820389175e-03
5.995000000000000284e+01 9.416070337027973580e-03
