0.000000000000000000e+00
0.000000000000000000e+00
0.000000000000000000e+00
0.000000000000000000e+00
0.000000000000000000e+00
0.000000000000000000e+00
0.000000000000000000e+00
0.000000000000000000e+00
0.000000000000000000e+00
0.000000000000000000e+00
0.000000000000000000e+00
0.000000000000000000e+00
0.000000000000000000e+00
0.000000000000000000e+00
0.000000000000000000e+00
0.000000000000000000e+00
0.000000000000000000e+00
0.000000000000000000e+00
0.000000000000000000e+00
0.000000000000000000e+00
0.000000000000000000e+00
0.000000000000000000e+00
0.000000000000000000e+00
0.000000000000000000e+00
0.000000000000000000e+00
2.655340282099354684e-04
3.442238465366008558e-03
1.111915843813588711e-01
5.722647292938797259e-01
1.247423845798273145e+00
1.780252104177524552e+00
2.022109859125535092e+00
2.054735575359231348e+00
2.032684752324183108e+00
1.960085866084232853e+00
1.783535182386210893e+00
1.641139937201374854e+00
1.488477271607866470e+00
1.343546233701476078e+00
1.194153777550849060e+00
1.133492892555919340e+00
1.113717035693732260e+00
1.132956669493339286e+00
1.193438082584733051e+00
1.195428697494736126e+00
1.217863248565090872e+00
1.251578166332205422e+00
1.211452577422952093e+00
1.147917751718960044e+00
1.096792186653777534e+00
1.100168387541844428e+00
1.082274684739446657e+00
1.078528158759465505e+00
1.094815228294519160e+00
1.125295605904101937e+00
1.137920001480888788e+00
1.123854017609361433e+00
1.153262845734350339e+00
1.132893081978359584e+00
1.127228575996477744e+00
1.102020842457783312e+00
1.088252754657607291e+00
1.067014176183986862e+00
1.053714950381891668e+00
1.034121411223653419e+00
1.025528045667671195e+00
1.035879486876386091e+00
1.030731959489806338e+00
1.035672158222322947e+00
1.028534724836887237e+00
1.039796564624572373e+00
1.039964497599863424e+00
1.040943149797443734e+00
1.034611422686460891e+00
1.040345099732071787e+00
1.030448808877457711e+00
1.052578763214030211e+00
1.033871232021284836e+00
1.049200410150709750e+00
1.029064641564871208e+00
1.036833264521549891e+00
1.032942054260113540e+00
1.023275892485615568e+00
1.028856969331671145e+00
1.026149750332136179e+00
1.026806659645510544e+00
1.022981761776225795e+00
1.020280440267497646e+00
1.025729269638483210e+00
1.023588662494008927e+00
1.014102000282028904e+00
1.018355009852001336e+00
1.014074815792684436e+00
1.021575711566164557e+00
1.018111054634681212e+00
1.010855640946563883e+00
1.016939535197803446e+00
1.018148272157776146e+00
1.020184245121283695e+00
1.017432961666320024e+00
1.016435104787739796e+00
1.010216800252569325e+00
1.013382324744199758e+00
1.011530377142213277e+00
1.010338230041492036e+00
1.007550909855644550e+00
1.008039104921927942e+00
1.011323435725709485e+00
1.007392329799957853e+00
1.009311524301319540e+00
1.012594665671211702e+00
1.009042086605764332e+00
1.010339871377806897e+00
1.005845647160823031e+00
1.008018500957446051e+00
1.004800727062423293e+00
1.008911242800898833e+00
1.009584922679123586e+00
1.016228716485837014e+00
1.009014375905912253e+00
1.015123203727667400e+00
1.005957058045840791e+00
1.008610813442464060e+00
1.010911194098996990e+00
1.009264525315428429e+00
1.008835507987220437e+00
1.003718361138244086e+00
1.005339909274456600e+00
1.006852353775613107e+00
1.007199549687394891e+00
1.009040283844671482e+00
1.003868164514197137e+00
1.008435028037157011e+00
1.010737546149133248e+00
1.010092089152606176e+00
1.005518126942488211e+00
1.007901795853749061e+00
1.008913485130051635e+00
1.009619930881785921e+00
1.008756086550483433e+00
1.006930924326862709e+00
1.005410021853392788e+00
1.001604431964519204e+00
1.007886776302653331e+00
9.987983986377757528e-01
1.005557793972660319e+00
9.962861482626842458e-01
1.003094785009607470e+00
9.976179625679848506e-01
1.004034134173001469e+00
1.006037187189779081e+00
1.002829091302543718e+00
9.993287614016872489e-01
1.006123980942149831e+00
1.004579377224529502e+00
1.012460886379545677e+00
9.991897892366231604e-01
9.985851269403535069e-01
1.005979085151990748e+00
9.991470478475940054e-01
1.000370460411725837e+00
1.000341654268897207e+00
1.001074850400450522e+00
1.001657184360609465e+00
9.999242679960499425e-01
1.000631379522111342e+00
1.005248508374699146e+00
1.000433470767834621e+00
9.977051788726488679e-01
1.001168334202096943e+00
9.982801982941748031e-01
1.000299470889639109e+00
1.002692437811838255e+00
1.000787675749838845e+00
1.009085512011814290e+00
1.002132080859159391e+00
1.004084794640434986e+00
1.004060998347370282e+00
1.001823069747248995e+00
1.001250078514957620e+00
9.989374547337904753e-01
9.995242116056584081e-01
9.970932099460172449e-01
9.999379532608229093e-01
1.000161631380466654e+00
1.000849315275553097e+00
1.000769714584516024e+00
9.988371021712960651e-01
1.000412530320815785e+00
9.964171297659033533e-01
1.004979259011574477e+00
1.000910188607701867e+00
1.002183705761098276e+00
1.001016135250411665e+00
9.999610385524099199e-01
1.002408295023213602e+00
1.003609159779416338e+00
1.000599439686870040e+00
1.002608614111171415e+00
1.004575051210117254e+00
1.008995486017087551e+00
1.001306438760661166e+00
1.002297889318353619e+00
9.991225221477910701e-01
1.000771728248779135e+00
1.001597370434776257e+00
1.000136874042339530e+00
1.000611145231658172e+00
1.003830806244762064e+00
1.002119872649621435e+00
1.001491173850365568e+00
1.002022402060108952e+00
9.999103325007755450e-01
1.001063193145501629e+00
1.001077727773687087e+00
1.004079410685749796e+00
9.983878804686066033e-01
1.001223539661535433e+00
1.001155147142830604e+00
1.002236375018686232e+00
1.002606886643072404e+00
1.000902508615676201e+00
9.996765393186117787e-01
9.969597023547005499e-01
1.000374256448011590e+00
1.003251086154296701e+00
1.000396743440133074e+00
9.973301620399322998e-01
1.001138315051944616e+00
1.002593240685215603e+00
9.996202323284729685e-01
1.002593151265028792e+00
1.001631811359732227e+00
9.983126997973962302e-01
9.978618976515193362e-01
9.982670198140124462e-01
9.979936185434086227e-01
1.001424395619999741e+00
1.002021301419297572e+00
1.000658637866822742e+00
9.973970709501301934e-01
9.989487694095535719e-01
1.000831560616792570e+00
1.001149881939675801e+00
9.987459485404024395e-01
9.990927281210756350e-01
9.985057927957007307e-01
9.998634119300052747e-01
1.000512520069572586e+00
9.985558950080073437e-01
1.001051213609469359e+00
1.000412170556389091e+00
9.984761131630914832e-01
9.994388963581233298e-01
9.991559908380001076e-01
1.000227728899144575e+00
1.002186809139111956e+00
9.989834030631491446e-01
1.001076513579926885e+00
1.000238221189311494e+00
9.964186718909302520e-01
9.992242547818002141e-01
9.986527107454610253e-01
9.991255254658074625e-01
9.993602507060151963e-01
9.991858326577872651e-01
9.987597627359581232e-01
9.975664205684888763e-01
9.990818259743190488e-01
9.947531085582869137e-01
9.983388211667103551e-01
9.962809084770991586e-01
9.963285419891292349e-01
9.986135391987838172e-01
9.967984645776202246e-01
9.965828210436460388e-01
9.977627012867462675e-01
9.983346152806668039e-01
9.978907545672281998e-01
9.956128486502648922e-01
9.968975381282099146e-01
9.991609259910293472e-01
9.974486823633929022e-01
9.962449026620979753e-01
9.973268764368855566e-01
9.966765329429380094e-01
9.980958284481457055e-01
9.996802154608078750e-01
9.955961387522309636e-01
9.968254295415145405e-01
9.983559554314742623e-01
9.968607317434109438e-01
9.984143809004041303e-01
9.987871083623397483e-01
9.982258244507077327e-01
9.985787260867977633e-01
9.981891624290719633e-01
1.000344070646623118e+00
9.973739053633500218e-01
9.987006224884117378e-01
9.975933594872361532e-01
9.991022515316165808e-01
9.990068652234006530e-01
9.982142638270650181e-01
9.984143610184893491e-01
9.963923395508798020e-01
1.000603259273084689e+00
9.982715859507549361e-01
9.981844736609423174e-01
9.967057529286897921e-01
1.001370788988052540e+00
1.000867393923517090e+00
9.987849790296071673e-01
9.981811208752088271e-01
1.002463675863723536e+00
1.002747778541085211e+00
1.000148355566669256e+00
9.995471524550730846e-01
9.978255698378883931e-01
9.981071619590563548e-01
9.979203192596923788e-01
9.995776249749975806e-01
9.973996854023458036e-01
9.966073551021509269e-01
9.999220677476706731e-01
9.979030261612167330e-01
9.992285461590976192e-01
9.999783243255448983e-01
9.986521602422862021e-01
9.978994260390712245e-01
9.992685981468303336e-01
9.984534274814497179e-01
9.989482738593660205e-01
9.986724312259671610e-01
9.971380885584484322e-01
9.971675768228113190e-01
9.980209336450184265e-01
9.955917626558237199e-01
9.975247965165958686e-01
9.976678894069612724e-01
9.977295399544177101e-01
9.968671562333543124e-01
9.976760028210061026e-01
9.981570593697641769e-01
9.981719358756587779e-01
9.971370173464385589e-01
9.957450176684129461e-01
9.964346321915399374e-01
9.964871330608290334e-01
9.967163978423679849e-01
9.940831797614392285e-01
9.878423822113965302e-01
9.814811923049775455e-01
9.731004538382151958e-01
9.654512311949142722e-01
9.573888507739867215e-01
9.474355130262885893e-01
9.424303861245705294e-01
9.310733222937364051e-01
9.223959611082700460e-01
9.160420312575975332e-01
9.082311733099204254e-01
8.993438892989585876e-01
8.907117259739368853e-01
8.845365719375034574e-01
8.756841999830147216e-01
8.680901851515621104e-01
8.618239074246283327e-01
8.533186439757043384e-01
8.440414838707687162e-01
8.371628541212214891e-01
8.309903417200588116e-01
8.229130744005943576e-01
8.143173418143458964e-01
8.089917751194026785e-01
7.993843844029392409e-01
7.918982884101630759e-01
7.843396253333856372e-01
7.772703594703174179e-01
7.701219293539732780e-01
7.615313774217121745e-01
7.552709818708260858e-01
7.495459416333500879e-01
7.407211842105236865e-01
7.361888104437471769e-01
7.270756362451789023e-01
7.194039396816834797e-01
7.128286331183107949e-01
7.055848859052703537e-01
7.005220593435224075e-01
6.927873216790735311e-01
6.843562408438740308e-01
6.801348296969638163e-01
6.713180944702009656e-01
6.658696128130383585e-01
6.581746068037166442e-01
6.543129565523042590e-01
6.435964955300983448e-01
6.376431927678731792e-01
6.324695356642783262e-01
6.254253557359663596e-01
6.183609349842389413e-01
6.121519551495728795e-01
6.047898434291748559e-01
5.986655155408816542e-01
5.929197332373171703e-01
5.848937698112660621e-01
5.808151401462142704e-01
5.727718146076259398e-01
5.672777050363885243e-01
5.605564692851816577e-01
5.539519167254469689e-01
5.490204062825816411e-01
5.414011466962199703e-01
5.356309672455374926e-01
5.288737263507256037e-01
5.229973816431225941e-01
5.173237695718905238e-01
5.109480229724996381e-01
5.041247039817777775e-01
4.998342044433420894e-01
4.935870948746557407e-01
4.871951439377941173e-01
4.823523008319271499e-01
4.751845504703950951e-01
4.706874147345637138e-01
4.655094873696107305e-01
4.580068927545450919e-01
4.523316606424274133e-01
4.455462801628881642e-01
4.415518790855815778e-01
4.360306198208862560e-01
4.296186220342054218e-01
4.247460554122999277e-01
4.185709699504434056e-01
4.133312419999953802e-01
4.085954980284924321e-01
4.020176095795395810e-01
3.985964892970865758e-01
3.918435438535918247e-01
3.864799919140937123e-01
3.807738111926523561e-01
3.755808599377539192e-01
3.712227292230477760e-01
3.654578673532732358e-01
3.601037918961065842e-01
3.557311786987647495e-01
3.494460226805942149e-01
3.436528648311563128e-01
3.401298752563557959e-01
3.335962658020726335e-01
3.291756194165764149e-01
3.241725576866266723e-01
3.190743503114620849e-01
3.138314033918772616e-01
3.081220045964781495e-01
3.035011876768347605e-01
2.977198281156540616e-01
2.928295850550284851e-01
2.872838550183086093e-01
2.828901473848409176e-01
2.786517808157553122e-01
2.734075890962447963e-01
2.689680291272508739e-01
2.643984502767006139e-01
2.580813008796871699e-01
2.537519957418561400e-01
2.493380234136329809e-01
2.444873345762297034e-01
2.397869089768127904e-01
2.346046627002104645e-01
2.305695207042307571e-01
2.253319172944986126e-01
2.207395402412742069e-01
2.160710882195825688e-01
2.107426044414701938e-01
2.074160885194666348e-01
2.024228343555949383e-01
1.977726579886951996e-01
1.934170882894662713e-01
1.887272897461540755e-01
1.838281998085722346e-01
1.796482514460260305e-01
1.750455027107160333e-01
1.704298958862138502e-01
1.656060978747684875e-01
1.622731322683428623e-01
1.576349261727827966e-01
1.528393628733792364e-01
1.488700699942559769e-01
1.438257778978828394e-01
1.401830344366541969e-01
1.354452189465588097e-01
1.314238926060916357e-01
1.273541541705803803e-01
1.229152586336129810e-01
1.185117558331798548e-01
1.143840341006372718e-01
1.113287199476961364e-01
1.084332801624210557e-01
1.047245609761606050e-01
1.015416412957024228e-01
9.868411357502003545e-02
9.564138709767119884e-02
9.250121742823282089e-02
9.033190872821728057e-02
8.741634058025017640e-02
8.489514298237574308e-02
8.243916330271475190e-02
7.965321492000385084e-02
7.743112747560192133e-02
7.550168441706145428e-02
7.321325972144732130e-02
7.068338548003984256e-02
6.896065477881817285e-02
6.695637429993314682e-02
6.482467459241934848e-02
6.274762475014526719e-02
6.079336992184940919e-02
5.903284360070727710e-02
5.730195748515261311e-02
5.573121180717332396e-02
5.365274974322096352e-02
5.237991650624949230e-02
5.062049318463093805e-02
4.887969812157046123e-02
4.730873629886308412e-02
4.595039846726747812e-02
4.434727270745500438e-02
4.318213468903123881e-02
4.190212485444627655e-02
4.009594061638644541e-02
3.890957904602261597e-02
3.787682803730339082e-02
3.644896218149214911e-02
3.509652491453368189e-02
3.403108628852218043e-02
3.260692267133715599e-02
3.152359796412160242e-02
3.040238984237125797e-02
2.921714097602627278e-02
2.833783850787964173e-02
2.721779111310048543e-02
2.622679917543737846e-02
2.555916851679555790e-02
2.451266198461593895e-02
2.335221563979184706e-02
2.240573908956876997e-02
2.155726738763883224e-02
2.077601135833343285e-02
1.975355041723245164e-02
1.905687553555411931e-02
1.807037714372115855e-02
1.755364577935345297e-02
1.680463500206942629e-02
1.613196989253502800e-02
1.508485628116302928e-02
1.465686642251149731e-02
1.396776688045066502e-02
1.326087858281706049e-02
1.263314749130324890e-02
1.216316099206087888e-02
1.143992108366682740e-02
1.096537261157115584e-02
1.025946438606956980e-02
9.864654288005944224e-03
9.283157243317239835e-03
8.874059831739796941e-03
8.320845000429779800e-03
7.809260714142697395e-03
7.284761321294156919e-03
7.028240642042285491e-03
6.492116589377578892e-03
6.137673121655558631e-03
5.899715781520179121e-03
5.381821484324224997e-03
4.931391017620231042e-03
4.707212135142689255e-03
4.245644697591967505e-03
4.018631577628128428e-03
3.712189043859179596e-03
3.355738577409732911e-03
3.113678050151349585e-03
2.814928412351385637e-03
2.596549625762214260e-03
2.389216023929044506e-03
2.111491457693152538e-03
1.895679689651211296e-03
1.750129866132414929e-03
1.544434468738758006e-03
1.392616726755401902e-03
1.242803085884335457e-03
1.063985980396592399e-03
8.883269595042590783e-04
7.802922516488772220e-04
6.749254350014799800e-04
5.513324214419257092e-04
4.387201332161812782e-04
3.567463248311406260e-04
2.733946359374471165e-04
2.154976747728245710e-04
1.536882646510414480e-04
1.136946155025624913e-04
6.732709787728143535e-05
3.355226458085123977e-05
2.072432915411823439e-05
5.633466755640103791e-06
0.000000000000000000e+00
0.000000000000000000e+00
0.000000000000000000e+00
0.000000000000000000e+00
0.000000000000000000e+00
0.000000000000000000e+00
0.000000000000000000e+00
0.000000000000000000e+00
0.000000000000000000e+00
0.000000000000000000e+00
0.000000000000000000e+00
0.000000000000000000e+00
0.000000000000000000e+00
0.000000000000000000e+00
0.000000000000000000e+00
0.000000000000000000e+00
0.000000000000000000e+00
0.000000000000000000e+00
0.000000000000000000e+00
0.000000000000000000e+00
0.000000000000000000e+00
0.000000000000000000e+00
0.000000000000000000e+00
0.000000000000000000e+00
0.000000000000000000e+00
0.000000000000000000e+00
0.000000000000000000e+00
0.000000000000000000e+00
0.000000000000000000e+00
0.000000000000000000e+00
0.000000000000000000e+00
0.000000000000000000e+00
0.000000000000000000e+00
0.000000000000000000e+00
0.000000000000000000e+00
0.000000000000000000e+00
0.000000000000000000e+00
0.000000000000000000e+00
0.000000000000000000e+00
0.000000000000000000e+00
0.000000000000000000e+00
0.000000000000000000e+00
0.000000000000000000e+00
