0.000000000000000000e+00
0.000000000000000000e+00
0.000000000000000000e+00
0.000000000000000000e+00
0.000000000000000000e+00
0.000000000000000000e+00
0.000000000000000000e+00
0.000000000000000000e+00
0.000000000000000000e+00
0.000000000000000000e+00
0.000000000000000000e+00
0.000000000000000000e+00
0.000000000000000000e+00
0.000000000000000000e+00
0.000000000000000000e+00
0.000000000000000000e+00
0.000000000000000000e+00
0.000000000000000000e+00
0.000000000000000000e+00
0.000000000000000000e+00
0.000000000000000000e+00
0.000000000000000000e+00
0.000000000000000000e+00
0.000000000000000000e+00
0.000000000000000000e+00
0.000000000000000000e+00
1.100021355158032246e-05
1.608835772422126560e-03
2.414278075754907119e-02
1.699073078624422362e-01
6.825430989257598169e-01
1.496226237639243228e+00
2.059984544481777480e+00
2.136448737694898181e+00
1.915900845513655026e+00
1.634751949137510874e+00
1.393615937490016332e+00
1.232915083690973246e+00
1.125315490345394798e+00
1.039261803679287777e+00
9.556965504774668219e-01
9.072915281701077195e-01
8.886022169307329355e-01
8.931585685938476793e-01
9.100670003539833575e-01
9.285570840926864467e-01
9.546987073746552310e-01
9.736549174673310159e-01
9.876608686297586592e-01
9.991306496889277300e-01
1.004129469324995805e+00
1.012037803249686840e+00
1.012574830277050308e+00
1.009734635808165804e+00
1.003751867229437877e+00
9.928142577255277823e-01
9.790881379015641262e-01
9.660211126140524351e-01
9.537767848756708577e-01
9.460790224839139562e-01
9.369622921219235012e-01
9.354849382442042005e-01
9.375880736073191057e-01
9.437602030968357258e-01
9.529300562614534398e-01
9.671070559361968355e-01
9.825320574069305035e-01
9.974366159984894287e-01
1.012381365602487593e+00
1.023417728555073625e+00
1.030784872017403542e+00
1.037373364186941593e+00
1.042101156565369058e+00
1.042233736203669103e+00
1.042282310398260581e+00
1.037664233419302473e+00
1.031469129839517329e+00
1.026126640433665083e+00
1.019693082914715720e+00
1.013134853512164257e+00
1.005119963804674166e+00
9.993200580794024956e-01
9.914151663514895185e-01
9.886417346369567039e-01
9.847126960326038070e-01
9.831372062112856414e-01
9.815005233257974027e-01
9.851516122149318599e-01
9.864043351482938426e-01
9.864835225432416754e-01
9.893510194576219385e-01
9.919929201593752355e-01
9.949531453965199113e-01
9.971345129769411120e-01
9.985020367244988870e-01
9.993880757131624604e-01
1.000511784776858981e+00
1.002342424391791331e+00
1.001085559189805352e+00
1.002161534319450764e+00
1.001281365591434547e+00
1.001778476046021993e+00
1.002505782649188548e+00
1.003029262779942865e+00
1.003427019690894539e+00
1.002789645466876323e+00
1.003128848038990162e+00
1.003082382066110778e+00
1.003382699051888371e+00
1.003608196650034978e+00
1.001904766452232476e+00
1.003149452438392597e+00
1.001475032638768248e+00
1.001678206714600394e+00
1.001529723006706618e+00
1.001230395086474712e+00
1.001205840845327488e+00
9.995301173113697590e-01
9.993256817945154191e-01
9.987005263729931137e-01
9.986830695018272808e-01
9.987349862549963486e-01
9.976226964348252624e-01
9.980620647140631130e-01
9.972840377055196548e-01
9.988752020577662538e-01
9.980162056760344402e-01
9.991529731041484119e-01
9.998224700834574818e-01
9.999062686922866039e-01
1.000086029516124908e+00
1.000065839657697131e+00
9.995829216156297825e-01
1.000972408088401266e+00
1.001633031717480415e+00
1.000966783608678190e+00
1.001585363943581886e+00
9.998651140056856734e-01
1.001207679884445589e+00
1.001820967698845433e+00
1.000068160931286920e+00
1.001404014427472511e+00
1.001580937766446633e+00
1.000566916509537885e+00
1.001178072917275674e+00
1.001076910612965332e+00
1.000555651277984293e+00
1.000092814483361403e+00
1.000927619645445521e+00
1.000255032782017217e+00
1.000073828524211450e+00
9.996897296418123524e-01
1.000378923217443594e+00
1.000148263028359574e+00
9.991851398651433458e-01
9.997177564715561404e-01
9.997508200209960227e-01
1.000677112871589447e+00
1.000093880170540350e+00
9.996550384589922844e-01
1.000788918929789384e+00
9.998975310478599443e-01
1.000736190573959572e+00
1.000538871162991894e+00
1.000125480373937892e+00
9.998706948860289767e-01
1.000326137813900118e+00
1.000511660074195230e+00
1.000885728560030552e+00
1.000838758282094343e+00
1.000618917879258829e+00
1.000670779270425026e+00
9.999796529458550021e-01
1.001119058839221365e+00
1.000693778597502304e+00
1.000717336015131576e+00
1.000316266108735475e+00
1.000923689881006995e+00
1.001033207541373038e+00
1.000919786356002650e+00
1.000045275773182141e+00
1.000399993345006289e+00
1.000704883331885897e+00
1.000724724125545695e+00
1.000359538654469915e+00
1.000348403330807878e+00
1.000495662601280644e+00
1.000029754194490472e+00
1.000247523492797663e+00
1.000490853894588916e+00
1.000517596633479611e+00
1.000424647616644513e+00
1.000777599778760907e+00
1.000255622470618944e+00
1.000170039691919088e+00
1.000281987457903199e+00
1.000372170475005484e+00
1.000284561088108815e+00
1.000182248516324757e+00
1.000723831832030175e+00
1.000176795136492380e+00
1.000314361290930432e+00
1.000197239950659567e+00
1.000387166796221639e+00
1.001066468420407141e+00
1.000159717590678898e+00
1.000177343745720648e+00
1.000308587708237162e+00
1.000425160694063953e+00
1.000537497380925567e+00
1.000006248160473454e+00
1.000587873775122816e+00
1.000066014984426710e+00
1.000018736695348132e+00
1.000443777413189128e+00
1.000190619635981770e+00
1.000590476652381211e+00
1.000238131630303728e+00
1.000628756262894825e+00
1.000254304988120291e+00
9.998356977406668289e-01
1.000106642667400791e+00
9.997724804147941624e-01
9.999143240095595964e-01
9.997020295952502300e-01
9.997032581218560088e-01
9.998868650165968486e-01
9.995452740438198758e-01
1.000106810112080247e+00
1.000297044009164082e+00
1.000019841557169498e+00
1.000076612804363441e+00
1.000250980411298007e+00
1.000073304635934246e+00
1.000317896276537777e+00
1.000660118647128671e+00
1.000085410618362092e+00
9.999980971133186625e-01
1.000105532567909128e+00
1.000242509942857794e+00
9.999249543560774223e-01
9.996512042479688276e-01
1.000069871102133190e+00
1.000140120424660495e+00
1.000712872648081397e+00
9.998013506813763218e-01
9.999850876460882887e-01
1.000026581150880611e+00
1.000326589323960347e+00
9.998440222861545434e-01
1.000063300996486992e+00
1.000301960341456464e+00
9.998523902702575183e-01
1.000080630610594712e+00
9.997780921470541537e-01
1.000033985998844077e+00
1.000141600664511632e+00
1.000027168795590393e+00
1.000118463618560272e+00
1.000288161026612554e+00
1.000140476870246209e+00
1.000060129738107095e+00
1.000043746302213155e+00
1.000198869898798026e+00
1.000027051806460898e+00
1.000067163847533802e+00
9.998323446736943065e-01
9.997256915747811945e-01
1.000383018653240086e+00
9.999616456947737486e-01
1.000143324272178003e+00
1.000378995544682237e+00
9.997622361690822190e-01
9.999953112876428518e-01
1.000246547350607473e+00
9.996627940465767637e-01
9.999974683817763887e-01
9.997222765353555030e-01
1.000243672262608685e+00
1.000049442411582001e+00
9.997392199325819684e-01
1.000053191518323281e+00
9.998952629563673256e-01
9.998117117381792873e-01
9.999169564164221979e-01
1.000060412672334254e+00
1.000020367824356660e+00
1.000097679320359978e+00
1.000328713314325491e+00
9.997490083670895755e-01
9.997830070354839505e-01
1.000045861648918510e+00
9.998333220499526774e-01
1.000207454878269564e+00
9.996689081035160518e-01
9.994333789416206537e-01
9.994933765086794208e-01
1.000096809158327549e+00
1.000022725068838048e+00
1.000024699188171384e+00
1.000014294522705738e+00
9.996285933223089115e-01
9.999153236087069407e-01
9.996055214334435002e-01
9.998354838249478016e-01
9.999823702648871215e-01
1.000132332404916058e+00
9.997957188543372675e-01
9.998714259850113306e-01
1.000097839546784773e+00
9.999228038351948289e-01
9.997192069657104829e-01
1.000005832277410134e+00
9.995794599029577121e-01
1.000064852851985098e+00
1.000016765281224185e+00
9.997854650022024448e-01
1.000310495003184030e+00
9.997553323833989758e-01
9.997935101108768041e-01
9.996757629680633750e-01
9.998214358776795763e-01
1.000083577736940343e+00
9.999579856739364558e-01
9.995613433284912253e-01
9.998982232479278753e-01
1.000174833046743039e+00
1.000008149295668725e+00
9.998293224862112583e-01
9.998795288666340042e-01
1.000239007014132930e+00
9.997345994288127091e-01
9.999392958616953875e-01
1.000241476752833369e+00
1.000407590617018228e+00
1.000102356497401423e+00
9.999519440188918695e-01
1.000422400698781189e+00
9.998637568964714450e-01
1.000104944547080654e+00
1.000234730288781515e+00
9.997898403670565370e-01
1.000275610358821066e+00
1.000089348818445023e+00
1.000609900539738639e+00
1.000040227994664077e+00
1.000119252802841308e+00
9.961505727446038350e-01
9.880732082991041665e-01
9.792504703796266474e-01
9.710421164721357856e-01
9.622125942419136324e-01
9.541257864019278001e-01
9.455212475939059891e-01
9.374424315922450512e-01
9.292136669066345389e-01
9.210521059280871725e-01
9.125640572989717203e-01
9.049527723578284499e-01
8.964019742466289298e-01
8.885550047568830934e-01
8.806338757582193866e-01
8.725837591111077485e-01
8.642379568690673475e-01
8.566605448921380539e-01
8.489455344736729359e-01
8.414767937908088635e-01
8.333271710845048252e-01
8.257208844636897416e-01
8.179989309265904840e-01
8.108079397687348866e-01
8.029419243764418512e-01
7.954478229385136823e-01
7.880980114242869261e-01
7.803531387920005225e-01
7.732687497620356343e-01
7.657460876927082438e-01
7.583698934650205947e-01
7.510729916932651351e-01
7.439410189947879282e-01
7.364418992043162415e-01
7.293115039946592715e-01
7.225294733292478844e-01
7.150883161081303951e-01
7.081499505389876603e-01
7.012272029006991758e-01
6.940471658325300108e-01
6.871574001443606639e-01
6.803430272068783369e-01
6.733257977569707675e-01
6.663840479782725534e-01
6.597602565365238148e-01
6.530113089569091755e-01
6.461208319396383182e-01
6.391512031431288987e-01
6.327791898296758477e-01
6.262822549173061581e-01
6.194295115602801438e-01
6.129123091768499121e-01
6.062146672947966719e-01
5.998707746590756784e-01
5.934480749856821946e-01
5.870584704624282057e-01
5.805807504037526767e-01
5.743020050809617416e-01
5.679156056240255435e-01
5.616080471829928422e-01
5.550438843581045889e-01
5.487933763076882077e-01
5.428091827311729567e-01
5.365048678649222413e-01
5.304996030013182651e-01
5.242617141930026037e-01
5.182602555954931578e-01
5.121508836981091273e-01
5.059652347668760486e-01
5.000640478646813936e-01
4.942421367046233582e-01
4.881328385782450208e-01
4.821616054666923445e-01
4.763370104086840917e-01
4.704508727853236039e-01
4.646070521490384131e-01
4.588149248858674478e-01
4.530966572970550055e-01
4.471916340200801088e-01
4.416551055152612149e-01
4.357309989381000226e-01
4.301872630595631741e-01
4.245022846661289928e-01
4.188579001585411854e-01
4.132426086080628336e-01
4.075626387049409716e-01
4.018937639600815848e-01
3.966155088304018084e-01
3.912445499174261876e-01
3.856044193357910377e-01
3.800601043575682070e-01
3.747522248621217300e-01
3.693653530793174489e-01
3.642536327154805020e-01
3.586299629120910937e-01
3.532507509913322963e-01
3.481204850863993117e-01
3.426743281890677895e-01
3.374395888589748482e-01
3.322332771565154608e-01
3.269823115517535572e-01
3.218033779650243398e-01
3.167012353978441164e-01
3.115260951980449167e-01
3.063616207352439225e-01
3.011814101580969627e-01
2.962676200008184657e-01
2.912544961535609156e-01
2.861269734006021137e-01
2.811411699916133711e-01
2.761699878686578735e-01
2.711640955242879403e-01
2.661297768527727259e-01
2.611317369347515571e-01
2.564246739509772888e-01
2.513502869047416488e-01
2.466556963942403979e-01
2.418316345700773085e-01
2.370053995295437477e-01
2.321844654085572224e-01
2.273623394428599953e-01
2.227859634500827801e-01
2.178828587033078690e-01
2.131654723085500691e-01
2.084391187376085641e-01
2.037243344328489303e-01
1.992157073516926113e-01
1.944283551747473526e-01
1.899400499496786965e-01
1.852495857685756975e-01
1.807023063520380168e-01
1.760813467419690415e-01
1.716294468427624620e-01
1.671057798080518852e-01
1.627391708749638677e-01
1.581063617314047987e-01
1.537106224736996263e-01
1.491910047859716371e-01
1.447488749968331434e-01
1.403369758896723940e-01
1.360110760760095405e-01
1.315759950835052594e-01
1.271383717596716867e-01
1.229246725628692777e-01
1.187460173746918285e-01
1.149214603083921343e-01
1.113743013339782290e-01
1.080117014547784526e-01
1.046819201228000457e-01
1.016030705092030723e-01
9.858212862324246262e-02
9.562099076889805926e-02
9.273444807660058409e-02
9.003742642630004067e-02
8.739508628450975980e-02
8.474980754873853717e-02
8.228409652023445375e-02
7.983418409722475850e-02
7.750373567515424222e-02
7.514435744886635571e-02
7.291790214679305659e-02
7.075164166014741296e-02
6.861173512246503126e-02
6.652171315231739102e-02
6.451068764565903724e-02
6.252758713984649108e-02
6.064693358961584235e-02
5.881759748802758286e-02
5.694484323467954856e-02
5.519536131122632083e-02
5.343245182418051437e-02
5.179766808247764781e-02
5.014546347793239628e-02
4.854659721171968034e-02
4.696410242367759363e-02
4.547148883141390041e-02
4.395616772948809231e-02
4.248849984919383926e-02
4.112022131086808668e-02
3.974024068969706641e-02
3.838006727265994705e-02
3.711594482857848154e-02
3.581719281847847713e-02
3.455603011075165931e-02
3.337141522518514286e-02
3.214192171445925256e-02
3.104056597846556118e-02
2.997339691729639100e-02
2.883655827088733511e-02
2.776132665678163886e-02
2.676319054274480316e-02
2.576394452854433373e-02
2.476072825951732351e-02
2.378171792793769973e-02
2.284831096670561154e-02
2.197589212142391293e-02
2.108331744595775062e-02
2.025258486783976936e-02
1.940727278635269448e-02
1.858678673237866563e-02
1.777851334028259997e-02
1.703264215766532585e-02
1.627112248181643989e-02
1.555695548905417988e-02
1.484626904912641869e-02
1.419803535707186981e-02
1.350988813204550068e-02
1.286500227106282014e-02
1.223331847141582475e-02
1.166972706791086396e-02
1.107768305918233574e-02
1.051756604693660814e-02
9.945719669490336867e-03
9.439338961585126003e-03
8.935506862370117334e-03
8.420068144869410909e-03
7.943398912094390418e-03
7.504769855108880949e-03
7.046396945726963665e-03
6.637143724381852974e-03
6.218074596798371656e-03
5.821464445008017567e-03
5.432244236609530715e-03
5.071742888723539816e-03
4.712522888472674143e-03
4.377477451139846244e-03
4.057493073083015024e-03
3.740246528831402736e-03
3.453800464137773280e-03
3.172967251429962415e-03
2.907319014180673351e-03
2.648508110218050771e-03
2.403393301734546399e-03
2.182934236361891954e-03
1.962673810809530042e-03
1.755546923517638420e-03
1.569568759146862478e-03
1.391534366203650780e-03
1.212711568112623348e-03
1.060714774052172764e-03
9.182730681500296142e-04
7.868198137469175225e-04
6.623773719006755293e-04
5.499728629680513195e-04
4.469580470803337846e-04
3.623728869051964395e-04
2.803397439230306538e-04
2.123652151108949479e-04
1.524377877583656235e-04
1.031375971393210753e-04
6.343929896457709385e-05
3.574946310362386875e-05
1.427361574410676634e-05
3.535104184849813942e-06
1.601527119770173283e-07
0.000000000000000000e+00
0.000000000000000000e+00
0.000000000000000000e+00
0.000000000000000000e+00
0.000000000000000000e+00
0.000000000000000000e+00
0.000000000000000000e+00
0.000000000000000000e+00
0.000000000000000000e+00
0.000000000000000000e+00
0.000000000000000000e+00
0.000000000000000000e+00
0.000000000000000000e+00
0.000000000000000000e+00
0.000000000000000000e+00
0.000000000000000000e+00
0.000000000000000000e+00
0.000000000000000000e+00
0.000000000000000000e+00
0.000000000000000000e+00
0.000000000000000000e+00
0.000000000000000000e+00
0.000000000000000000e+00
0.000000000000000000e+00
0.000000000000000000e+00
0.000000000000000000e+00
0.000000000000000000e+00
0.000000000000000000e+00
0.000000000000000000e+00
0.000000000000000000e+00
0.000000000000000000e+00
0.000000000000000000e+00
0.000000000000000000e+00
0.000000000000000000e+00
0.000000000000000000e+00
0.000000000000000000e+00
0.000000000000000000e+00
0.000000000000000000e+00
0.000000000000000000e+00
0.000000000000000000e+00
0.000000000000000000e+00
0.000000000000000000e+00
0.000000000000000000e+00
0.000000000000000000e+00
0.000000000000000000e+00
0.000000000000000000e+00
0.000000000000000000e+00
0.000000000000000000e+00
