0.000000000000000000e+00
0.000000000000000000e+00
0.000000000000000000e+00
0.000000000000000000e+00
0.000000000000000000e+00
0.000000000000000000e+00
0.000000000000000000e+00
0.000000000000000000e+00
0.000000000000000000e+00
0.000000000000000000e+00
0.000000000000000000e+00
0.000000000000000000e+00
0.000000000000000000e+00
0.000000000000000000e+00
0.000000000000000000e+00
0.000000000000000000e+00
0.000000000000000000e+00
0.000000000000000000e+00
0.000000000000000000e+00
0.000000000000000000e+00
0.000000000000000000e+00
0.000000000000000000e+00
0.000000000000000000e+00
0.000000000000000000e+00
0.000000000000000000e+00
0.000000000000000000e+00
0.000000000000000000e+00
0.000000000000000000e+00
0.000000000000000000e+00
0.000000000000000000e+00
0.000000000000000000e+00
0.000000000000000000e+00
6.258693209327465586e-04
5.085589430861209292e-02
7.868351051668486251e-01
3.405825025512023263e+00
6.821827729950254771e+00
8.328095678130230439e+00
7.483055451694598403e+00
5.759329535465828265e+00
4.078806008072151101e+00
2.848077717902115058e+00
1.996800053134839548e+00
1.486341223848971937e+00
1.140418391410625176e+00
9.281958104692119571e-01
8.165479462937874633e-01
7.201191628876031370e-01
6.826739016223791756e-01
6.743473597929059427e-01
6.689035697240297562e-01
6.959402563121984686e-01
7.189322313580268631e-01
7.617546101970769090e-01
8.148528485567619883e-01
8.627341178528511456e-01
8.874159734137739841e-01
9.347353365451949170e-01
9.570141147160503570e-01
9.653282851137791054e-01
9.757051362489543855e-01
9.796583316969295074e-01
1.000631706252586239e+00
9.966906074712778008e-01
9.750306710201217530e-01
9.417882594925975903e-01
9.186107050504560556e-01
8.883541400220672513e-01
8.699331173985536125e-01
8.504175218316823992e-01
8.406962615393240856e-01
8.480801486704842018e-01
8.516790082317792221e-01
8.759407688254916557e-01
8.996340815674080948e-01
9.341056977779598203e-01
9.499482482430748886e-01
9.777658836002359743e-01
9.946045179122915414e-01
1.022879104513829907e+00
1.041628957087924245e+00
1.046548817730775349e+00
1.045583139909107562e+00
1.070881637706717626e+00
1.055685366824097304e+00
1.054558918022446168e+00
1.060064575374098261e+00
1.042823704140938057e+00
1.033486917480747058e+00
1.028266354867583665e+00
1.022700009282832889e+00
1.007864733447382699e+00
1.009165275639895221e+00
9.947779022499669832e-01
9.802520609560254616e-01
9.867727478190374546e-01
9.901162224188064798e-01
9.833560205056722792e-01
9.817981382267758628e-01
9.867817399325314875e-01
9.922463143508684080e-01
9.825239649911418072e-01
1.006718881165140411e+00
9.928522645109691958e-01
1.002940453165905854e+00
1.002827183399110256e+00
1.004231662857554719e+00
1.013305417704500444e+00
1.011392512109579034e+00
1.022190609999189315e+00
1.019078207287251736e+00
1.016834270170517751e+00
1.007091095242947265e+00
1.011319995771341684e+00
1.004406175385637257e+00
1.015932294872946784e+00
1.012400379656444693e+00
1.003589547885649802e+00
1.003499414795323341e+00
9.984260509727066468e-01
9.964631151130807218e-01
9.964147245561940647e-01
9.990253473942454221e-01
9.985024748958259977e-01
1.002459673415130759e+00
9.927882954578378660e-01
9.938864873723175508e-01
9.972276828044774888e-01
9.961141769920369704e-01
9.982931893920343747e-01
9.962772320621368083e-01
1.001636723365569415e+00
1.003244497852235684e+00
1.003949969498250105e+00
9.958744389540928887e-01
1.001958340618366750e+00
1.006326577830207070e+00
1.004832277049782840e+00
9.960612994919408880e-01
9.988412633242477190e-01
9.983714250730364448e-01
1.003120175272681713e+00
9.995743181738240279e-01
9.989190216194044902e-01
9.951147820143877443e-01
9.997209760346512653e-01
1.002815332331548515e+00
9.945413255141682951e-01
9.941333004167286491e-01
1.001574645324729618e+00
9.977270697656891452e-01
9.997215468814595329e-01
9.995218006814103884e-01
9.992423850193896673e-01
9.968276548349944699e-01
9.979010168308616313e-01
9.959233736646777579e-01
1.001670935326999912e+00
1.003343669731066479e+00
9.958782321964416706e-01
9.976141660402720879e-01
9.966623088136954411e-01
1.001858999392283733e+00
9.970607633236675538e-01
9.973865684619508398e-01
9.919433798756551734e-01
9.968928124740795704e-01
9.993993781633531137e-01
1.004190313898379872e+00
1.000231022171222284e+00
1.005665090490263536e+00
1.002018520610206576e+00
9.982257380910272149e-01
9.970964082098008330e-01
9.971938393483290586e-01
9.971384506759096711e-01
9.973174065269696520e-01
9.986251271778918692e-01
1.000152265766610649e+00
1.001829708139532871e+00
1.000845103056641872e+00
9.973327320708581523e-01
9.962256359537677852e-01
1.000764174710600862e+00
9.986720980856456098e-01
9.982768047351456842e-01
1.000620315352313439e+00
9.989707378888229572e-01
9.999976692124287192e-01
9.994438212984858572e-01
9.969882552012701016e-01
9.949499915063164668e-01
9.972652901669611936e-01
1.000068278616853101e+00
9.958405123764735301e-01
9.977643400828467568e-01
9.926687559448343912e-01
9.971617097328777657e-01
9.960608346351874642e-01
9.953969789599398377e-01
9.979201561012125410e-01
9.968869206725849974e-01
9.977654529686567075e-01
9.942469175654020663e-01
9.985061391976769452e-01
9.984817103651656423e-01
9.987933538361962738e-01
9.932228720319555837e-01
9.985968992144100831e-01
9.959954890768160096e-01
9.960342537964603782e-01
9.976042479408278041e-01
9.963384055400017481e-01
9.971652028552201452e-01
9.972483820451466530e-01
9.933484381371555649e-01
1.000907450060693371e+00
1.002662985386413741e+00
9.992946931240541675e-01
1.000218111606997695e+00
9.991981574998634041e-01
9.995527404802363458e-01
9.993130670153438366e-01
9.974582585726323725e-01
1.001394706489294073e+00
1.000611081190988738e+00
9.975255444253613435e-01
9.958350469945468353e-01
9.971452667126962099e-01
9.985120397812303761e-01
9.984612700025397025e-01
9.967128351640124340e-01
1.001419164042284704e+00
9.989957303848974179e-01
9.991098852391392393e-01
9.970006159321712635e-01
9.972828235487697368e-01
9.974702405395635685e-01
9.960232711667110772e-01
9.971128516731340152e-01
9.935168661170673543e-01
1.000873775195759041e+00
9.959414547685517816e-01
9.973784445645462737e-01
9.966831977536901865e-01
9.985768651457637146e-01
9.967729617587334223e-01
9.958181804697178174e-01
9.972339142172771398e-01
9.977205852121505680e-01
9.985645658215858145e-01
9.979037774402116368e-01
9.963994582183263171e-01
9.971511171675258023e-01
9.975335864705920930e-01
9.999084058917176998e-01
1.002095355371988683e+00
9.967899988795292376e-01
9.960877319503929073e-01
9.987537681359233144e-01
9.962347969030410644e-01
9.966158314163413579e-01
9.958811669330897010e-01
9.969571278678074355e-01
9.997177319405721185e-01
1.000354542883173492e+00
9.963272303046191158e-01
9.965636417214461806e-01
9.966038274634008154e-01
9.973714935897279865e-01
9.942755826004180397e-01
9.853862200973191321e-01
9.767220030022099042e-01
9.646284898508468153e-01
9.500907664193812829e-01
9.415104452341671593e-01
9.302244785795822368e-01
9.197546893858455919e-01
9.134399386153452260e-01
8.982916735330206404e-01
