0.000000000000000000e+00
0.000000000000000000e+00
0.000000000000000000e+00
0.000000000000000000e+00
0.000000000000000000e+00
0.000000000000000000e+00
0.000000000000000000e+00
0.000000000000000000e+00
0.000000000000000000e+00
0.000000000000000000e+00
0.000000000000000000e+00
0.000000000000000000e+00
0.000000000000000000e+00
0.000000000000000000e+00
0.000000000000000000e+00
0.000000000000000000e+00
0.000000000000000000e+00
0.000000000000000000e+00
0.000000000000000000e+00
0.000000000000000000e+00
1.565786473923834801e-05
3.407966434189883820e-02
1.000369752768801357e+00
3.283532288903821872e+00
3.286083644264539583e+00
1.838703987293544673e+00
8.374432906984413671e-01
3.876513839342983769e-01
2.015776929881610002e-01
2.268999409891096775e-01
8.247442353438469986e-01
1.710342479444771469e+00
1.896761964214619400e+00
1.463607843221352400e+00
9.906287943721914235e-01
7.080732960523398178e-01
5.989712372627151726e-01
5.914010397985302037e-01
6.396094335852733348e-01
7.227667420047471092e-01
8.227438072801851465e-01
9.219494003531527593e-01
1.013717208358341670e+00
1.091265582610179141e+00
1.154776364188630833e+00
1.200196944704157609e+00
1.220194179048865513e+00
1.222033836349913694e+00
1.203668784490766308e+00
1.170693570928581728e+00
1.128253254397509675e+00
1.088149736921060651e+00
1.045583370427041636e+00
1.007752420829043372e+00
9.800183143028188271e-01
9.578283882658703563e-01
9.405254704691214940e-01
9.314642512164718058e-01
9.235849789256643794e-01
9.232263034827551396e-01
9.229061415116917022e-01
9.269140864055335216e-01
9.391684873378551845e-01
9.509546455378601326e-01
9.667798277275695407e-01
9.782511976471738313e-01
9.900858052511575247e-01
9.994616545375591965e-01
1.007535386609070605e+00
1.013613959304775047e+00
1.018334242216288654e+00
1.018523324525023810e+00
1.021407296110161678e+00
1.021493547579318539e+00
1.021899647243869280e+00
1.018455292508283705e+00
1.014276078786679802e+00
1.010361040833070545e+00
1.008668962022707394e+00
1.004558106067338974e+00
1.002297048680054870e+00
1.001033814579500358e+00
9.990544191053361001e-01
9.980233650298196979e-01
9.979030291769024341e-01
9.973423871561094556e-01
9.970914196399495166e-01
9.991899572447544564e-01
9.984304328589646005e-01
9.981248161241756955e-01
9.998870414122523753e-01
9.982857069030290909e-01
9.966264443842676179e-01
9.977703010349183721e-01
9.973626537250954716e-01
9.977945044942169162e-01
9.967405647117003609e-01
9.970698468293238692e-01
9.983783170093865067e-01
9.993326472164689722e-01
9.973003753356206591e-01
9.966978681401125195e-01
9.984083361172856330e-01
1.000034048103346063e+00
9.999920374224596786e-01
1.001411630606981795e+00
1.001986749807968646e+00
1.001831913826294551e+00
1.001579061321653086e+00
1.001034364418426748e+00
1.002993409847071637e+00
1.002311152483668533e+00
1.002522104282779880e+00
1.000995976106082042e+00
1.002388079099350016e+00
1.001951076924571193e+00
1.002082501280815663e+00
1.000410167090008962e+00
9.992310928067460463e-01
1.000323821007912839e+00
9.997039686527853242e-01
9.995444843346482644e-01
9.993385252119352247e-01
1.000051099827277357e+00
9.991916239436436920e-01
9.993544136373031517e-01
9.989351930538618030e-01
1.001020297710281559e+00
9.987689214092171364e-01
1.000855816297339995e+00
9.996854853267728158e-01
9.992748529841073424e-01
9.998011053462414477e-01
1.000623081630830802e+00
1.001401850428840445e+00
1.001120652468171279e+00
1.000477016473777736e+00
1.000817273842482535e+00
1.001687089315153045e+00
1.001345597172041746e+00
1.000916973913433594e+00
1.000460555239873095e+00
1.000738000330038568e+00
9.990951837994846985e-01
1.000945331718418929e+00
9.997420832674852598e-01
1.000270697086247385e+00
1.000898222937478099e+00
1.000117539000145328e+00
1.000673029091244448e+00
9.999832618352977320e-01
1.000036805784298766e+00
1.000647908325998481e+00
9.998666602950818660e-01
1.000972725918340744e+00
9.995763136116792014e-01
1.000806137686940378e+00
9.995560244427702523e-01
1.001278826792413090e+00
1.000130211703756489e+00
1.000304124151932150e+00
1.000549968146967839e+00
9.997728854184650960e-01
1.000368109755142898e+00
9.998593399007978944e-01
9.999892575573948728e-01
1.000330244464026297e+00
1.000307279872948651e+00
9.998126736389829627e-01
9.999051579326286854e-01
9.999832930943580722e-01
1.000263272613535204e+00
1.000699152652641200e+00
9.998462057676849035e-01
1.000118720653825122e+00
1.000827402297889135e+00
1.001161773983051395e+00
9.996952386250772538e-01
9.998310850274678696e-01
1.000368198517440632e+00
1.000307650343293275e+00
9.998958063534164609e-01
1.000338129086555838e+00
9.992079845292471951e-01
9.997155476872496838e-01
9.998377658165646942e-01
9.996064049426969245e-01
9.996726031109289812e-01
9.996557596622436259e-01
1.000592348971942602e+00
9.987824738819955916e-01
1.000142554013318197e+00
1.000381529889202703e+00
1.000137828321188360e+00
9.998420625230011183e-01
1.000602074160808153e+00
9.997004640063964498e-01
1.000335286057443707e+00
9.995548000113686493e-01
1.000473161457310578e+00
9.999469766782931313e-01
1.000381907067027010e+00
1.000395803770389724e+00
1.000422142581124163e+00
1.000291220626349231e+00
1.001120059166313192e+00
9.995183529373544706e-01
9.999003336609403325e-01
1.000360431121920746e+00
9.996746875639080931e-01
1.000241448500293506e+00
9.997379089605072933e-01
9.995634612483302872e-01
9.996558102115027378e-01
1.000589008822950099e+00
9.995537572851204144e-01
9.999536533399530081e-01
9.997932230188935065e-01
9.998272219359031210e-01
9.996759418305133371e-01
1.000302255932384421e+00
1.000368388346262183e+00
1.000196965412492256e+00
9.997227986957425427e-01
9.998753887706997023e-01
9.999401399794399792e-01
1.000404288424438404e+00
9.999859343840217241e-01
1.000709238456275907e+00
9.995992315639637971e-01
1.000810898963438778e+00
9.996757375493041664e-01
1.000506513965927713e+00
1.000488509784850155e+00
1.000123242395750012e+00
1.000101662214199383e+00
1.000362509324277172e+00
9.997361776431877844e-01
9.996960733453810199e-01
9.999038101737297568e-01
9.994362063762807225e-01
9.996326686029721742e-01
1.000033090716450745e+00
1.000669511871209005e+00
1.000149024028702760e+00
9.998343145904993179e-01
1.000486120905821341e+00
1.000016156561886360e+00
1.000230091183150538e+00
1.000650905336851748e+00
1.000069352155463775e+00
9.995284453830807214e-01
1.000032109938218561e+00
9.997118150921285862e-01
9.996830032301632363e-01
1.000543990088947233e+00
1.000113053281094011e+00
1.000170002278949033e+00
9.997607013452612934e-01
1.000139390205340595e+00
1.000284279236448581e+00
1.000109448221583319e+00
1.000560795002539471e+00
9.998791059531403347e-01
1.000424844770709143e+00
1.000046360755304731e+00
1.000457890863209798e+00
9.999058099273187006e-01
9.997727548098304107e-01
9.997970919145681146e-01
1.000612089103788405e+00
1.000646984733446043e+00
1.000054199749840445e+00
9.992791331032081503e-01
9.909720929377795473e-01
9.804966051334680355e-01
9.693810672500244863e-01
9.582645334696233697e-01
9.483627486993091438e-01
9.376553630600991118e-01
