0.000000000000000000e+00
0.000000000000000000e+00
0.000000000000000000e+00
0.000000000000000000e+00
0.000000000000000000e+00
0.000000000000000000e+00
0.000000000000000000e+00
0.000000000000000000e+00
0.000000000000000000e+00
0.000000000000000000e+00
0.000000000000000000e+00
0.000000000000000000e+00
0.000000000000000000e+00
0.000000000000000000e+00
0.000000000000000000e+00
0.000000000000000000e+00
0.000000000000000000e+00
0.000000000000000000e+00
0.000000000000000000e+00
0.000000000000000000e+00
0.000000000000000000e+00
0.000000000000000000e+00
0.000000000000000000e+00
0.000000000000000000e+00
0.000000000000000000e+00
0.000000000000000000e+00
8.237961839266071812e-03
1.165351937367357510e-01
5.565677894746199339e-01
1.234589991461054526e+00
1.707575119733388380e+00
1.936784650971048238e+00
1.999763050499827832e+00
1.943089351318054492e+00
1.834043652826784720e+00
1.690803489366392798e+00
1.556738705288687408e+00
1.424440148529052763e+00
1.287842492487409229e+00
1.159849383008984658e+00
1.109512733671426998e+00
1.092332259760279811e+00
1.111378844878476935e+00
1.153627701894012425e+00
1.192023787728682338e+00
1.229850617533357671e+00
1.233645204534820738e+00
1.193040731817567757e+00
1.144639577582881707e+00
1.084355537874680087e+00
1.069061062091330117e+00
1.063530784189728129e+00
1.057505818185245472e+00
1.065569728175914221e+00
1.079468915733908352e+00
1.088219677121338824e+00
1.095350597907656764e+00
1.097263537660120303e+00
1.094827878388974218e+00
1.082787152770285255e+00
1.068043217214641460e+00
1.048274291515887580e+00
1.030079198743419466e+00
1.020886760418597605e+00
1.012595585188065250e+00
1.014156227866922722e+00
1.010000471772471542e+00
1.006270662933444138e+00
1.006698227315847127e+00
1.010760361283268072e+00
1.023077805175313326e+00
1.013018417719288466e+00
1.022633832229916218e+00
1.029142990939399871e+00
1.022522210370381934e+00
1.023692368057466773e+00
1.021691839158891169e+00
1.014499001031367476e+00
1.025311912797140179e+00
1.015563696165252328e+00
1.017424786716084606e+00
1.013312338143055102e+00
1.012433109585896496e+00
1.010324381756808831e+00
1.006263379968188820e+00
1.010831120036982611e+00
1.007568888996831280e+00
1.007027165319480222e+00
1.007269423837168887e+00
9.970811211224411830e-01
1.002360630695440680e+00
1.004731269294819151e+00
1.008416634705745052e+00
1.004022818914629855e+00
1.004199053099276151e+00
1.004320785933522808e+00
1.002721014644779141e+00
1.001125423036806072e+00
1.002346018457487942e+00
1.003049912736023952e+00
9.984017216960988650e-01
9.974899493453996957e-01
9.988122604619518174e-01
9.961447986365589147e-01
9.991689822312418423e-01
9.969921203162934731e-01
9.988874218868960542e-01
9.981017046224099909e-01
1.002236662800804812e+00
9.913028931306622216e-01
9.984635007636663007e-01
1.001564415558336973e+00
9.970537608364440363e-01
1.000455166151847264e+00
9.976713868512278038e-01
9.949744219541107881e-01
9.952011603108960047e-01
9.981061506953212703e-01
9.983691651683299639e-01
9.946530378693271279e-01
9.955692353578029508e-01
9.933328118836846077e-01
9.953426492727658337e-01
9.945956358024310440e-01
9.950626586154516229e-01
9.972205112384279202e-01
9.952605338750976083e-01
9.995114574114792871e-01
1.000110763690275295e+00
9.982559895293248164e-01
9.971169345229501380e-01
9.952103834195316079e-01
9.976002878697480813e-01
9.931879427178988973e-01
9.957699522580893969e-01
9.961829566912058231e-01
9.955696399231502847e-01
9.952303842089289532e-01
9.939196473919965635e-01
9.975906621833240395e-01
9.968164740502621912e-01
9.996271974373764913e-01
9.939057704516309766e-01
9.979268210301878161e-01
9.947928298077093334e-01
9.936877312761652759e-01
9.966792211726888118e-01
9.936030209658095469e-01
9.921409123607504155e-01
9.942059717636957394e-01
9.935013432830256397e-01
9.976719873979930098e-01
9.913931020313904163e-01
9.939751148834374828e-01
9.932312518806620805e-01
9.928592974178488406e-01
9.942625938187737988e-01
9.949475298004363255e-01
9.925810008276023666e-01
9.957452031704799866e-01
9.929403575629814904e-01
9.996065234787345766e-01
9.921362973580540867e-01
9.965340199224362872e-01
9.967949139234669742e-01
9.932293934581675199e-01
9.959764633644619947e-01
9.921810941200782663e-01
9.963131270494516301e-01
9.956706019309197186e-01
9.928989891627058029e-01
9.964240603935378138e-01
9.987074883063734587e-01
9.947990679526921287e-01
9.954671659653150373e-01
9.963092008547036471e-01
9.949240073170854126e-01
9.933182874206502033e-01
9.953153855326114519e-01
9.968706276557230961e-01
9.954129247059866348e-01
9.979207004603559694e-01
9.929095874826242563e-01
9.929377978260909288e-01
9.950239453411977575e-01
9.928258244850651781e-01
9.966209749990249112e-01
9.956580203548751618e-01
9.940059068868479786e-01
9.930152572339264738e-01
9.969515613570523183e-01
9.948384010380595388e-01
9.966632171775411386e-01
9.946585544940077517e-01
9.948549951144995962e-01
9.970773450215328904e-01
9.961049844332121594e-01
9.970563977396370570e-01
9.949689296778347902e-01
9.949592690855423305e-01
9.942105862076845435e-01
9.963498751417384502e-01
9.945413084894918487e-01
9.976535477096662996e-01
9.951127636251281272e-01
9.959173608241729259e-01
9.960641469200728348e-01
9.953468593034751066e-01
9.956449212491319534e-01
9.975748445883790838e-01
9.952906473733891257e-01
9.991445188377966469e-01
9.984390521959608522e-01
9.972842263375570893e-01
9.958412869537673906e-01
9.981666082290061581e-01
9.977101910483758829e-01
9.971024085597787190e-01
1.000400178786909677e+00
9.974768798488534705e-01
9.953241543943285308e-01
9.973598077146123009e-01
9.972909704547651133e-01
9.989554223118932708e-01
9.972216031610943165e-01
9.946575943027630151e-01
9.976729003264055429e-01
9.943628119579448477e-01
9.961984970249688764e-01
9.987177511675922048e-01
9.980063210738771007e-01
9.993435474017529074e-01
9.964466172986767845e-01
9.973566081850434584e-01
9.976245733218322975e-01
9.972721562349163849e-01
9.994505588072984947e-01
9.958701546397977777e-01
9.987331546234364810e-01
9.979047532540213927e-01
9.976765353785306267e-01
9.989085025819740560e-01
9.981031809956792955e-01
9.993493755407698576e-01
9.993980178497222644e-01
9.997356073396620468e-01
9.978756879222798748e-01
9.971490056442099403e-01
9.992477718908789885e-01
9.990116391501420168e-01
9.989749360224232655e-01
9.983916598724222879e-01
9.980490854017163294e-01
9.975147966663396870e-01
9.968385802817599783e-01
9.976582868817579497e-01
9.973099827539563256e-01
9.977857740806197473e-01
9.971403715916028476e-01
9.980363069075096627e-01
9.974474485964117676e-01
1.000195300036786250e+00
9.972815755913273517e-01
9.979284996545220165e-01
9.969486437774039977e-01
9.980476970322988972e-01
9.983478712865460070e-01
9.980517745258995488e-01
9.969454649959899051e-01
9.982530629908887843e-01
9.992676495540595560e-01
9.988681576458536826e-01
9.985508191616059293e-01
9.997041183662108699e-01
9.965690100280576447e-01
9.986999162052641044e-01
9.985114897332986184e-01
9.996532243795800410e-01
9.978969036925486868e-01
9.994094154264486773e-01
