0.000000000000000000e+00
0.000000000000000000e+00
0.000000000000000000e+00
0.000000000000000000e+00
0.000000000000000000e+00
0.000000000000000000e+00
0.000000000000000000e+00
0.000000000000000000e+00
0.000000000000000000e+00
0.000000000000000000e+00
0.000000000000000000e+00
0.000000000000000000e+00
0.000000000000000000e+00
0.000000000000000000e+00
0.000000000000000000e+00
0.000000000000000000e+00
0.000000000000000000e+00
0.000000000000000000e+00
0.000000000000000000e+00
0.000000000000000000e+00
0.000000000000000000e+00
0.000000000000000000e+00
0.000000000000000000e+00
0.000000000000000000e+00
8.567643854347669870e-04
7.688470644908163010e-02
7.182525920078892678e-01
1.777007990912315982e+00
2.163419480646998405e+00
1.957260986749561837e+00
1.671344586527947929e+00
1.432064015857076766e+00
1.245679942347575730e+00
1.099141528764529419e+00
9.905915342621604003e-01
9.104953747701051148e-01
8.599839852079584901e-01
8.355815345688303308e-01
8.139349804132284261e-01
7.991770272101599293e-01
8.044970451532910127e-01
8.332921357900856529e-01
8.755016102899002561e-01
9.225188721876469433e-01
9.724225706028629679e-01
1.017014042332307744e+00
1.046808328926252196e+00
1.061441884748216768e+00
1.065570151725802051e+00
1.065665457053983634e+00
1.057764416322608536e+00
1.044432837243727263e+00
1.033558038860362238e+00
1.016484219062759875e+00
9.998868075170276315e-01
9.873975098959433261e-01
9.742578825451649882e-01
9.660774398474534230e-01
9.625975611384567365e-01
9.605200327506775437e-01
9.618010902138172113e-01
9.650481439503408865e-01
9.712759557993624338e-01
9.781801191815272523e-01
9.815823732449019401e-01
9.904200759673886800e-01
9.961178925124161143e-01
1.002189495337355130e+00
1.005384785409692450e+00
1.010630621080405023e+00
1.013369313134387717e+00
1.014514167475534023e+00
1.013854236462305769e+00
1.011752956371421597e+00
1.009306896180365953e+00
1.005122098576362033e+00
1.001284895341899572e+00
9.979803919077260277e-01
9.960910357389107794e-01
9.931019547951620563e-01
9.918390857248478021e-01
9.902516813640688254e-01
9.895776605065945697e-01
9.919837501365165178e-01
9.935627336649137664e-01
9.942775534293415429e-01
9.958612444428311949e-01
9.987633080858441259e-01
9.981441203346584912e-01
1.001486369492030848e+00
1.000862753530671556e+00
1.001449973431784324e+00
1.001066406921924834e+00
1.001144439993749247e+00
1.001347043532384573e+00
9.997598661656970087e-01
9.998802744093175932e-01
9.994716211918301951e-01
9.980897774379933196e-01
9.982601362556111635e-01
9.990953137075331281e-01
9.983441143543352325e-01
9.995296466718317507e-01
9.989974517762363337e-01
9.994667171495289493e-01
9.995374591153730615e-01
1.000111513552716325e+00
1.001344198255136542e+00
1.001855470624059441e+00
1.000297698843641170e+00
1.001328667417349161e+00
1.000972467445163661e+00
1.001306287483828328e+00
1.000986639948188595e+00
1.001650336379811934e+00
1.000537407151405267e+00
1.000975265402476833e+00
1.000377868217796395e+00
9.997056023094171850e-01
1.000403843839066997e+00
1.000218911803154587e+00
9.997414057979631119e-01
9.991176306491548198e-01
9.997836245569574620e-01
1.000086814273773550e+00
1.000000748704668041e+00
9.993018365571387784e-01
9.999213661287718047e-01
1.000568853952070958e+00
1.000727725613970387e+00
1.000575292917287085e+00
9.997597987113112650e-01
1.001168193459661460e+00
9.996018773156161163e-01
1.000780365096787916e+00
1.001155402967404351e+00
1.001316829970415823e+00
1.000614436470010693e+00
1.000442888613229719e+00
1.000907014270513429e+00
1.000788916989151289e+00
1.000581231622720280e+00
1.000090500400612203e+00
1.000409008555024570e+00
1.000071467656453494e+00
1.000430220296563144e+00
1.000305124663830814e+00
1.000307907199173618e+00
1.000294821721800842e+00
1.000087002192304508e+00
1.000865200891419837e+00
9.995928956545524491e-01
9.999643775772738552e-01
1.000493217162778947e+00
9.999774824356716385e-01
9.994782341865817710e-01
1.000871469001576308e+00
1.000493468061682822e+00
1.000828667170235331e+00
9.998928350979732205e-01
1.001237260308687871e+00
1.000089392913530606e+00
1.000149830410408169e+00
9.997221038245972524e-01
1.000488991556843343e+00
1.000406345147477838e+00
1.000359833306164070e+00
9.998692452536824815e-01
1.000716741101417506e+00
9.996938431641849698e-01
1.000067348309815918e+00
1.000105048625036019e+00
9.997680638949006937e-01
9.999992406655762167e-01
1.000104360255402502e+00
1.000029540525630534e+00
1.000112620996940871e+00
1.000418899577316223e+00
1.000131927939316601e+00
1.000366708694632178e+00
1.000427752203895349e+00
1.000419010541806486e+00
9.994942734463132528e-01
1.000021724633133546e+00
1.000007242499546756e+00
1.000125714365142304e+00
9.990645516193792375e-01
1.000123184888787931e+00
1.000036976716164538e+00
1.000020328779226197e+00
9.999322630364682052e-01
1.000222336664713607e+00
9.997228594530850332e-01
9.997050914182438186e-01
1.000405307706184965e+00
9.999252418312227775e-01
9.999628256415695748e-01
1.000215812348189459e+00
9.997843426367303277e-01
1.000026050274715139e+00
1.000113890238313985e+00
1.000159282072960121e+00
1.000624032415681208e+00
1.000334834355121272e+00
1.000513676403114172e+00
9.996078597044850689e-01
1.000160220273788925e+00
1.000112064830623648e+00
9.998090295547235051e-01
1.000385170652785094e+00
1.000058837968377690e+00
9.996895511353854902e-01
9.999740125342226893e-01
1.000143565482547237e+00
1.000671381850305242e+00
1.000320820770385755e+00
1.000244431108970433e+00
1.000302812796886265e+00
1.000213859680982864e+00
1.000180145081944527e+00
1.000156675031867115e+00
1.000145535559872956e+00
1.000439900078704980e+00
1.000045034214345874e+00
1.000168950549301439e+00
1.000388144348047570e+00
1.000145972277828976e+00
1.000065352243549199e+00
1.000268726344955894e+00
1.000331775874863105e+00
1.000612984523659543e+00
1.000245221361520498e+00
9.999379753163196716e-01
1.000391244413430858e+00
1.000552391229694305e+00
1.000556544134909132e+00
9.999932157923256959e-01
1.000740031527812990e+00
1.000337729313839130e+00
1.000054688411950332e+00
1.000227340818066413e+00
1.000209560312470103e+00
1.000375512397999378e+00
1.000667385591588632e+00
1.000408447601963680e+00
1.000563479516304088e+00
1.000112911478935995e+00
1.000046381188938405e+00
1.000345464434586829e+00
1.000432622177842790e+00
1.000584560358591002e+00
1.000639077920884468e+00
1.000143170244855106e+00
1.000539216744473325e+00
1.000324030375422169e+00
1.000440145975068695e+00
1.000662614404896011e+00
1.000349040375166920e+00
1.000298282244837633e+00
1.000778506536176726e+00
1.000094588468891876e+00
1.000514721878306368e+00
1.000315442052613246e+00
1.000329311172712954e+00
1.000406411409890284e+00
1.000319346786709085e+00
1.000352925521190262e+00
1.000187374972711263e+00
9.999349989011893092e-01
1.000654237415411485e+00
9.999651888027174529e-01
1.000429461494201089e+00
1.000621290801873009e+00
1.000194036158832844e+00
1.000190172043943004e+00
1.000090718003705303e+00
9.999300375723145784e-01
1.000234114674057428e+00
1.000619911213247892e+00
1.000437005331553442e+00
