1.000000000000000000e+00 1.726213642747924035e-02
3.000000000000000000e+00 2.443938143792961579e-02
5.000000000000000000e+00 2.377196411947811797e-02
7.000000000000000000e+00 2.272541501300047451e-02
9.000000000000000000e+00 2.297478620748821462e-02
1.100000000000000000e+01 2.326780677019619700e-02
1.300000000000000000e+01 2.297871978430351264e-02
1.500000000000000000e+01 2.287161329351732053e-02
1.700000000000000000e+01 2.285002825121840858e-02
1.900000000000000000e+01 2.230590367654378819e-02
2.100000000000000000e+01 2.312554113204140852e-02
2.300000000000000000e+01 2.322561864801337556e-02
2.500000000000000000e+01 2.346170566017551432e-02
2.700000000000000000e+01 2.255058762567333647e-02
2.900000000000000000e+01 2.349368020101254631e-02
3.100000000000000000e+01 2.335650888977994569e-02
3.300000000000000000e+01 2.326131576968648584e-02
3.500000000000000000e+01 2.361741234784658916e-02
3.700000000000000000e+01 2.308886415954498547e-02
3.900000000000000000e+01 2.328911970335241499e-02
4.100000000000000000e+01 2.307305515268893645e-02
4.300000000000000000e+01 2.359820524107740861e-02
4.500000000000000000e+01 2.303682587066290324e-02
4.700000000000000000e+01 2.311861345663546868e-02
4.900000000000000000e+01 2.244518443039705477e-02
5.100000000000000000e+01 2.236166936397885815e-02
5.300000000000000000e+01 2.278575448621585758e-02
5.500000000000000000e+01 2.173759529674890514e-02
5.700000000000000000e+01 2.116867176579282153e-02
5.900000000000000000e+01 2.047139772155324305e-02
6.100000000000000000e+01 2.095123317372160968e-02
6.300000000000000000e+01 1.921936937538691603e-02
6.500000000000000000e+01 1.855664550015442144e-02
6.700000000000000000e+01 1.823599306775552237e-02
6.900000000000000000e+01 1.708042134821502467e-02
7.100000000000000000e+01 1.647905947578556796e-02
7.300000000000000000e+01 1.549732357824318459e-02
7.500000000000000000e+01 1.506937239118959215e-02
7.700000000000000000e+01 1.260086284160971681e-02
7.900000000000000000e+01 1.297613853548014104e-02
8.100000000000000000e+01 1.208311803397118904e-02
8.300000000000000000e+01 1.083116685294109593e-02
8.500000000000000000e+01 1.021319244294328216e-02
8.700000000000000000e+01 9.066255711442098436e-03
8.900000000000000000e+01 8.019120479271998198e-03
9.100000000000000000e+01 7.786528982180391731e-03
9.300000000000000000e+01 7.600200351214741849e-03
9.500000000000000000e+01 6.812331998306064146e-03
9.700000000000000000e+01 6.070565492798843388e-03
9.900000000000000000e+01 5.602756679170875324e-03
1.010000000000000000e+02 5.018158139032154706e-03
1.030000000000000000e+02 4.247299012044945289e-03
1.050000000000000000e+02 4.076500519766247665e-03
1.070000000000000000e+02 3.702998144587351086e-03
1.090000000000000000e+02 3.566363617893891346e-03
1.110000000000000000e+02 2.966569700518619304e-03
1.130000000000000000e+02 2.870905709659244548e-03
1.150000000000000000e+02 2.554308840058968060e-03
1.170000000000000000e+02 2.408353076051569785e-03
1.190000000000000000e+02 2.254055371732956083e-03
1.210000000000000000e+02 1.991645019295691568e-03
1.230000000000000000e+02 2.174216064066246748e-03
1.250000000000000000e+02 1.890506210135775231e-03
1.270000000000000000e+02 1.773622481064726121e-03
1.290000000000000000e+02 1.713850571691810046e-03
1.310000000000000000e+02 1.533695909596554394e-03
1.330000000000000000e+02 1.553767393928297703e-03
1.350000000000000000e+02 1.293111899943115472e-03
1.370000000000000000e+02 1.588713324932961675e-03
1.390000000000000000e+02 1.361503603632831672e-03
1.410000000000000000e+02 1.452945441283795720e-03
1.430000000000000000e+02 1.387615267100840172e-03
1.450000000000000000e+02 1.243991676535032270e-03
1.470000000000000000e+02 1.378017037670205107e-03
1.490000000000000000e+02 1.323809159394381384e-03
1.510000000000000000e+02 1.275526952908801696e-03
1.530000000000000000e+02 1.280621909563276276e-03
1.550000000000000000e+02 1.500748762911013542e-03
1.570000000000000000e+02 1.474427741778366538e-03
1.590000000000000000e+02 1.386352593374931639e-03
1.610000000000000000e+02 1.136399750624500233e-03
1.630000000000000000e+02 9.942654697919391105e-04
1.650000000000000000e+02 1.184422831271431326e-03
1.670000000000000000e+02 1.362746163077305532e-03
1.690000000000000000e+02 1.218789878438847341e-03
1.710000000000000000e+02 1.216312210984669398e-03
1.730000000000000000e+02 1.170966040746206820e-03
1.750000000000000000e+02 1.212855312218264793e-03
1.770000000000000000e+02 1.514837692433654466e-03
1.790000000000000000e+02 1.817066992366243427e-03
