0.000000000000000000e+00
0.000000000000000000e+00
0.000000000000000000e+00
0.000000000000000000e+00
0.000000000000000000e+00
0.000000000000000000e+00
0.000000000000000000e+00
0.000000000000000000e+00
0.000000000000000000e+00
0.000000000000000000e+00
0.000000000000000000e+00
0.000000000000000000e+00
0.000000000000000000e+00
0.000000000000000000e+00
0.000000000000000000e+00
0.000000000000000000e+00
0.000000000000000000e+00
0.000000000000000000e+00
0.000000000000000000e+00
0.000000000000000000e+00
0.000000000000000000e+00
0.000000000000000000e+00
0.000000000000000000e+00
0.000000000000000000e+00
0.000000000000000000e+00
0.000000000000000000e+00
0.000000000000000000e+00
0.000000000000000000e+00
0.000000000000000000e+00
0.000000000000000000e+00
1.145298286302615619e-04
4.939209465409719405e-03
5.578036342505660744e-02
2.616462678065510361e-01
6.149578281230749788e-01
9.910841598153612431e-01
1.257498090528349932e+00
1.425519441424111466e+00
1.474916755627877052e+00
1.502661568321692620e+00
1.473221785961416952e+00
1.427085286699922184e+00
1.399181264161553306e+00
1.360818690022235433e+00
1.299648580623467220e+00
1.284992739433566955e+00
1.245546879127386042e+00
1.217079386873408220e+00
1.207677719429450125e+00
1.232387244746263377e+00
1.214103903359972314e+00
1.209353580167066733e+00
1.176479845864393692e+00
1.114931823265185473e+00
1.067721260751948842e+00
1.014995205425848646e+00
1.003249703540859850e+00
9.678204898948008505e-01
9.790708174668254493e-01
9.704249436062947209e-01
9.786654687543344666e-01
9.972703854042161975e-01
9.899988585380763428e-01
1.001395414684833840e+00
1.008976829280616938e+00
1.008504307460203586e+00
1.011964666047200367e+00
1.020391262563894896e+00
1.023788020420860700e+00
1.025002029782071000e+00
1.028115238355513661e+00
1.038407710002009043e+00
1.025163207056958514e+00
1.035622057545152686e+00
1.029623186899071507e+00
1.025763642794474739e+00
1.027597024497248768e+00
1.032152508606020147e+00
1.022103808712036432e+00
1.027875530000058379e+00
1.026502800361275058e+00
1.025256484799770051e+00
1.020668972944245301e+00
1.015990528839735507e+00
1.007515747957871355e+00
1.009359933813578802e+00
1.003530496972791397e+00
9.981755242365307756e-01
9.992668521041111473e-01
9.991293387279926996e-01
9.959698573598593230e-01
9.958016168360348530e-01
9.932908211134791054e-01
9.986177683729735577e-01
9.940841444506369751e-01
9.992755551519334478e-01
1.002586273242629611e+00
1.004688583217005826e+00
1.007103294578481245e+00
1.001813958878546851e+00
1.002051931591369849e+00
1.006574693755124095e+00
1.004788096961478638e+00
1.008333002592125771e+00
1.006904704310413345e+00
1.009149605401201244e+00
1.007243885466913680e+00
1.006902940831084337e+00
1.004701806587257717e+00
1.011690162174904373e+00
1.002458813862679321e+00
1.005992984492663833e+00
1.008031338154716128e+00
1.003746198570707460e+00
1.004227020904108203e+00
1.002959329785856779e+00
1.001131661368453774e+00
9.984025974272405790e-01
1.004075525794386969e+00
1.002390917003183723e+00
1.000909881151553771e+00
1.003037089873479282e+00
1.001397325223874812e+00
9.993575790087142474e-01
1.005571560411936849e+00
1.000353256024766768e+00
9.988690721631117153e-01
1.002361657319382315e+00
9.995915873273983898e-01
1.002899310373635444e+00
1.002272263460574520e+00
9.971487394414032535e-01
1.000385844085316833e+00
1.000987148541434335e+00
9.991806324757079860e-01
9.987284173812801535e-01
1.000623996555199291e+00
1.002815476048632748e+00
9.991627248043212228e-01
1.002749603473440443e+00
1.008513850491462360e+00
9.970130410678326172e-01
1.003884581228235540e+00
1.002950156557204320e+00
1.003777305236008610e+00
9.996251354063816486e-01
9.996129895198744286e-01
1.003417457498984700e+00
9.995157954846952686e-01
9.993707228878143667e-01
9.962058377618574490e-01
1.001202907669706654e+00
9.982224567312013574e-01
9.994264101571355141e-01
9.986542783708289850e-01
9.999872838241857798e-01
9.971589276137929891e-01
9.984965931727972643e-01
9.979441255112836417e-01
1.000183370555366658e+00
1.000089024171462615e+00
1.002024178523950759e+00
9.970652823131588294e-01
9.980155429745592999e-01
9.985265100318543308e-01
9.974390454229473679e-01
9.980390104611546187e-01
9.981282402832528655e-01
9.967039772840753376e-01
9.977656293698053958e-01
1.001053998242526166e+00
9.981663167248748803e-01
9.989269342209172731e-01
9.978551743911013849e-01
1.003730145501049664e+00
1.003460078672439915e+00
9.992222502536448614e-01
1.002138211889615604e+00
9.979003319059799315e-01
9.999280148060449847e-01
9.954985012289851998e-01
9.962581380750880067e-01
1.000185299139325412e+00
9.932787531068175690e-01
9.971177590044211225e-01
9.994230589040344892e-01
1.000929393257761646e+00
9.962216271284901614e-01
9.957763314784755515e-01
9.956053774567540371e-01
9.986039927951314565e-01
1.000521219146486729e+00
9.991646474348609974e-01
9.983688238926298197e-01
9.937482454207270388e-01
9.975861105179861799e-01
9.969235214694609493e-01
9.981407730924948263e-01
9.976739694713463447e-01
1.000796541263491601e+00
9.992378785711503175e-01
9.990385171490054894e-01
9.990074171372760325e-01
9.976936735307730952e-01
9.968800918386612198e-01
9.990879961122378639e-01
9.973784534393609347e-01
9.965635877856569014e-01
9.970885437975721688e-01
9.949556349717912918e-01
1.000036919672069757e+00
9.977414328620559658e-01
1.000546218041392654e+00
9.971795114789846481e-01
9.971389168377245982e-01
9.964985995303397015e-01
9.980757483928190954e-01
1.000674224190602146e+00
9.987577867820701671e-01
9.998599898733842029e-01
9.957993737817609770e-01
9.976587655970883262e-01
9.975893207787159822e-01
9.951796086564510535e-01
9.989822357517403884e-01
9.993111383692109273e-01
9.983969167945850876e-01
9.985162327216601241e-01
9.983482933206692111e-01
9.983132660489355548e-01
9.968354346450785108e-01
9.973061672910171760e-01
9.973869933342599525e-01
9.979106027648264599e-01
9.978774904460858686e-01
9.993171023159478361e-01
9.960599732224755254e-01
9.954742925830063482e-01
9.998685324614197123e-01
9.994811761786636106e-01
9.967648227601381139e-01
9.985186332808776433e-01
9.994776690529124652e-01
9.971921580165659105e-01
9.973042512972993823e-01
9.973496093865492629e-01
9.968704073421429390e-01
9.985423942882939441e-01
9.964196244206222630e-01
9.954438324695856766e-01
9.976254200332851374e-01
9.995859266467329585e-01
9.979612086543588889e-01
9.954206911920298051e-01
9.994003466546697023e-01
9.961643788397304133e-01
9.980384952274276023e-01
9.979958749423765152e-01
9.978538816951012524e-01
9.955626019860567277e-01
9.956039910793242909e-01
9.956109562496467946e-01
9.991825549202297818e-01
9.972312001351214539e-01
9.976871053894901253e-01
9.972628944381650706e-01
9.982841834934857994e-01
9.961442864921574714e-01
9.973546580516964299e-01
9.963308581645932138e-01
9.984665203405415079e-01
9.979881051636428912e-01
9.988945810261087299e-01
1.000546003002632078e+00
9.977137703192586748e-01
9.991666605053767247e-01
9.984652095749226852e-01
9.977105422363213849e-01
9.994054479962272142e-01
1.000678244237169112e+00
9.996093975106210561e-01
9.981848878787304979e-01
9.988382466568763718e-01
9.998685362914677688e-01
9.990654138358413539e-01
9.961666087638467726e-01
9.989993877203536821e-01
9.985589008972524105e-01
9.982784482699875728e-01
9.998189263982636410e-01
9.991252291823934373e-01
9.976563551711565836e-01
9.971530906568241148e-01
9.992038238206398804e-01
9.969161824495164081e-01
9.992026709084854685e-01
9.972760556012520983e-01
9.989499120608449356e-01
1.000368525480197945e+00
9.997444167579566665e-01
9.996374280112597654e-01
9.995086881695161019e-01
9.992468515719024058e-01
9.976006367911399719e-01
1.001327950928410981e+00
9.980016688581733186e-01
9.984958979721120231e-01
9.973940225401918269e-01
9.983957941526140356e-01
9.984194429917462310e-01
9.986563747602366092e-01
9.990289139137418228e-01
1.000031979092032230e+00
9.977387025441117885e-01
9.987603987127784411e-01
9.984389093323838837e-01
9.994013479425856161e-01
9.973036055337577421e-01
9.982721603732612747e-01
9.986527261249349419e-01
9.985060266159255793e-01
9.976377565176995921e-01
9.983315439477108422e-01
9.977107691134537992e-01
9.985286917714590871e-01
9.994223345724981833e-01
9.985231630924725765e-01
9.991521530232916337e-01
9.997994217745596046e-01
9.986872869763918636e-01
9.990344660978188740e-01
1.000002127252086481e+00
9.992033778362745533e-01
1.000136896938876196e+00
9.990559055470952243e-01
9.995678927621599597e-01
9.979699737417843108e-01
9.975875968741912958e-01
9.976126305279521267e-01
1.000798273925780579e+00
9.989280599266212590e-01
9.991145937957045531e-01
9.991556656809587045e-01
9.969975981093264217e-01
1.000142923962820118e+00
9.965406233195528429e-01
9.983296779563235468e-01
9.917680398929515917e-01
9.846501749518110636e-01
9.770592133684831149e-01
9.681700924947607145e-01
9.573869713909450851e-01
9.496251277699487847e-01
9.424157155402854702e-01
9.344228666871513544e-01
9.247765614703842285e-01
9.163051357464154778e-01
9.098672277294362898e-01
9.007070010118248815e-01
8.926031912449536865e-01
8.848220945482137001e-01
8.794973786876770783e-01
8.687859814380740620e-01
8.601014260217509921e-01
8.528984150692231481e-01
8.457245593021102126e-01
8.383988432836512183e-01
8.299276344624029189e-01
8.225708735472001543e-01
8.152346624155778487e-01
8.060653953821519391e-01
7.988303980001607574e-01
7.910347631231158250e-01
7.858605925572830220e-01
7.773761709645201634e-01
7.702230212674699983e-01
7.629889748905266389e-01
7.550542846057362034e-01
7.484942430115698597e-01
7.399885628132644166e-01
7.328696222413397798e-01
7.266957678074482674e-01
7.188124972088054676e-01
7.128162832740739807e-01
7.053519322561078164e-01
6.991483966208196232e-01
6.908761121678623773e-01
6.833858484235408870e-01
6.762740691259871983e-01
6.699664791080018889e-01
6.635796903992955409e-01
6.569538818072546693e-01
6.500272458004688891e-01
6.437060643011588423e-01
6.358193111086370974e-01
6.298643030189089442e-01
6.240316923847154529e-01
6.160608015111650460e-01
6.114631111217284642e-01
6.040763454657789300e-01
5.959246231785840786e-01
5.914501603848353328e-01
5.847219970703937397e-01
5.783941469600077934e-01
5.705209767318228931e-01
5.656764610988573860e-01
5.585197180975806086e-01
5.523945838000690056e-01
5.462453982942757635e-01
5.395034117454065026e-01
5.341344992898438004e-01
5.273011605713493477e-01
5.205089401911822122e-01
5.161629149857484000e-01
5.090526707589250188e-01
5.032953470405002738e-01
4.967637056189841416e-01
4.911452038361885375e-01
4.846967920981913869e-01
4.798082008293085288e-01
4.738903671320167099e-01
4.685264056779812614e-01
4.617012751772314738e-01
4.570128307092879427e-01
4.503376238609958504e-01
4.439589837043641518e-01
4.380135453580850102e-01
4.333233362099818686e-01
4.281411095776935238e-01
4.215837946376408962e-01
4.167747183321663940e-01
4.102178934505654739e-01
4.056886362099267340e-01
3.988890900269059792e-01
3.940864418255791146e-01
3.887466809844951077e-01
3.831793161146201943e-01
3.782193033216915690e-01
3.725363425143567442e-01
3.672309969648361316e-01
3.617486382987134541e-01
3.564012268074264189e-01
3.516295087553818477e-01
3.447850137045364582e-01
3.412497956104985075e-01
3.350209254061802810e-01
3.295616144923340096e-01
3.241338675350459164e-01
3.204234690137389707e-01
3.140950270638024899e-01
3.095473627615653034e-01
3.044781094618176365e-01
2.988011610181346978e-01
2.937126692981614218e-01
2.889533243556921538e-01
2.841661356330544286e-01
2.784501845243904095e-01
2.741513379051618848e-01
2.684924572064693593e-01
2.639394371165714182e-01
2.597293858389597698e-01
2.538063270005847527e-01
2.494716981719361515e-01
2.449414467573994281e-01
2.393228869285651816e-01
2.352239783563802311e-01
2.294599977503464505e-01
2.256005863514129739e-01
2.201957682178855846e-01
2.160269088357631151e-01
2.112628548228605019e-01
2.066829332067961766e-01
2.017623385710682060e-01
1.970539379006808756e-01
1.922239115781665120e-01
1.879313183977446844e-01
1.826223126100934846e-01
1.790332808101760265e-01
1.736390890797133157e-01
1.695515891099372008e-01
1.647563331042590506e-01
1.606474218243223173e-01
1.554452293416027087e-01
1.518607749694694531e-01
1.472514881308927270e-01
1.428904047688550338e-01
1.381299183765682115e-01
1.335785158171018394e-01
1.292850996041021716e-01
1.245964964693321714e-01
1.209343927688234510e-01
1.164471142879649895e-01
1.130196549044920062e-01
1.092711756701447989e-01
1.059394329596239498e-01
1.030854421789078879e-01
9.967480079381621505e-02
9.690934634234366074e-02
9.413267093370061844e-02
9.098923706375652842e-02
8.831038861048165489e-02
8.608429289272159779e-02
8.341313952645733332e-02
8.090750969855547980e-02
7.842651320857195463e-02
7.589027370616455159e-02
7.370071624003210475e-02
7.141569749651421883e-02
6.953829960678027666e-02
6.730607446786807113e-02
6.529766787852581134e-02
6.345267803606101376e-02
6.119522119241142810e-02
5.979454606502863923e-02
5.771155253824236664e-02
5.598266540751477283e-02
5.428269820459181993e-02
5.250790963841785869e-02
5.064612366652053443e-02
4.901146631274341109e-02
4.753135707490518252e-02
4.621385024287780890e-02
4.468048563973917725e-02
4.310872272695453339e-02
4.156139175243694917e-02
4.036351456975532936e-02
3.897378341762718079e-02
3.749396441817805931e-02
3.648358989728400087e-02
3.513208004509279364e-02
3.390861651774785407e-02
3.268618240988510615e-02
3.148621070126988997e-02
3.036013631009453970e-02
2.934109499626605042e-02
2.822912339740255711e-02
2.725627588218608802e-02
2.608983454673248145e-02
2.490908031290803987e-02
2.422231315408827912e-02
2.316588052708206183e-02
2.233910396086655897e-02
2.150015835300449207e-02
2.053340685994238524e-02
1.972203221509717316e-02
1.895012224403356746e-02
1.803745308085655252e-02
1.740182316144533309e-02
1.645585315422436884e-02
1.591857301284366547e-02
1.517623736286254944e-02
1.452500489478084945e-02
1.384836489466943592e-02
1.315321337023528207e-02
1.259016221865244881e-02
1.192541659676503961e-02
1.130837018148969468e-02
1.080194478398440773e-02
1.024953948469079293e-02
9.820141962004721656e-03
9.182104410556142862e-03
8.727999312348251604e-03
8.231600782040411970e-03
7.666522588514582820e-03
7.242151203029087089e-03
6.867044357899581598e-03
6.379329548374352427e-03
6.063076260761534469e-03
5.583835688823143156e-03
5.279411340837241590e-03
4.895896197174305804e-03
4.488932203508604231e-03
4.238547718636893544e-03
3.865156506051900271e-03
3.571816869232091480e-03
3.252180369189165265e-03
3.051755860998213443e-03
2.746629205867837532e-03
2.584636094250152352e-03
2.264466504344424865e-03
2.069168830991006611e-03
1.855348292239067951e-03
1.643924669041934216e-03
1.445204463390825124e-03
1.305531273771963615e-03
1.161829997229802932e-03
9.893636872362126470e-04
8.569605065326128725e-04
7.402182302809457402e-04
5.932946593944092616e-04
5.023646806062202980e-04
3.952958762251094398e-04
3.326526092877201703e-04
2.447170140736434365e-04
1.854080080844278187e-04
1.307021753711946812e-04
8.414775132367087278e-05
4.954380527644125585e-05
2.796125342610280152e-05
9.190526908173024396e-06
2.954820264605641464e-07
0.000000000000000000e+00
0.000000000000000000e+00
0.000000000000000000e+00
0.000000000000000000e+00
0.000000000000000000e+00
0.000000000000000000e+00
0.000000000000000000e+00
0.000000000000000000e+00
0.000000000000000000e+00
0.000000000000000000e+00
0.000000000000000000e+00
0.000000000000000000e+00
0.000000000000000000e+00
0.000000000000000000e+00
0.000000000000000000e+00
0.000000000000000000e+00
0.000000000000000000e+00
0.000000000000000000e+00
0.000000000000000000e+00
0.000000000000000000e+00
0.000000000000000000e+00
0.000000000000000000e+00
0.000000000000000000e+00
0.000000000000000000e+00
0.000000000000000000e+00
0.000000000000000000e+00
0.000000000000000000e+00
0.000000000000000000e+00
0.000000000000000000e+00
0.000000000000000000e+00
0.000000000000000000e+00
0.000000000000000000e+00
0.000000000000000000e+00
0.000000000000000000e+00
0.000000000000000000e+00
0.000000000000000000e+00
0.000000000000000000e+00
0.000000000000000000e+00
0.000000000000000000e+00
0.000000000000000000e+00
0.000000000000000000e+00
0.000000000000000000e+00
0.000000000000000000e+00
0.000000000000000000e+00
0.000000000000000000e+00
0.000000000000000000e+00
0.000000000000000000e+00
0.000000000000000000e+00
0.000000000000000000e+00
