0.000000000000000000e+00
0.000000000000000000e+00
0.000000000000000000e+00
0.000000000000000000e+00
0.000000000000000000e+00
0.000000000000000000e+00
0.000000000000000000e+00
0.000000000000000000e+00
0.000000000000000000e+00
0.000000000000000000e+00
0.000000000000000000e+00
0.000000000000000000e+00
0.000000000000000000e+00
0.000000000000000000e+00
0.000000000000000000e+00
0.000000000000000000e+00
0.000000000000000000e+00
0.000000000000000000e+00
0.000000000000000000e+00
0.000000000000000000e+00
0.000000000000000000e+00
0.000000000000000000e+00
0.000000000000000000e+00
0.000000000000000000e+00
0.000000000000000000e+00
0.000000000000000000e+00
1.657610884906656897e-05
1.190362837084781630e-03
2.255777831637421210e-02
1.662155316249566694e-01
6.735898475377136707e-01
1.470945413313400563e+00
2.015046229398486322e+00
2.102128157115009444e+00
1.905505180069436033e+00
1.643874048830922696e+00
1.423094138684124932e+00
1.264251610477799659e+00
1.159399322549288458e+00
1.074583919779644292e+00
9.946619398512117627e-01
9.358918653280305922e-01
9.086008911183531822e-01
9.024472621136383488e-01
9.116075043151471435e-01
9.239730058099833165e-01
9.418514691299505470e-01
9.572871249831952367e-01
9.679318668368694922e-01
9.741865294504813422e-01
9.796511621690294769e-01
9.875747808672539207e-01
9.895055315920443517e-01
9.918884968316639128e-01
9.908934449169126690e-01
9.872845458164133392e-01
9.807844619477479320e-01
9.759910298605302126e-01
9.682880678653775774e-01
9.601920880647739631e-01
9.569546063356548782e-01
9.515919819579077288e-01
9.528142939727582972e-01
9.566592907801727552e-01
9.641255901142967710e-01
9.751762149644260802e-01
9.870748144285930170e-01
1.000040337854747774e+00
1.011540807104505779e+00
1.020808380368199986e+00
1.027832035950156486e+00
1.034167878854819866e+00
1.035526281268688065e+00
1.037549712501299792e+00
1.035150847289893372e+00
1.035173311350834791e+00
1.029495645449867380e+00
1.025693666180586661e+00
1.020222313776077527e+00
1.013635278244359172e+00
1.008141338369510143e+00
1.002773177738588428e+00
9.958474468666537183e-01
9.941856735059271255e-01
9.893829176003617887e-01
9.870222639302835832e-01
9.850035790182737339e-01
9.860464699322080140e-01
9.876020460426055969e-01
9.882028132354746530e-01
9.905264816937434658e-01
9.934493492523491787e-01
9.945142079388309408e-01
9.968032855509347812e-01
1.000438007601218926e+00
1.000253641160433027e+00
1.001376797506258409e+00
1.002554734628013478e+00
1.004692971912636734e+00
1.002841371622241518e+00
1.004271333282028555e+00
1.003039051764822887e+00
1.005780370343680508e+00
1.005001251038819765e+00
1.005228569928011906e+00
1.004670522392921539e+00
1.005472442066378091e+00
1.003490813933450632e+00
1.003523757740228950e+00
1.003182279985522118e+00
1.003386342801398046e+00
1.002905764628659213e+00
1.003090655690321187e+00
1.003109139677176298e+00
1.001375560903116746e+00
1.000341445669250540e+00
1.001443054473742045e+00
1.000121660236586552e+00
1.000857332333520588e+00
9.990033341318307336e-01
1.000145948495311021e+00
9.984962047064138702e-01
9.997950299216941117e-01
9.990738663330530622e-01
9.991821184681319856e-01
9.996710734611947702e-01
9.993126034977390937e-01
1.000390421997398249e+00
9.990811365997243065e-01
9.995056171218134056e-01
1.000498447330933738e+00
1.000852776984973325e+00
1.001165585550060300e+00
1.000960453796559735e+00
1.001132944906966360e+00
1.000687021318209302e+00
1.001597291402033907e+00
1.001121817416149362e+00
1.001692339563363232e+00
1.001763590958896888e+00
1.001176375055549572e+00
1.001709233747996475e+00
1.001388810992109635e+00
1.001260603125712523e+00
1.000875350181437806e+00
1.001109773152714766e+00
1.000692891324328260e+00
1.000262492167400596e+00
1.000031106878736642e+00
9.995262611279209786e-01
9.997853120294825091e-01
1.000032112990955513e+00
1.000212346078604542e+00
9.996565772250158854e-01
1.000554485205222832e+00
1.000006612697395880e+00
1.001144330931847959e+00
1.000155667315740793e+00
9.999279308713602266e-01
9.999417962905594592e-01
1.000695231513236694e+00
9.999341309102558473e-01
1.000011778062666945e+00
9.998887479934338574e-01
1.000151112898890693e+00
1.000328478313648572e+00
1.000302196193083804e+00
1.000376881924559536e+00
1.000411183463367326e+00
1.000586831067532545e+00
1.000602239413023842e+00
9.997632866901576820e-01
1.000885249840476776e+00
1.000645052118170453e+00
9.996218821399435184e-01
1.000508003629899001e+00
1.000091502846297775e+00
1.000580471455700504e+00
1.000550092299667515e+00
1.000811533236951378e+00
1.000475854589282010e+00
9.995731781205247080e-01
9.996879846996762353e-01
1.000065692289946684e+00
9.998600707226560358e-01
9.994298899216796928e-01
1.000232014300809213e+00
9.995079107613106251e-01
9.996951839254040184e-01
9.998119330961168227e-01
1.000048545610705109e+00
9.998229526154794877e-01
9.998128003828953281e-01
9.999498978184357956e-01
9.999505945062738821e-01
9.999583486358314399e-01
9.997398789410746334e-01
1.000074263138947428e+00
1.000454297674646220e+00
1.000374862225356765e+00
9.999677716412983530e-01
9.997583125219507982e-01
9.993962302549811438e-01
1.000353599129351734e+00
1.000265708162980216e+00
9.999486383952148616e-01
1.000028240745586938e+00
9.996678901577549237e-01
9.997965330616066515e-01
1.000298568040933089e+00
9.999616895730485400e-01
9.999499373837535954e-01
1.000399433270965588e+00
9.997933371785725498e-01
9.995075852478477740e-01
1.000196088326776644e+00
1.000171801341471323e+00
9.999389842557844243e-01
1.000089080221170601e+00
1.000093614276984955e+00
9.998431021000409036e-01
1.000062947431340499e+00
1.000201066259504223e+00
9.990394678790938121e-01
9.999335784996784549e-01
1.000681374312328620e+00
9.996397990486184382e-01
9.998610229256159609e-01
9.995093406612483022e-01
9.997671021851439743e-01
1.000264126453676239e+00
1.000423746368259703e+00
1.000046981382694655e+00
9.996594610966886840e-01
9.999765134089784180e-01
1.000305180969949914e+00
9.998827059314421284e-01
1.000341306156213639e+00
1.000124380073098562e+00
1.000035312216490002e+00
1.000563132329464588e+00
9.999613693045941165e-01
9.998738980619098493e-01
9.995775482494078101e-01
1.000472795863502240e+00
9.998244039563985996e-01
9.997623529269372700e-01
1.000839575684626892e+00
9.999399957102758085e-01
1.000265639825651087e+00
1.000173582054369126e+00
9.999531946727666654e-01
1.000226241899366597e+00
1.000183850687557996e+00
9.998688269740144685e-01
1.000390584000385052e+00
1.000411160362294938e+00
1.000414703903535152e+00
9.996626716727624595e-01
1.000561963952747435e+00
1.000239754306475159e+00
1.000436461399745625e+00
1.000010821997767696e+00
9.995164803076258542e-01
9.998267285210721278e-01
9.996001692891618440e-01
9.996449970210516955e-01
9.998336207457620972e-01
9.999617784469715387e-01
9.995579946264070426e-01
1.000122487322702369e+00
9.999797966508443547e-01
9.995964249969928606e-01
9.999562429575763467e-01
9.997836496804585193e-01
1.000464415946622054e+00
9.998838219491404944e-01
9.997061855187255874e-01
9.999157812115094801e-01
9.997151333295628550e-01
1.000057891473924210e+00
1.000059975895266184e+00
9.999428290794811769e-01
1.000132560288715222e+00
1.000024081467203896e+00
9.996654357578187433e-01
1.000109862392655646e+00
1.000074952489727220e+00
9.998562462026959752e-01
9.997132326398788793e-01
9.995367168573625616e-01
9.998957096773710695e-01
9.998496483566997606e-01
1.000071882039784921e+00
9.998148351628379782e-01
9.999304638860375682e-01
9.998389081156673353e-01
9.998817705368174824e-01
9.995814608310137350e-01
9.998413228995181035e-01
1.000142031876355864e+00
9.996657514115347976e-01
1.000062230916151984e+00
9.996847470412205672e-01
1.000219324886759242e+00
9.996106562416171570e-01
9.994847432593922942e-01
1.000125209305119167e+00
1.000138782571762697e+00
1.000180885754405224e+00
1.000378886555345348e+00
1.000290976952972866e+00
9.998575746382809548e-01
1.000114574632955389e+00
9.999523007696290433e-01
9.999448490078945984e-01
1.000064466510113714e+00
9.996028916006686194e-01
9.998758417541306898e-01
9.999424458805962201e-01
1.000027022055159920e+00
9.997512745409737889e-01
9.997814130523320353e-01
1.000217174096738715e+00
9.997310238089360812e-01
1.000216640067505214e+00
9.998842279036352920e-01
1.000315075873057458e+00
1.000033893779844973e+00
9.998756259144747638e-01
1.000090516178695266e+00
9.999056033390522069e-01
1.000178439134571384e+00
9.998375790575833033e-01
1.000038734966004483e+00
9.998373553998946006e-01
1.000072299248298435e+00
1.000197953656109418e+00
9.998651670525995350e-01
9.998950517754651157e-01
9.997493878666813272e-01
1.000093932568923094e+00
1.000081307700188216e+00
1.000324198804844134e+00
9.999013663968178145e-01
1.000055503950248115e+00
9.996018495161167472e-01
9.938969081989472709e-01
9.852141061134076505e-01
9.765338856845161564e-01
9.683756882120042597e-01
9.598535019823637437e-01
9.514218541245170746e-01
9.430817620475415719e-01
9.346006690740952250e-01
9.263430965166392639e-01
9.183720998185816997e-01
9.104448796421744650e-01
9.019970153897696186e-01
8.940492696268972361e-01
8.859026339779191295e-01
8.778620583822148715e-01
8.700269829541030786e-01
8.620116430447967160e-01
8.540088604908339098e-01
8.463686542945664248e-01
8.387818430709133022e-01
8.309546695435944264e-01
8.233654264289026470e-01
8.155982900728138141e-01
8.082234267858200427e-01
8.002786615172844398e-01
7.931629838652494158e-01
7.851865206701280631e-01
7.783199672131000391e-01
7.709866490940693318e-01
7.631232167367388852e-01
7.560310693793155234e-01
7.487630680447533438e-01
7.414609715831678161e-01
7.344818663448425822e-01
7.271793258515901748e-01
7.201966620519044682e-01
7.129657544442348227e-01
7.057077288356989886e-01
6.991347715858552414e-01
6.919832194040755891e-01
6.848669301945917720e-01
6.778951226370423244e-01
6.712498476272981129e-01
6.643991266039629418e-01
6.574034325549522606e-01
6.503539389727481801e-01
6.439113918762867650e-01
6.371793800032158339e-01
6.305189937752723184e-01
6.239237549499909719e-01
6.174499137545186311e-01
6.106589115701017700e-01
6.043287655145707093e-01
5.978351972422633054e-01
5.912375015927063826e-01
5.847834019871885891e-01
5.782051997136502530e-01
5.720783859294469309e-01
5.658360397403252584e-01
5.590941877275035221e-01
5.532181449036784882e-01
5.469079276078286922e-01
5.407890265064824176e-01
5.343990271033661754e-01
5.283557754957640684e-01
5.220366572884249656e-01
5.161595195954430393e-01
5.101443067810471632e-01
5.038571088079437654e-01
4.978725603362477159e-01
4.920243224247248248e-01
4.861033903695993752e-01
4.800661270061957198e-01
4.740243010525347911e-01
4.684326217126021374e-01
4.622730386471979314e-01
4.567878863805531764e-01
4.507651074023313331e-01
4.452202871463019074e-01
4.393861908776494629e-01
4.337034574367619744e-01
4.278744181034194738e-01
4.223847441115064494e-01
4.167321773193032319e-01
4.110744103104060354e-01
4.055793025489409231e-01
3.997718116224324714e-01
3.945383481631221656e-01
3.889074191877108233e-01
3.835415365795620812e-01
3.781209246766714105e-01
3.726523517178041978e-01
3.671762180063578573e-01
3.617854917934592018e-01
3.564288928775378174e-01
3.510857702918803724e-01
3.457408741117884432e-01
3.405401847464943343e-01
3.350996078295819802e-01
3.301769371810438503e-01
3.249143768996872739e-01
3.196152960848568925e-01
3.145656292090827089e-01
3.093112033576608799e-01
3.043454578605456207e-01
2.991773587161241088e-01
2.940753823141524781e-01
2.889961247966638669e-01
2.839685190360319855e-01
2.789592028077132468e-01
2.740205132642208330e-01
2.690340077216953896e-01
2.641359621757617404e-01
2.592209663140104814e-01
2.543766728197952021e-01
2.494307360903446069e-01
2.446383455474447355e-01
2.398443094137355236e-01
2.350625713062695077e-01
2.301643580299778669e-01
2.253922053620312227e-01
2.206630230420341121e-01
2.160579382485327549e-01
2.112391301217584616e-01
2.064569812084065537e-01
2.018136926662082442e-01
1.972306975711727306e-01
1.925988757922563188e-01
1.880349032002933407e-01
1.834356539312718970e-01
1.788102859526521093e-01
1.742662790245098070e-01
1.697600011274848220e-01
1.653316911900472586e-01
1.607518498222247627e-01
1.561656603297667256e-01
1.517391542590789399e-01
1.472912204029941663e-01
1.428840240381662186e-01
1.385430653585624783e-01
1.340399029601491987e-01
1.296669788807307544e-01
1.253414440548541453e-01
1.210561346156204671e-01
1.170796453686593769e-01
1.134254107609468515e-01
1.099235326158029269e-01
1.065521626677577577e-01
1.033813449302340426e-01
1.001904744373463690e-01
9.732192267098827010e-02
9.448827047351776587e-02
9.161247278004101824e-02
8.891472662818956929e-02
8.623020269909310864e-02
8.373691327470930701e-02
8.118555091341042584e-02
7.875911080543067377e-02
7.640175778030210141e-02
7.416025923257461849e-02
7.188154494187168342e-02
6.976278533509724933e-02
6.765195729169712346e-02
6.563289536363534071e-02
6.371829260159846131e-02
6.173756742863286545e-02
5.980556371000685795e-02
5.802163723622037750e-02
5.619409335474941786e-02
5.443336399195265740e-02
5.270409834370385488e-02
5.107585021751316623e-02
4.944413510397042272e-02
4.785863285410475038e-02
4.626757949411341997e-02
4.480956552428935064e-02
4.329961382840070983e-02
4.192394653240836405e-02
4.048605569429709894e-02
3.912866087962478534e-02
3.783167428735038917e-02
3.648979339170436292e-02
3.524795903060813640e-02
3.400722238887700366e-02
3.283239579417495529e-02
3.164138870536033904e-02
3.055492204503158435e-02
2.946536799686181457e-02
2.835141566700289523e-02
2.730030793704847289e-02
2.627604035433697346e-02
2.530459210297321751e-02
2.434162581120623281e-02
2.338330812555006882e-02
2.244273591495044018e-02
2.155379143982202525e-02
2.069862258673812322e-02
1.982938836545383721e-02
1.902156002638848153e-02
1.825240562112035933e-02
1.747064002695167262e-02
1.668005388814804840e-02
1.595781926862858621e-02
1.525922130724429587e-02
1.455252834969578135e-02
1.387587854257291836e-02
1.324549061232233559e-02
1.260606366919902153e-02
1.198279627793541122e-02
1.139031294258847742e-02
1.081814376651361008e-02
1.028247945142381735e-02
9.719394616082826371e-03
9.209928401567488501e-03
8.701392603999564407e-03
8.200127855414390127e-03
7.739699373465007241e-03
7.278716084966224339e-03
6.844265664011549288e-03
6.424177251320433747e-03
6.003510315999038664e-03
5.645100691191643968e-03
5.234931310502712910e-03
4.889267422805937922e-03
4.540451917961058764e-03
4.218550490899915933e-03
3.901000249282998711e-03
3.598343621669495337e-03
3.316031911859511610e-03
3.037897499438093219e-03
2.784928198414094933e-03
2.531288055291275058e-03
2.288336262711181558e-03
2.067298660424841950e-03
1.852735954935757308e-03
1.669781159615837214e-03
1.472031825299161423e-03
1.305123855944954501e-03
1.143455801545674921e-03
9.864354998472598529e-04
8.482409449799462866e-04
7.191588403186885631e-04
6.043138965156165041e-04
4.949052623738821885e-04
3.999083890579109763e-04
3.166700216045537737e-04
2.448416486411565565e-04
1.788525840071088821e-04
1.260428041418716182e-04
8.160209754242133350e-05
4.717570781882127027e-05
2.220905433559017248e-05
6.543329111813810548e-06
9.685476722146803414e-07
5.362943937923952134e-08
0.000000000000000000e+00
0.000000000000000000e+00
0.000000000000000000e+00
0.000000000000000000e+00
0.000000000000000000e+00
0.000000000000000000e+00
0.000000000000000000e+00
0.000000000000000000e+00
0.000000000000000000e+00
0.000000000000000000e+00
0.000000000000000000e+00
0.000000000000000000e+00
0.000000000000000000e+00
0.000000000000000000e+00
0.000000000000000000e+00
0.000000000000000000e+00
0.000000000000000000e+00
0.000000000000000000e+00
0.000000000000000000e+00
0.000000000000000000e+00
0.000000000000000000e+00
0.000000000000000000e+00
0.000000000000000000e+00
0.000000000000000000e+00
0.000000000000000000e+00
0.000000000000000000e+00
0.000000000000000000e+00
0.000000000000000000e+00
0.000000000000000000e+00
0.000000000000000000e+00
0.000000000000000000e+00
0.000000000000000000e+00
0.000000000000000000e+00
0.000000000000000000e+00
0.000000000000000000e+00
0.000000000000000000e+00
0.000000000000000000e+00
0.000000000000000000e+00
0.000000000000000000e+00
0.000000000000000000e+00
0.000000000000000000e+00
0.000000000000000000e+00
0.000000000000000000e+00
0.000000000000000000e+00
0.000000000000000000e+00
0.000000000000000000e+00
0.000000000000000000e+00
0.000000000000000000e+00
