0.000000000000000000e+00
0.000000000000000000e+00
0.000000000000000000e+00
0.000000000000000000e+00
0.000000000000000000e+00
0.000000000000000000e+00
0.000000000000000000e+00
0.000000000000000000e+00
0.000000000000000000e+00
0.000000000000000000e+00
0.000000000000000000e+00
0.000000000000000000e+00
0.000000000000000000e+00
0.000000000000000000e+00
0.000000000000000000e+00
0.000000000000000000e+00
0.000000000000000000e+00
0.000000000000000000e+00
0.000000000000000000e+00
0.000000000000000000e+00
0.000000000000000000e+00
0.000000000000000000e+00
0.000000000000000000e+00
0.000000000000000000e+00
0.000000000000000000e+00
0.000000000000000000e+00
2.219443544601682768e-05
1.574590042765741096e-03
2.346051278115091759e-02
1.694596675475224246e-01
6.860705364884509549e-01
1.486915230534452848e+00
2.039634081294543044e+00
2.119048663140929989e+00
1.919361434606477790e+00
1.662417124902736631e+00
1.434962745242759796e+00
1.271883300655446858e+00
1.171304407317271590e+00
1.086209990666949565e+00
9.969415031295716378e-01
9.358925604795853559e-01
9.087720800192508053e-01
8.972777144615767808e-01
9.064596550444987688e-01
9.223670063114809414e-01
9.368089903299957610e-01
9.511382023208293512e-01
9.611197672919671309e-01
9.696894373747210194e-01
9.743762793045165349e-01
9.793596018506565137e-01
9.854756075640811464e-01
9.837177802951493355e-01
9.826280941530364244e-01
9.779493486842263383e-01
9.741288162945448414e-01
9.648639455064843551e-01
9.595640211746652160e-01
9.516551056850373058e-01
9.481199994016702437e-01
9.464296980742139542e-01
9.460316690182039023e-01
9.521288438977302260e-01
9.612972084730494471e-01
9.724584613784905684e-01
9.850649983434994761e-01
9.962883203470239701e-01
1.008515451274866859e+00
1.019495886412182140e+00
1.026562878046077154e+00
1.030760806586393574e+00
1.036431800467911613e+00
1.036366379090098544e+00
1.035904018915581704e+00
1.032924027140068590e+00
1.030269000889487252e+00
1.024887234901247002e+00
1.020544935741898307e+00
1.015027514210773196e+00
1.008318269774909348e+00
1.003396359606165023e+00
9.945329962470437213e-01
9.915723515968286605e-01
9.878293229790825469e-01
9.858506071504924417e-01
9.832575781544239391e-01
9.818185244307635617e-01
9.834589824206702025e-01
9.854885627688441119e-01
9.865843250386094887e-01
9.908525950889442990e-01
9.919186054077800963e-01
9.932763719740742570e-01
9.967259120635326708e-01
9.977663656004541748e-01
9.979723549504513347e-01
9.990146999326727784e-01
9.998005376940641842e-01
1.001197995428024345e+00
1.002667773647119676e+00
1.003456755127410949e+00
1.002558069356591863e+00
1.004136321365205475e+00
1.004859331912926868e+00
1.003974700244696816e+00
1.003501721847585904e+00
1.004142595390159487e+00
1.002826543373296797e+00
1.001800626492469704e+00
1.000889210748923785e+00
1.000614765867962941e+00
1.000705213889049539e+00
9.995534468901946523e-01
1.000005251505725168e+00
9.985952257042597369e-01
9.989094117947429075e-01
9.985195771481267801e-01
9.976429120399943340e-01
9.981311986564215255e-01
9.981251949489549080e-01
9.976454211305365583e-01
9.967193525930402309e-01
9.969896652495631173e-01
9.970141118322216611e-01
9.975861493402609081e-01
9.978920456723348043e-01
9.978395467618289549e-01
9.989344888715300241e-01
9.986018492404344915e-01
9.985237811668040697e-01
9.996441682803796080e-01
9.995108126699833173e-01
9.996964266979017077e-01
9.999182098190245727e-01
9.999108068372930536e-01
1.000193006290786224e+00
9.999650059315172701e-01
1.000012275136339612e+00
1.000935057608298040e+00
9.999564829803735400e-01
1.000440120466239868e+00
9.995394612150916291e-01
1.000171441661247496e+00
9.995891100702674059e-01
9.999758639258803372e-01
9.997702974639928186e-01
1.000143824688952687e+00
9.994035815518662602e-01
9.995956547220313793e-01
9.993681882919713821e-01
9.995420682799439627e-01
9.993273251103180765e-01
9.989096055622026515e-01
9.986548082098244405e-01
9.988231406149405966e-01
9.984558004566000955e-01
9.986932452604491139e-01
9.988782386914822897e-01
9.992384190127148180e-01
9.988434502408976012e-01
9.993343723097748432e-01
1.000013623964377985e+00
9.984635114906249553e-01
9.988634907642683913e-01
9.994758344561038843e-01
9.994525453899223422e-01
9.995871338365061032e-01
9.992015628595581900e-01
9.987663311135018818e-01
9.993606198829393383e-01
9.994442090878078444e-01
1.000094441861340444e+00
9.992332844357530997e-01
9.999219580137641561e-01
1.000015801868643361e+00
9.996361230437782464e-01
9.993192474413344906e-01
9.993919015263884598e-01
9.993071521419122361e-01
9.996302711593850754e-01
9.994713905316380265e-01
9.992084058219331544e-01
9.994829336068916659e-01
9.993227240673845380e-01
9.994902907038444306e-01
9.995773616040219967e-01
9.994021164812447733e-01
9.993142612597255559e-01
9.995920009570199438e-01
9.992495131346478265e-01
9.995142359281943278e-01
9.991106864309307056e-01
9.986917929972354280e-01
9.995672488597464600e-01
9.995103988165714437e-01
9.992190017569645422e-01
9.991634986552736519e-01
9.990474736210194218e-01
9.996124251855054155e-01
9.996328997396132232e-01
9.999361243086246631e-01
9.992631747652087615e-01
1.000019652823294747e+00
9.994399473943164081e-01
9.993233305206102868e-01
9.997256961298938149e-01
9.995386723810264495e-01
9.998514645087573927e-01
1.000118576187319919e+00
9.997851558294459373e-01
9.991760023767500831e-01
1.000275463924845454e+00
1.000369153312587800e+00
9.997022956381231840e-01
9.997501259747181290e-01
9.999155106213065691e-01
9.996310217263167930e-01
9.995304899189553227e-01
9.994009671176122822e-01
9.998204048140586497e-01
1.000411658770017587e+00
9.996904970775760679e-01
9.995117843328534812e-01
9.997880270264575264e-01
9.998774027669600217e-01
1.000166203067375914e+00
1.000113252666055441e+00
1.000109196059344674e+00
9.998475780681810310e-01
1.000347224754666087e+00
1.000348306734277326e+00
1.000150183029188122e+00
9.998701481758957010e-01
1.000065455012921323e+00
1.000079963155013463e+00
1.000073348753024893e+00
1.000224112180220448e+00
9.997099176905559492e-01
1.000281380376776053e+00
1.000045085064572570e+00
1.000059349306144263e+00
1.000614042609040188e+00
1.000310659828835158e+00
1.000399556783932553e+00
1.000497574826253455e+00
1.000499302734461526e+00
1.001007711201445050e+00
1.000622349162755276e+00
1.000270038032507580e+00
1.000266003772890322e+00
1.000213253414077519e+00
1.000211081604716057e+00
1.000013936975316042e+00
1.000260075787041458e+00
1.000576461787506366e+00
1.000045430549190817e+00
1.000877079283215565e+00
1.000547918502949329e+00
1.000393445733038567e+00
1.000204041916400666e+00
1.000481422345253835e+00
1.000372154608495823e+00
1.000215383409985614e+00
1.000589673733816243e+00
1.000405954964298960e+00
1.000384729453908106e+00
1.000260791433621010e+00
1.000381349725361524e+00
1.000531083389202935e+00
1.000789097152393392e+00
1.000449389818228729e+00
1.000223942976129932e+00
1.000170172477562680e+00
1.000261305058560035e+00
1.000536008893208040e+00
1.000276439734625100e+00
1.000260280163601578e+00
1.000500362993232750e+00
1.000263407564734974e+00
1.000533087477027738e+00
1.000087998931717959e+00
1.000404944519958539e+00
1.000129708464243095e+00
1.000060288301011679e+00
1.000401180391331302e+00
1.000339713747512072e+00
9.999641691420827483e-01
1.000518891213752593e+00
1.000440570262113749e+00
1.000515090414938024e+00
1.000104958049928605e+00
1.000343394386066898e+00
1.000213434180512895e+00
9.998659768711501972e-01
9.999739388879027580e-01
1.000779607147603389e+00
1.000252085803687851e+00
1.000446125803119424e+00
1.000363160260379969e+00
1.000119452723245317e+00
1.000415883930476868e+00
1.000186299842346749e+00
1.000269090597934785e+00
1.000371452381749293e+00
1.000129563881709149e+00
9.997779026637773070e-01
1.000379583205613265e+00
1.000273474117391981e+00
1.000055091626370185e+00
1.000445288383600362e+00
9.999892560419978427e-01
1.000399153400430619e+00
9.999901783875285721e-01
1.000137769671811894e+00
1.000177052006586687e+00
9.997460618923422748e-01
1.000201876104277465e+00
1.000081445242587908e+00
1.000214244668991004e+00
9.997725732677191779e-01
1.000066129598029097e+00
1.000148193362089710e+00
9.999976109735361218e-01
1.000105996371396522e+00
1.000230720897526293e+00
9.997797951164383301e-01
1.000085837112917764e+00
1.000338918782150754e+00
1.000390640306569434e+00
1.000237331227346482e+00
1.000177565511893629e+00
1.000301369177261535e+00
9.999629688017244167e-01
1.000282083232741703e+00
1.000028489416992628e+00
1.000112682392707786e+00
1.000245293792570989e+00
1.000224665774531285e+00
1.000355407062389901e+00
9.990740001483155996e-01
9.917818151870164689e-01
9.829939084905152669e-01
9.743598081628138674e-01
9.658457086186817975e-01
9.572348122095875045e-01
9.487373902164225603e-01
9.402074931786730261e-01
9.321838679228738878e-01
9.235553774890571388e-01
9.153413639281882119e-01
9.070901746661974574e-01
8.987167547851184768e-01
8.906956409542633457e-01
8.824174369022960152e-01
8.742678571263878817e-01
8.662077469306070920e-01
8.583772979991309837e-01
8.501023881296526641e-01
8.421598808599441988e-01
8.344918344325324977e-01
8.267161590516107772e-01
8.186789226228502470e-01
8.109866818918931575e-01
8.030861251932098765e-01
7.955368502540176578e-01
7.878934578576719527e-01
7.803420014785470427e-01
7.727598049961629245e-01
7.653056438001338835e-01
7.578520038551268545e-01
7.506584336602420970e-01
7.431293097160874828e-01
7.357512058336258542e-01
7.286264358611515002e-01
7.212547372220814434e-01
7.139260762038756036e-01
7.069977433675136425e-01
6.996831074801562744e-01
6.926792192715693908e-01
6.853641324694758064e-01
6.783115003445648883e-01
6.711701603781033976e-01
6.645303373102323663e-01
6.574598407329242944e-01
6.507037093787892967e-01
6.437449373423468346e-01
6.370163531321575423e-01
6.298257816788411789e-01
6.234779715643602449e-01
6.164921381828762925e-01
6.098540928069999811e-01
6.033416994013249823e-01
5.967141312380590534e-01
5.899113900034328450e-01
5.833958282608718848e-01
5.770114052943960958e-01
5.705023782979413705e-01
5.641027336257752323e-01
5.575048851534502026e-01
5.511496058348358540e-01
5.449632602810536852e-01
5.384256860775765707e-01
5.323437601430870414e-01
5.258862309898266751e-01
5.197156223879800807e-01
5.137412087910073755e-01
5.073501094243204612e-01
5.012265246247677997e-01
4.950083840743624841e-01
4.890273037069000628e-01
4.829482852229908252e-01
4.768896358764465604e-01
4.711820265023936027e-01
4.650514253055803571e-01
4.591269416805344172e-01
4.532037670635011284e-01
4.475067837524021042e-01
4.415165702263847414e-01
4.356637267641682576e-01
4.299724521893321105e-01
4.240421896896696130e-01
4.182442419316926285e-01
4.125284032010446689e-01
4.070826647881984339e-01
4.013365836373185003e-01
3.957513415679306257e-01
3.901197420775799340e-01
3.844310362632689104e-01
3.789009375748859654e-01
3.734208060208886182e-01
3.680471051763016810e-01
3.623806895031748132e-01
3.569111758506973153e-01
3.516481492866563863e-01
3.461929079400272169e-01
3.408249622687752889e-01
3.353144282839590762e-01
3.301133644013234947e-01
3.247652895397163952e-01
3.195022784488824041e-01
3.143385033067174761e-01
3.090346875701928120e-01
3.037680715192402903e-01
2.985971537527761788e-01
2.935814704881816173e-01
2.883809116825324925e-01
2.832022148684337215e-01
2.780585873165503652e-01
2.730904496209923815e-01
2.679294368094212730e-01
2.629852870276922494e-01
2.580561409573881582e-01
2.529076361694523878e-01
2.480540379791260908e-01
2.431439456967919022e-01
2.382025659688617458e-01
2.333260592216718499e-01
2.284065278843987468e-01
2.236227428401536821e-01
2.188232107100258894e-01
2.139159945029447119e-01
2.090455564609002836e-01
2.044495351198613031e-01
1.997073025202016627e-01
1.949491739786331779e-01
1.901947381269570581e-01
1.855151578302237925e-01
1.808060186587389928e-01
1.761940811985530375e-01
1.714936900355538973e-01
1.669539158616028529e-01
1.623196641068517243e-01
1.578838581363619931e-01
1.532426587795745476e-01
1.487107369414946423e-01
1.441908633981349996e-01
1.397367555603030720e-01
1.352785518175849133e-01
1.307713075285515669e-01
1.262792009041226182e-01
1.220439367890718690e-01
1.178501079917045197e-01
1.140760641393639696e-01
1.104977293715708325e-01
1.070866087273415618e-01
1.037411525113975524e-01
1.005665805501927690e-01
9.754336091825710486e-02
9.456025798261935567e-02
9.174725363780397713e-02
8.897390053962804524e-02
8.629782988351671069e-02
8.368037037917666621e-02
8.119524362725814848e-02
7.874320290259385902e-02
7.635901662496780151e-02
7.397809041952142783e-02
7.175795101802917575e-02
6.956606301796108838e-02
6.742649691621531438e-02
6.530621498336228181e-02
6.326240003291724867e-02
6.142497627732620979e-02
5.945534586723208448e-02
5.757132332272031638e-02
5.577854029662317192e-02
5.399406432353181379e-02
5.230247845472678347e-02
5.060191044571162727e-02
4.894811885565832771e-02
4.733991531820497950e-02
4.574524363081067940e-02
4.424469965827790979e-02
4.279965326213881760e-02
4.135903508222980168e-02
3.991020503673910202e-02
3.856220528214936161e-02
3.724652794010582801e-02
3.595191366647602915e-02
3.465096864138477589e-02
3.343263455632933950e-02
3.224942380832097194e-02
3.107602503176205150e-02
2.991252188376313653e-02
2.878742309386055076e-02
2.769672894595451643e-02
2.667564537520380683e-02
2.562590951994709113e-02
2.464217208968464898e-02
2.365466291324277645e-02
2.271523725446749145e-02
2.180722371653877334e-02
2.094704783935159506e-02
2.003509633676292534e-02
1.919540430513453494e-02
1.839852395099549412e-02
1.758459099315816745e-02
1.681181298577206704e-02
1.605087228638004890e-02
1.534324035680869822e-02
1.463168400631439416e-02
1.396776404859297396e-02
1.327958210410360926e-02
1.262683013356689921e-02
1.200264754738907674e-02
1.139614947362117305e-02
1.080852762976996367e-02
1.024476905752257430e-02
9.698781267358749791e-03
9.180484066635111531e-03
8.655003553673041097e-03
8.175923469765972521e-03
7.691718357872357782e-03
7.222468235797312348e-03
6.780902422639066215e-03
6.353061222569214052e-03
5.942737584219103669e-03
5.554479219202095898e-03
5.174742354372859586e-03
4.815192721226040085e-03
4.462619026544409166e-03
4.129161716405671013e-03
3.815929900594140084e-03
3.516101502193824061e-03
3.226137974458011259e-03
2.946358253554832128e-03
2.689651030707908373e-03
2.442099891282222598e-03
2.200931357447225619e-03
1.978065862291794597e-03
1.777296192715950877e-03
1.573873436548779486e-03
1.397829188145460972e-03
1.220884205289105148e-03
1.065651597634254509e-03
9.121725428263292900e-04
7.770802112448692333e-04
6.548396678843538838e-04
5.427488554973187258e-04
4.396227070343493347e-04
3.499161153386156947e-04
2.706720507438215928e-04
1.999258070962668481e-04
1.432493192664912522e-04
9.370641534433757748e-05
5.707999116291863324e-05
2.823517643992336424e-05
1.029794017779922181e-05
1.749380444231776942e-06
5.364493479095720265e-08
0.000000000000000000e+00
0.000000000000000000e+00
0.000000000000000000e+00
0.000000000000000000e+00
0.000000000000000000e+00
0.000000000000000000e+00
0.000000000000000000e+00
0.000000000000000000e+00
0.000000000000000000e+00
0.000000000000000000e+00
0.000000000000000000e+00
0.000000000000000000e+00
0.000000000000000000e+00
0.000000000000000000e+00
0.000000000000000000e+00
0.000000000000000000e+00
0.000000000000000000e+00
0.000000000000000000e+00
0.000000000000000000e+00
0.000000000000000000e+00
0.000000000000000000e+00
0.000000000000000000e+00
0.000000000000000000e+00
0.000000000000000000e+00
0.000000000000000000e+00
0.000000000000000000e+00
0.000000000000000000e+00
0.000000000000000000e+00
0.000000000000000000e+00
0.000000000000000000e+00
0.000000000000000000e+00
0.000000000000000000e+00
0.000000000000000000e+00
0.000000000000000000e+00
0.000000000000000000e+00
0.000000000000000000e+00
0.000000000000000000e+00
0.000000000000000000e+00
0.000000000000000000e+00
0.000000000000000000e+00
0.000000000000000000e+00
0.000000000000000000e+00
0.000000000000000000e+00
0.000000000000000000e+00
0.000000000000000000e+00
0.000000000000000000e+00
0.000000000000000000e+00
0.000000000000000000e+00
0.000000000000000000e+00
0.000000000000000000e+00
0.000000000000000000e+00
0.000000000000000000e+00
0.000000000000000000e+00
0.000000000000000000e+00
0.000000000000000000e+00
0.000000000000000000e+00
0.000000000000000000e+00
0.000000000000000000e+00
0.000000000000000000e+00
