0.000000000000000000e+00
0.000000000000000000e+00
0.000000000000000000e+00
0.000000000000000000e+00
0.000000000000000000e+00
0.000000000000000000e+00
0.000000000000000000e+00
0.000000000000000000e+00
0.000000000000000000e+00
0.000000000000000000e+00
0.000000000000000000e+00
0.000000000000000000e+00
0.000000000000000000e+00
0.000000000000000000e+00
0.000000000000000000e+00
0.000000000000000000e+00
0.000000000000000000e+00
0.000000000000000000e+00
0.000000000000000000e+00
0.000000000000000000e+00
0.000000000000000000e+00
0.000000000000000000e+00
0.000000000000000000e+00
0.000000000000000000e+00
0.000000000000000000e+00
0.000000000000000000e+00
0.000000000000000000e+00
0.000000000000000000e+00
0.000000000000000000e+00
0.000000000000000000e+00
0.000000000000000000e+00
7.257093665173388643e-03
6.022044259938601901e-02
2.908814994957019673e-01
7.461603753618821777e-01
1.165641639674463770e+00
1.664784912458378230e+00
1.825540918557799319e+00
1.935178739993956398e+00
1.992284864657225985e+00
1.976339414046555554e+00
1.932420876837195545e+00
1.856511156682414843e+00
1.847616802345059872e+00
1.763696078604993778e+00
1.666735296074467021e+00
1.614138576698814775e+00
1.570830212122090508e+00
1.514887537683287544e+00
1.462137532445591859e+00
1.440573562540365504e+00
1.408252539103525880e+00
1.310266111062093231e+00
1.260485418475814523e+00
1.193642737496115380e+00
1.107766435317100395e+00
1.123794080912781101e+00
1.087224546904228095e+00
1.070012763929187427e+00
1.048926876011965881e+00
1.062413134892946198e+00
1.056387011888979321e+00
1.032685956059167909e+00
1.045958344962266695e+00
1.038588310610750298e+00
1.047682873195211251e+00
1.032152595414237872e+00
1.008382960179907473e+00
1.043870914257576832e+00
1.028459946343877718e+00
1.046580044082151995e+00
1.044509275234106527e+00
1.027768191317742552e+00
1.049980897324318097e+00
1.049230204047857384e+00
1.047097842956483449e+00
1.044512591514683564e+00
1.071885501418045950e+00
1.023131067506310110e+00
1.046928607041227144e+00
1.047194895446610152e+00
1.006657075353735387e+00
1.027368684745860961e+00
1.046633172974348547e+00
1.031084701446017826e+00
1.026316655080887763e+00
1.021492214348590277e+00
1.009407785345635356e+00
9.945407732159081693e-01
9.743886651371250762e-01
9.770075861613410906e-01
9.749791355665214931e-01
9.920272791636878251e-01
9.834145908584516205e-01
9.773615700630814418e-01
9.662126669971148329e-01
9.861176835569498422e-01
9.882147988664795601e-01
1.001281211317117226e+00
1.005502771371833859e+00
9.993769927541981124e-01
1.002033885540188685e+00
1.020162467200241618e+00
1.000208439486061751e+00
9.978635960972259689e-01
1.011818471315519608e+00
1.005075801353430442e+00
9.956035176764369554e-01
9.936488045442791739e-01
1.002810398345672649e+00
9.830711818771639132e-01
9.935139977925250276e-01
9.804821438119932786e-01
1.002971424305238557e+00
9.928528354989033522e-01
9.800537171919224688e-01
9.839944043408074270e-01
9.928755929830395122e-01
9.814883404971601610e-01
9.802593393095544450e-01
9.960462817914904621e-01
9.845962869359303760e-01
9.973806132967162341e-01
9.885338812328198221e-01
9.862685146327822006e-01
9.956087908035612388e-01
9.931309829316887772e-01
9.881716499788271157e-01
9.934947603266652827e-01
1.003689234976075095e+00
1.008310957260418306e+00
1.002334611983071166e+00
9.927997803585059122e-01
9.826289461139873227e-01
1.001311687210821866e+00
1.014958016686943409e+00
9.943438288193435781e-01
1.003803147403247831e+00
1.006254144793298444e+00
9.978002630287201580e-01
1.005839868732736564e+00
1.005940302061408165e+00
1.000205498583213393e+00
9.983208755805452750e-01
9.918513622607963987e-01
1.002019590374754410e+00
1.003542073479409380e+00
1.004434788554842584e+00
9.894831168115286735e-01
1.001744636446236569e+00
1.011262419198801776e+00
1.001983076534551431e+00
9.987428190727336563e-01
1.004263188397859219e+00
1.000054162987174200e+00
1.015079569606557319e+00
1.010234592790432373e+00
9.968179861434096622e-01
9.867639094753691831e-01
9.958486663620261803e-01
1.006448220861140497e+00
9.902496614891388438e-01
1.008416551848532405e+00
9.968373189578856319e-01
9.981052412325467360e-01
1.014431521916233203e+00
9.985594043509641304e-01
9.983935825114156337e-01
1.005855118193122344e+00
1.013113365505020402e+00
9.947407903409423158e-01
9.983137362399640002e-01
1.011740467129972565e+00
1.019050633369010361e+00
1.014657086345915449e+00
1.009829598231997139e+00
9.923702923739088355e-01
1.009601167539586175e+00
1.011241512439947199e+00
1.010659424690710351e+00
1.009143976213620286e+00
1.004394224720885243e+00
1.008660775020738365e+00
1.010636231858907275e+00
1.001896626237990695e+00
1.004378161579313922e+00
1.009958181159750890e+00
1.012426286920673935e+00
1.008299764628225015e+00
1.005741202176697158e+00
1.007116381058055454e+00
1.008146229845014119e+00
1.018396216066943305e+00
1.014212365279341110e+00
1.010790216923909357e+00
1.027828351173126764e+00
1.015932667102096953e+00
1.009086329264198945e+00
1.003057106944560850e+00
1.012417312481302289e+00
1.007658055131109842e+00
1.003682193022558122e+00
1.006467554589421054e+00
1.009990328338704835e+00
1.009091235918415874e+00
1.011913385874323890e+00
1.015337342307704338e+00
1.020794909482491075e+00
1.017376761441088462e+00
1.006538983693972655e+00
1.006722704745122599e+00
1.004362612468460814e+00
1.006627123650353006e+00
1.017336584974946501e+00
1.023159671219256550e+00
1.017226780675097197e+00
1.011487627261873579e+00
1.008170341930663572e+00
1.009848994735663252e+00
1.019576414310909618e+00
1.013608096704585515e+00
1.009051252654602271e+00
1.017020972144303093e+00
1.013851317211646341e+00
1.008959218410019787e+00
1.020801459180983306e+00
1.015200016605409816e+00
1.011837282016103901e+00
1.016976867210652058e+00
1.002163234333058206e+00
1.001709505571671821e+00
1.008818373075579755e+00
1.007153160466109032e+00
1.006690165069019205e+00
1.012222514870751988e+00
1.005548858117330413e+00
1.014058660866729467e+00
1.008984328291592236e+00
1.010774711048739727e+00
1.006411011925814503e+00
1.012667779903114518e+00
1.009813970254298310e+00
1.013136543560466674e+00
1.008637838154594180e+00
1.008515436173134550e+00
1.016745482392684252e+00
1.011969557962242527e+00
1.002593743655958658e+00
9.997886516069990348e-01
1.011090569433512609e+00
1.011144076754166177e+00
1.000993913584323325e+00
1.012621792849580205e+00
1.003789281485611085e+00
1.007813204444286237e+00
1.015935503320323674e+00
1.007755787078322252e+00
1.013809498408258181e+00
1.009860619733758735e+00
1.012055854556549228e+00
1.009359144486990267e+00
1.017345585371174588e+00
1.007606030820540788e+00
1.016809748250848244e+00
1.008998500615245320e+00
1.015272102927003317e+00
1.013581932766809413e+00
1.014136247003565972e+00
1.007561859238307544e+00
1.010195469396641954e+00
1.013303979469227567e+00
1.009972795210973828e+00
1.008893691008302174e+00
1.015729825312035706e+00
1.012962092718615148e+00
1.012216009530429117e+00
1.010637840992178127e+00
1.004629585714965412e+00
1.005041452359941800e+00
1.016007527540915056e+00
1.014389907076672204e+00
1.010391590600569600e+00
1.008755479293652391e+00
1.010880518522816685e+00
1.007034142067020799e+00
1.004173884519149018e+00
1.007938289375556185e+00
1.010246629921131900e+00
1.014171566542128478e+00
1.009096313498860420e+00
1.005133476368906376e+00
1.008193097514783032e+00
1.010892850500401563e+00
1.005966709985377072e+00
1.012196599576571598e+00
1.008312695228495759e+00
1.002874355983871535e+00
1.007385827433036507e+00
1.007557792966906618e+00
1.005470447317026395e+00
9.988693552673865161e-01
1.007187679631886157e+00
1.008199635310863762e+00
1.000941317099003358e+00
1.006092800785258756e+00
1.003040737109358593e+00
1.008567192749429964e+00
1.007780888045552325e+00
9.995681489457275415e-01
1.001577022610710355e+00
1.005257328596041111e+00
9.972177263886777832e-01
1.005889290464801133e+00
1.008030907961246614e+00
1.000854115442449954e+00
1.008301742352655683e+00
1.002922744127402455e+00
1.009581167387314515e+00
9.947681444731896194e-01
1.009209361752943401e+00
9.990889352555286651e-01
1.003438735274955862e+00
1.008823304730248838e+00
1.002825397357244741e+00
9.962096507675692880e-01
9.979258454962609548e-01
1.000334196139650134e+00
9.955774658890431672e-01
9.959207140562998939e-01
9.990383713430450729e-01
9.960895829580416194e-01
1.002332609152033260e+00
1.001480253212806870e+00
9.969402199775987405e-01
1.000642616000273932e+00
1.000753734359923097e+00
1.001185053987730056e+00
9.943863199373663697e-01
9.968578004451016383e-01
9.971586330363888528e-01
1.005637718266891190e+00
9.961752993867349915e-01
9.953597808632228539e-01
9.971714617555733629e-01
9.960630906036332943e-01
9.932817319819835511e-01
1.000622637083484756e+00
9.928045578415853889e-01
9.918883566828959886e-01
9.962920339931035096e-01
9.974736825736728596e-01
9.980234801697980274e-01
9.995265929239355307e-01
9.982977894285687270e-01
9.973056925465414446e-01
9.941056246356235748e-01
9.969981218228656239e-01
9.966873330728142077e-01
9.908639469877387196e-01
9.993173792299662184e-01
9.932730590972682627e-01
9.996332904976720224e-01
9.968018942161763762e-01
9.964299806938995419e-01
9.930659613654304607e-01
9.834705758831370215e-01
9.708464820315091393e-01
9.652235633372876489e-01
9.552897651362119991e-01
9.481744399700203774e-01
9.384288695926003010e-01
9.276524839113992060e-01
9.227563379281177314e-01
9.177702013709215789e-01
9.086136245293311431e-01
8.991328475837488954e-01
8.930081743158084784e-01
8.849143219262509685e-01
8.831014763931507305e-01
8.676779273407719817e-01
8.573532922179093463e-01
8.542169991385381023e-01
8.497891606304835976e-01
8.417152629898744243e-01
8.340953235611591188e-01
8.214871668868619636e-01
8.133368990647709129e-01
8.096160540584065313e-01
8.005231547736125775e-01
7.947723435528467606e-01
7.903764411703522175e-01
7.827260945003953196e-01
7.773248143075075500e-01
7.687901911909714725e-01
7.598847010556062376e-01
7.531310961929938985e-01
7.491919368054542616e-01
7.480250506120563747e-01
7.345936435274096343e-01
7.283412194983995835e-01
7.137313436586343318e-01
7.107016384336667381e-01
7.042481872282126965e-01
7.004890554430842631e-01
6.906039287469198928e-01
6.878150953866520867e-01
6.780795866304826225e-01
6.723343190171066075e-01
6.611491740302426479e-01
6.555334593175258240e-01
6.479702054602948236e-01
6.439954187990738488e-01
6.405593836351600734e-01
6.285498959511915951e-01
6.289787456038611335e-01
6.215887879773028812e-01
6.153487372288990453e-01
6.073502960303226450e-01
5.989825961112935637e-01
5.930338769427149215e-01
5.892934617674256970e-01
5.830416619920516519e-01
5.772458068828427713e-01
5.704474691719297885e-01
5.588711121058986819e-01
5.578847537517649391e-01
5.519329851557568389e-01
5.442049847778592797e-01
5.374189635343297189e-01
5.321996587047079785e-01
5.280850956546516706e-01
5.210118528567264651e-01
5.144731247060870816e-01
5.100329268204212285e-01
5.053610912571838698e-01
4.989674484763083062e-01
4.946302385808823421e-01
4.852858192989533137e-01
4.800038480031009192e-01
4.768588907541734812e-01
4.700633057748599963e-01
4.637553544008747863e-01
4.557464515660443749e-01
4.556218169359040893e-01
4.471045188038147433e-01
4.415376115051194428e-01
4.352695038660792659e-01
4.259962505506919572e-01
4.268553977680004663e-01
4.195288177419079223e-01
4.161662336069005264e-01
4.106508031831589411e-01
4.022549660295883789e-01
3.993740831055611618e-01
3.946378940548607162e-01
3.875849666505835622e-01
3.837577276143622762e-01
3.801781172246040952e-01
3.722069777724537065e-01
3.712537841715136122e-01
3.634455384437746961e-01
3.569581065405690867e-01
3.511293184836309367e-01
3.470011721332754151e-01
3.442626175807506628e-01
3.379274155246378419e-01
3.292827833724937259e-01
3.270463496185497809e-01
3.213864496233996282e-01
3.167954111402634387e-01
3.130320527022651400e-01
3.066900670749089786e-01
3.015278847658655614e-01
2.983712236195608658e-01
2.925570488276855174e-01
2.882966935251705110e-01
2.818439997901419081e-01
2.783485444946928733e-01
2.750161113482498254e-01
2.693181506097724331e-01
2.652767418642548169e-01
2.574511156633641495e-01
2.546888939457521706e-01
2.483327947619039244e-01
2.437244846640055917e-01
2.403995417520305433e-01
2.383372002533101497e-01
2.314919275915399144e-01
2.298007400267493838e-01
2.240940740620639970e-01
2.182074945689257417e-01
2.144934192872027245e-01
2.102683139992277128e-01
2.064502072048043924e-01
2.001432458262730751e-01
1.975372249612479814e-01
1.916299679156921176e-01
1.884502481143315866e-01
1.845554992734099176e-01
1.810271387375137209e-01
1.732036491174143711e-01
1.719504651573796339e-01
1.662805368185733268e-01
1.625243609128498856e-01
1.592351907475924866e-01
1.540167706798916403e-01
1.510044425077059771e-01
1.456705985678058424e-01
1.417607610917668293e-01
1.387543276339678611e-01
1.331498065987749557e-01
1.299184685513692650e-01
1.269946293731940012e-01
1.217756662701917625e-01
1.181333641710503729e-01
1.148209926021225707e-01
1.123342076243176585e-01
1.073380576837354300e-01
1.046698589626474940e-01
1.024483315424964541e-01
9.882097957174862390e-02
9.650493094917945991e-02
9.334857562779781681e-02
9.139810532506952023e-02
8.882482974482948379e-02
8.529253480615013594e-02
8.465709564564324885e-02
8.076489493082174287e-02
7.991810703172212704e-02
7.748463201767499808e-02
7.570437474549514267e-02
7.198252380614676704e-02
7.089971958158092225e-02
6.893052367105778622e-02
6.653022700444506665e-02
6.412224907278638031e-02
6.221545803305881389e-02
6.026008343667667300e-02
5.905967542206345261e-02
5.651517483467950048e-02
5.554207563972717726e-02
5.447753365739890080e-02
5.228263591648255743e-02
4.984752569672574324e-02
4.905330522805450427e-02
4.794995709631460351e-02
4.524283893190247929e-02
4.468532128280722909e-02
4.278711207844390629e-02
4.164573089696479991e-02
4.031036573095017617e-02
3.882260950779363451e-02
3.755374212847602255e-02
3.702247921026386585e-02
3.533152671475388307e-02
3.337245083986116467e-02
3.328362647739141478e-02
3.250784044644518950e-02
3.102553269203629088e-02
2.989867837865282582e-02
2.885225023756536264e-02
2.742858522502427190e-02
2.600726595924601758e-02
2.555217064625368156e-02
2.500597084702559092e-02
2.409190278018938369e-02
2.235385207202868901e-02
2.226396097774792013e-02
2.120528511804014443e-02
2.019460873902341469e-02
1.989154842505685972e-02
1.890696659122657886e-02
1.813787036195279798e-02
1.740686184832068370e-02
1.675355958241206075e-02
1.603583458843229476e-02
1.530492755363856323e-02
1.432706231730805115e-02
1.413411622233044958e-02
1.325976964053405920e-02
1.264780539519979978e-02
1.217485038275959754e-02
1.164493097081755954e-02
1.112209485108364877e-02
1.052196245441548023e-02
9.691282186894889170e-03
9.525670763862520082e-03
8.978617059199649891e-03
8.341652798134672683e-03
7.923092906870812455e-03
7.796458232817241214e-03
6.826726955964400496e-03
6.701134222648301789e-03
6.368494968464023104e-03
5.844483111199740531e-03
5.327336776465320216e-03
5.285877044296161814e-03
4.827781178483892335e-03
4.563707010988466393e-03
4.050898702468566648e-03
3.960863678725512656e-03
3.728756348775361627e-03
3.428732564406871807e-03
3.354765651410892245e-03
2.844423385565057315e-03
2.412726821563685592e-03
2.417828860001546010e-03
2.130186830255049665e-03
2.136157201916125820e-03
1.760832489654265854e-03
1.558629837820328483e-03
1.258235996019307088e-03
1.305319838398985967e-03
9.949343422454559865e-04
9.726276557600388234e-04
8.966011332047285143e-04
7.642195911795206026e-04
5.351111009619364091e-04
5.490698592564532184e-04
5.191518790759072589e-04
4.083726872722273009e-04
2.951958880156627888e-04
2.261065342314216397e-04
1.574585418568846069e-04
1.292567911382559102e-04
4.908336399848933356e-05
2.446339918853399358e-05
2.438549033987686749e-05
1.215397653756596193e-05
3.028848129380530090e-06
0.000000000000000000e+00
0.000000000000000000e+00
0.000000000000000000e+00
0.000000000000000000e+00
0.000000000000000000e+00
0.000000000000000000e+00
0.000000000000000000e+00
0.000000000000000000e+00
0.000000000000000000e+00
0.000000000000000000e+00
0.000000000000000000e+00
0.000000000000000000e+00
0.000000000000000000e+00
0.000000000000000000e+00
0.000000000000000000e+00
0.000000000000000000e+00
0.000000000000000000e+00
0.000000000000000000e+00
0.000000000000000000e+00
0.000000000000000000e+00
