0.000000000000000000e+00
0.000000000000000000e+00
0.000000000000000000e+00
0.000000000000000000e+00
0.000000000000000000e+00
0.000000000000000000e+00
0.000000000000000000e+00
0.000000000000000000e+00
0.000000000000000000e+00
0.000000000000000000e+00
0.000000000000000000e+00
0.000000000000000000e+00
0.000000000000000000e+00
0.000000000000000000e+00
0.000000000000000000e+00
0.000000000000000000e+00
0.000000000000000000e+00
0.000000000000000000e+00
0.000000000000000000e+00
0.000000000000000000e+00
0.000000000000000000e+00
0.000000000000000000e+00
0.000000000000000000e+00
0.000000000000000000e+00
0.000000000000000000e+00
0.000000000000000000e+00
0.000000000000000000e+00
1.752068612561750094e-03
2.302674609647312187e-02
1.596313073063946042e-01
6.558385538221744859e-01
1.444181172255644352e+00
2.017388712153906027e+00
2.088545518117528754e+00
1.875581816472966734e+00
1.591807618344832642e+00
1.364460895211542457e+00
1.196451251202288235e+00
1.095803851235573889e+00
1.021414893781188216e+00
9.476914646919973872e-01
9.057576941913680901e-01
8.859911507680724441e-01
8.911741459324143966e-01
9.070520195396629681e-01
9.296441517230987772e-01
9.567883597271930052e-01
9.811914686227336535e-01
9.938876904504521104e-01
1.003015465729468980e+00
1.013099999638688908e+00
1.014913949798659898e+00
1.022956127428689577e+00
1.018165401618458477e+00
1.012591830424433459e+00
1.001863104299846263e+00
9.888136425042407529e-01
9.776943124794515994e-01
9.646964709024464790e-01
9.541719398114858475e-01
9.405580908292419107e-01
9.357929786964267471e-01
9.347541895931666955e-01
9.408746772836317218e-01
9.499782584735545488e-01
9.616652308261572912e-01
9.772966440305073110e-01
9.894208571234026639e-01
1.005324661813630449e+00
1.018243632353305284e+00
1.027749772672852169e+00
1.034382221702010440e+00
1.038014193607509128e+00
1.040308741206452670e+00
1.038939979196304986e+00
1.033516490942620880e+00
1.031408649839072211e+00
1.023319385569541939e+00
1.017099897628451544e+00
1.012482484001865579e+00
1.002555446478456069e+00
9.970467433798133605e-01
9.895426700609678550e-01
9.857288716885355129e-01
9.859217388513613622e-01
9.817716002703832379e-01
9.806165744673652762e-01
9.834987298649441323e-01
9.832953211670774074e-01
9.887753211118296415e-01
9.908419890091042515e-01
9.912902271235659590e-01
9.960902645611324768e-01
9.981768302818928573e-01
9.997709651909280071e-01
1.000444570137761779e+00
1.001076780887443229e+00
1.001251517575146410e+00
1.001009659141624208e+00
9.999380438848211039e-01
9.982899518333830935e-01
1.000556116212034441e+00
9.983736621172286663e-01
1.002602685152814699e+00
1.000148642150515021e+00
1.000350283532872808e+00
9.999605665757238526e-01
1.000869679726463568e+00
1.001553221854810438e+00
1.000890460212053412e+00
1.003014165928181267e+00
1.001993163892831884e+00
1.002310443715000110e+00
9.998341340893575069e-01
1.001450227610838351e+00
1.000937232411304834e+00
1.001059152340006086e+00
9.995779470721002369e-01
9.975508289950916208e-01
9.999023933493301763e-01
9.997580371602946547e-01
9.993189953185567242e-01
9.977064238381234684e-01
9.998613190939270590e-01
9.978958048238998346e-01
9.977618800104430807e-01
9.982438445223382750e-01
9.978900574647778798e-01
9.971875651470484270e-01
9.979830485056084832e-01
9.983426111229370958e-01
9.990654120148328987e-01
9.997506813043643970e-01
1.001193162000918901e+00
9.997169711092086519e-01
1.000762681680885002e+00
9.998155306271767628e-01
1.001375772910605866e+00
9.999316875727592979e-01
1.000657318132686990e+00
9.998452446559272788e-01
1.000838219168052934e+00
1.000061630817585812e+00
1.001179310072054962e+00
1.000386559154370802e+00
1.001593806991706970e+00
9.988964156950814743e-01
1.000046289898790741e+00
1.000543815143377424e+00
1.000860185179084594e+00
1.000049953991576146e+00
9.996881966987464230e-01
9.994707513024581047e-01
1.000746032917098294e+00
1.000422289972511258e+00
9.986698586359664676e-01
9.996195949805677383e-01
9.991606223111573204e-01
1.000086142097897923e+00
1.000751126567085869e+00
1.000013802134765983e+00
9.999582061282940026e-01
9.998618275222619367e-01
1.000854832335108524e+00
9.995154521931703950e-01
1.000601052297791727e+00
9.988990586294748120e-01
9.998104538022604126e-01
1.000314390617693450e+00
1.000189104577276167e+00
9.998992259015717643e-01
1.000930606608083195e+00
1.000225042722061808e+00
9.995943485007376950e-01
1.000244179483370299e+00
9.983406420456423236e-01
1.000243241897166735e+00
1.000762974416514517e+00
9.992370888426784781e-01
1.000860020631238134e+00
1.000617973462349042e+00
9.995721395942898102e-01
9.998122326963788664e-01
1.000461612566293290e+00
1.000508971056865759e+00
9.996674430049271587e-01
9.998011859268715051e-01
1.000151524988522889e+00
9.994851699328747285e-01
9.997512201770729634e-01
1.000134363442643171e+00
9.994082861438166043e-01
9.987617894241248573e-01
1.000508491165587044e+00
9.999762534785374690e-01
9.993730093453054852e-01
1.000060161450588403e+00
9.998033939969976913e-01
9.990048964467811432e-01
1.000373718252245192e+00
9.996812442112096297e-01
9.998716337296319479e-01
1.000554073765536733e+00
9.992247642101695915e-01
9.995497941037772005e-01
9.998030370071188111e-01
1.000498381029976569e+00
1.000051626873082133e+00
1.000633527510014442e+00
1.000229800838530636e+00
1.000910164075205833e+00
9.983233016492589762e-01
1.000413215053444382e+00
9.992963944722688119e-01
1.000338131597595437e+00
1.000008259986011172e+00
1.000375440684803330e+00
1.000038448063613084e+00
1.000189860431218269e+00
9.996812380404676013e-01
1.000609070625263497e+00
9.999994934571632133e-01
1.000576898357326661e+00
9.994690688675804680e-01
1.000544144424758031e+00
1.000793734110007716e+00
9.998125861301768724e-01
9.997374202826593281e-01
1.000160556238321341e+00
9.995434359487737064e-01
1.000225578207623478e+00
1.000688229177601807e+00
1.000239829953619042e+00
9.999431667808333923e-01
1.000518743588494353e+00
1.000976626840167416e+00
1.000475634035941752e+00
1.000458976840651548e+00
1.000166179551104539e+00
1.000432197704900217e+00
1.000531410738650262e+00
1.000408025829429004e+00
9.997066109775827325e-01
1.001162662401436698e+00
1.000124779537541198e+00
9.997895710935231772e-01
9.999892120616540314e-01
9.997650295325588576e-01
1.000153173224754166e+00
9.997412135253139764e-01
1.000237836327526164e+00
1.000139352388057956e+00
9.998245028063997841e-01
1.000728408321965857e+00
1.000204322982731320e+00
9.999518558527789036e-01
1.000894379307871729e+00
9.998844466218861360e-01
1.000825217611942985e+00
1.000959566648237598e+00
1.000343551585381796e+00
1.000866693126469587e+00
1.000979981539110719e+00
9.998565540695217857e-01
1.000639717297225895e+00
1.000002484407177095e+00
9.997722115388050224e-01
1.000547140120199074e+00
1.000672126601667600e+00
1.000223673878496422e+00
9.993663859790751225e-01
1.000334787266134562e+00
9.998887101065544458e-01
9.999664498174246630e-01
1.000510394197817288e+00
1.001071184449371598e+00
1.000253321785172567e+00
9.999694749931428150e-01
1.000818903922801262e+00
9.995545339920580696e-01
9.998308101322485042e-01
1.000643471903384096e+00
9.999341016104177360e-01
1.000143211847527969e+00
1.000855210368239323e+00
1.000012977559680216e+00
9.997204726359284477e-01
1.001056348902237270e+00
1.000096421116443368e+00
1.000200488789561915e+00
1.000947239134106326e+00
9.998310863077271016e-01
1.000141324096346152e+00
1.000993307266330401e+00
9.997992840424791972e-01
9.999829704579450418e-01
1.000321447782377637e+00
1.000351527465325630e+00
1.000740266427683434e+00
9.999619171909791548e-01
1.000364900564366222e+00
1.000281407991216565e+00
1.000525666412611869e+00
1.000378440926093626e+00
9.993548786705225284e-01
1.000167651822155168e+00
9.999631230239085511e-01
1.000250867317558301e+00
1.000282924282839936e+00
9.999633862813035456e-01
1.000100667341276450e+00
1.000499322175585792e+00
1.000345320489729461e+00
9.997674258348654419e-01
9.998630132237154022e-01
1.000479271778769386e+00
1.000053337354540162e+00
9.993285992462963563e-01
1.000063744623717055e+00
9.999577633725739156e-01
1.000124159890437570e+00
9.998841045541942973e-01
1.000050455313204134e+00
1.000266594885282245e+00
1.000034976440931977e+00
1.000255461603985152e+00
1.000390484739855701e+00
9.999493384052451361e-01
1.000391647182875543e+00
1.000238536444333137e+00
1.000485446610021478e+00
9.998928872482476526e-01
9.997318445824175948e-01
9.999277402857609243e-01
9.999471154476015089e-01
9.999814762282416281e-01
1.000489096117514354e+00
1.000038034973804502e+00
9.998196099981222496e-01
9.994495782520139704e-01
1.000190515909441968e+00
1.000862074943225988e+00
1.000472741787555186e+00
9.999731422909767797e-01
1.000025742847989951e+00
9.999478595472495179e-01
9.998343304496039030e-01
1.000311095466264844e+00
9.989939557586612340e-01
1.000202742895075492e+00
9.996709546024660220e-01
1.000248537357725009e+00
9.999634468519994490e-01
9.997197301052869189e-01
9.998069839500159928e-01
9.996995314909937758e-01
1.000219865832003396e+00
9.997364859536743698e-01
1.000114985835530490e+00
9.998042901040523622e-01
9.995267298437894299e-01
1.000110502817087577e+00
1.000049817288583442e+00
9.994976641062416345e-01
9.943124496852232541e-01
9.860425797884271315e-01
9.775998546916945253e-01
9.699730205038968878e-01
9.616379663165841585e-01
9.539891595445422201e-01
9.457808483045009318e-01
9.382104562780664292e-01
9.296857464210468436e-01
9.220718543183896720e-01
9.145017125866530261e-01
9.061270905503455708e-01
8.986911715214903618e-01
8.907954134330976492e-01
8.832593258401182368e-01
8.762675123235248442e-01
8.682105004986738761e-01
8.603493693897741323e-01
8.529710663344566290e-01
8.457544264593634953e-01
8.378826741035579895e-01
8.316472490589804645e-01
8.238881699670389525e-01
8.165727435776060084e-01
8.090688238944934163e-01
8.016847379650818839e-01
7.952580701709631716e-01
7.876401085111962574e-01
7.807192742428119558e-01
7.734211488206984564e-01
7.664769585692231546e-01
7.595866512068841780e-01
7.523597127404358931e-01
7.458387243040718317e-01
7.386295126504688335e-01
7.321346538592067299e-01
7.249946460347813648e-01
7.183650529629204140e-01
7.111809371566027993e-01
7.045576304320944061e-01
6.983295271712067764e-01
6.916472955011941925e-01
6.851191803688326809e-01
6.783148029364715059e-01
6.714613917914415975e-01
6.653571964115425619e-01
6.591599000367073247e-01
6.524177649546264446e-01
6.459728016364860714e-01
6.396385218290946417e-01
6.328340664865430565e-01
6.268524144457390257e-01
6.204595394837693068e-01
6.142740152941105203e-01
6.078381865221349489e-01
6.020723950224491361e-01
5.956969920207011437e-01
5.897291338926438087e-01
5.831240207073848936e-01
5.771303700316635643e-01
5.709477524712546215e-01
5.649449288525545398e-01
5.590942299529192416e-01
5.532320431710147091e-01
5.472101436111379558e-01
5.412129727909251731e-01
5.352956329174760608e-01
5.296160784411799716e-01
5.236545246684037869e-01
5.178516079592785371e-01
5.117463004016213901e-01
5.061305093564544277e-01
5.006094919045407377e-01
4.947678198164426333e-01
4.890341993311922431e-01
4.832372471021839644e-01
4.775466447818061400e-01
4.722257004808323444e-01
4.666321927485191923e-01
4.610819923840772661e-01
4.553650537090196959e-01
4.499482946674214778e-01
4.446505882320856418e-01
4.388041279234879966e-01
4.336496268269159349e-01
4.281904626916885892e-01
4.227665935365200744e-01
4.172544701008588097e-01
4.122153671394110930e-01
4.064931416448305246e-01
4.015277574015871931e-01
3.960585997518105139e-01
3.907632118155863754e-01
3.854120760781387101e-01
3.805131699052686223e-01
3.752479596763924619e-01
3.699929814478347123e-01
3.651407939522024471e-01
3.598651556992872869e-01
3.548448369825301096e-01
3.495109376569899284e-01
3.445926881045800472e-01
3.396210081176236906e-01
3.346826045168265762e-01
3.297567803199116798e-01
3.243372398100919374e-01
3.198960636540270630e-01
3.151307302096791885e-01
3.097511462399737403e-01
3.049936216446504367e-01
3.001486435670291386e-01
2.954630165061333802e-01
2.904822847384707640e-01
2.856552456860552147e-01
2.811132200547322157e-01
2.761964932474013090e-01
2.714838117471223278e-01
2.667798923999639693e-01
2.620327665970081932e-01
2.574285597026442773e-01
2.525190504540356651e-01
2.480344233051766378e-01
2.435988874236814650e-01
2.387603506511761786e-01
2.342365011285678922e-01
2.296426012975218423e-01
2.250613281153556466e-01
2.205711162523031066e-01
2.159486026264812730e-01
2.115524615233227990e-01
2.071755229298254952e-01
2.026431194215164433e-01
1.982589334989923457e-01
1.939555369048312772e-01
1.893709499611785363e-01
1.851948934839519334e-01
1.806581571978502776e-01
1.763325412461727304e-01
1.720988350412497314e-01
1.678770778989823464e-01
1.632477855563367053e-01
1.591280460835117205e-01
1.549054920850671258e-01
1.505961887754565243e-01
1.463081588299662561e-01
1.420990493396117604e-01
1.380012305620508806e-01
1.337226593653264295e-01
1.295657106482892562e-01
1.253337717976712173e-01
1.212683070114986689e-01
1.175007138231469878e-01
1.139485188404170124e-01
1.106701615846566039e-01
1.073776460690547691e-01
1.043157412013770852e-01
1.013464038890493912e-01
9.844294610474148277e-02
9.569441446369411630e-02
9.301330050143903627e-02
9.037325629187074882e-02
8.783327965233972412e-02
8.529332156971888845e-02
8.292432939283875259e-02
8.060130142462378078e-02
7.818568624478949847e-02
7.611402942803176253e-02
7.393771890017687698e-02
7.182899671960581156e-02
6.972673923104502625e-02
6.775132511907609734e-02
6.578745502564693759e-02
6.398871969623960709e-02
6.200358626958583919e-02
6.027358083072156120e-02
5.843932145553287771e-02
5.672178961862389679e-02
5.502583464257594648e-02
5.333365199601663997e-02
5.174819146401005848e-02
5.014283117855747318e-02
4.872929480766852173e-02
4.724838779488043511e-02
4.588782630895085063e-02
4.432311101474875614e-02
4.297446762279009957e-02
4.163062428041775648e-02
4.024910307795039749e-02
3.894299253738574274e-02
3.767511221210665534e-02
3.650380921532687256e-02
3.534640261853602000e-02
3.412935193206295681e-02
3.300850107694589669e-02
3.187789671265802566e-02
3.074823021642618739e-02
2.970275887811376497e-02
2.865557167856677342e-02
2.764955708750492513e-02
2.664715134175666203e-02
2.567404212894281584e-02
2.477575924140835301e-02
2.383403495956343612e-02
2.299274542982820274e-02
2.211706787424862902e-02
2.131043646631645277e-02
2.043936427052581856e-02
1.965201135881248368e-02
1.884259721664563805e-02
1.814772019981890708e-02
1.732181653652280912e-02
1.665552940777969421e-02
1.593701386762778546e-02
1.529866808831388883e-02
1.457232142164867870e-02
1.393708536116194767e-02
1.330077381702671549e-02
1.269469561807226067e-02
1.212936350916868182e-02
1.152842560443870928e-02
1.099583007830800749e-02
1.046127598735853252e-02
9.951440866739786478e-03
9.447583480227872074e-03
8.914172159919167907e-03
8.492543812491367555e-03
8.031914061877695049e-03
7.559604974880922666e-03
7.157757495104638545e-03
6.743120809151503629e-03
6.347437127451908447e-03
5.973363872524362420e-03
5.608778958332370952e-03
5.243807729475216846e-03
4.905762638124968808e-03
4.565127426796051179e-03
4.246047806056820438e-03
3.948072427982394703e-03
3.660256314716624475e-03
3.381871998546049501e-03
3.113729765876944305e-03
2.848384485908837284e-03
2.612191439958891619e-03
2.392611605110465858e-03
2.173247224438243277e-03
1.969665307976445779e-03
1.763907838092501536e-03
1.578668126332143833e-03
1.412347412090688824e-03
1.253008542708108387e-03
1.109808833511007065e-03
9.533094860522427823e-04
8.170670386747734418e-04
7.155351774801760626e-04
6.001404673844043828e-04
4.958736895413918405e-04
4.098255350190037642e-04
3.250086450520827687e-04
2.526606995415218602e-04
1.892262226124201635e-04
1.358282450670732168e-04
9.279141395538629926e-05
5.644592836614303340e-05
2.806354913247053256e-05
1.122854148614104801e-05
2.045121619995493135e-06
1.928442737149790687e-07
0.000000000000000000e+00
0.000000000000000000e+00
0.000000000000000000e+00
0.000000000000000000e+00
0.000000000000000000e+00
0.000000000000000000e+00
0.000000000000000000e+00
0.000000000000000000e+00
0.000000000000000000e+00
0.000000000000000000e+00
0.000000000000000000e+00
0.000000000000000000e+00
0.000000000000000000e+00
0.000000000000000000e+00
0.000000000000000000e+00
0.000000000000000000e+00
0.000000000000000000e+00
0.000000000000000000e+00
0.000000000000000000e+00
