0.000000000000000000e+00
0.000000000000000000e+00
0.000000000000000000e+00
0.000000000000000000e+00
0.000000000000000000e+00
0.000000000000000000e+00
0.000000000000000000e+00
0.000000000000000000e+00
0.000000000000000000e+00
0.000000000000000000e+00
0.000000000000000000e+00
0.000000000000000000e+00
0.000000000000000000e+00
0.000000000000000000e+00
0.000000000000000000e+00
0.000000000000000000e+00
0.000000000000000000e+00
0.000000000000000000e+00
0.000000000000000000e+00
0.000000000000000000e+00
0.000000000000000000e+00
0.000000000000000000e+00
0.000000000000000000e+00
5.348564039087077421e-03
1.126343109525606567e-01
5.414080572524073709e-01
1.217631737407740555e+00
1.872245708999459080e+00
2.398722169679981864e+00
2.749525254575837518e+00
2.820234925675903614e+00
2.765535725866558714e+00
2.570221090719203350e+00
2.279960608089276697e+00
1.975251043879768353e+00
1.608922009329458724e+00
1.260250823520663976e+00
1.087816687364144164e+00
9.909303023794703291e-01
9.552786240493741365e-01
9.628516245214816527e-01
9.984518727885929312e-01
1.079405167821810396e+00
1.148533736858989407e+00
1.154680676256165217e+00
1.202308219231444708e+00
1.242133174623953229e+00
1.284023611209411442e+00
1.351811911046320924e+00
1.415362488917526029e+00
1.464975281440640709e+00
1.517501582865574683e+00
1.571749387101849305e+00
1.556929299061071914e+00
1.541539244353405724e+00
1.475869650793284915e+00
1.400749474524944027e+00
1.327600257803023043e+00
1.234964873542970354e+00
1.164103426374391237e+00
1.101966243510389631e+00
1.072496908852875741e+00
1.034586981962763108e+00
1.018919257850961380e+00
1.000325638161759567e+00
9.930439002711930474e-01
1.009793045371508491e+00
9.945276603933661530e-01
1.015462805404666380e+00
1.018707366687326088e+00
1.021844835590052458e+00
1.023917235385766622e+00
1.042993315819640499e+00
1.038522525271125874e+00
1.028670638656828507e+00
1.034098053098120307e+00
1.021317881934294070e+00
1.022711498648504636e+00
1.024111458449886936e+00
1.002526290330764347e+00
1.001631029938270023e+00
9.980232074597142899e-01
9.981690927994734119e-01
9.860639441316582099e-01
9.820178196366714518e-01
9.875738160969875779e-01
9.835017328107666934e-01
9.889029558888259297e-01
9.820059988668141671e-01
9.925021320684467296e-01
9.890984526614308159e-01
9.993538016281059422e-01
9.931698442736002219e-01
9.935034158785919223e-01
9.981950170709232850e-01
9.979864881141899957e-01
9.940591021507019232e-01
9.894490195201446348e-01
9.812116042421573647e-01
9.851831833876727451e-01
9.886515259540407108e-01
9.857071408763545817e-01
9.820848759017735130e-01
9.846892125783850425e-01
9.918538135794731092e-01
9.886130343225999484e-01
9.849229992023222913e-01
9.909126205524851905e-01
9.916263664733669936e-01
9.932986514249007026e-01
9.936639936117318550e-01
9.956342565754546792e-01
9.953202366736975115e-01
9.984553575861722097e-01
9.980831323258123611e-01
9.954333883325697796e-01
9.932430966474229406e-01
1.002751396258519057e+00
9.984279772622157711e-01
9.963684905732255181e-01
1.002950320946218277e+00
9.966629559125106397e-01
9.991958451651622442e-01
9.951533387609794445e-01
9.967936343623742257e-01
9.982763325929931986e-01
9.943571359146913258e-01
9.893674334670219395e-01
9.965114978653880629e-01
9.991487402806575879e-01
1.001530607828344355e+00
9.982326091297319959e-01
9.972443109777462400e-01
9.992860558373881652e-01
9.986954254412925280e-01
9.999619995681358064e-01
1.002881314368300414e+00
9.989665436195481751e-01
9.982882806294256506e-01
9.974705049527365919e-01
9.991410494208394777e-01
9.956319858650156673e-01
9.951346696133587244e-01
9.982738192307635261e-01
9.972538403894578574e-01
1.001175571366302641e+00
1.000498106667504716e+00
9.980068527750012297e-01
1.000155625379149260e+00
9.976050442430210996e-01
1.000593722500896732e+00
9.977106896410127268e-01
1.001963444128081138e+00
9.999007648773767798e-01
9.922610875369339833e-01
9.971238667944248846e-01
9.984446604475865072e-01
9.986415630652090147e-01
9.967244715045453507e-01
9.981271416826690279e-01
9.954547542820095796e-01
9.957544337432763237e-01
9.984657467132842523e-01
9.993378531353832583e-01
9.992861351662376546e-01
9.951640611721864760e-01
1.000189676169775499e+00
9.996351531728790984e-01
1.001061887036937881e+00
1.002945287445562217e+00
9.979560046423829878e-01
9.989033421819230041e-01
9.975040144590539004e-01
9.943766942260751085e-01
9.985387753486297813e-01
9.978951840195128264e-01
9.964960700187019960e-01
9.944086960145699372e-01
9.993965747608180017e-01
9.974949554266901997e-01
9.933239513898700634e-01
9.965509075735008437e-01
9.956957134822539413e-01
9.949461417298236521e-01
9.977638888341178180e-01
9.985808305389699546e-01
9.943244238011430536e-01
9.981935574345357498e-01
9.950241433331700192e-01
9.949858638765418650e-01
9.948905342315726985e-01
9.978100363886164281e-01
9.946539310291596658e-01
9.928801185625439896e-01
9.964378608195065823e-01
9.957372606261281067e-01
9.972237010067654950e-01
9.985617363491690046e-01
9.938631346378044018e-01
9.962844673397608375e-01
9.961041776269672354e-01
9.937602838039922837e-01
9.969719211116589985e-01
9.959192517646963116e-01
9.998156420155080992e-01
9.945107049813580735e-01
9.946702274046781422e-01
9.977816352303041647e-01
9.962850436446402114e-01
9.965389612925955598e-01
9.969233540160800100e-01
9.975396722904038560e-01
9.956966318702208385e-01
9.962854478443644579e-01
9.998877004383259770e-01
9.948845233682319655e-01
9.947956031997648996e-01
9.983113714103577507e-01
9.981827585688136661e-01
9.969658710911629695e-01
9.968911467559120609e-01
9.976334906563900651e-01
9.963353567184016768e-01
9.957345231369629790e-01
9.974798067110424160e-01
9.978984467841112149e-01
9.969719860201508022e-01
9.980061777778255205e-01
9.970561942250710796e-01
9.959539629572414787e-01
9.994235974894541963e-01
9.997460833336589969e-01
1.000922724192297109e+00
9.987875779068066118e-01
9.972453023350031920e-01
9.981236896170333495e-01
9.991100445458634960e-01
9.986187119678364699e-01
1.000824181429684545e+00
9.990267304328455111e-01
9.989213282607972699e-01
9.977759813021711555e-01
9.991291709727031511e-01
9.977083369055658180e-01
9.968538099531344399e-01
9.950015720778956352e-01
9.958097466670424724e-01
9.975047824403335817e-01
9.973950875386916604e-01
9.985997037092896322e-01
9.983775958414385920e-01
9.975704398860414379e-01
9.971360053815603308e-01
9.989316368250216183e-01
9.998507060306481842e-01
9.999655504730076139e-01
9.992732425608810143e-01
9.981357710315155174e-01
9.991129322941117996e-01
9.976683361071525535e-01
1.000210218301788245e+00
9.984984101941830614e-01
9.979427527708224499e-01
9.997462754218414682e-01
9.997299109851470744e-01
1.002033891933430843e+00
1.001757922301000692e+00
9.999228811392758542e-01
9.954359158334176172e-01
9.998579062301605758e-01
9.994651384475889966e-01
9.992825756371330748e-01
9.997653521908415053e-01
9.966409516500831511e-01
9.996269214037550865e-01
1.000089829168760991e+00
1.000381080879863660e+00
9.986700278547425702e-01
1.000718542719551296e+00
1.001409678288954108e+00
