0.000000000000000000e+00
0.000000000000000000e+00
0.000000000000000000e+00
0.000000000000000000e+00
0.000000000000000000e+00
0.000000000000000000e+00
0.000000000000000000e+00
0.000000000000000000e+00
0.000000000000000000e+00
0.000000000000000000e+00
0.000000000000000000e+00
0.000000000000000000e+00
0.000000000000000000e+00
0.000000000000000000e+00
0.000000000000000000e+00
0.000000000000000000e+00
0.000000000000000000e+00
0.000000000000000000e+00
0.000000000000000000e+00
0.000000000000000000e+00
0.000000000000000000e+00
0.000000000000000000e+00
0.000000000000000000e+00
2.773005167815949332e-03
5.913520953504180361e-02
2.673920030204796072e-01
6.043831413897737814e-01
9.346392269024538235e-01
1.185685902845344364e+00
1.355872422773582109e+00
1.422770303618678067e+00
1.384976459668879167e+00
1.279730103144008702e+00
1.193215629037131853e+00
1.077764090317883117e+00
9.594418196362294315e-01
8.579969274192980055e-01
8.107884065470425394e-01
7.992200600484448136e-01
7.772869651815119685e-01
7.637885191205238122e-01
7.764934470646399634e-01
8.110339060855185078e-01
8.469619152342841018e-01
8.666412132478470420e-01
8.823646061614180969e-01
9.045747860352207903e-01
9.351344556926495244e-01
9.671977658293321456e-01
1.005733250847675286e+00
1.055159027556053397e+00
1.088826274180572096e+00
1.128197138153794965e+00
1.146061021217158249e+00
1.161847799405829385e+00
1.160135840877725366e+00
1.146918209305760605e+00
1.123752107074586615e+00
1.099520210776613327e+00
1.075496255888764185e+00
1.058768128079849102e+00
1.053035533293539716e+00
1.042433761058643826e+00
1.026315413690821687e+00
1.026242056888814647e+00
1.021831529163918617e+00
1.005518893605962694e+00
9.985772437307530724e-01
9.882520432006132172e-01
9.837429243629470799e-01
9.889950813297434529e-01
9.824107522492931954e-01
9.843859600436990487e-01
9.894548513060921202e-01
9.912870210763224943e-01
9.981837569036199342e-01
1.002271088694108192e+00
1.003047862053379813e+00
1.002448080556940679e+00
1.007368212182995215e+00
1.006662933183782638e+00
1.006718136568437227e+00
1.007415178091331631e+00
1.003161460520230142e+00
1.005038659857170558e+00
1.003890270003864771e+00
1.006685802277814012e+00
1.002704831510117467e+00
9.951746781051669100e-01
9.984022192596435641e-01
1.002660769904018423e+00
9.967541911598238880e-01
9.997599757374568963e-01
9.963155067391354924e-01
9.970431076652631619e-01
1.000166887003099081e+00
9.960281263737985613e-01
9.963993969941153939e-01
9.988957183067217471e-01
9.977260876615533514e-01
9.941249543113129805e-01
9.990993784152840673e-01
9.977612236127090251e-01
9.988105346705569154e-01
9.975283157545928869e-01
9.984199400241450251e-01
9.985236131345290866e-01
9.972531028399733710e-01
9.956737141097399268e-01
9.917636815814850904e-01
9.956130117800988666e-01
9.971413769483741252e-01
9.967986589997803737e-01
9.974553833255995761e-01
9.974949340687987442e-01
9.967316161344660363e-01
9.985638392134927876e-01
9.990088880186680509e-01
9.950351628766852530e-01
9.964626453195157829e-01
9.997326325466580066e-01
9.977840130976139976e-01
9.992138634794412999e-01
1.000574345486801908e+00
1.001603559517009856e+00
1.000111409840480192e+00
9.973720141225534963e-01
1.002590166714794728e+00
9.978956230072240086e-01
9.985719839643019125e-01
9.987186430183494501e-01
9.989414894790670241e-01
1.000277690724738155e+00
9.951914706311864034e-01
9.972602711112011908e-01
9.973275532181923309e-01
9.982370243320787262e-01
9.966508438022286809e-01
9.964662613543281422e-01
9.993467732591305719e-01
9.966272714093405982e-01
9.971793315265187196e-01
9.970143833117699472e-01
9.972751592274411436e-01
9.989946023677340747e-01
9.996916331826379842e-01
9.980108194911861963e-01
9.968291255145731444e-01
9.973621994374626265e-01
9.993777911298269423e-01
9.947241468497530770e-01
9.984901066301361539e-01
1.001625171205561049e+00
9.979057055739639637e-01
9.952363893173324927e-01
9.988984575568331525e-01
9.987209707386432989e-01
9.990297458688939258e-01
9.982474730766106585e-01
9.990897943448682206e-01
9.969394210581276061e-01
9.977687753018873451e-01
9.993018705395837475e-01
9.981364747213604671e-01
9.994057795855549875e-01
9.994572432555292041e-01
1.000206881935921999e+00
9.973346084977922077e-01
9.957795857702103071e-01
1.001778924620496669e+00
9.986088999792298582e-01
9.967333123508061998e-01
1.000159503131007988e+00
1.002339508372123600e+00
9.978543379056084017e-01
9.987268569032654586e-01
9.996402651894706892e-01
9.993898420170970187e-01
1.002596529621937682e+00
9.994342294322023923e-01
9.995794089190517262e-01
9.981729096011185964e-01
9.995274911491337511e-01
1.001949984735246435e+00
1.001050705183533784e+00
1.001974024559704635e+00
9.989795943122820043e-01
1.000998859578366096e+00
1.001678350343935042e+00
9.982511432986621580e-01
1.001226983789873071e+00
1.000487130996319696e+00
1.001034159346928742e+00
9.986544950290443534e-01
1.001340227648953807e+00
1.002298777062391677e+00
9.989699956303579320e-01
9.993985602276785896e-01
9.988473855827434411e-01
1.000252615164171521e+00
9.997922192548732712e-01
1.002208430092022429e+00
1.002123137683676557e+00
1.000252834789497891e+00
1.001014560044445778e+00
9.990950326090580758e-01
9.992450378890198603e-01
9.990014583568984641e-01
9.998943290551060015e-01
1.002529322688002988e+00
1.000046077844365167e+00
1.002499053069236368e+00
1.001215460345268538e+00
1.002239959852976092e+00
1.001677731795959536e+00
1.001881350905128087e+00
1.001338265577783604e+00
1.002848772707578551e+00
1.000207432293724885e+00
1.000976221864977367e+00
1.002461744869064919e+00
1.000376602866585030e+00
1.002249523161808931e+00
1.002631937113366734e+00
1.002186345862606798e+00
1.002006105808720404e+00
1.003122777516224584e+00
1.004885028213919673e+00
1.002494289906873837e+00
1.002302468704947547e+00
1.003657634954148170e+00
1.000821324250752653e+00
1.001901581019935650e+00
1.001445827513057329e+00
1.003421372781464704e+00
1.002425609897489522e+00
1.002115898393981741e+00
1.002188968517964796e+00
1.004116182580274241e+00
1.002285765071752044e+00
1.004626366482676669e+00
1.001485947707626778e+00
1.001959154577110933e+00
1.002167562804108236e+00
1.000761534525637542e+00
1.001862770791313251e+00
9.999622386229803928e-01
1.001594966887367155e+00
1.001370000605418920e+00
9.990989051209282490e-01
9.991369184070292286e-01
9.989386438315553951e-01
1.001563185898811881e+00
9.995766484411662267e-01
1.001144149825300644e+00
1.000785420942162274e+00
1.000890714772184609e+00
1.001774311333260004e+00
9.998531637764431768e-01
1.000834182120530436e+00
9.997055219522529290e-01
1.000012688070963662e+00
9.999249674410268796e-01
1.001189259659758690e+00
1.001207255471893376e+00
1.000127239803693779e+00
1.000389977525525387e+00
9.999374270773399020e-01
1.000757539918774031e+00
9.996159540713589475e-01
9.986492642840723022e-01
9.996807191408846327e-01
9.992418020811849599e-01
1.000693376849641769e+00
1.000839964108192648e+00
9.987556209336290181e-01
9.996630777898929399e-01
1.001183632098451293e+00
1.001934433513057110e+00
1.000186930516590911e+00
