0.000000000000000000e+00
0.000000000000000000e+00
0.000000000000000000e+00
0.000000000000000000e+00
0.000000000000000000e+00
0.000000000000000000e+00
0.000000000000000000e+00
0.000000000000000000e+00
0.000000000000000000e+00
0.000000000000000000e+00
0.000000000000000000e+00
0.000000000000000000e+00
0.000000000000000000e+00
0.000000000000000000e+00
0.000000000000000000e+00
0.000000000000000000e+00
0.000000000000000000e+00
0.000000000000000000e+00
0.000000000000000000e+00
0.000000000000000000e+00
0.000000000000000000e+00
0.000000000000000000e+00
0.000000000000000000e+00
3.070161805469771247e-03
6.241643184770872405e-02
2.735365384026284263e-01
6.075082026267971669e-01
9.370408463968912249e-01
1.183751973538742508e+00
1.359665123109601526e+00
1.394452368514108365e+00
1.384171672975258449e+00
1.289330637162384052e+00
1.190651469287536290e+00
1.078011045820723490e+00
9.520786780886503209e-01
8.559577514745623228e-01
8.127461655277323782e-01
7.869811942036580854e-01
7.795079912124887045e-01
7.666019198229995224e-01
7.737744456098939461e-01
8.182542557973730979e-01
8.374071961950430021e-01
8.603294826322704925e-01
8.816652865005177864e-01
9.134433427447546938e-01
9.357069661872269295e-01
9.569115602213713601e-01
9.923324468540578591e-01
1.037351859181334657e+00
1.084801328979488666e+00
1.119324194741836420e+00
1.148277041586851288e+00
1.158459358003284034e+00
1.151346183074674290e+00
1.139174185873731426e+00
1.113992209258332089e+00
1.091465947627525912e+00
1.076285950664537028e+00
1.056483559420617668e+00
1.040556787430158447e+00
1.032802079797685568e+00
1.028841441484194430e+00
1.020091819765224672e+00
1.012782576589707606e+00
9.956517558290914893e-01
9.919660486199971539e-01
9.840710338253718659e-01
9.844947067909712857e-01
9.916522006774042275e-01
9.866421924556908474e-01
9.909475402958876078e-01
9.907970739134517313e-01
9.953633182690653225e-01
9.984491710277823007e-01
1.004044300126172073e+00
1.007653949488195755e+00
1.004878545891238373e+00
1.004588745892659896e+00
1.003749888937760293e+00
1.005194181102187834e+00
1.005036246503242525e+00
1.007743554674541242e+00
1.008716612975086857e+00
1.004998760719157502e+00
1.005729516129479251e+00
1.002142100408076608e+00
1.000617178193131007e+00
9.994219820341754268e-01
9.932462703004645288e-01
9.946466519001775364e-01
9.959656111384569410e-01
9.944855430853035694e-01
9.996684142623426528e-01
9.947668406857138601e-01
9.982467966473820287e-01
9.911156279639460331e-01
9.975416092269410173e-01
9.992227563968105741e-01
9.973957163324352893e-01
9.987914170470727493e-01
9.939659379271790218e-01
1.000812855208617069e+00
9.914130052948669780e-01
9.955656999884732183e-01
9.957712488577522558e-01
9.989115185756145543e-01
9.939424526737743459e-01
9.955980110396260852e-01
9.973088647691000785e-01
9.976852670512809107e-01
1.000319756945878602e+00
9.983162890769202713e-01
9.954663538446560933e-01
9.957469893322380416e-01
9.984266029104215123e-01
9.999202418516239810e-01
1.001124086127467727e+00
9.981295022300278319e-01
1.000848605910230393e+00
1.002042706637227720e+00
9.981289293347396230e-01
1.001687748866461503e+00
1.000521986679145492e+00
9.982762169402559227e-01
1.000625098157203130e+00
9.987802044039193472e-01
9.995811708828644671e-01
1.002352035151716780e+00
1.003003332760888933e+00
9.964773474606793968e-01
9.986048826726127148e-01
9.951152567711569752e-01
9.960696690651816843e-01
9.997060694403782088e-01
9.990632314405603065e-01
9.986978283726510863e-01
9.954897647199884014e-01
9.965602034289946509e-01
9.982614593647362033e-01
9.965422715207677973e-01
9.956672016146328463e-01
9.989672522522586862e-01
9.992096301080988230e-01
9.966198272065923680e-01
9.975399214275324500e-01
9.950799855353109624e-01
9.968720683208380784e-01
9.974846982019496267e-01
9.961286579577371958e-01
9.995951799367099877e-01
9.982399719026466833e-01
1.000918765345974126e+00
9.970397170378016982e-01
1.000477588487782343e+00
9.961773906258354350e-01
9.971845244606561964e-01
1.000103300431343545e+00
9.967469560869162137e-01
9.941501887662318460e-01
9.989864166921847977e-01
9.998108263899883053e-01
9.953039716298827111e-01
9.989203862531802480e-01
9.980492313288589212e-01
9.955739678554321737e-01
9.942270725024360267e-01
9.943620422236165712e-01
9.996434077297808862e-01
9.953280772965786838e-01
9.952557644733862618e-01
9.957671524381159767e-01
9.959426184891967404e-01
9.989534883265434040e-01
9.947698433700635778e-01
9.977088605751768258e-01
9.947127901549428497e-01
9.971221409639241529e-01
9.963976277455571795e-01
9.984872171212565428e-01
9.956697991095198041e-01
9.975068719053458155e-01
9.972840628317004574e-01
9.958295568752060234e-01
9.974132849024255343e-01
9.978663304026192948e-01
9.945591561026516647e-01
9.963153373987116979e-01
9.971032662249108558e-01
9.981785318454945433e-01
9.967889111839560723e-01
9.960739249293671937e-01
9.964409918471215377e-01
9.963805916456441869e-01
9.965054334364886746e-01
9.984645784927804746e-01
9.976755406323879471e-01
9.967086887774636583e-01
9.980186625145917034e-01
9.959436909094805390e-01
9.973392594926521193e-01
9.991576634682566294e-01
9.971276712035785916e-01
9.955525428457072667e-01
9.984775489467729859e-01
9.964913959763564977e-01
9.992587725283896827e-01
9.978869049822759463e-01
9.971349993689625490e-01
9.968498158609300219e-01
9.983744059425107009e-01
9.970327608151337007e-01
9.979609089916041675e-01
9.991958201049544464e-01
9.976675116319112524e-01
9.987272300296612393e-01
9.973999469079131153e-01
9.992471812928231945e-01
9.968787935862255534e-01
9.988392208234305736e-01
9.978081123727576829e-01
9.971142536693879954e-01
9.978394328141340086e-01
9.985338590865726616e-01
9.973738095720526831e-01
1.000000761002173277e+00
9.981008989959498923e-01
9.966621335860735842e-01
9.983801983227530430e-01
9.985144305700470735e-01
9.973087182303471687e-01
9.991731744969046813e-01
9.998635510736090248e-01
1.000215369323107284e+00
9.984548795900347606e-01
9.992135277668656723e-01
9.979301569561558338e-01
9.989238163595826059e-01
9.982859211612660211e-01
9.988194832628454201e-01
9.982032468564001615e-01
9.981631639444999982e-01
9.990596952255362817e-01
9.981320924690797458e-01
9.985868556296857435e-01
9.981560595201475206e-01
9.985684938859227255e-01
9.996134297228366217e-01
9.992194016558327840e-01
9.988398927054412679e-01
9.988663567081070838e-01
9.993046452635281351e-01
1.000415717339766086e+00
9.979955852663792149e-01
9.984601403858710533e-01
1.001119516116034225e+00
9.995974718426332561e-01
9.983710388869972974e-01
9.997640686792765852e-01
9.989597010647465192e-01
9.985623410990868143e-01
9.999115347171779744e-01
9.996114156327997602e-01
9.998650626218049675e-01
9.986904790661206288e-01
1.000946608238532543e+00
9.999174377680067893e-01
9.994881320478060660e-01
1.000942374032968818e+00
9.997118154535491463e-01
1.000789021950156288e+00
1.000459224246076362e+00
9.990939241468335119e-01
9.989509866398373905e-01
9.998677335486769735e-01
1.000615604012392801e+00
1.000471480013734649e+00
9.994530757716916236e-01
9.993843132627788783e-01
