0.000000000000000000e+00
0.000000000000000000e+00
0.000000000000000000e+00
0.000000000000000000e+00
0.000000000000000000e+00
0.000000000000000000e+00
0.000000000000000000e+00
0.000000000000000000e+00
0.000000000000000000e+00
0.000000000000000000e+00
0.000000000000000000e+00
0.000000000000000000e+00
0.000000000000000000e+00
0.000000000000000000e+00
0.000000000000000000e+00
0.000000000000000000e+00
0.000000000000000000e+00
0.000000000000000000e+00
0.000000000000000000e+00
0.000000000000000000e+00
0.000000000000000000e+00
0.000000000000000000e+00
0.000000000000000000e+00
0.000000000000000000e+00
0.000000000000000000e+00
1.728385255770829612e-05
2.720709718944049234e-03
5.534431272388316836e-02
3.202576246579244001e-01
8.317387458813612078e-01
1.327893788373396555e+00
1.620818337217329708e+00
1.688700024983311065e+00
1.638908819803239103e+00
1.527124308293338562e+00
1.416951251235299081e+00
1.317317208937956563e+00
1.234074045153448429e+00
1.147743075069079799e+00
1.062572476426821622e+00
1.006491421911929418e+00
9.910337774771093011e-01
9.900560215710459966e-01
1.005865159878249981e+00
1.028560913646331620e+00
1.050752175377844599e+00
1.061882795615669117e+00
1.056613181345727570e+00
1.046510603264730666e+00
1.038810164112275114e+00
1.044187751627151162e+00
1.046804635561126018e+00
1.051053855109224555e+00
1.052305221247868072e+00
1.046930256475027132e+00
1.039321942861410442e+00
1.029325811848255112e+00
1.018615201592272479e+00
1.005909057668160411e+00
9.945793468308795626e-01
9.878172720780377114e-01
9.829358045880515204e-01
9.802554064325919025e-01
9.838098779780305447e-01
9.859584223048515339e-01
9.920859491952682685e-01
9.965452270318219119e-01
1.003174572222947480e+00
1.006722792716563397e+00
1.011620399677894078e+00
1.017412125614954865e+00
1.019087230045947257e+00
1.022683815288022213e+00
1.022807285052297122e+00
1.024631437790942234e+00
1.019397952513103389e+00
1.021430712900879056e+00
1.017745246816709415e+00
1.012128233805631661e+00
1.005452740827625480e+00
1.001940067047137894e+00
9.972163597144078073e-01
9.938551988749204646e-01
9.902463207678778856e-01
9.891215829675510385e-01
9.896341054752123556e-01
9.878374114193572142e-01
9.895480656319007862e-01
9.906045411966148961e-01
9.929631598906247802e-01
9.957920922872680602e-01
9.961013418376535311e-01
9.961809504163113838e-01
9.991433255146265902e-01
1.000006445903494523e+00
1.000561506958331348e+00
1.000977282330746343e+00
1.001111193394935928e+00
1.000294805535410836e+00
1.000833598683318559e+00
1.000259911725819961e+00
1.002133472272609849e+00
1.000625768867092980e+00
9.991442470726012992e-01
9.990659531510726055e-01
9.990231523890824583e-01
9.990832660722507308e-01
9.992435170677373968e-01
1.001114845127569541e+00
9.989608973205645892e-01
1.000412468766566754e+00
1.000199486562870499e+00
9.984913500914968099e-01
9.998839539914279317e-01
9.998454889385206545e-01
9.991280437690229776e-01
9.994869874258391906e-01
1.000490955328511955e+00
9.990139116819177767e-01
9.984015378458387380e-01
9.993655474087999036e-01
9.987201862810773934e-01
9.992929052907715270e-01
9.992393811112662005e-01
9.986068549840078079e-01
9.999745829063646507e-01
9.989562021239399847e-01
1.000116614000776893e+00
9.992623664701483222e-01
1.000291018963451961e+00
1.000828034460269800e+00
1.000802125685286814e+00
9.998610822746909488e-01
1.000394871958946164e+00
1.000101432394100431e+00
1.001068272648596880e+00
1.000679124873573134e+00
1.000713783648652599e+00
9.996551668001527613e-01
1.000175304117182362e+00
1.000406590800447804e+00
1.000331041564032519e+00
1.000128906417696806e+00
9.999989844990063714e-01
9.997292091482335996e-01
1.000037095182443991e+00
1.000351590514433342e+00
1.000530007045111303e+00
9.994003117842101824e-01
1.001258357498222118e+00
9.997178204495910103e-01
1.000390644106419202e+00
9.999712717136342022e-01
9.992143108515441075e-01
1.000250520273431754e+00
1.000464663876315052e+00
1.000172440488116044e+00
9.997072664513642071e-01
1.000220241434394364e+00
9.998076276102034754e-01
1.000865053291166040e+00
9.998073684798363114e-01
9.998753091882038868e-01
1.000191397814062855e+00
1.000043568684502171e+00
1.000347238310526743e+00
9.997437431111461104e-01
1.000310042008625944e+00
1.000295671001777409e+00
1.000349326629577984e+00
1.000090473848878503e+00
9.999574508374078352e-01
1.000125940641256150e+00
9.997209610284820691e-01
1.000003908505805006e+00
9.996777704875736692e-01
9.996704114696498555e-01
1.000614568751331257e+00
1.000866692646530831e+00
1.000590089527704230e+00
1.000434282483323889e+00
1.000675132140996126e+00
9.993253958199634912e-01
9.994944579703384235e-01
1.000258257178840537e+00
9.999536939394881863e-01
1.000329603144212598e+00
1.000232502659404332e+00
9.996390680206046486e-01
1.000769825965935667e+00
1.000332932006441355e+00
1.001167154535126391e+00
9.991247583008946442e-01
1.000656158189104250e+00
1.000593641258424427e+00
9.998212732787042922e-01
9.997795321729587847e-01
9.999725091583951953e-01
9.998991903966001349e-01
1.000048067045528066e+00
1.000512896056973133e+00
1.000279349140009266e+00
1.001476457528732489e+00
1.000436778453763775e+00
1.000661896605242074e+00
1.000174241086594584e+00
1.000621869847005740e+00
1.000420782226749461e+00
1.000650416981620161e+00
1.000710492300022958e+00
1.000555318032874341e+00
1.001334294389553792e+00
1.000084507194506367e+00
1.000558417800578193e+00
1.000082608018993513e+00
9.997410979723564406e-01
1.000204689533348290e+00
9.996466503551878491e-01
1.000022897517925724e+00
1.000130110075983847e+00
1.000828847492835738e+00
1.000260902595894175e+00
1.000083544278088210e+00
1.000722692133198644e+00
1.000521302229072873e+00
1.000034445675163752e+00
1.000331004594113393e+00
1.000240686345040153e+00
1.000703279514654653e+00
1.000281473505835628e+00
9.997753538397455841e-01
1.000477866331732413e+00
1.000397313885346584e+00
1.000105069692999393e+00
1.000863429990057618e+00
1.000314986451768418e+00
9.996717843728111230e-01
9.997889605846426164e-01
1.000131842335697296e+00
1.000700359591044197e+00
9.997404484509432310e-01
1.000202236897199226e+00
1.000333036266253695e+00
9.997337346072530107e-01
9.999259377885238997e-01
1.000194018981945376e+00
1.000705194502033102e+00
9.999941248383523718e-01
9.998843088623804443e-01
1.000233996106613565e+00
9.999987410046283776e-01
1.000037336651721898e+00
1.000049241712228421e+00
1.000120615126539603e+00
1.000713409242227847e+00
1.000024935620871247e+00
9.999844178535776118e-01
9.998178227062676227e-01
9.999406966087328597e-01
1.000127796200890540e+00
1.000492669923550570e+00
1.000018029981507572e+00
9.999757064157255293e-01
1.000567016941721787e+00
9.998692249312547409e-01
1.000403689919513450e+00
9.997212643115509501e-01
1.000131952013871395e+00
9.998992492839710033e-01
1.000191309747134216e+00
1.000147795833903785e+00
1.000250858310965718e+00
1.000159191820046756e+00
9.998503799554434579e-01
9.998200973736455222e-01
9.999692374309302467e-01
9.997578695823801098e-01
1.000358129454281375e+00
9.998083441378028402e-01
1.000094393950636373e+00
