0.000000000000000000e+00
0.000000000000000000e+00
0.000000000000000000e+00
0.000000000000000000e+00
0.000000000000000000e+00
0.000000000000000000e+00
0.000000000000000000e+00
0.000000000000000000e+00
0.000000000000000000e+00
0.000000000000000000e+00
0.000000000000000000e+00
0.000000000000000000e+00
0.000000000000000000e+00
0.000000000000000000e+00
0.000000000000000000e+00
0.000000000000000000e+00
0.000000000000000000e+00
0.000000000000000000e+00
0.000000000000000000e+00
0.000000000000000000e+00
0.000000000000000000e+00
0.000000000000000000e+00
0.000000000000000000e+00
0.000000000000000000e+00
0.000000000000000000e+00
6.880435005935098269e-02
1.437783124673710722e+00
5.039914339168125146e+00
5.972040021107972052e+00
3.788524257168079501e+00
1.891361737391712206e+00
9.170628733965777712e-01
4.447748542571272612e-01
2.300521016158178500e-01
1.569676208209913604e-01
1.161047894012103149e-01
1.148227170457094132e-01
1.152303059737246893e-01
1.537855985088772137e-01
1.949264575708417324e-01
2.827375206719245360e-01
4.255059180206582914e-01
6.741891541500838470e-01
9.241039802738307829e-01
1.308376455525335214e+00
1.700404001433490908e+00
1.947405135488831096e+00
2.153291437455647550e+00
2.312441611633992533e+00
2.353213147146386852e+00
2.439001033281496866e+00
2.382593409303916054e+00
2.298398864434443745e+00
2.094136997931997701e+00
1.837428007523727702e+00
1.551170374102052829e+00
1.255246241307744093e+00
1.095835488400701108e+00
9.611624242112840610e-01
9.159754514864141273e-01
9.041177655308660910e-01
9.112451864941385482e-01
9.844825163830120962e-01
1.000056376245704648e+00
1.056202578601016073e+00
1.101433137597907397e+00
1.139520685925577981e+00
1.174751770351543545e+00
1.177300766363655882e+00
1.186353103207424597e+00
1.212305231412824202e+00
1.229964585869260274e+00
1.190402179371806257e+00
1.214754781834141095e+00
1.149353400971877992e+00
1.132156459781801239e+00
1.105644478309999679e+00
1.057463714944059330e+00
1.050024347146027992e+00
1.012294605702074302e+00
9.946723621542156168e-01
9.786972938856879356e-01
9.865646276422035399e-01
9.749573798562098936e-01
9.886864779861398445e-01
1.019128552268690147e+00
1.022531387435262173e+00
1.023223010290499557e+00
1.022850424269110325e+00
1.015067698495877746e+00
1.027827525273026454e+00
1.005773229010204828e+00
1.017005893492695101e+00
1.015910605304405800e+00
1.018560845779405533e+00
1.020678986186900561e+00
1.000414001136717301e+00
1.005759072663333642e+00
9.934809920905588454e-01
1.000607620073126425e+00
1.002166632537941027e+00
9.929055621967617373e-01
9.656841210317012036e-01
9.862876398061467542e-01
9.695505181140098294e-01
9.949905221177570702e-01
9.865222273020126664e-01
9.931600019246608069e-01
9.967670384824217633e-01
9.999763936131403907e-01
9.974099609834473634e-01
1.000708041629751577e+00
9.964697709459823249e-01
1.007010353086443155e+00
1.008361400137966601e+00
9.983192085714694963e-01
1.004866818864247557e+00
9.953686292527943458e-01
1.002151274734544240e+00
1.003826014766759034e+00
9.933974167846019165e-01
9.953809612105557481e-01
9.926143277389102293e-01
1.003919889922261000e+00
9.912514121465604289e-01
1.002736878515815278e+00
9.883441766874354606e-01
9.945125590980827823e-01
9.887249847306158745e-01
9.950035565560765294e-01
1.000406216768545020e+00
9.858432892529610525e-01
9.868965489002031743e-01
9.964932538515388627e-01
1.001852615085788933e+00
9.939370177256550143e-01
9.921487681053876573e-01
9.898914346539751108e-01
9.920402684011746519e-01
1.001390049690736195e+00
9.926385502890874291e-01
9.998884880690650512e-01
9.931699807343002950e-01
9.900059302337497202e-01
9.936683442493781104e-01
9.861118615532570297e-01
9.850074710603521355e-01
9.964046867600923063e-01
9.891175440398087826e-01
9.927031683901483827e-01
1.002673679632473780e+00
9.864248106554145412e-01
9.972428592682154314e-01
9.960710035926036987e-01
9.961630743596729953e-01
1.001996979049017300e+00
9.961208774093032181e-01
1.001281828400749419e+00
9.967263417210808774e-01
9.980767849073471920e-01
1.001428863117232781e+00
1.002094671291515304e+00
9.960734484126037014e-01
9.972040190850945951e-01
9.995072482310795037e-01
1.002101610655415920e+00
9.927179474568006423e-01
9.978399553968927416e-01
1.001492983222917132e+00
9.965509564130166087e-01
9.996637560870634820e-01
9.953175877316158271e-01
9.968977493727474437e-01
9.997614757310597788e-01
1.001461670748864607e+00
9.896496434234344219e-01
9.967516727981255986e-01
9.957817195942317845e-01
9.922658241004574942e-01
9.951657259156351243e-01
1.002209299446505053e+00
9.945184644383588957e-01
1.001205287308342795e+00
1.001294789280279485e+00
9.999024584911474500e-01
9.992199138714528139e-01
9.955738830286676722e-01
1.006688580723984039e+00
1.003863954149123883e+00
9.890369487000300053e-01
9.971922076795637357e-01
9.999792099224340536e-01
1.003698960563082165e+00
1.000489690224513728e+00
1.000426012014889343e+00
1.002589460493800599e+00
1.005581107555202136e+00
1.007003732276544827e+00
9.982643270914461908e-01
9.998585653785818650e-01
1.006876594574656281e+00
1.000764772851167494e+00
9.989858169647080066e-01
1.002260049602908598e+00
9.987281888046116718e-01
1.001403006699796094e+00
9.980661947499571696e-01
1.003117111962112062e+00
1.001794049724650026e+00
9.964965097819205031e-01
1.005500924936344465e+00
1.002300808063692372e+00
9.985538455019338233e-01
9.927369924387925426e-01
1.000547602072833442e+00
1.001426243061954047e+00
9.934221129865213884e-01
1.002560996743079524e+00
9.937472164211715864e-01
1.003425550514876363e+00
1.002814174731708086e+00
1.002641244437169510e+00
1.000708723444299064e+00
1.000053696477026133e+00
9.949915565428106845e-01
9.956993546680502627e-01
9.949179442479071378e-01
1.005269090710712687e+00
1.002708515770637243e+00
9.980189600037326914e-01
9.993706116332231604e-01
1.001609470816025249e+00
9.982470510921884754e-01
9.985208253337857220e-01
9.978629591713361613e-01
1.000494683434670407e+00
1.001554421185149035e+00
9.955178737169532166e-01
1.001463632113035462e+00
9.965863526535708727e-01
9.955920739011792087e-01
9.947355708260442464e-01
9.977460679404235311e-01
9.925253326933889397e-01
9.978456107745673487e-01
9.946390661317078274e-01
9.974622721047782248e-01
9.952718766945961582e-01
9.952777477616407964e-01
9.972622557625494544e-01
9.922839234982194778e-01
9.976393015920882457e-01
9.985351575878395058e-01
9.970334971407701641e-01
9.918836596344166034e-01
9.949627101465423618e-01
9.905284728146094286e-01
9.914495688136008011e-01
9.958015925677079494e-01
9.967707741790646780e-01
9.970096420808344240e-01
1.003546957892332392e+00
9.917647509159761565e-01
9.932389016286646832e-01
9.926313261015758949e-01
9.980351038234960281e-01
9.999584949373118148e-01
9.962565362487618703e-01
9.974717804407532418e-01
1.000140149282077617e+00
9.991883905488174733e-01
9.987895084418126901e-01
9.923681366858079222e-01
9.965467388069018106e-01
9.976931144161609311e-01
1.000206716161079257e+00
9.988931685887307843e-01
9.952718363584848182e-01
9.880125666042787191e-01
9.752585254601223719e-01
