0.000000000000000000e+00
0.000000000000000000e+00
0.000000000000000000e+00
0.000000000000000000e+00
0.000000000000000000e+00
0.000000000000000000e+00
0.000000000000000000e+00
0.000000000000000000e+00
0.000000000000000000e+00
0.000000000000000000e+00
0.000000000000000000e+00
0.000000000000000000e+00
0.000000000000000000e+00
0.000000000000000000e+00
0.000000000000000000e+00
0.000000000000000000e+00
0.000000000000000000e+00
0.000000000000000000e+00
0.000000000000000000e+00
0.000000000000000000e+00
3.900753265829092295e-05
3.367302054697793312e-02
1.008348031903922193e+00
3.326472411176403465e+00
3.326491712373293108e+00
1.847455467928541761e+00
8.404766632905236179e-01
3.863432478021718297e-01
1.985200979843428082e-01
2.242117644829830780e-01
8.259913873104770543e-01
1.726909547365866660e+00
1.901580172860206197e+00
1.462448425622445036e+00
9.863389053150732888e-01
6.942330186913108214e-01
5.731561515187253431e-01
5.658601051282172723e-01
6.172232986753916073e-01
7.006917924848145018e-01
8.022843048102248353e-01
9.110486766743031151e-01
1.008409608200604435e+00
1.092470750498945486e+00
1.159908017904521138e+00
1.208693907158510994e+00
1.239524385858635558e+00
1.241640805150817428e+00
1.219403583738059238e+00
1.183123578183870039e+00
1.138915294540869594e+00
1.093923279915367308e+00
1.051511976664444292e+00
1.010549551065970775e+00
9.837396137786917905e-01
9.628378482154763551e-01
9.421392567090463022e-01
9.284397312743667419e-01
9.238090643934427915e-01
9.201690271774172203e-01
9.211902522288932804e-01
9.255041226871135729e-01
9.355111833359649465e-01
9.459525286563179591e-01
9.615876593377764570e-01
9.749954578333668298e-01
9.868231679335457418e-01
1.000024597136649929e+00
1.007459213310721857e+00
1.015887948559636156e+00
1.020221781732592703e+00
1.020554708964149349e+00
1.025993039033748389e+00
1.024530233856855821e+00
1.025499403248927743e+00
1.019254092348120366e+00
1.016571644916804962e+00
1.012053565120271781e+00
1.006585540050868977e+00
1.003718022828107070e+00
1.003034477986809891e+00
1.000190001405095952e+00
9.988837716112137777e-01
9.993716896867796962e-01
9.971182180209305912e-01
9.990630190236956532e-01
9.987224270103550738e-01
9.964413283681161637e-01
9.985901624500211904e-01
9.995513945084338880e-01
9.995458868676170283e-01
1.000333907306675929e+00
1.000131008421312639e+00
9.970081258496527044e-01
9.981257226322499676e-01
9.981880051259889308e-01
9.970244754883478278e-01
9.979656305165677255e-01
9.967477135544562383e-01
9.979082926633108253e-01
9.978758928955188123e-01
9.978945384915995920e-01
9.982804168904956255e-01
9.994546716613489368e-01
9.994344407447578460e-01
1.000160492961266856e+00
9.994638325171711912e-01
1.004366034708716215e+00
1.001164988912080833e+00
1.002500602779397676e+00
1.003063477752400345e+00
1.001903921597125713e+00
1.002457431660193743e+00
1.001075105277961619e+00
1.001752771500017625e+00
1.001879664400253445e+00
1.000392852092511831e+00
1.000593867666091707e+00
1.000677753810779391e+00
1.000688171818628680e+00
9.999704141873521079e-01
9.975962212055828893e-01
9.997156176983087450e-01
9.982184299774481406e-01
9.991825673507777061e-01
9.989165875936397709e-01
9.984424026863505386e-01
9.997759790930077495e-01
9.993168239532914665e-01
1.001169900319076600e+00
1.000974058064005634e+00
9.990739997611517431e-01
1.000345607674618886e+00
9.996331655693690976e-01
9.999664408427955120e-01
9.996514620058244427e-01
1.001129869660680516e+00
9.994685967338848842e-01
1.000779140575636328e+00
1.000039056311152752e+00
1.000097339151700737e+00
1.000082749176035124e+00
1.000176367455543724e+00
9.999835385394431064e-01
1.001151359927885176e+00
1.000835039220684619e+00
9.994420418579393894e-01
9.997287848402504062e-01
9.987963436160247621e-01
9.995727811223760195e-01
1.001168113059839104e+00
9.995451252809477438e-01
9.991577271176443897e-01
1.000104671932639855e+00
1.000942777478809109e+00
9.992976342143377044e-01
1.000051442352676734e+00
1.001087968427963437e+00
9.998262164317421874e-01
9.998278874392655391e-01
9.995421685844785298e-01
9.994914091417489432e-01
1.000135197458536851e+00
1.000214389744515042e+00
9.994239993094388153e-01
9.995433844594592276e-01
1.000485617395088012e+00
9.997437149093917341e-01
9.991079935887463570e-01
9.995270601460540805e-01
9.999902605250492460e-01
9.995834095263030905e-01
1.000056028838162581e+00
9.993078135399419137e-01
1.000929760291942250e+00
1.000398061485672896e+00
1.000020436326093609e+00
9.999286600869290442e-01
9.999531837104518317e-01
9.988759686491621714e-01
9.998579809867036428e-01
1.000232420019703250e+00
9.998139929031819584e-01
1.000411148263302463e+00
1.000188858580803197e+00
9.997185572980568091e-01
1.000197094710005841e+00
1.000112817234229956e+00
1.000010479576745048e+00
1.000618921283597640e+00
9.993023633688628005e-01
1.000467335611467279e+00
9.994383571040401648e-01
1.000501647699931551e+00
9.998760419605152716e-01
9.994956989579327766e-01
9.996031440117544298e-01
1.000657384528810923e+00
1.000692187061400062e+00
1.000307716969993876e+00
9.999282206905147907e-01
1.000084029141857789e+00
1.000366128874586202e+00
9.999506248502126882e-01
9.998392254513261967e-01
1.000132426335707203e+00
1.000179084852078182e+00
9.999984577198050006e-01
1.000866029127688073e+00
9.997941251767299420e-01
1.000429663119474233e+00
1.000465113905814052e+00
1.000339942693014628e+00
1.000419971280037013e+00
9.997448055198854266e-01
1.000518727878554781e+00
1.000402316396457492e+00
9.999344984874832809e-01
9.998653521216204210e-01
1.000179298456151278e+00
9.997244266274931679e-01
9.992481742352761209e-01
1.000045640704805727e+00
1.000691864918809015e+00
1.000692234276611137e+00
1.000134755738629755e+00
1.000338456910767393e+00
1.001002849213248114e+00
1.000353353256473898e+00
1.000411027581665557e+00
1.000051391085502006e+00
9.998793698748283942e-01
1.000431137197422382e+00
1.000533524178194966e+00
1.000018747209429737e+00
9.999938323545046748e-01
9.997009709491055940e-01
9.997792938671860030e-01
9.999573529044735176e-01
1.000683995782950753e+00
1.000281702316034416e+00
9.994220352215839043e-01
1.000195043829319230e+00
1.000782711747209008e+00
1.000413717490526988e+00
9.996599118304647646e-01
9.996526775001602916e-01
1.000055772736706095e+00
1.000302658793985833e+00
1.000365307226484202e+00
1.000346605611575512e+00
9.998744328063228215e-01
1.000566466614935868e+00
1.000135692653060460e+00
1.000180864362693045e+00
1.000415337886107814e+00
1.000102632626606702e+00
9.993672225153339417e-01
9.998820428191403931e-01
9.995651448693603225e-01
1.000120152223699765e+00
1.000562642770554289e+00
1.000151069790856884e+00
9.996394556242138574e-01
9.996155412942401286e-01
1.000432972702640200e+00
1.000600193831879370e+00
9.998924745354047516e-01
1.000019824723546336e+00
9.999540870704305418e-01
1.000221749591795994e+00
9.999230560301286541e-01
1.000190354812712235e+00
1.000177684047039328e+00
9.997543698013477975e-01
1.000633756188555212e+00
1.000803129536993241e+00
9.991836573503087848e-01
9.892508763121412585e-01
9.790472808600245713e-01
