0.000000000000000000e+00
0.000000000000000000e+00
0.000000000000000000e+00
0.000000000000000000e+00
0.000000000000000000e+00
0.000000000000000000e+00
0.000000000000000000e+00
0.000000000000000000e+00
0.000000000000000000e+00
0.000000000000000000e+00
0.000000000000000000e+00
0.000000000000000000e+00
0.000000000000000000e+00
0.000000000000000000e+00
0.000000000000000000e+00
0.000000000000000000e+00
0.000000000000000000e+00
0.000000000000000000e+00
0.000000000000000000e+00
0.000000000000000000e+00
0.000000000000000000e+00
0.000000000000000000e+00
0.000000000000000000e+00
0.000000000000000000e+00
0.000000000000000000e+00
0.000000000000000000e+00
0.000000000000000000e+00
0.000000000000000000e+00
0.000000000000000000e+00
0.000000000000000000e+00
0.000000000000000000e+00
1.582043584831407251e-02
1.234185872158590908e-01
5.315422113977953389e-01
1.225991031846898505e+00
2.010887222305582700e+00
2.670687165308838207e+00
3.078124310877017322e+00
3.213627325261658729e+00
3.294454008957260704e+00
3.246965577621386156e+00
3.137557011883538305e+00
2.995051949155838944e+00
2.898975311146455791e+00
2.769464300964283421e+00
2.613465501070725505e+00
2.514582256739252841e+00
2.372009272435716465e+00
2.281299812000593619e+00
2.157468392917475608e+00
2.083578452924918167e+00
1.918783538433926239e+00
1.761940973662072141e+00
1.624436050395565490e+00
1.421060211981997279e+00
1.382944192775146908e+00
1.240987362696783780e+00
1.231436438672241618e+00
1.230782824408218845e+00
1.253962550127847964e+00
1.240451508676681858e+00
1.228051322994896388e+00
1.246032370168827619e+00
1.280731522654121379e+00
1.257734211764046428e+00
1.247624775059609892e+00
1.219337147126747567e+00
1.226171966731224527e+00
1.186414782104118437e+00
1.199434280568208333e+00
1.165512336197367382e+00
1.169722127269656520e+00
1.147156537332425730e+00
1.121587164077969323e+00
1.136567114558519886e+00
1.123542880162631263e+00
1.103109038803386621e+00
1.097213229657976186e+00
1.106100435039008456e+00
1.100372597518643580e+00
1.105751178234891663e+00
1.096149567727495056e+00
1.098619631835487720e+00
1.091357421938389249e+00
1.101431701744144398e+00
1.080486718198031770e+00
1.076174545312586384e+00
1.048596804606788169e+00
1.056929973017443070e+00
1.051167584717624948e+00
1.054400963151145731e+00
1.052595619156747375e+00
1.046233899256687527e+00
1.045523590584687801e+00
1.020838236596130599e+00
1.040284857269054175e+00
1.034448838653802438e+00
1.027985939167958884e+00
1.032827125459801376e+00
1.024719141159297298e+00
1.044029702353268307e+00
1.025944340741538729e+00
1.049162228603916391e+00
1.032682320518565566e+00
1.031389147123034977e+00
1.052036334527771011e+00
1.048079430344730056e+00
1.030620247500895870e+00
1.037279936919802470e+00
1.035897360022235425e+00
1.046245744139713052e+00
1.037720327866047842e+00
1.026419070579128512e+00
1.040945028104331760e+00
1.036638958835761848e+00
1.035292939455042527e+00
1.033991053218935363e+00
1.026106812706794491e+00
1.022228965059751582e+00
1.027609481420923121e+00
1.027171400084573971e+00
1.033960204075877742e+00
1.031749083020915947e+00
1.019628278748032413e+00
1.033655331317860471e+00
1.032849756503380956e+00
1.029039859386806199e+00
1.022324773976557966e+00
1.018256163764081013e+00
1.018301632820949543e+00
1.021111874301041000e+00
1.011798489873794837e+00
1.010735696535161043e+00
1.018093388449770487e+00
1.008444106676061880e+00
1.031534269198317810e+00
1.016732080155217099e+00
1.027666182729243705e+00
1.017719210627737514e+00
1.012475493787621028e+00
1.020555185268094078e+00
1.016544922967697939e+00
1.012579931773612829e+00
1.008062850090785556e+00
1.019558643578151402e+00
1.020488059897295186e+00
1.024350287490887634e+00
1.009252989530802891e+00
1.002020453880068773e+00
1.009854903754686228e+00
1.018267264080549239e+00
1.007248297711526464e+00
1.009197051599480144e+00
1.011762880474647908e+00
1.009488363023995916e+00
1.016560302021576767e+00
1.004725416877904953e+00
1.007141355394166826e+00
1.005694251964008856e+00
9.999113022693302266e-01
1.000924183701310977e+00
9.978837305564425275e-01
1.006474031390690138e+00
9.986684833700756325e-01
1.005607727674049157e+00
1.004407150550280736e+00
9.965149161714976778e-01
1.002046739603855485e+00
9.950926402594528764e-01
9.982344733339627574e-01
1.002619673306019532e+00
9.949762454234941655e-01
1.003063407226636672e+00
1.008041498255598967e+00
9.977764403756607114e-01
9.979176827772892056e-01
9.956691339581010824e-01
1.005149970398383275e+00
9.985252043391381616e-01
9.983617951331165141e-01
9.966532213671808194e-01
9.945071817058246388e-01
9.965699136924852652e-01
9.962381124740012917e-01
9.974991844250165052e-01
1.003951672666624884e+00
1.002673134774351382e+00
9.961225488566016750e-01
9.975878380921419097e-01
9.997841306576369380e-01
1.003515800896019883e+00
1.000098211243948265e+00
1.000086539895684634e+00
1.005363061424407567e+00
1.000212025602153609e+00
9.956314101584214926e-01
1.009176129864021609e+00
9.984225509145114863e-01
9.964608147057711918e-01
9.977637713692895094e-01
1.003083223549062097e+00
1.001944014860902010e+00
1.001943516207378204e+00
9.992739488975292961e-01
1.000688934623088944e+00
1.003483795889516639e+00
1.000511273995800643e+00
1.008963454681284677e+00
1.005824409914180206e+00
1.004565389636254302e+00
1.001975468645003531e+00
1.009826668730900767e+00
9.958705380561869713e-01
9.988424751788106404e-01
1.004326823462683205e+00
1.008182114708631616e+00
1.005370427712232617e+00
1.000504395221244458e+00
1.004091751736534643e+00
1.000828852722367435e+00
1.002693833295615455e+00
1.000686345459277593e+00
1.000535679078007112e+00
9.980246796488411176e-01
1.004226763389113097e+00
1.001903778586620497e+00
1.001205773574165958e+00
1.001892432681262823e+00
9.953908913860969321e-01
9.998242835979896936e-01
1.003655247407369888e+00
9.967734556516107958e-01
9.995060880845104689e-01
1.001491931991657314e+00
9.978219643327206345e-01
9.953718996714595590e-01
1.001970317553707579e+00
1.007890102554724887e+00
9.985439471477426387e-01
1.000932538491965618e+00
1.000461930834375401e+00
9.973432084748398152e-01
9.985480348402837603e-01
9.974776583117243023e-01
9.975103135070295668e-01
9.946440704885562978e-01
9.965431667149777795e-01
9.903785747125266603e-01
9.989154017993966406e-01
9.971851056779025280e-01
9.963316297838077373e-01
9.926220726873353772e-01
9.959523015617558483e-01
9.928262075919794816e-01
9.998878913690920633e-01
9.950562688208723916e-01
9.972930800412752594e-01
9.975607687632621623e-01
9.929731254393138196e-01
9.944777135748505970e-01
9.975996848762781477e-01
9.987982934415401415e-01
9.931642520051481293e-01
9.957856452788945711e-01
9.966511950119756325e-01
9.962844430723740707e-01
9.924064497771353244e-01
9.897317801515721492e-01
9.946532338000982909e-01
9.941177286586672102e-01
9.925461306457518118e-01
9.911095704171775100e-01
9.966349365754569867e-01
9.969431393884844450e-01
9.915406385037460746e-01
9.929618922103259360e-01
9.928903368315030731e-01
1.000275100042249621e+00
9.952343718727428845e-01
9.953601838134172874e-01
1.004732748873236492e+00
9.901303025700515237e-01
9.898725899064406697e-01
9.926342257913151057e-01
9.909390385999899964e-01
9.878447379389199146e-01
9.898170444374950749e-01
9.989224686849911272e-01
9.900495473716590666e-01
9.854857456306765906e-01
9.943472948167741965e-01
9.933444873661929631e-01
9.932097098210027619e-01
9.892661437063060559e-01
9.987558313713639224e-01
9.939460902947198084e-01
9.921753977011417147e-01
9.893494516659707694e-01
9.916792594173050590e-01
9.948995178646458104e-01
9.921741909396989412e-01
9.894330361299581433e-01
9.951353715064377159e-01
9.866321570272162944e-01
9.925962319022312297e-01
9.945704195524739388e-01
9.940782225724854593e-01
9.943004674714007729e-01
9.941260037694514828e-01
9.926717853641909839e-01
9.911448492686454337e-01
9.902782692544517262e-01
9.896401089891505576e-01
9.914206791044827272e-01
9.975683111322255492e-01
9.886625735749074995e-01
9.960188513785948050e-01
9.888472728013347757e-01
9.918591672218355360e-01
9.924804116738752402e-01
9.919383163681221305e-01
9.909082864249262323e-01
9.870761897944834162e-01
9.973997187512357865e-01
9.930250359812642369e-01
9.935298668826171298e-01
9.915831663589717015e-01
9.915826777123245561e-01
9.960357631070039242e-01
9.959151804819779130e-01
9.883853459467725200e-01
9.922698958178481909e-01
9.948921540497371874e-01
9.899534760030864744e-01
9.975739269291812317e-01
9.897622128331571290e-01
9.930147567078387860e-01
9.915014093235674508e-01
9.901375117244446411e-01
9.941733183035196264e-01
9.921985656078488036e-01
9.940342042516464582e-01
9.881566409698658848e-01
9.931251592933578731e-01
9.877935277036553607e-01
9.893800506607799417e-01
9.965089560233909571e-01
9.926302665750296184e-01
9.923989521021652216e-01
9.872533849560549690e-01
9.902733521399281758e-01
9.879946940093988772e-01
9.918838544536626722e-01
9.946535866468813047e-01
9.930311688357602584e-01
9.880194545954877894e-01
9.913567004502360502e-01
