5.001087636771469301e-03
1.500326291031440704e-02
2.500543818385734390e-02
3.500761345740028424e-02
4.500978873094322458e-02
5.501196400448615798e-02
6.501413927802909831e-02
7.501631455157203865e-02
8.501848982511497899e-02
9.502066509865791932e-02
1.050228403722008597e-01
1.150250156457438000e-01
1.250271909192867126e-01
1.350293661928296807e-01
1.450315414663725933e-01
1.550337167399155613e-01
1.650358920134584739e-01
1.750380672870014420e-01
1.850402425605443546e-01
1.950424178340873227e-01
2.050445931076302353e-01
2.150467683811732034e-01
2.250489436547161159e-01
2.350511189282590563e-01
2.450532942018019966e-01
2.550554694753449647e-01
2.650576447488878773e-01
2.750598200224307899e-01
2.850619952959737580e-01
2.950641705695167261e-01
3.050663458430596386e-01
3.150685211166025512e-01
3.250706963901455193e-01
3.350728716636884319e-01
3.450750469372313445e-01
3.550772222107743126e-01
3.650793974843172807e-01
3.750815727578601932e-01
3.850837480314031058e-01
3.950859233049460739e-01
4.050880985784890420e-01
4.150902738520319546e-01
4.250924491255748672e-01
4.350946243991178353e-01
4.450967996726608034e-01
4.550989749462037159e-01
4.651011502197466285e-01
4.751033254932895966e-01
4.851055007668325092e-01
4.951076760403754773e-01
5.051098513139183899e-01
5.151120265874613580e-01
5.251142018610042150e-01
5.351163771345472941e-01
5.451185524080901512e-01
5.551207276816330083e-01
5.651229029551760874e-01
5.751250782287189445e-01
5.851272535022619126e-01
5.951294287758048807e-01
6.051316040493477377e-01
6.151337793228908168e-01
6.251359545964336739e-01
6.351381298699765310e-01
6.451403051435196101e-01
6.551424804170624672e-01
6.651446556906053242e-01
6.751468309641484034e-01
6.851490062376912604e-01
6.951511815112342285e-01
7.051533567847771966e-01
7.151555320583200537e-01
7.251577073318631328e-01
7.351598826054059899e-01
7.451620578789488469e-01
7.551642331524919260e-01
7.651664084260347831e-01
7.751685836995777512e-01
7.851707589731207193e-01
7.951729342466635764e-01
8.051751095202065445e-01
8.151772847937495126e-01
8.251794600672923696e-01
8.351816353408354487e-01
8.451838106143783058e-01
8.551859858879211629e-01
8.651881611614642420e-01
8.751903364350070991e-01
8.851925117085500672e-01
8.951946869820930353e-01
9.051968622556358923e-01
9.151990375291789714e-01
9.252012128027218285e-01
9.352033880762646856e-01
9.452055633498077647e-01
9.552077386233506218e-01
9.652099138968934788e-01
9.752120891704365579e-01
9.852142644439794150e-01
9.952164397175224941e-01
1.005218614991065351e+00
1.015220790264608208e+00
1.025222965538151065e+00
1.035225140811694144e+00
1.045227316085237224e+00
1.055229491358780081e+00
1.065231666632322938e+00
1.075233841905865795e+00
1.085236017179408874e+00
1.095238192452951731e+00
1.105240367726494810e+00
1.115242543000037667e+00
1.125244718273580524e+00
1.135246893547123381e+00
1.145249068820666460e+00
1.155251244094209540e+00
1.165253419367752397e+00
1.175255594641295254e+00
1.185257769914838111e+00
1.195259945188381190e+00
1.205262120461924047e+00
1.215264295735467126e+00
1.225266471009009983e+00
1.235268646282552840e+00
1.245270821556095919e+00
1.255272996829638776e+00
1.265275172103181855e+00
1.275277347376724713e+00
1.285279522650267570e+00
1.295281697923810427e+00
1.305283873197353506e+00
1.315286048470896363e+00
1.325288223744439442e+00
1.335290399017982299e+00
1.345292574291525156e+00
1.355294749565068235e+00
1.365296924838611092e+00
1.375299100112154171e+00
1.385301275385697028e+00
1.395303450659239886e+00
1.405305625932782743e+00
1.415307801206325822e+00
1.425309976479868901e+00
1.435312151753411758e+00
1.445314327026954615e+00
1.455316502300497472e+00
1.465318677574040551e+00
1.475320852847583408e+00
1.485323028121126487e+00
1.495325203394669344e+00
1.505327378668212202e+00
1.515329553941755059e+00
1.525331729215298138e+00
1.535333904488841217e+00
1.545336079762384074e+00
1.555338255035926931e+00
1.565340430309469788e+00
1.575342605583012867e+00
1.585344780856555724e+00
1.595346956130098803e+00
1.605349131403641660e+00
1.615351306677184517e+00
1.625353481950727375e+00
1.635355657224270454e+00
1.645357832497813533e+00
1.655360007771356390e+00
1.665362183044899247e+00
1.675364358318442104e+00
1.685366533591985183e+00
1.695368708865528040e+00
1.705370884139071119e+00
1.715373059412613976e+00
1.725375234686156833e+00
1.735377409959699913e+00
1.745379585233242770e+00
1.755381760506785849e+00
1.765383935780328706e+00
1.775386111053871563e+00
1.785388286327414420e+00
1.795390461600957499e+00
1.805392636874500356e+00
1.815394812148043435e+00
1.825396987421586292e+00
1.835399162695129149e+00
1.845401337968672228e+00
1.855403513242215086e+00
1.865405688515758165e+00
1.875407863789301022e+00
1.885410039062843879e+00
1.895412214336386736e+00
1.905414389609929815e+00
1.915416564883472672e+00
1.925418740157015751e+00
1.935420915430558608e+00
1.945423090704101465e+00
1.955425265977644544e+00
1.965427441251187402e+00
1.975429616524730481e+00
1.985431791798273338e+00
1.995433967071816195e+00
2.005436142345359052e+00
2.015438317618902353e+00
2.025440492892444766e+00
2.035442668165988067e+00
2.045444843439530924e+00
2.055447018713073781e+00
2.065449193986617082e+00
2.075451369260159495e+00
2.085453544533702797e+00
2.095455719807245654e+00
2.105457895080788511e+00
2.115460070354331812e+00
2.125462245627874225e+00
2.135464420901417526e+00
2.145466596174959939e+00
2.155468771448503240e+00
2.165470946722046541e+00
2.175473121995588954e+00
2.185475297269132255e+00
2.195477472542674668e+00
2.205479647816217970e+00
2.215481823089761271e+00
2.225483998363303684e+00
2.235486173636846985e+00
2.245488348910389398e+00
2.255490524183932699e+00
2.265492699457475556e+00
2.275494874731018413e+00
2.285497050004561714e+00
2.295499225278104127e+00
2.305501400551647428e+00
2.315503575825190286e+00
2.325505751098733143e+00
2.335507926372276444e+00
2.345510101645818857e+00
2.355512276919362158e+00
2.365514452192905015e+00
2.375516627466447872e+00
2.385518802739991173e+00
2.395520978013533586e+00
2.405523153287076887e+00
2.415525328560619300e+00
2.425527503834162601e+00
2.435529679107705903e+00
2.445531854381248316e+00
2.455534029654791617e+00
2.465536204928334030e+00
2.475538380201877331e+00
2.485540555475420632e+00
2.495542730748963045e+00
2.505544906022506346e+00
2.515547081296048759e+00
2.525549256569592060e+00
2.535551431843134917e+00
2.545553607116677775e+00
2.555555782390221076e+00
2.565557957663763489e+00
2.575560132937306790e+00
2.585562308210849647e+00
2.595564483484392504e+00
2.605566658757935805e+00
2.615568834031478218e+00
2.625571009305021519e+00
2.635573184578563932e+00
2.645575359852107233e+00
2.655577535125650535e+00
2.665579710399192948e+00
2.675581885672736249e+00
2.685584060946278662e+00
2.695586236219821963e+00
2.705588411493365264e+00
2.715590586766907677e+00
2.725592762040450978e+00
2.735594937313993391e+00
2.745597112587536692e+00
2.755599287861079549e+00
2.765601463134622406e+00
2.775603638408165708e+00
2.785605813681708121e+00
2.795607988955251422e+00
