5.001196314251936392e-03
1.500358894275580918e-02
2.500598157125968196e-02
3.500837419976355475e-02
4.501076682826742753e-02
5.501315945677130032e-02
6.501555208527518004e-02
7.501794471377903895e-02
8.502033734228292561e-02
9.502272997078678451e-02
1.050251225992906712e-01
1.150275152277945301e-01
1.250299078562984167e-01
1.350323004848023034e-01
1.450346931133061346e-01
1.550370857418100212e-01
1.650394783703139079e-01
1.750418709988177945e-01
1.850442636273216257e-01
1.950466562558255124e-01
2.050490488843293990e-01
2.150514415128332857e-01
2.250538341413371168e-01
2.350562267698410035e-01
2.450586193983448902e-01
2.550610120268487768e-01
2.650634046553526080e-01
2.750657972838564946e-01
2.850681899123603813e-01
2.950705825408642680e-01
3.050729751693680991e-01
3.150753677978719858e-01
3.250777604263758724e-01
3.350801530548797591e-01
3.450825456833835903e-01
3.550849383118874769e-01
3.650873309403913636e-01
3.750897235688952502e-01
3.850921161973990814e-01
3.950945088259029681e-01
4.050969014544068547e-01
4.150992940829107414e-01
4.251016867114145725e-01
4.351040793399184592e-01
4.451064719684223459e-01
4.551088645969262325e-01
4.651112572254300637e-01
4.751136498539339503e-01
4.851160424824378370e-01
4.951184351109417237e-01
5.051208277394456658e-01
5.151232203679494415e-01
5.251256129964533281e-01
5.351280056249572148e-01
5.451303982534609904e-01
5.551327908819649881e-01
5.651351835104687638e-01
5.751375761389727614e-01
5.851399687674765371e-01
5.951423613959804237e-01
6.051447540244843104e-01
6.151471466529880860e-01
6.251495392814920837e-01
6.351519319099958594e-01
6.451543245384998571e-01
6.551567171670036327e-01
6.651591097955076304e-01
6.751615024240114060e-01
6.851638950525152927e-01
6.951662876810191793e-01
7.051686803095229550e-01
7.151710729380269527e-01
7.251734655665307283e-01
7.351758581950347260e-01
7.451782508235385016e-01
7.551806434520423883e-01
7.651830360805462750e-01
7.751854287090500506e-01
7.851878213375540483e-01
7.951902139660578239e-01
8.051926065945618216e-01
8.151949992230655972e-01
8.251973918515695949e-01
8.351997844800733706e-01
8.452021771085772572e-01
8.552045697370811439e-01
8.652069623655849195e-01
8.752093549940889172e-01
8.852117476225926929e-01
8.952141402510966905e-01
9.052165328796004662e-01
9.152189255081043529e-01
9.252213181366082395e-01
9.352237107651120152e-01
9.452261033936160128e-01
9.552284960221197885e-01
9.652308886506237862e-01
9.752332812791275618e-01
9.852356739076315595e-01
9.952380665361353351e-01
1.005240459164639333e+00
1.015242851793143108e+00
1.025245244421646884e+00
1.035247637050150882e+00
1.045250029678654879e+00
1.055252422307158433e+00
1.065254814935662431e+00
1.075257207564166428e+00
1.085259600192670204e+00
1.095261992821173980e+00
1.105264385449677977e+00
1.115266778078181975e+00
1.125269170706685529e+00
1.135271563335189526e+00
1.145273955963693524e+00
1.155276348592197300e+00
1.165278741220701075e+00
1.175281133849205073e+00
1.185283526477709071e+00
1.195285919106212624e+00
1.205288311734716622e+00
1.215290704363220620e+00
1.225293096991724395e+00
1.235295489620228171e+00
1.245297882248732169e+00
1.255300274877236166e+00
1.265302667505739942e+00
1.275305060134243718e+00
1.285307452762747715e+00
1.295309845391251491e+00
1.305312238019755267e+00
1.315314630648259264e+00
1.325317023276763262e+00
1.335319415905267038e+00
1.345321808533770813e+00
1.355324201162274811e+00
1.365326593790778809e+00
1.375328986419282362e+00
1.385331379047786360e+00
1.395333771676290358e+00
1.405336164304794133e+00
1.415338556933297909e+00
1.425340949561801906e+00
1.435343342190305904e+00
1.445345734818809458e+00
1.455348127447313455e+00
1.465350520075817453e+00
1.475352912704321229e+00
1.485355305332825004e+00
1.495357697961329002e+00
1.505360090589833000e+00
1.515362483218336553e+00
1.525364875846840551e+00
1.535367268475344549e+00
1.545369661103848324e+00
1.555372053732352100e+00
1.565374446360856098e+00
1.575376838989360095e+00
1.585379231617863871e+00
1.595381624246367647e+00
1.605384016874871644e+00
1.615386409503375420e+00
1.625388802131879196e+00
1.635391194760383193e+00
1.645393587388887191e+00
1.655395980017390967e+00
1.665398372645894742e+00
1.675400765274398740e+00
1.685403157902902738e+00
1.695405550531406291e+00
1.705407943159910289e+00
1.715410335788414287e+00
1.725412728416918062e+00
1.735415121045421838e+00
1.745417513673925836e+00
1.755419906302429833e+00
1.765422298930933387e+00
1.775424691559437385e+00
1.785427084187941382e+00
1.795429476816445158e+00
1.805431869444948934e+00
1.815434262073452931e+00
1.825436654701956929e+00
1.835439047330460482e+00
1.845441439958964480e+00
1.855443832587468478e+00
1.865446225215972254e+00
1.875448617844476029e+00
1.885451010472980027e+00
1.895453403101484025e+00
1.905455795729987800e+00
1.915458188358491576e+00
1.925460580986995573e+00
1.935462973615499349e+00
1.945465366244003125e+00
1.955467758872507122e+00
1.965470151501011120e+00
1.975472544129514896e+00
1.985474936758018671e+00
1.995477329386522669e+00
2.005479722015026667e+00
2.015482114643530220e+00
2.025484507272034218e+00
2.035486899900538216e+00
2.045489292529041769e+00
2.055491685157545767e+00
2.065494077786049765e+00
2.075496470414553762e+00
2.085498863043057760e+00
2.095501255671561314e+00
2.105503648300065311e+00
2.115506040928568865e+00
2.125508433557072863e+00
2.135510826185576860e+00
2.145513218814080858e+00
2.155515611442584856e+00
2.165518004071088409e+00
2.175520396699592407e+00
2.185522789328095961e+00
2.195525181956599958e+00
2.205527574585103956e+00
2.215529967213607954e+00
2.225532359842111951e+00
2.235534752470615505e+00
2.245537145099119503e+00
2.255539537727623056e+00
2.265541930356127054e+00
2.275544322984631052e+00
2.285546715613135049e+00
2.295549108241639047e+00
2.305551500870142601e+00
2.315553893498646598e+00
2.325556286127150152e+00
2.335558678755654149e+00
2.345561071384158147e+00
2.355563464012662145e+00
2.365565856641166143e+00
2.375568249269669696e+00
2.385570641898173694e+00
2.395573034526677247e+00
2.405575427155181245e+00
2.415577819783685243e+00
2.425580212412189240e+00
2.435582605040693238e+00
2.445584997669196792e+00
2.455587390297700789e+00
2.465589782926204787e+00
2.475592175554708341e+00
2.485594568183212338e+00
2.495596960811716336e+00
2.505599353440220334e+00
2.515601746068723887e+00
2.525604138697227885e+00
2.535606531325731883e+00
2.545608923954235436e+00
2.555611316582739434e+00
2.565613709211243432e+00
2.575616101839747429e+00
2.585618494468250983e+00
2.595620887096754981e+00
2.605623279725258978e+00
2.615625672353762532e+00
2.625628064982266530e+00
2.635630457610770527e+00
2.645632850239274525e+00
2.655635242867778079e+00
2.665637635496282076e+00
2.675640028124786074e+00
2.685642420753289628e+00
2.695644813381793625e+00
2.705647206010297623e+00
2.715649598638801621e+00
2.725651991267305618e+00
2.735654383895809172e+00
2.745656776524313170e+00
2.755659169152816723e+00
2.765661561781320721e+00
2.775663954409824719e+00
2.785666347038328716e+00
2.795668739666832714e+00
