0.000000000000000000e+00
0.000000000000000000e+00
0.000000000000000000e+00
0.000000000000000000e+00
0.000000000000000000e+00
0.000000000000000000e+00
0.000000000000000000e+00
0.000000000000000000e+00
0.000000000000000000e+00
0.000000000000000000e+00
0.000000000000000000e+00
0.000000000000000000e+00
0.000000000000000000e+00
0.000000000000000000e+00
0.000000000000000000e+00
0.000000000000000000e+00
0.000000000000000000e+00
0.000000000000000000e+00
0.000000000000000000e+00
0.000000000000000000e+00
0.000000000000000000e+00
0.000000000000000000e+00
0.000000000000000000e+00
0.000000000000000000e+00
0.000000000000000000e+00
0.000000000000000000e+00
0.000000000000000000e+00
0.000000000000000000e+00
0.000000000000000000e+00
0.000000000000000000e+00
0.000000000000000000e+00
0.000000000000000000e+00
4.099082457965624719e-04
3.215026311576341111e-02
3.944408193982101851e-01
1.732113494472875104e+00
3.485230861267418767e+00
4.206532470419479530e+00
3.835460513120177328e+00
2.954591927302773424e+00
2.099006072872628526e+00
1.466936425870433824e+00
1.045144241899200077e+00
7.775995043934160744e-01
6.368543612108086283e-01
5.721508446432040929e-01
5.572860890513726684e-01
5.862032280610731672e-01
6.566477620048847275e-01
7.549074567446586448e-01
8.472669144008446729e-01
9.404425750458834665e-01
1.011624385952483607e+00
1.067497912300507057e+00
1.107353962280621440e+00
1.096157991860916114e+00
1.092694769172651403e+00
1.086188085626350386e+00
1.054053043038085002e+00
1.022671930071294755e+00
9.883166901621608380e-01
9.642610841735740346e-01
9.502051717100108430e-01
9.342586020359245902e-01
9.308054740761523282e-01
9.151497184619129532e-01
9.098967251847449589e-01
9.120902493756563034e-01
9.132458896614078503e-01
9.313184742162874397e-01
9.429817366590167449e-01
9.659138181692248359e-01
9.876150535615110249e-01
1.009468890837967203e+00
1.024444471852739902e+00
1.036252120246626163e+00
1.044161482392302887e+00
1.044543695914220915e+00
1.043115518087799787e+00
1.033321312172704731e+00
1.031283736942884666e+00
1.027187428187719354e+00
1.018595900198475901e+00
1.004426091758244821e+00
9.981370776972460224e-01
9.803354279837173113e-01
9.831275865155404414e-01
9.776945319588217220e-01
9.801601636222856406e-01
9.711727844292590284e-01
9.674339638809571484e-01
9.731417975438751977e-01
9.747512636416139076e-01
9.827065139310006137e-01
9.834497182239927415e-01
9.856397804751299008e-01
9.918215841074301542e-01
9.957825024221226284e-01
9.919111178285171526e-01
9.979506229285638463e-01
9.976813670152903102e-01
9.987560010456113524e-01
1.000780428460816607e+00
1.004413351879834160e+00
9.953932020771419920e-01
9.994356635638705910e-01
1.002769735755831615e+00
9.992628425797466241e-01
9.976268975348744350e-01
9.928503198599664126e-01
9.997611945577902226e-01
1.001679783394652024e+00
1.001080262746510963e+00
1.001399438173129486e+00
1.001962133392132914e+00
9.990013075457039315e-01
9.986207462928353706e-01
9.984638092568369760e-01
9.992697100904963659e-01
9.963613064199499103e-01
9.982025264830329814e-01
1.003524593843069468e+00
9.968641113784342256e-01
9.995795817256553084e-01
9.966508582901872915e-01
9.920295284350350018e-01
9.997859183787110027e-01
9.946413147923006681e-01
9.950768883072130810e-01
9.975836951246410678e-01
9.960494190981353801e-01
9.983441474478332855e-01
9.924489937696048258e-01
9.932909001311799324e-01
9.923944669032011001e-01
9.921158411517172482e-01
9.926761391243227317e-01
9.913135935275220190e-01
9.985171074061456320e-01
9.943470757780776825e-01
9.961750573681459331e-01
9.930008271817292176e-01
9.960792375843413593e-01
9.924081891753073759e-01
9.902775542225418226e-01
9.950178801425972885e-01
9.953809162695267387e-01
9.953640401526592241e-01
9.972535776926421125e-01
1.000204803722808178e+00
9.962224826959924506e-01
9.886734202049956011e-01
9.951192921636531352e-01
9.963092125046989489e-01
9.924026884823708983e-01
9.925907744642570307e-01
9.915851472448048431e-01
9.930443199559104706e-01
9.888609454549955879e-01
9.964990890115290600e-01
9.937854263044367809e-01
9.900662790159703297e-01
9.919109743607987806e-01
9.961094393082419174e-01
9.932042628635373571e-01
9.940166195112678515e-01
9.955448552967113285e-01
9.948360610817542637e-01
9.948211938931413867e-01
9.936623463487397334e-01
9.897512916492358093e-01
9.873652370258918509e-01
9.946251826779741734e-01
9.962489478602979398e-01
9.898640240825293812e-01
9.936486795767457414e-01
9.968255758750678153e-01
9.930513487129831729e-01
9.955501549339903500e-01
9.898640853296267750e-01
9.964828509643312016e-01
9.950708893117852227e-01
9.959917140905379940e-01
9.981664898252982088e-01
9.988831445728976188e-01
9.938386653117425862e-01
9.927369897572569934e-01
9.973211344044331517e-01
9.984255841042009028e-01
9.949335803172425496e-01
9.963595702962819711e-01
9.933053555418587255e-01
1.000742024608561431e+00
9.933587021697485309e-01
9.924607000942191615e-01
9.973559474852405904e-01
9.979923215945992743e-01
9.966257697709960395e-01
9.962543612294145756e-01
9.971748269153393185e-01
9.936400034200129072e-01
9.992370137952584219e-01
9.971746264605447774e-01
9.998234781799547610e-01
9.973548107975770405e-01
9.976551149540978658e-01
1.002895331256963507e+00
9.989274485959669381e-01
9.970079975602890165e-01
9.997065038409677085e-01
1.001416345223609117e+00
9.993999463216388657e-01
9.951652199657293751e-01
9.994074976935227728e-01
9.971438482105288159e-01
9.993078758570659303e-01
9.980022537404402705e-01
9.966295228986037369e-01
9.982178803841063042e-01
9.970877998208804716e-01
9.978637183872528515e-01
1.001120871819273228e+00
9.975650070606685293e-01
9.989416802102348836e-01
9.984358213350662536e-01
9.990917513776927938e-01
9.966868770196964933e-01
9.971635312518848382e-01
9.993435160540935502e-01
9.981538666454164987e-01
9.979088708278119890e-01
9.972888166234946672e-01
9.987304670433597709e-01
9.996926286485243729e-01
9.976230523019409269e-01
1.000476355157368991e+00
9.989467199094858030e-01
9.994466925673990421e-01
1.000375130712979121e+00
9.973681486498768844e-01
9.995044767955144627e-01
9.992895716599455858e-01
1.002065556066116914e+00
9.983212605618648761e-01
9.972942055007085749e-01
1.001538362082081024e+00
9.998874252655404193e-01
9.994226624873420173e-01
9.990778940605873348e-01
1.000037405048421979e+00
1.000554161648481877e+00
9.996962045603827729e-01
9.989517270344840938e-01
9.982552405497790993e-01
9.979577697267809633e-01
9.969976021401527611e-01
9.990516385093035634e-01
1.000027208195648720e+00
9.982060265615498862e-01
1.002453101906923605e+00
9.983553606101894795e-01
9.967413607743899062e-01
1.000009702113105359e+00
9.999319994355680974e-01
9.982548203844305856e-01
1.000124961735819884e+00
9.986630309838504527e-01
1.000214501759685293e+00
9.982596400743228848e-01
9.984961250897615992e-01
9.997808267799953574e-01
9.975988115535442402e-01
9.971964522877349024e-01
9.975393168085942008e-01
9.931060428375201310e-01
9.829792644059457407e-01
9.705656867085488138e-01
9.614952557667587607e-01
9.497943639069588162e-01
9.404937489751651336e-01
