0.000000000000000000e+00
0.000000000000000000e+00
0.000000000000000000e+00
0.000000000000000000e+00
0.000000000000000000e+00
0.000000000000000000e+00
0.000000000000000000e+00
0.000000000000000000e+00
0.000000000000000000e+00
0.000000000000000000e+00
0.000000000000000000e+00
0.000000000000000000e+00
0.000000000000000000e+00
0.000000000000000000e+00
0.000000000000000000e+00
0.000000000000000000e+00
0.000000000000000000e+00
0.000000000000000000e+00
0.000000000000000000e+00
0.000000000000000000e+00
0.000000000000000000e+00
0.000000000000000000e+00
0.000000000000000000e+00
0.000000000000000000e+00
0.000000000000000000e+00
0.000000000000000000e+00
0.000000000000000000e+00
0.000000000000000000e+00
1.601930965333244546e-05
7.102088231312216234e-03
2.123299515407004456e-01
1.284551538035350493e+00
2.773928924484144076e+00
3.152238680015696737e+00
2.466107437172691430e+00
1.614726046797906989e+00
1.022028268675979401e+00
6.939958191385263708e-01
5.445540327292514027e-01
4.996098667151220862e-01
5.229932684290589107e-01
5.809694788136074983e-01
6.631092633634402267e-01
7.615676370895161362e-01
8.618294165580979715e-01
9.640780448662018554e-01
1.061143812836983891e+00
1.129329748688563839e+00
1.187457825630358732e+00
1.217911321485249720e+00
1.220048363572994621e+00
1.205559658237953524e+00
1.180802842258013463e+00
1.141307099718240625e+00
1.106530129017789799e+00
1.061785480612227772e+00
1.022202076367964452e+00
9.784402424312154123e-01
9.462456145290271126e-01
9.109211463153779054e-01
8.876097330132770580e-01
8.634660623391238188e-01
8.595888140990026738e-01
8.680115176855597303e-01
8.837321614510125212e-01
9.113592326697791401e-01
9.407627221849802490e-01
9.737915785996273943e-01
1.006282530117645901e+00
1.027076630059559736e+00
1.042812270758409321e+00
1.060069375803214919e+00
1.064704947528009260e+00
1.067955611075200428e+00
1.067050381740903386e+00
1.061298046309686605e+00
1.056462672266702318e+00
1.039413013539258079e+00
1.027700499561005065e+00
1.016289965670189144e+00
1.003705999126576653e+00
9.983866268175766168e-01
9.872642899959883644e-01
9.841623806180037626e-01
9.829109261464654690e-01
9.820038105220652014e-01
9.812652442216541759e-01
9.837285039245150520e-01
9.851891730858207685e-01
9.870768476349240927e-01
9.924303285771096661e-01
9.938507553439902553e-01
9.964290194965166325e-01
1.000995256375027731e+00
1.001695501772350116e+00
1.002642167318985367e+00
1.005274249347792193e+00
1.001277429516895578e+00
1.006300213393467979e+00
1.004013952437043278e+00
1.004444379551608257e+00
1.003612107040802393e+00
1.002073491429188667e+00
1.001827957115604129e+00
1.001181841773548742e+00
9.994938747920835143e-01
9.992975363575729020e-01
1.001147055734855185e+00
1.001135116381712153e+00
1.000306528584596233e+00
1.000427673167136655e+00
1.002915557075607422e+00
1.003425826218018901e+00
1.002903864727245908e+00
1.003375544305387557e+00
1.002506143790929061e+00
1.003575214452012698e+00
1.001049885447949483e+00
1.001205826625078954e+00
1.000356145764633276e+00
1.001671186414979209e+00
9.995618951829606802e-01
1.000965634604809695e+00
9.991369244523580218e-01
9.993120602019529564e-01
9.991853921382057857e-01
9.986548258449852167e-01
1.000070364955382152e+00
9.994690685196674362e-01
9.982052153264280303e-01
1.000386644674873482e+00
9.997428788951334688e-01
1.000459516298391138e+00
9.986308787113856722e-01
1.001629383693321218e+00
1.001820564687376125e+00
1.000460621232263980e+00
9.995358810892926993e-01
1.001504770125039467e+00
1.001141423339544145e+00
1.000847763388785117e+00
1.000776936740604306e+00
1.000457638275273453e+00
1.001888941364498464e+00
9.995609149784890901e-01
1.001539828522961528e+00
1.000196457028464492e+00
1.002432730703838981e+00
9.999243535576460840e-01
1.000360786461545137e+00
1.000467559045538080e+00
1.000829064051714790e+00
1.000657513781945118e+00
1.000420379267073612e+00
9.997102861665397855e-01
9.999904579346688971e-01
1.000768954558304280e+00
1.000297754120124338e+00
1.001603284432892593e+00
9.995811548262669710e-01
9.997602543882595505e-01
9.990649995480922474e-01
1.001710413403309241e+00
1.000582189544812817e+00
1.001138962527701626e+00
1.001292845001531040e+00
9.992157743182277230e-01
1.000748471052620214e+00
1.000210108554566046e+00
9.998167580417814948e-01
1.000451558615697012e+00
1.001915467006510463e+00
9.997762322039219773e-01
1.001042933330785756e+00
1.000678684150498432e+00
1.001150867838894287e+00
1.001682643130901829e+00
1.000476888785385654e+00
1.001109822440559460e+00
1.000473135275481207e+00
1.001256108682724300e+00
1.001035591454129570e+00
1.000217078067985987e+00
9.999033556509787646e-01
1.000735722708465669e+00
9.997634496151717176e-01
9.999673514385304385e-01
1.001144601161982006e+00
1.001297241450554099e+00
1.000640068563912521e+00
9.998252955455767532e-01
1.000949770183315213e+00
1.000180733613960760e+00
1.001390909891696657e+00
9.998657667697674611e-01
9.998358177601139873e-01
9.998335488954436245e-01
1.000261797706530453e+00
1.000976801210017086e+00
9.997930089544178056e-01
9.999758745670341842e-01
1.001036601004056337e+00
1.001239060715310769e+00
1.000515330718922291e+00
1.001291882170589842e+00
1.001085237398789518e+00
1.000286628537522482e+00
1.000567580327416106e+00
1.001038703215207715e+00
1.000266632357120322e+00
1.001076019350531032e+00
1.001108904882642703e+00
1.000898856979870688e+00
1.001125282390446625e+00
1.001232432166063058e+00
1.001640541869067924e+00
1.000774905567767048e+00
1.000767462200382152e+00
1.000440211699213489e+00
1.001328154709882678e+00
1.000620981576283208e+00
1.000228414465365256e+00
9.998271733418337970e-01
1.000244913441642680e+00
1.001194162458188375e+00
9.996617716951851085e-01
1.000518690302952152e+00
1.000390905928687957e+00
1.000477507420030499e+00
1.000638018962590525e+00
1.001320195846111760e+00
9.997778895031567137e-01
1.000214170885542320e+00
1.000191029093725037e+00
1.000037483249804016e+00
1.001006525261684654e+00
1.001166854559477848e+00
1.000601737138365532e+00
1.000744773221713402e+00
9.999993417687967900e-01
9.999601697457017879e-01
9.999040872124949075e-01
1.000394246045055446e+00
1.000970593889844107e+00
1.000688849146851300e+00
9.995875881018464471e-01
9.997699053423497739e-01
1.000597076653783946e+00
9.993846605568015296e-01
1.000424062271290104e+00
1.000201680307124530e+00
9.999427603957777855e-01
1.000567277104271957e+00
1.000097441667406217e+00
1.000260855681778249e+00
1.000396657817573365e+00
1.000226199319922626e+00
9.999273329699307489e-01
1.000496615140312739e+00
1.000034367865063167e+00
9.994283326545089219e-01
9.998609291257626319e-01
9.994985686554811455e-01
1.000090293599621871e+00
1.000596338125138596e+00
1.000092410449249458e+00
1.000225447375817200e+00
1.000397833608336784e+00
1.000093519422890598e+00
9.996210399735842023e-01
1.000309626403080632e+00
9.996311045222888714e-01
9.999512997685100490e-01
1.000144412401602123e+00
9.945379149666735419e-01
9.840045295410133619e-01
9.728294116027997873e-01
9.624884571193682570e-01
9.514932050373469119e-01
9.410348341135916783e-01
