0.000000000000000000e+00
0.000000000000000000e+00
0.000000000000000000e+00
0.000000000000000000e+00
0.000000000000000000e+00
0.000000000000000000e+00
0.000000000000000000e+00
0.000000000000000000e+00
0.000000000000000000e+00
0.000000000000000000e+00
0.000000000000000000e+00
0.000000000000000000e+00
0.000000000000000000e+00
0.000000000000000000e+00
0.000000000000000000e+00
0.000000000000000000e+00
0.000000000000000000e+00
0.000000000000000000e+00
0.000000000000000000e+00
0.000000000000000000e+00
0.000000000000000000e+00
0.000000000000000000e+00
0.000000000000000000e+00
0.000000000000000000e+00
0.000000000000000000e+00
0.000000000000000000e+00
0.000000000000000000e+00
8.603955378342943987e-06
1.874532495818507496e-03
6.203643942147028800e-02
4.740558596081172471e-01
1.548458106620852703e+00
2.654470047299845703e+00
2.867342268994473642e+00
2.358074352921795569e+00
1.725951414530063399e+00
1.251463835083957532e+00
9.677804301817208854e-01
8.068662896755040004e-01
7.340346178397768595e-01
7.133303560343270400e-01
7.297030691911230438e-01
7.666864191792533978e-01
8.134884493445535547e-01
8.707682353003529663e-01
9.273363747405183322e-01
9.805426456254642265e-01
1.029301274303801472e+00
1.058689779424641264e+00
1.079228001691928451e+00
1.086873959022985225e+00
1.077035454822604210e+00
1.066246522920722306e+00
1.044193556264233047e+00
1.022296788963930281e+00
9.991141980335122019e-01
9.751117361977854614e-01
9.532406164779156921e-01
9.304492727047967149e-01
9.185754306367769351e-01
9.072526318128820710e-01
8.998942474044532291e-01
9.032817386674987237e-01
9.137478408000854202e-01
9.319591603923697010e-01
9.566479331737319791e-01
9.821710122913061003e-01
1.007024046568329334e+00
1.027509028137181257e+00
1.042262553370383316e+00
1.052567733999845156e+00
1.056934775561587658e+00
1.056090030689340376e+00
1.053607159065944598e+00
1.048528915126234917e+00
1.040028515219521887e+00
1.030908593206528279e+00
1.023586093391893659e+00
1.015025150451809965e+00
1.003946950575095087e+00
9.978191912722238488e-01
9.948985039021975840e-01
9.866041622247065934e-01
9.865309197617333492e-01
9.852442471453195516e-01
9.837030080163329249e-01
9.856951117279092456e-01
9.867804412259445490e-01
9.890392147462927497e-01
9.924500721854626617e-01
9.925527777772192861e-01
9.947721386248876696e-01
9.989471922524547631e-01
9.996993725079063031e-01
1.000308381669714475e+00
1.000612857146415902e+00
1.000990426194505289e+00
1.000490388444335688e+00
1.001650679808572697e+00
1.000324352725395549e+00
1.000558269091868402e+00
1.001391644660444280e+00
1.001404483633711928e+00
1.001177625588959064e+00
1.002402822579622654e+00
1.000634691617548810e+00
1.003027336677093651e+00
1.002514402865785526e+00
1.002985841405407585e+00
1.003590953837285360e+00
1.003798929312476718e+00
1.001954203610782246e+00
1.002437360668221089e+00
1.002411078179205051e+00
1.002121105368586118e+00
1.001297191366704586e+00
9.996710154105471480e-01
9.994245476167421538e-01
9.990402773044948503e-01
9.978298093742747898e-01
9.977725697926282944e-01
9.984169246021088462e-01
9.976979023030927429e-01
9.981907925087868394e-01
9.977524223474386611e-01
9.989017964660478199e-01
9.984446046578145939e-01
9.994616038174538586e-01
9.991493624225394887e-01
9.993134654837917408e-01
1.000111797764698274e+00
9.994268959147128983e-01
1.000198767213311912e+00
9.995563952080240844e-01
1.000817126325744155e+00
1.000097364451219883e+00
1.001209653547975309e+00
1.002040378834835321e+00
1.000148624431424826e+00
1.000191239236056351e+00
1.000968962695230502e+00
1.000154526084578110e+00
9.993152375195964998e-01
1.000986483178602837e+00
9.999466249058173162e-01
9.997431749209227947e-01
9.998301743425913601e-01
1.000480952869648998e+00
9.996463906665444821e-01
9.999610103283180784e-01
1.000466903492589932e+00
9.997773937817099332e-01
1.000032520492813770e+00
1.001002881683386248e+00
9.990987136189924955e-01
9.999354912459117450e-01
9.994487685990373071e-01
9.986230234145544449e-01
9.998827418742045614e-01
9.994621477125250619e-01
9.999103135668954145e-01
9.997742761281638302e-01
1.000085823304582178e+00
9.999846381534399642e-01
9.999132325961437306e-01
1.000298675735507903e+00
1.000374819416987915e+00
1.000575226864446998e+00
1.000357543243191261e+00
9.998470153258148807e-01
1.000583545286792608e+00
9.995581100877097835e-01
1.000124507612041080e+00
1.001126842012698637e+00
1.000294802398455252e+00
9.999978930867577942e-01
9.999950383708664514e-01
1.000260272478800561e+00
1.000266052808445494e+00
1.000073489872794763e+00
1.000115393606855418e+00
1.000571535807443624e+00
9.998306888017185479e-01
1.000311006241796141e+00
9.999496805191541160e-01
1.000871613350911460e+00
1.000404446889581855e+00
1.001168771523105905e+00
1.000600228194956420e+00
9.992458230352589954e-01
1.000339385987983665e+00
9.998484213460644421e-01
9.998197495218665853e-01
1.000401132722098962e+00
1.000921516492052632e+00
9.997920922407861344e-01
9.998096114134255030e-01
1.000642533330194706e+00
1.000465760151839412e+00
9.993596522127191628e-01
9.995564006758159703e-01
9.998277640418209433e-01
1.000293543844740007e+00
1.000263017403458354e+00
1.000207344858413672e+00
9.995629692264589305e-01
9.998089235757480209e-01
1.000318840818086086e+00
1.000347576956597262e+00
1.000270135234643920e+00
1.000459767503451003e+00
1.000970752593280499e+00
1.000470078873515467e+00
1.000139280457434721e+00
1.000628383246491060e+00
1.000686878624636122e+00
1.000503761862474583e+00
1.000060501893003773e+00
1.001163049254122805e+00
1.000764923723218125e+00
1.000042918672794601e+00
1.000173435713838321e+00
1.000626370776587004e+00
1.000318316833142429e+00
1.000181325691155365e+00
1.000828232903408832e+00
1.000754118358236244e+00
1.000379471113370666e+00
1.000416608069625957e+00
9.999209097915646716e-01
1.001082454916318198e+00
1.000635451144000543e+00
1.000540816900422403e+00
1.000965016687450193e+00
1.000585046647919585e+00
1.000452331582461385e+00
1.000365541776278455e+00
1.000219587446823155e+00
1.000724912840726288e+00
1.000745625589806842e+00
1.000884738962334986e+00
1.000342094286567063e+00
1.000408418820627254e+00
1.000060280837511861e+00
1.000339889093425638e+00
1.000048927365495111e+00
1.000100949122745719e+00
1.000560985852269269e+00
1.000081823827956962e+00
1.000054556743878775e+00
1.000653539777872636e+00
9.997964727889092629e-01
1.000467176480057896e+00
9.996889366367158747e-01
1.000336465040194245e+00
1.000384714251521867e+00
1.000407540325245481e+00
1.001210199116920219e+00
1.000090025056681542e+00
1.000026715573836045e+00
1.000605494262768014e+00
1.000677606666321662e+00
9.999501837515757385e-01
1.000177341647543239e+00
1.000626419325571836e+00
1.000047958193616804e+00
1.000458049284563611e+00
1.000505222922438486e+00
1.000075861713924263e+00
1.000547263652287189e+00
1.000097949514464402e+00
1.000069504610412219e+00
1.000206285623978175e+00
9.999226775998361072e-01
9.941829645955274630e-01
9.839691499325906587e-01
9.727408357904220315e-01
9.620215311385723611e-01
9.516638143279816386e-01
9.412355949193660365e-01
