0.000000000000000000e+00
0.000000000000000000e+00
0.000000000000000000e+00
0.000000000000000000e+00
0.000000000000000000e+00
0.000000000000000000e+00
0.000000000000000000e+00
0.000000000000000000e+00
0.000000000000000000e+00
0.000000000000000000e+00
0.000000000000000000e+00
0.000000000000000000e+00
0.000000000000000000e+00
0.000000000000000000e+00
0.000000000000000000e+00
0.000000000000000000e+00
0.000000000000000000e+00
0.000000000000000000e+00
0.000000000000000000e+00
0.000000000000000000e+00
0.000000000000000000e+00
0.000000000000000000e+00
0.000000000000000000e+00
0.000000000000000000e+00
0.000000000000000000e+00
0.000000000000000000e+00
6.443514803060638833e-03
1.231480914212094990e-01
5.565800739037686240e-01
1.197992783049469656e+00
1.718596907028578924e+00
1.957391317117587848e+00
2.004884686247232928e+00
1.973724941837302183e+00
1.871316871893625722e+00
1.722707169788399106e+00
1.543825522201611733e+00
1.439466545296679723e+00
1.305954250750478218e+00
1.191971776625653234e+00
1.100347015800044126e+00
1.108087511998530728e+00
1.130436729330160261e+00
1.158815685642417659e+00
1.194797490375028026e+00
1.226328160415830038e+00
1.237717048042202617e+00
1.199773127559758290e+00
1.138416674795241113e+00
1.087001926153865927e+00
1.070584384035327297e+00
1.076632206914764911e+00
1.072130264312716408e+00
1.076585484831390938e+00
1.084423800814857453e+00
1.087279148069704826e+00
1.104848498293159897e+00
1.094638118516007674e+00
1.096375309065662274e+00
1.073150676502587553e+00
1.058526716716071459e+00
1.051234993718333177e+00
1.032629467805586732e+00
1.019624296562946286e+00
1.006417022139516559e+00
1.003077183341283707e+00
1.000433503373940658e+00
1.004249759422102928e+00
9.941404529666885148e-01
1.007048751340535953e+00
1.007840301118821946e+00
1.005682380700056111e+00
1.023481778376213791e+00
1.015809553058773185e+00
1.008670694101958309e+00
1.013662731325036592e+00
1.012475936630902629e+00
1.013886106633297812e+00
1.005895851607215175e+00
1.010256532460456214e+00
1.003892380936330930e+00
1.000148806180871430e+00
9.972493335482142118e-01
1.003725680397378417e+00
9.996393845040096870e-01
9.958284510365621456e-01
9.991552825649410163e-01
9.999401367433631282e-01
9.982040185799562204e-01
1.000118710243650177e+00
9.909630656776055035e-01
9.991126728128811862e-01
9.960036210103193621e-01
9.985285938785749549e-01
9.963637412643507885e-01
9.909082973220189050e-01
9.937817865804826623e-01
1.000492195978200938e+00
9.904990790319113669e-01
9.997106383147839059e-01
9.935442203011451978e-01
9.925128876412192547e-01
9.926046578231803030e-01
9.965847924526348711e-01
9.998267448096030963e-01
9.930752887718488076e-01
9.965417248173966680e-01
9.995621984405883564e-01
9.925043442571126473e-01
9.923740067851209989e-01
9.924822841957168240e-01
9.945941806678287866e-01
9.955680936500789224e-01
9.938861905756271042e-01
9.911074658255200065e-01
9.955730286109907290e-01
9.976772317644366783e-01
9.910053894202563995e-01
9.919704390579783260e-01
9.988225540307420491e-01
1.001158394507487781e+00
9.972224855488821538e-01
9.937790843836088461e-01
9.939730983601055003e-01
9.909976391632355774e-01
9.953139170552898207e-01
9.932079379189808765e-01
9.908316736684578130e-01
9.931380507864274731e-01
9.962029161913975583e-01
9.963322757398329621e-01
9.933602731985422540e-01
9.934154282086412602e-01
9.897021571516999572e-01
9.970834264760362053e-01
9.962638289519282209e-01
9.943331130777550708e-01
9.899259301232617991e-01
9.942709369758140348e-01
9.897586844688261998e-01
9.932175228647582843e-01
9.947139370611868259e-01
9.959048205342110327e-01
9.940835018161454650e-01
9.933662324779020114e-01
9.942848283151171085e-01
9.917758870809638694e-01
9.918652226628827950e-01
9.925589929922100652e-01
9.914409078941546216e-01
9.931130842103322864e-01
9.911195740359869388e-01
9.917220292184906194e-01
9.968029982129267275e-01
9.943331944788741383e-01
9.944426928703909985e-01
9.929470605688950346e-01
9.967505855634452017e-01
9.923401799756497166e-01
9.926239577491579036e-01
9.937101966514758633e-01
9.956054266413022491e-01
9.925842545637220127e-01
9.930819222119136036e-01
9.980134589969327230e-01
9.921602094259911464e-01
9.911661667614417581e-01
9.945176852432011660e-01
9.945618846804276103e-01
9.934698306788362077e-01
9.909736545151530684e-01
9.976210844005094502e-01
9.963484615038652459e-01
9.913782802638453351e-01
9.966211029582591197e-01
9.950617101155920796e-01
9.940985719435645462e-01
9.906787947496527025e-01
9.930204090081624635e-01
9.940856601789710423e-01
9.938808937349976613e-01
9.963709949363195317e-01
9.942409956589027820e-01
9.909541738463240046e-01
9.942128622495861601e-01
9.935543916550083621e-01
9.949345824520715587e-01
9.955822676297362284e-01
9.937344278130788577e-01
9.936577965117393552e-01
9.963961617078265220e-01
9.931860132544910735e-01
9.934677535571462270e-01
9.975695802536796997e-01
9.929049741748782187e-01
9.948892841996916925e-01
9.964520697867980115e-01
9.948995768112151028e-01
9.953737057405206423e-01
9.970523336804912873e-01
9.946922526396342334e-01
9.943490146785864958e-01
9.956630702126536558e-01
9.942348994375151960e-01
9.955753459165007646e-01
9.943405655680542798e-01
9.960915232394084162e-01
9.952596226319405659e-01
9.998207310614125598e-01
9.950321308083962535e-01
9.938827960782115056e-01
9.974985082665831504e-01
9.951313672248264242e-01
9.980150945889052494e-01
1.000964320195638413e+00
9.949640897630247505e-01
9.990953416219442440e-01
9.981364428453052273e-01
9.990137335116964223e-01
9.980861375450921225e-01
9.995802457050851908e-01
9.967680104450044043e-01
9.972333002398413582e-01
9.988807963783447041e-01
9.965336863100777709e-01
9.974568602531934669e-01
9.981628530697901347e-01
9.958389070335258442e-01
9.977926054185390914e-01
9.984496367945658868e-01
9.963617721543912564e-01
9.994786506824572259e-01
9.969953358430783119e-01
9.976120670621213549e-01
9.992002162309544522e-01
9.975013716690339649e-01
9.988813472055922960e-01
9.972361075065735436e-01
9.956554401309629654e-01
9.992312755171908201e-01
9.973128734139787843e-01
9.997732997435240243e-01
9.997146143269263208e-01
9.987516409149220786e-01
9.996036375601856649e-01
9.996996809533916784e-01
9.979633874720321707e-01
9.984010005666115184e-01
9.969518085785732397e-01
9.985572003518519146e-01
9.983710212585654720e-01
9.979781888145793367e-01
9.978326181660360783e-01
9.993566020053580301e-01
9.988971353454912938e-01
9.985222469275334412e-01
1.000642261813076139e+00
9.986597637515164383e-01
9.997050522961121732e-01
1.000351391234850285e+00
1.001243725240285487e+00
9.996953328126706451e-01
1.000331648586082256e+00
1.000973484601938690e+00
1.001316784774357371e+00
1.001653396770052051e+00
1.001687072923076238e+00
1.002355574853634357e+00
1.002771749159184322e+00
1.001226936531619538e+00
9.984376641010627162e-01
1.001166288182784969e+00
1.000107608166901585e+00
1.001534973318871202e+00
1.000278005007564142e+00
1.000141562372465209e+00
1.002628119250576155e+00
1.001317748878781000e+00
1.002692394695964939e+00
1.000424731159655467e+00
