0.000000000000000000e+00
0.000000000000000000e+00
0.000000000000000000e+00
0.000000000000000000e+00
0.000000000000000000e+00
0.000000000000000000e+00
0.000000000000000000e+00
0.000000000000000000e+00
0.000000000000000000e+00
0.000000000000000000e+00
0.000000000000000000e+00
0.000000000000000000e+00
0.000000000000000000e+00
0.000000000000000000e+00
0.000000000000000000e+00
0.000000000000000000e+00
0.000000000000000000e+00
0.000000000000000000e+00
0.000000000000000000e+00
0.000000000000000000e+00
0.000000000000000000e+00
0.000000000000000000e+00
0.000000000000000000e+00
0.000000000000000000e+00
0.000000000000000000e+00
1.618418453416835322e-04
6.893525511169781156e-03
1.221822479284733892e-01
5.586905352515932899e-01
1.227701618359254176e+00
1.743035920498333891e+00
1.977675057816003168e+00
2.007012163833989060e+00
1.988393285971852276e+00
1.882672150672222378e+00
1.740026099257137915e+00
1.597173644035408735e+00
1.439413585340558965e+00
1.295178435757206703e+00
1.168375419519672942e+00
1.114729631714125535e+00
1.106267569006428975e+00
1.120315813971259011e+00
1.167737093234597845e+00
1.216934273972463121e+00
1.237696547514011147e+00
1.224122594286973120e+00
1.208623376743793054e+00
1.129320792433527121e+00
1.104256487858228608e+00
1.064424615243471983e+00
1.063014095479252852e+00
1.076288120354838229e+00
1.088056864718931482e+00
1.088004644061626891e+00
1.085746273969634190e+00
1.104856796137340114e+00
1.097990489112216306e+00
1.097925179442872823e+00
1.092398094568629130e+00
1.065326400897269599e+00
1.048689887168378743e+00
1.040485587727888905e+00
1.024834861948594522e+00
1.005093215940559892e+00
1.005720459712962978e+00
9.953361442060286723e-01
1.006673434279125035e+00
1.011119811047344053e+00
1.007661158298175597e+00
1.015086641565381864e+00
1.019090780005893038e+00
1.022669506911153769e+00
1.010188907941351300e+00
1.016778794870460079e+00
1.017146688330059723e+00
1.017939310374678774e+00
1.022873623117351416e+00
1.022001330931725516e+00
1.012389359594175309e+00
1.017115551820588548e+00
1.011608929250896738e+00
1.010352246749287586e+00
1.011371085272677606e+00
1.011174559941514062e+00
1.010580900342149091e+00
1.002528074461888075e+00
9.989488111581464880e-01
1.009989054629244265e+00
1.003707275941293720e+00
1.009560295486284343e+00
1.006911157829165626e+00
1.000412785445376151e+00
1.004506960066684051e+00
1.002901095353759819e+00
1.002388210267354696e+00
1.002811316199048397e+00
1.008442462896651737e+00
9.981700983348691381e-01
1.001000384773377494e+00
9.975916338261439087e-01
1.002969497015068878e+00
1.000775815498467614e+00
1.003421339689419378e+00
1.002997390625017582e+00
9.980970880229487197e-01
1.002083588339041320e+00
9.991921941118155903e-01
9.976492663157653373e-01
9.951530891279071200e-01
9.992810685662354420e-01
1.001569201372540352e+00
1.001913632944774868e+00
9.980707496664736889e-01
9.952523389355441008e-01
9.959318425603115310e-01
9.995511439713571367e-01
9.977043323305677669e-01
9.993749662649478172e-01
1.003444547929769559e+00
9.967460703467745375e-01
9.944518673130141595e-01
9.968968541759224422e-01
9.986633274616406597e-01
1.000319338487809961e+00
9.981072431135139533e-01
9.964251710349526503e-01
1.000312130120798670e+00
9.965703035021157286e-01
9.970982899987199666e-01
9.952188006821206523e-01
9.954781967945206533e-01
9.967614724346099964e-01
9.996959314621713943e-01
1.000548186483982027e+00
9.951154744549983722e-01
9.987608327061746616e-01
9.973130223732676880e-01
9.940030451247837684e-01
9.954554340267088852e-01
9.946705230916114138e-01
9.994855098071262489e-01
9.974800401285063289e-01
9.942985212596068267e-01
9.964573894292650946e-01
9.958381555661985907e-01
9.969770085847707852e-01
9.991594291996946930e-01
9.986632645643334083e-01
9.914463065266923003e-01
9.941928125310228737e-01
9.988808746432289443e-01
9.970248985933114483e-01
9.920948346262594697e-01
9.960755354465342659e-01
9.960112138099284085e-01
9.899884732206204463e-01
9.937499329127771341e-01
9.963911153494405815e-01
9.931581558009562327e-01
9.946921822773115984e-01
9.953575673819198277e-01
9.934521007769446799e-01
9.944873057835416086e-01
9.962719010898214433e-01
1.000277202839247037e+00
9.946725030445373594e-01
9.950159231388326919e-01
9.934535844487668577e-01
9.946429360967328215e-01
9.980750062496892561e-01
9.921522244996622275e-01
9.958211759681071529e-01
9.985182015054749893e-01
9.948630441188573981e-01
9.932866958986078521e-01
9.943174049622299782e-01
9.926628854183946471e-01
9.938303773909850092e-01
9.964162137412562181e-01
9.961056570997850468e-01
9.963932136617527080e-01
9.962733799473753038e-01
9.962751370706761644e-01
9.945764937201501121e-01
9.956246047443123581e-01
9.946837054128899736e-01
9.985890783656438119e-01
9.967514741934179190e-01
9.994340404207912032e-01
9.969851578239925516e-01
9.937205650285620973e-01
9.962526755876743856e-01
9.955761320432209294e-01
9.948413213519193832e-01
9.968452402025569370e-01
9.976829589571298840e-01
9.982259843067016192e-01
9.942973179979581744e-01
9.923301768361554309e-01
9.959739177658726295e-01
9.966425651303163491e-01
9.973084949015437184e-01
9.951683703106545265e-01
9.977386905677658735e-01
9.953419948542597817e-01
9.971037859849130047e-01
9.932780070170379449e-01
9.957623463548793685e-01
9.943364103245104779e-01
9.968759699576583699e-01
9.957655569003708296e-01
9.954849233065898861e-01
9.957731201873857296e-01
9.965937219243586886e-01
9.972769203867386523e-01
9.972425834329636807e-01
9.956204189924676706e-01
9.964706532886774548e-01
9.956060454334254572e-01
9.948135106178702669e-01
9.968843268460720886e-01
9.971706202319711165e-01
9.938678606300904717e-01
9.961495727737373906e-01
9.976397921483111109e-01
9.966645622744977340e-01
9.953933555667694444e-01
9.964284110919212623e-01
9.986466148803740950e-01
9.968189772650233316e-01
9.968866583951981886e-01
9.944376842608479983e-01
9.963760640618165576e-01
9.996042181018077732e-01
9.979688267067819973e-01
9.973150983491660959e-01
9.985010515717717139e-01
9.981000163237703227e-01
9.965515537841665994e-01
9.949360495718805319e-01
9.986692622008895848e-01
9.973154535301800294e-01
9.971607854835006224e-01
9.971900736711357682e-01
9.995503101204725738e-01
9.976060598732350293e-01
9.988323460418891964e-01
9.983005110182759934e-01
9.979175532692137196e-01
9.982317966129226061e-01
9.966474954712806200e-01
9.966945561739464221e-01
9.973125812298011539e-01
9.975635125585582408e-01
9.984974395601882158e-01
9.961134220009081330e-01
9.971728539042815642e-01
9.982239123640815892e-01
9.964205217369876966e-01
1.000001960407925106e+00
9.977477485681619518e-01
9.982436282169748765e-01
1.000022070794432061e+00
9.955152442719732431e-01
9.972219035294946909e-01
9.954057293522471372e-01
9.966879447387169133e-01
9.964664497333213244e-01
9.988843004622128818e-01
9.979869133967664840e-01
9.987776341455378848e-01
9.971231395566410027e-01
9.967760636816662689e-01
9.977764572632220608e-01
9.979484403007147231e-01
9.980106132189897616e-01
9.967857966456176166e-01
9.982749233763407171e-01
9.995313309863451678e-01
