0.000000000000000000e+00
0.000000000000000000e+00
0.000000000000000000e+00
0.000000000000000000e+00
0.000000000000000000e+00
0.000000000000000000e+00
0.000000000000000000e+00
0.000000000000000000e+00
0.000000000000000000e+00
0.000000000000000000e+00
0.000000000000000000e+00
0.000000000000000000e+00
0.000000000000000000e+00
0.000000000000000000e+00
0.000000000000000000e+00
0.000000000000000000e+00
0.000000000000000000e+00
0.000000000000000000e+00
0.000000000000000000e+00
0.000000000000000000e+00
0.000000000000000000e+00
0.000000000000000000e+00
0.000000000000000000e+00
0.000000000000000000e+00
8.587161141068725334e-04
7.659131225312343361e-02
7.197491957289675613e-01
1.788661359328415967e+00
2.167446877826761042e+00
1.964036066188577845e+00
1.671747080483529491e+00
1.442451307975545216e+00
1.254932529263893315e+00
1.101445263535889119e+00
9.891235903524624451e-01
9.105272685080535444e-01
8.611919950125817014e-01
8.313198033226980588e-01
8.082971129064085991e-01
7.954358372122778409e-01
8.032961112067309450e-01
8.314709017650598888e-01
8.742297953746590577e-01
9.218477531262033731e-01
9.749587523162775993e-01
1.018904853092468477e+00
1.052406158062951125e+00
1.066324140181728275e+00
1.071539766341981226e+00
1.067217710928950014e+00
1.062052093928235630e+00
1.053519170014645345e+00
1.038357585452517995e+00
1.022987196710934077e+00
1.004657254571263314e+00
9.924460220836502922e-01
9.778080785408336251e-01
9.708249347987205624e-01
9.634381811464364231e-01
9.601411831633320793e-01
9.587440997525898956e-01
9.653603098381328129e-01
9.684233993809103769e-01
9.743082619899593455e-01
9.821428600064786574e-01
9.879533329488368043e-01
9.942575432481371989e-01
1.002121965874689158e+00
1.006734467059316795e+00
1.010830860253786101e+00
1.014810722584551739e+00
1.013335999390659881e+00
1.014106604628050690e+00
1.012491935827975809e+00
1.009825723375229245e+00
1.005526035330630119e+00
1.002416463788706746e+00
9.981438833298582614e-01
9.959140384840232674e-01
9.926432078620681665e-01
9.913840585696471752e-01
9.908620124306953825e-01
9.906137341035764488e-01
9.914033267961346318e-01
9.929220670310986430e-01
9.946802143579792643e-01
9.955315941508963151e-01
9.961080107287194618e-01
9.986398047254847476e-01
1.000248634371718515e+00
1.000699917823450580e+00
1.001894532383489356e+00
1.001549375744920312e+00
1.001339295411272090e+00
1.000534824918501986e+00
1.000130521445058651e+00
9.990052643778922770e-01
9.984526437405150112e-01
9.972492269751681571e-01
9.968626165369578462e-01
9.967765361110040301e-01
9.964209623975031072e-01
9.977957082369459663e-01
9.980917918063380023e-01
9.982407252401517272e-01
9.981401804637272113e-01
9.983098680130970681e-01
9.985168810276717766e-01
9.994822466576477327e-01
1.000361425797919201e+00
1.000025909989934902e+00
1.000296716421571253e+00
9.999189824864084253e-01
9.996378790633075884e-01
9.995704337217707902e-01
9.987884930620135604e-01
1.000270498552429776e+00
9.990940024861427737e-01
9.993357561161588798e-01
9.992621776679166956e-01
9.985180500619866839e-01
9.975107836311259968e-01
9.978156017567201275e-01
9.980553514245738000e-01
9.968143305848374824e-01
9.982463199654416641e-01
9.985306678761747268e-01
9.993431466741740099e-01
9.986975780318249063e-01
9.992376144487538081e-01
9.993314426466455291e-01
9.994361131337202719e-01
9.995670449285795067e-01
1.000013312739419291e+00
9.988240964512793418e-01
9.992215198659059050e-01
9.987817508282764711e-01
9.990432701940525906e-01
9.995931747221642460e-01
9.992988506837340301e-01
9.988972387590789870e-01
9.985437644801291590e-01
9.988875207650336208e-01
9.993017750244862496e-01
9.984508309091847389e-01
9.991634328142863231e-01
9.995258086494142047e-01
9.989841267315423545e-01
9.990267343879553064e-01
9.987138918272433497e-01
9.997816490052606753e-01
9.987582590443869757e-01
9.999463053076960151e-01
9.989030365178303006e-01
9.990521127840469306e-01
9.991538822812998655e-01
9.994870485949272076e-01
9.990650245690951836e-01
9.997734548479788597e-01
9.989487899716198438e-01
9.997424258474707504e-01
9.992085102478543979e-01
9.991269507358974122e-01
9.989410802041170934e-01
9.992835160849069531e-01
9.989263522414106866e-01
9.992142794104497128e-01
9.994661410690988124e-01
9.996994979716689045e-01
9.986476436376927612e-01
9.987074536234198385e-01
9.995248743188754892e-01
9.997820711793183879e-01
9.995660892897006988e-01
9.993352088590270466e-01
9.991956642599082450e-01
9.992075235323124582e-01
1.000070690952943098e+00
9.997070360146911305e-01
1.000025943182130117e+00
9.989258350284885291e-01
9.998022166001608868e-01
9.996211372771955928e-01
9.996647791417259121e-01
9.989822899012229529e-01
1.000148850412970525e+00
9.994406036932713677e-01
9.993388661408896256e-01
9.999361140178260055e-01
9.996432703850191004e-01
9.996131573463682418e-01
1.000013028231949486e+00
9.994875402421270483e-01
9.994200455082797863e-01
9.998344964708089089e-01
9.997646682627261416e-01
9.991672641910782637e-01
1.000472128430595964e+00
9.998623934055062001e-01
9.995735491593303879e-01
9.993562136741993562e-01
9.996365473990233008e-01
9.998758159946283808e-01
9.997104494919452078e-01
9.994896618596454951e-01
1.000251834428647957e+00
1.000289475995313815e+00
9.995028798594841613e-01
9.997586805694961276e-01
1.000149810866653777e+00
9.999607895092481602e-01
9.997692244144199547e-01
1.000075733288971369e+00
9.998045711077705455e-01
1.000114822662582004e+00
9.995905861300242723e-01
9.999006332671257491e-01
1.000163743078917866e+00
9.996593243783790106e-01
9.999380306028973209e-01
9.995109203159272537e-01
9.999846234188475291e-01
9.995573589602080311e-01
9.999578716793477984e-01
9.996093452374777977e-01
9.997451980217851863e-01
9.998622251308251219e-01
1.000064352519523858e+00
9.996670110737103654e-01
1.000127668597112329e+00
9.998445289666632041e-01
9.999126852576349922e-01
9.997486762540017668e-01
1.000299098024703071e+00
1.000529246346711920e+00
9.998315287431839282e-01
1.000091989855776964e+00
9.998183154471939060e-01
9.996170505877766121e-01
9.999644751242159346e-01
9.999265182062898605e-01
9.994779108471310014e-01
1.000069042292750954e+00
9.999191618714013963e-01
9.998009755238885798e-01
1.000145121684949512e+00
1.000129297923773253e+00
1.000277642041736303e+00
9.999392800515355395e-01
9.999905091377261357e-01
1.000477150290041584e+00
9.996686847018180222e-01
9.998569522160166700e-01
1.000148950211151799e+00
9.996589269728728411e-01
9.995993731303726149e-01
9.997926597956078298e-01
9.999630170938242912e-01
1.000011053164383101e+00
1.000160159946773319e+00
1.000404591217000982e+00
1.000026994718808293e+00
1.000256305606275431e+00
9.999651076693019114e-01
9.995649176448249129e-01
9.999805807445821815e-01
9.999809528740397635e-01
9.998934710728648589e-01
9.997240277935551811e-01
9.997362592096801226e-01
9.998284771667351745e-01
1.000150178236158816e+00
1.000136110683765844e+00
1.000606429109645701e+00
1.000138804655608338e+00
1.000245406841054674e+00
1.000140848939672811e+00
1.000229530638725883e+00
9.996327710118755316e-01
1.000011606891183513e+00
