0.000000000000000000e+00
0.000000000000000000e+00
0.000000000000000000e+00
0.000000000000000000e+00
0.000000000000000000e+00
0.000000000000000000e+00
0.000000000000000000e+00
0.000000000000000000e+00
0.000000000000000000e+00
0.000000000000000000e+00
0.000000000000000000e+00
0.000000000000000000e+00
0.000000000000000000e+00
0.000000000000000000e+00
0.000000000000000000e+00
0.000000000000000000e+00
0.000000000000000000e+00
0.000000000000000000e+00
0.000000000000000000e+00
0.000000000000000000e+00
0.000000000000000000e+00
0.000000000000000000e+00
0.000000000000000000e+00
0.000000000000000000e+00
8.895581140355184784e-04
7.738211933189549641e-02
7.209279527585876757e-01
1.797400595513539256e+00
2.166804416287984481e+00
1.963594178156003345e+00
1.673245124962353669e+00
1.438754156358022396e+00
1.249916207876271113e+00
1.100793890395222130e+00
9.901179863686726534e-01
9.067628830213185775e-01
8.605252404223837637e-01
8.333152335374554021e-01
8.121842095277326257e-01
7.937830211245657797e-01
8.013086544980361214e-01
8.327729148009225257e-01
8.719761253584629168e-01
9.235749334593372772e-01
9.751174035978330545e-01
1.019034318614675971e+00
1.050840168941053143e+00
1.066191090801230201e+00
1.070674833161700201e+00
1.069225134747967987e+00
1.061086736508254580e+00
1.053198497341848228e+00
1.039220301551186720e+00
1.024338437007331848e+00
1.005896090370943963e+00
9.907960227090762961e-01
9.773909054431432208e-01
9.670143259018914028e-01
9.617827398164386921e-01
9.609797807571849315e-01
9.612756155552417692e-01
9.627881768353960812e-01
9.666447229510582995e-01
9.730461588779363291e-01
9.802922355451187952e-01
9.887762281281694543e-01
9.934022330302638704e-01
1.002564071938607304e+00
1.007172682439900546e+00
1.012347198130995052e+00
1.013549754936369673e+00
1.015648879544256422e+00
1.012234721538531002e+00
1.012784289615599409e+00
1.009450143636541730e+00
1.004826129932715917e+00
1.002809066083740763e+00
9.979278435761427257e-01
9.955179081919128814e-01
9.925397400938703596e-01
9.914036221801074689e-01
9.896936049695933546e-01
9.897275422368858599e-01
9.915476783730597932e-01
9.942629765577490897e-01
9.945821242366101878e-01
9.948088654106922446e-01
9.974083082641205245e-01
9.983705795388996274e-01
1.001034192224834696e+00
1.000579088382082649e+00
1.000515660513198180e+00
1.001231319380569973e+00
9.992989752163481398e-01
1.000287153360617909e+00
1.001227431857727668e+00
9.987311683395926343e-01
9.983441436897501076e-01
9.979688269527362543e-01
9.973584828138604141e-01
9.968252058233124657e-01
9.983546042945028454e-01
9.982274029401499993e-01
9.976305900438366958e-01
9.987154608246892051e-01
9.994782151757967137e-01
9.989829911609496849e-01
9.995607562275180547e-01
9.999282057282231628e-01
1.000407369957931669e+00
1.000473531825006202e+00
1.000478005340162291e+00
1.001028147601406015e+00
1.001270149281579425e+00
1.000106823937732647e+00
9.999712187681817355e-01
1.000010636634109717e+00
9.998529103217381753e-01
1.000022549434920416e+00
9.985537454317550132e-01
9.998428930037035478e-01
9.984282091583812635e-01
9.981944008685786907e-01
9.988839840337008225e-01
9.994362480569815022e-01
9.988547857520589934e-01
9.994150720286425482e-01
1.000105469887707654e+00
1.000436834136024133e+00
9.998703077803624550e-01
1.000027107793679093e+00
1.000815769567839464e+00
1.000519212364659793e+00
1.000377508945313298e+00
9.997049093686611876e-01
1.000463824265095392e+00
9.999636127959783405e-01
1.000534639372132162e+00
1.000776080872177953e+00
9.999993696593768577e-01
1.000150409023760956e+00
9.987404740941067116e-01
1.000229990822940174e+00
9.996627675686140524e-01
1.000157654144153696e+00
1.000311946297857579e+00
1.000078831840339300e+00
9.996964113773227911e-01
9.996906647991540273e-01
9.995606803163669118e-01
1.000185053111201983e+00
9.998872198225980945e-01
9.996947032503360475e-01
9.994198144498439573e-01
9.999219505445893219e-01
9.994506165017909005e-01
9.992249702511456499e-01
1.000744836389909631e+00
9.997429450949064655e-01
1.000261212159009316e+00
9.996357186240139026e-01
1.000529767110765578e+00
1.000127531772975864e+00
9.994566240681125313e-01
1.000236076337926772e+00
1.000159079334675960e+00
9.993348831700976653e-01
9.992811625198545489e-01
9.999874712416895184e-01
1.000109447438786381e+00
9.997048220959775522e-01
9.998882299431645082e-01
9.998803939948072150e-01
1.000582117362467383e+00
1.000061688842614371e+00
9.997550091823974583e-01
1.000156087450375209e+00
9.996948204935002247e-01
1.000063843972988531e+00
9.990940461704270747e-01
9.997765415856753046e-01
9.996140796606710621e-01
1.000203354165717817e+00
9.993547656165684412e-01
9.997517581828273547e-01
1.000289447982938729e+00
1.000266625786898844e+00
1.000148518009774667e+00
9.998388554019433938e-01
1.000094755925660328e+00
1.000265939863098641e+00
9.996185649939666185e-01
1.000044468300362643e+00
9.999926074655622887e-01
1.000469176724708031e+00
9.999271101023033959e-01
1.000703441838429963e+00
1.000175824807449265e+00
1.000230348781896206e+00
1.000671774472851938e+00
1.000499921283605653e+00
1.000373886008719904e+00
9.998435350904432140e-01
1.000510833908016428e+00
1.000319588845278274e+00
9.997143732650535242e-01
1.000204764975574534e+00
1.000018193439456970e+00
1.000909598628762165e+00
1.000150483847125793e+00
1.000908567430032425e+00
1.000513416683466605e+00
1.000372771558654783e+00
1.000082505598671290e+00
1.000468251756605920e+00
1.000282906253790127e+00
9.998174569947171353e-01
1.000256084611607532e+00
1.000620516957812178e+00
1.000428389804218554e+00
1.000373030995018953e+00
1.000613813704902544e+00
1.000608478921355848e+00
1.000174473198148561e+00
1.000637910196627400e+00
1.000789807714289381e+00
1.000547603939363928e+00
9.999467717242315201e-01
1.000458784889077135e+00
1.000726874756073581e+00
1.000909406404010937e+00
1.000438856710771818e+00
1.000335132741069888e+00
1.000254779020853579e+00
1.000673134212329840e+00
1.000705732041228924e+00
1.000239620661520501e+00
1.000649982104160118e+00
1.000283360765404694e+00
1.000047901164161424e+00
1.000645829679142285e+00
9.998670190513574418e-01
1.000132626850443573e+00
1.000191075269647678e+00
1.000561225582959235e+00
1.000867418487219274e+00
9.999932891950853442e-01
1.000706131671833976e+00
1.000563122567042607e+00
1.000253877681445136e+00
1.000290779025139187e+00
1.000636501045692794e+00
1.000565160007571563e+00
1.000348030837256985e+00
1.000491438562697288e+00
1.000439643680904211e+00
1.000096372552426782e+00
1.000254145741906520e+00
1.000286238023919028e+00
1.000578652863003404e+00
1.000386369345965809e+00
1.000304719554954147e+00
1.000242364032491338e+00
9.999510493316262627e-01
1.000103277075210739e+00
1.000333938104738252e+00
1.000274734737317761e+00
1.000238947324808558e+00
1.000266979129093237e+00
1.000544174304985434e+00
1.000484408278101700e+00
1.000562506170664889e+00
1.000019021806825892e+00
1.000165029832171371e+00
1.000276896587955600e+00
1.000387329935993330e+00
1.000239587487594672e+00
1.000260922631986960e+00
1.000366750401238791e+00
9.997860424644445798e-01
