0.000000000000000000e+00
0.000000000000000000e+00
0.000000000000000000e+00
0.000000000000000000e+00
0.000000000000000000e+00
0.000000000000000000e+00
0.000000000000000000e+00
0.000000000000000000e+00
0.000000000000000000e+00
0.000000000000000000e+00
0.000000000000000000e+00
0.000000000000000000e+00
0.000000000000000000e+00
0.000000000000000000e+00
0.000000000000000000e+00
0.000000000000000000e+00
0.000000000000000000e+00
0.000000000000000000e+00
0.000000000000000000e+00
0.000000000000000000e+00
0.000000000000000000e+00
0.000000000000000000e+00
0.000000000000000000e+00
0.000000000000000000e+00
2.094548616033497872e-04
3.364311009743115033e-02
8.785281469405012977e-01
2.994383963737600407e+00
3.551239021855662426e+00
2.293998257702381860e+00
1.161149235248268186e+00
5.493061041034554837e-01
3.018777941861782721e-01
2.395348689897356664e-01
2.415908447339222831e-01
2.531150378158554815e-01
2.868142399967620881e-01
3.051623290392677657e-01
3.320151107029992166e-01
3.329858889445027614e-01
3.543844737190228189e-01
4.092783668320577051e-01
5.196546513943679502e-01
6.496006586910100244e-01
8.211269410416398573e-01
1.013432593963132788e+00
1.162097805404763262e+00
1.275353447855610778e+00
1.375116280694042681e+00
1.454004078581612180e+00
1.530754686164781830e+00
1.546270599304364168e+00
1.525381486949282994e+00
1.450310001694695927e+00
1.340385666994420077e+00
1.197039271219954903e+00
1.068622869576411505e+00
9.743128745890431430e-01
9.051345912723216536e-01
8.691769749605586792e-01
8.551788501850078328e-01
8.477744315475812531e-01
8.620013756904041369e-01
8.759165967798010488e-01
9.044288781982385839e-01
9.188471352959394212e-01
9.329908129341274448e-01
9.650518053104841787e-01
9.779742394515751336e-01
9.915288888773469145e-01
1.010655864221874589e+00
1.011361191376207502e+00
1.028364900036735863e+00
1.036510548426826883e+00
1.034426753614612782e+00
1.043537496596881109e+00
1.036931733074360595e+00
1.027888765969423801e+00
1.000398509395207025e+00
9.913854079748042336e-01
9.872431397682173149e-01
9.735013037874251651e-01
9.644915489233863992e-01
9.676966612806218171e-01
9.750418419231102751e-01
9.634791262025401704e-01
9.721856685748919702e-01
9.778141370456955306e-01
9.723937180886201848e-01
9.873611965095240306e-01
9.936035264246908527e-01
1.002057008698577167e+00
1.005667559146129486e+00
1.007341846865491997e+00
1.009199149668013940e+00
9.998801639353819271e-01
1.011496040825969889e+00
1.000470205762256537e+00
1.005894361806522808e+00
1.008219569329606990e+00
1.003655348640913436e+00
9.978538579966836908e-01
1.004569519262461075e+00
9.952288842305991867e-01
9.942814800008580312e-01
9.923323990434751440e-01
9.907464746011834800e-01
9.904294161405946539e-01
9.900731680314110994e-01
9.922073956909914783e-01
9.901583899602821592e-01
9.925540920461127792e-01
9.967154272436445916e-01
9.956767041089598091e-01
1.000957698417031416e+00
9.935407281987357342e-01
9.991725208996404817e-01
1.000534995987775622e+00
1.004100230139800320e+00
1.002369861994198086e+00
1.006429715658135216e+00
9.983894247090939755e-01
1.008307640823431273e+00
1.007502777017871276e+00
1.009465306952928909e+00
1.003605378606481358e+00
1.002031329288308514e+00
1.000236030466970183e+00
1.003210606722112486e+00
1.002555318294648279e+00
9.984501342083924591e-01
9.992617158632846053e-01
9.994910879660130476e-01
1.003771187085896521e+00
1.002781573709708995e+00
1.002834896596290548e+00
1.001618259310015802e+00
9.995327025722315906e-01
1.003911975985616989e+00
1.003501592875017945e+00
1.004453463064445051e+00
1.000367225294198636e+00
1.003702336568689457e+00
1.002567139694073184e+00
1.001969326110827119e+00
1.003265114535192515e+00
1.005650896739638700e+00
1.002926861376477019e+00
1.002858992555319295e+00
1.000008338656100060e+00
1.007126196434383614e+00
1.000355710259112740e+00
9.986120405991082416e-01
1.002224051039329877e+00
1.001297490283833413e+00
1.001892654252936943e+00
1.001194677459190885e+00
1.003003564942954728e+00
1.001619042726753950e+00
1.001307321201035716e+00
9.995783536030132810e-01
1.001069465501364997e+00
9.977245333729629628e-01
1.001606574401582961e+00
9.983459867267797661e-01
1.003560802342138736e+00
1.001938289668155235e+00
1.000587630866393907e+00
1.004690020112053883e+00
1.005772651363016079e+00
9.994421485827275076e-01
1.003344003480597602e+00
9.969339980483271635e-01
1.001427747456188344e+00
9.997284556829169055e-01
1.001599449896850791e+00
9.997191255331951965e-01
9.986795369442762471e-01
1.000583934148583376e+00
1.001662042151663767e+00
9.974793564161998916e-01
9.964157822556536370e-01
9.992758898539066958e-01
1.001237903490006964e+00
1.000982160314659586e+00
9.980353801240695599e-01
9.972848452793519058e-01
1.001157484715299750e+00
9.998456648790551293e-01
9.990134317199559355e-01
9.965947100528453895e-01
9.997745823999707460e-01
1.000425530134711360e+00
9.983532345424537269e-01
9.951304730664474185e-01
9.974582144878432199e-01
9.987232110214850911e-01
9.972874584411206556e-01
9.946586822441961795e-01
1.000101317763138375e+00
9.970690643804588360e-01
9.971166532002356808e-01
9.980407338500749681e-01
9.966637792221575420e-01
9.974729066718609483e-01
9.992850829683502800e-01
1.001619957717432507e+00
9.980985974756882984e-01
1.000108719535915291e+00
9.956520081998182503e-01
9.953465778319517954e-01
9.940185431258433679e-01
9.971295224984929595e-01
1.001479411196041447e+00
9.972220331060952514e-01
9.951664603692190747e-01
9.986781212931588048e-01
9.989946178000835841e-01
9.952153797331331209e-01
9.970223348443408851e-01
9.970720195700418786e-01
9.947530364872158026e-01
9.951657958750746991e-01
9.977264024309886459e-01
9.966717431069108679e-01
9.971321176896343896e-01
9.988126993848324142e-01
9.951289251185256868e-01
9.975714490791167677e-01
9.993416437434367028e-01
9.963883656479384232e-01
9.960390071190399208e-01
9.972172967953583100e-01
9.957582018268877899e-01
9.955521818392070177e-01
9.972522481419084928e-01
9.970220814151621314e-01
9.953783003373783966e-01
9.989306709797324269e-01
9.970380795459555801e-01
9.972184937759259737e-01
9.966502565784164380e-01
9.957495494554338133e-01
9.973981877655486716e-01
9.983471584880555527e-01
9.977162481963945950e-01
9.981884583035455227e-01
1.000913376852219372e+00
9.983738467883579437e-01
9.979778814125765951e-01
9.988008012952922510e-01
9.982809695519203608e-01
9.990278690244268622e-01
9.981978769746109315e-01
9.993846045555472291e-01
1.001400553229969681e+00
9.985289490412569968e-01
9.984176345478517067e-01
9.998814016753623246e-01
9.972876975727278381e-01
9.979766086441621553e-01
9.975280590922105395e-01
9.984807372002115766e-01
9.977748250260330964e-01
9.944610522112105055e-01
9.988892148062380461e-01
9.963518495259916508e-01
9.973600335938717087e-01
9.977377930841143661e-01
9.915971538034712429e-01
9.811686539034347732e-01
9.681150609744982871e-01
9.588060660029003035e-01
9.478554813605521989e-01
9.371538734187085939e-01
9.257938034910220271e-01
9.168298179499888567e-01
9.047213178696946745e-01
8.940354031461046347e-01
8.844882026265540320e-01
