0.000000000000000000e+00
0.000000000000000000e+00
0.000000000000000000e+00
0.000000000000000000e+00
0.000000000000000000e+00
0.000000000000000000e+00
0.000000000000000000e+00
0.000000000000000000e+00
0.000000000000000000e+00
0.000000000000000000e+00
0.000000000000000000e+00
0.000000000000000000e+00
0.000000000000000000e+00
0.000000000000000000e+00
0.000000000000000000e+00
0.000000000000000000e+00
0.000000000000000000e+00
0.000000000000000000e+00
0.000000000000000000e+00
0.000000000000000000e+00
0.000000000000000000e+00
0.000000000000000000e+00
0.000000000000000000e+00
0.000000000000000000e+00
2.094362897577154803e-04
3.731347425205209373e-02
7.887613208842731982e-01
2.759057468531050716e+00
3.257619232066363502e+00
2.113648602894174999e+00
1.060632196214766010e+00
4.960421488065235862e-01
2.910196222632265850e-01
2.274147188722604462e-01
2.262534783877090117e-01
2.582801449571788810e-01
2.928284547460254239e-01
3.194398838139547170e-01
3.308830111057057266e-01
3.316670846668667294e-01
3.531266509717027047e-01
4.159581440391106333e-01
4.997708731111228930e-01
6.611040762099308354e-01
8.317204726279666671e-01
1.007998485083693829e+00
1.157459357150403934e+00
1.284323353377289756e+00
1.391884467800309721e+00
1.480557413019873536e+00
1.553444885631728667e+00
1.582682088784679530e+00
1.549696155346707238e+00
1.477415684831665743e+00
1.333748134351979919e+00
1.202565951291431734e+00
1.094443764355968796e+00
9.865854216912079977e-01
9.081771125101886222e-01
8.884550661166246144e-01
8.668162930914071751e-01
8.693396763363492319e-01
8.712590579691368298e-01
8.888725272492242757e-01
9.142008993728728550e-01
9.303121426512294123e-01
9.445932490336557130e-01
9.774667285603821920e-01
9.949560097053011809e-01
1.003935174636484629e+00
1.025668208164046469e+00
1.028388785267664085e+00
1.037219804049072325e+00
1.045355694684663161e+00
1.045457646369803095e+00
1.044922779870100626e+00
1.048806384285430493e+00
1.028279088478095016e+00
1.010674654096409775e+00
1.006774405369712300e+00
9.999221354613150314e-01
9.915488031639239086e-01
9.859082923457009873e-01
9.716322009806642734e-01
9.699369238995547704e-01
9.760522779715644637e-01
9.781152254263392187e-01
9.784171567295143479e-01
9.916833366458159826e-01
9.844954268276960851e-01
9.976449034794164783e-01
1.002298543960986610e+00
1.007562155196964904e+00
1.014069560996704977e+00
1.023780150501496955e+00
1.011509483132777776e+00
1.010420735708673190e+00
1.015287295903689824e+00
1.014228457876644951e+00
1.017439076982084245e+00
1.003280046994235120e+00
1.004514295278601255e+00
1.000327821765556457e+00
9.978988551350393976e-01
9.983957579829333406e-01
9.923686706802731239e-01
9.950816066138130633e-01
9.936055629231925757e-01
9.959556462714319602e-01
9.867610325969143892e-01
9.935098418484705762e-01
9.879960178833715467e-01
9.917095812967364754e-01
9.935778597112103760e-01
9.985001502298493925e-01
9.976372982575921755e-01
1.000306750326315441e+00
1.005190926443652710e+00
1.005963117231584603e+00
9.997100623349672865e-01
9.983568787734818928e-01
1.002406119873259671e+00
9.923827429409688428e-01
1.003151589439167601e+00
9.968840273529475660e-01
1.003564288127845261e+00
1.004307462211107005e+00
1.001005850857106472e+00
1.001278968614143228e+00
1.000262229106162248e+00
1.001130155002406541e+00
9.995293900453512403e-01
9.958431461357296621e-01
1.006440581011033508e+00
9.952003349314296754e-01
9.980550968323351757e-01
9.983241329792591490e-01
9.963650170254143568e-01
9.961017002758862926e-01
9.967901755992655266e-01
1.001561920226421654e+00
9.968247632884276177e-01
1.000721797039048955e+00
9.931059222631916095e-01
9.956060480879858066e-01
9.948258586549287852e-01
9.984732528898249138e-01
1.000560976895481957e+00
9.984312228646540222e-01
9.987326919070941278e-01
9.969951711353760571e-01
9.962352447468991734e-01
9.976855138286613300e-01
9.998513242614504026e-01
9.955727245349900167e-01
9.978156138989174861e-01
1.000628487766110686e+00
9.964066416126862169e-01
9.982120668651399686e-01
9.944575882265301869e-01
9.985965331430027847e-01
9.965795272007134109e-01
9.981836306496953970e-01
9.970683929841790416e-01
9.980948438528033373e-01
9.994414799435710206e-01
9.969240170237252396e-01
9.999208109352651919e-01
9.946902581632313112e-01
9.973248035908546250e-01
9.940163788796381183e-01
9.982749076071286698e-01
9.939089686382306388e-01
9.998311266095883942e-01
1.000800081157387167e+00
1.001253465084914307e+00
9.995215102395181850e-01
1.000263079973511715e+00
1.000057199021304521e+00
9.971714965953683008e-01
9.944193859662521229e-01
1.000270101887663632e+00
1.002150665713303024e+00
9.982590310381748155e-01
1.001768790364293116e+00
9.964634072956892741e-01
9.977350254387550299e-01
9.995380339125893299e-01
9.971703587994598106e-01
1.000461906910491416e+00
9.983356546720609792e-01
9.979785351859952192e-01
9.967436536771391298e-01
9.973949894298737018e-01
9.995556390812359027e-01
1.001271299290206418e+00
1.000441877972329197e+00
9.995005128676344164e-01
9.970722072487692156e-01
9.970241717964978267e-01
9.982473450377995494e-01
9.982761949542874325e-01
9.988199606087457827e-01
9.951271924037192740e-01
9.978504660921474478e-01
9.962846976170759428e-01
9.989659379575144271e-01
9.986466944472799367e-01
9.983627998554208682e-01
9.983052211565104361e-01
9.989868280102511822e-01
1.002446990649769720e+00
9.983915251337279750e-01
9.953994974067870150e-01
1.000743484129356764e+00
9.979913612825824787e-01
9.973744317943765703e-01
9.986508889626024565e-01
1.000855096940239886e+00
9.975393594402790498e-01
9.977594079771107127e-01
9.976452434888312126e-01
9.973455154147693458e-01
9.981916833768665898e-01
1.000400197156095183e+00
9.983640628877803458e-01
9.995304492211301017e-01
9.990247391284229339e-01
9.980320396024251473e-01
1.000768870010656952e+00
9.995207903230001190e-01
1.001703264526488946e+00
9.998106805102042749e-01
1.000081396656666177e+00
1.001360613441538261e+00
9.958489327649997502e-01
1.000537098709196160e+00
9.990927731262392308e-01
9.983580249886500058e-01
1.000027187207087831e+00
1.000379859141156791e+00
9.995864806707480676e-01
9.990629154232804066e-01
9.994981451017066476e-01
9.973984178387831356e-01
9.998515948291178956e-01
9.964900860654224424e-01
9.972039330428174031e-01
9.943516514516580473e-01
9.987074015245295255e-01
9.954642748634967564e-01
9.997707500398685942e-01
9.983930258904881727e-01
9.989565494372977250e-01
9.978032157360990917e-01
1.000104143532613898e+00
9.993710869822637344e-01
9.949671041649088554e-01
9.958734128958496301e-01
9.988591283691696798e-01
9.971951735398421057e-01
9.966342794229302582e-01
9.972755039687408729e-01
9.960185613461545184e-01
9.976042124883061080e-01
9.951530379140923754e-01
9.995545127780852690e-01
9.972364581544567175e-01
9.980696386830713029e-01
9.919143126485875372e-01
9.825989512300215001e-01
9.712274197764548811e-01
9.588683603285883539e-01
9.499246076423314422e-01
9.401493947525614292e-01
9.265366702483112116e-01
9.176300170417148738e-01
9.065105897075260710e-01
8.972938510304966364e-01
8.851388628192754515e-01
