0.000000000000000000e+00
0.000000000000000000e+00
0.000000000000000000e+00
0.000000000000000000e+00
0.000000000000000000e+00
0.000000000000000000e+00
0.000000000000000000e+00
0.000000000000000000e+00
0.000000000000000000e+00
0.000000000000000000e+00
0.000000000000000000e+00
0.000000000000000000e+00
0.000000000000000000e+00
0.000000000000000000e+00
0.000000000000000000e+00
0.000000000000000000e+00
0.000000000000000000e+00
0.000000000000000000e+00
0.000000000000000000e+00
0.000000000000000000e+00
0.000000000000000000e+00
0.000000000000000000e+00
0.000000000000000000e+00
0.000000000000000000e+00
0.000000000000000000e+00
3.616332036307782355e-02
8.409061218936655369e-01
3.017881385653159221e+00
3.506838876545636197e+00
2.291818773985556668e+00
1.154333072354813750e+00
5.255804014442785332e-01
2.995520935252878325e-01
2.408115209479805563e-01
2.392051545594081619e-01
2.678303542312350793e-01
2.970616276047466364e-01
3.340142860676648673e-01
3.301247329731006874e-01
3.366741681235891348e-01
3.592798665991306373e-01
4.172398072238348021e-01
5.234402707617645811e-01
6.699240968820786568e-01
8.257233596000580489e-01
1.021576647024395434e+00
1.185808853513115713e+00
1.276368168041579043e+00
1.385206418231454961e+00
1.451140396319870352e+00
1.533945491386825344e+00
1.582544306796545230e+00
1.544278012828022462e+00
1.474918303526938868e+00
1.338811343821816324e+00
1.196361022753832826e+00
1.086350566744501478e+00
9.780294465304453233e-01
9.100047457465328948e-01
8.881998052607957828e-01
8.661247723554681421e-01
8.755616945857698230e-01
8.687598376772818209e-01
8.969432384215616505e-01
9.107921855794547383e-01
9.340832708833245457e-01
9.594112804215325641e-01
9.797480292526608014e-01
9.882584719800677764e-01
1.008348542194000386e+00
1.010158404884458072e+00
1.026848548054238863e+00
1.045182826046048952e+00
1.041892449905109874e+00
1.052109716695094344e+00
1.049178803629039258e+00
1.052509033743181277e+00
1.039196203575889044e+00
1.031971092247295108e+00
1.008919183664124919e+00
1.008093352998500336e+00
9.903799808739537358e-01
9.889670589791281774e-01
9.741155895465281045e-01
9.721210611860243711e-01
9.765934778714463471e-01
9.851723082270616993e-01
9.914963160977725565e-01
9.951168148970291893e-01
9.950317603767255825e-01
1.014239515086700960e+00
1.011870003938508455e+00
1.016185465205849958e+00
1.010015718653302530e+00
1.018989214627776585e+00
1.027022601762614507e+00
1.015301345080747097e+00
1.015114114919998922e+00
1.012275259428944585e+00
1.015086730829132700e+00
9.983984197041779751e-01
1.001247810439850783e+00
1.008034041833121286e+00
9.998261260441958509e-01
1.000222534189599610e+00
9.923904683588105069e-01
9.914607783067941327e-01
9.949210375326651423e-01
9.874561246730774178e-01
9.893584325857643913e-01
9.840676823461433909e-01
9.976023051566856870e-01
1.000237423445375473e+00
9.982808209048713577e-01
9.974004231090090045e-01
9.931293809333281430e-01
9.963353138424001498e-01
9.986328393003608417e-01
1.003335398779984899e+00
1.001743831847868860e+00
1.005480030576925143e+00
1.005320244735593338e+00
1.001939113637351220e+00
1.001817003995906452e+00
9.962550152680044180e-01
9.991106238830241848e-01
1.000643630336153223e+00
9.929851445493589335e-01
1.001361368356891379e+00
1.003819459357111477e+00
9.976292862497386782e-01
9.976489392757244001e-01
1.000240687224258185e+00
9.968990087148710266e-01
9.931842488799518254e-01
9.959912254881750915e-01
9.951199561421862905e-01
1.004678816314747092e+00
9.958485944171155957e-01
9.972621072688976351e-01
1.000560607223973664e+00
1.004282143510618619e+00
1.001013037241126780e+00
1.001462719299517579e+00
1.000238090818376335e+00
1.003081164944476411e+00
1.001253311754194852e+00
1.000741102521792047e+00
9.985435729210003775e-01
1.002803050492328207e+00
9.988215140407087356e-01
1.000150507227395291e+00
1.006042023138302044e+00
1.001853122978768829e+00
1.003794463593971509e+00
1.004183244445013168e+00
1.000921661882700819e+00
1.004277918825905447e+00
9.987643866432800444e-01
1.001110678801833798e+00
1.002398409343014718e+00
1.003963329334113030e+00
1.004313738611245510e+00
1.003616039180051489e+00
1.000922972855374127e+00
1.001458604409898090e+00
1.003283793548138236e+00
1.004267952966966471e+00
1.000152731372674797e+00
1.005909331728069844e+00
1.003757396677753988e+00
1.003117897797260571e+00
1.001905857330930072e+00
1.004164504778645828e+00
1.003278287034028882e+00
1.006201605313306491e+00
1.003160804819790419e+00
1.003741001294108148e+00
1.004197898210393181e+00
9.998007864334192973e-01
1.003286942186463859e+00
1.003348690561278511e+00
9.992556225132867009e-01
1.003278192791466683e+00
1.001487543660706248e+00
1.001058637011268182e+00
1.002013174218250535e+00
9.981576443446201763e-01
1.001317777362392025e+00
9.996418037595906636e-01
1.001092461399212485e+00
9.975954231822693474e-01
1.003636747203932700e+00
9.995813279334988533e-01
1.000572662746565422e+00
9.992802118670451872e-01
9.988546336758077349e-01
9.976222708689567176e-01
1.000149497902733442e+00
9.982532798043460831e-01
9.981595558278391067e-01
1.001345233604186591e+00
9.977978343225165636e-01
9.961727419765021851e-01
1.001201807971521696e+00
1.001193038762143717e+00
9.983621717261156325e-01
1.001290608789257242e+00
9.967832913926777394e-01
9.992420085619706516e-01
9.977291736484658058e-01
1.000791417996919508e+00
1.000705043679857242e+00
1.002466350350248003e+00
1.002719074374156749e+00
1.001410108881640948e+00
1.000498375880236157e+00
9.983008859545138280e-01
9.998580785995322406e-01
1.000852169144206494e+00
1.000956809770904288e+00
1.000247185711394593e+00
1.000950258996387898e+00
1.001051867093383896e+00
1.003317827225255865e+00
9.999469055766018188e-01
1.002460171932903377e+00
9.995399327014832247e-01
1.000240592190053901e+00
1.000805151261891623e+00
1.000564803933503999e+00
1.001675812547351718e+00
1.002121167493976284e+00
1.003797762645273428e+00
1.001445909008986446e+00
9.990546325277134265e-01
9.998518321299892930e-01
9.991085805374900763e-01
9.998239714077922224e-01
1.000700895932715717e+00
9.976626776562643739e-01
9.995332159823410167e-01
9.995233240714391787e-01
9.998510739759576271e-01
9.963700240820150267e-01
9.992329985964817363e-01
9.975108603887609116e-01
9.969623575691763939e-01
9.984615985151606976e-01
1.000462430414265524e+00
9.965572349138639430e-01
1.001603981578614855e+00
9.999275163039837988e-01
9.997551800421272672e-01
9.997702018897123288e-01
9.977141426984266204e-01
9.984505668551896251e-01
9.957692832032520869e-01
9.984992500969332996e-01
1.000612299781739489e+00
9.981729814919420019e-01
9.972534263006683775e-01
9.984287825003307359e-01
9.992062037058447865e-01
1.001611588683112952e+00
9.978310087507598070e-01
1.000763604090674219e+00
1.000121687051242603e+00
9.992260428799467631e-01
9.919265661738202455e-01
9.832602806444308285e-01
9.697193319194857830e-01
9.614025240115009474e-01
9.510493013714106381e-01
9.380087499586245992e-01
9.280782530971809496e-01
9.192223762290480105e-01
9.068866024057015141e-01
8.959703585854487118e-01
8.862912334409057680e-01
