0.000000000000000000e+00
0.000000000000000000e+00
0.000000000000000000e+00
0.000000000000000000e+00
0.000000000000000000e+00
0.000000000000000000e+00
0.000000000000000000e+00
0.000000000000000000e+00
0.000000000000000000e+00
0.000000000000000000e+00
0.000000000000000000e+00
0.000000000000000000e+00
0.000000000000000000e+00
0.000000000000000000e+00
0.000000000000000000e+00
0.000000000000000000e+00
0.000000000000000000e+00
0.000000000000000000e+00
0.000000000000000000e+00
0.000000000000000000e+00
0.000000000000000000e+00
0.000000000000000000e+00
0.000000000000000000e+00
0.000000000000000000e+00
0.000000000000000000e+00
6.065419716712120574e-02
1.344298778195656352e+00
4.766158851572530608e+00
5.568529312649178387e+00
3.551215905867814993e+00
1.862832067043825424e+00
8.398832103205206012e-01
4.143741335267097647e-01
2.358178376845006252e-01
1.699666475371992003e-01
1.201425147988962189e-01
9.836928408664978585e-02
1.239559779355167979e-01
1.553702554083049581e-01
2.169199170774935570e-01
3.312309759581642532e-01
4.794713585521772070e-01
7.311973971071284994e-01
1.106795464755045089e+00
1.466265182096570641e+00
1.876998552555070532e+00
2.220237028963289116e+00
2.431139854934193156e+00
2.612663316637554800e+00
2.636435645986686005e+00
2.662780912038001269e+00
2.709098924812537224e+00
2.499319017300965395e+00
2.313408139289961252e+00
2.000538303883776070e+00
1.669268947215632126e+00
1.375934416459396070e+00
1.170705756119511776e+00
1.032125086501367806e+00
9.819100845700773350e-01
9.782247254817620918e-01
1.003526008755245336e+00
1.031931935501026798e+00
1.068478302396911328e+00
1.154579938256546034e+00
1.176242463495905000e+00
1.240399915432987221e+00
1.251954165822120491e+00
1.238717915654009571e+00
1.306854702155552772e+00
1.330717717429953151e+00
1.282555475546681700e+00
1.282036109255792811e+00
1.255867850420508303e+00
1.240261831065495812e+00
1.227715154748153292e+00
1.180391209931904939e+00
1.097799825996865763e+00
1.091276956408927301e+00
1.034804515175450801e+00
1.054023614869395997e+00
1.049772210387806659e+00
1.023356042358228635e+00
1.015963859297804195e+00
1.064410641493120258e+00
1.026429504200116805e+00
1.046709545973734334e+00
1.055994258641144157e+00
1.076291474009690052e+00
1.085733179093026690e+00
1.063736178493132289e+00
1.064321401296635994e+00
1.052884523449544751e+00
1.046785014380158696e+00
1.034579685649174463e+00
1.029071086644935740e+00
1.024114001150668640e+00
1.015394903877081978e+00
1.013767775563023443e+00
1.021768456205750075e+00
1.004811549130467219e+00
9.912854632471057581e-01
1.008734480490382834e+00
9.801901202513385591e-01
9.953111094379747392e-01
9.809907461576704568e-01
9.818385552142782080e-01
9.791819779681051328e-01
9.946146637500148380e-01
1.023755390030985035e+00
1.007185623031318533e+00
1.010898582238081600e+00
1.008791401343043681e+00
9.867477284835435292e-01
9.949188957388710453e-01
9.833931151622871125e-01
9.864588188320055906e-01
9.956373977386057117e-01
1.007176000336149180e+00
1.002062739655607881e+00
9.975932003797685077e-01
1.002788238391012721e+00
9.802932033708882109e-01
9.880917887012138356e-01
1.002656231848411350e+00
9.885187205483129125e-01
1.007302522622869123e+00
9.932074787211961908e-01
1.003624188943065043e+00
9.842386711216604134e-01
9.982021230126354450e-01
9.940421102361075567e-01
9.956191922602004585e-01
1.005533708082397615e+00
9.975302885942451958e-01
9.890982989519963020e-01
9.894101736057104857e-01
9.947906299399010832e-01
9.941420716379673062e-01
1.000602267702950687e+00
9.814462571504666277e-01
9.786175755494334050e-01
9.901209312698744380e-01
9.897164653753551811e-01
9.850235048112011560e-01
9.905833928034850633e-01
9.858214413426079625e-01
1.002678340214287589e+00
9.923356085495422807e-01
9.915726212587182564e-01
9.917534138376236097e-01
9.885167600169990632e-01
1.012526722277307556e+00
1.000403265243515083e+00
9.904268503286012271e-01
9.796236614299865808e-01
9.903672398360422457e-01
1.008094994792569032e+00
9.860952139255210191e-01
9.881739068829050732e-01
9.956566458277877896e-01
9.915118861368950043e-01
1.004355140837608795e+00
1.001103281142629697e+00
9.886396906796184325e-01
1.000931869869174928e+00
9.905512790251550514e-01
1.000347082851182900e+00
9.972479350031887568e-01
1.001149710528264958e+00
1.006642442930544501e+00
9.926012877029971593e-01
1.007381989145457402e+00
9.971556626722856143e-01
9.925292468724339345e-01
1.000460864180476417e+00
9.973662953218080940e-01
1.011442063953672532e+00
1.001578826490503449e+00
1.007155250984862471e+00
9.973544567567697028e-01
1.003969502519393764e+00
1.009615989633148025e+00
1.002118571952506532e+00
1.001041190436128048e+00
9.934575400394712874e-01
1.003245607558713282e+00
9.997754066141366636e-01
9.919890977934785470e-01
9.828936824581372411e-01
9.852242355999716317e-01
9.951554494311084520e-01
1.001531231605510719e+00
9.930753697238089428e-01
9.916352431410566659e-01
9.963981566265951439e-01
9.950812647949206502e-01
1.007245068062519566e+00
9.984138221045252282e-01
1.000130944683053302e+00
1.007873121478770173e+00
9.916578142077946412e-01
9.898005608346820416e-01
9.961663896084028691e-01
9.911334051051567950e-01
9.982635517243634293e-01
1.002255304209681119e+00
1.008015299735879333e+00
9.828562119233251737e-01
9.894699028471108937e-01
1.004643643276698084e+00
1.000684371382583482e+00
9.953742130474281247e-01
9.972656589729493870e-01
9.985531956164137579e-01
1.000760316575298958e+00
9.881977286682823713e-01
9.938717232772324994e-01
9.910052733525009927e-01
9.941711221145447253e-01
9.864041883724848914e-01
9.882288974937869508e-01
1.002523819574838715e+00
9.970370962256941416e-01
9.930219374780789865e-01
9.973963489246870928e-01
1.001158913214224011e+00
1.005529893433189992e+00
9.959925476407929246e-01
1.006731035096040339e+00
9.854414266277240486e-01
9.893637957175036579e-01
9.934412979684134060e-01
9.929086036648607783e-01
9.999616502990286149e-01
1.000435271443364860e+00
9.969522254269820305e-01
9.985227570198023095e-01
9.949764261214337768e-01
9.887702216143361422e-01
9.971520083807573487e-01
9.925109783678369713e-01
9.976926704141734215e-01
9.995798079959170579e-01
1.000125647326139067e+00
1.002001728370785161e+00
9.915220474716869292e-01
9.959477692836921081e-01
9.992812217601527713e-01
9.955590988019421550e-01
9.914588883784600792e-01
9.944935073398931680e-01
9.935971987497952407e-01
9.941691002848993541e-01
9.946424142834245918e-01
9.957795805370009967e-01
9.994603923924034738e-01
9.968364676190203388e-01
9.930425459455172188e-01
9.955318186065992281e-01
9.947847936917914025e-01
9.928849910859119943e-01
9.935704682332158200e-01
9.944735267265070178e-01
9.866407191413484323e-01
9.988981899829716404e-01
9.994242787082976420e-01
9.926949962159424823e-01
9.998403948149688913e-01
9.900340573886781126e-01
1.005160695399239579e+00
9.989609300743701459e-01
9.944356858324441273e-01
9.952230847846692541e-01
1.001427105300614739e+00
9.918233841996506595e-01
9.981933942277335658e-01
9.969276819936363498e-01
9.959496724594263384e-01
9.962957378016478183e-01
