0.000000000000000000e+00
0.000000000000000000e+00
0.000000000000000000e+00
0.000000000000000000e+00
0.000000000000000000e+00
0.000000000000000000e+00
0.000000000000000000e+00
0.000000000000000000e+00
0.000000000000000000e+00
0.000000000000000000e+00
0.000000000000000000e+00
0.000000000000000000e+00
0.000000000000000000e+00
0.000000000000000000e+00
0.000000000000000000e+00
0.000000000000000000e+00
0.000000000000000000e+00
0.000000000000000000e+00
0.000000000000000000e+00
0.000000000000000000e+00
0.000000000000000000e+00
0.000000000000000000e+00
0.000000000000000000e+00
0.000000000000000000e+00
0.000000000000000000e+00
0.000000000000000000e+00
0.000000000000000000e+00
0.000000000000000000e+00
1.049421223112955446e-03
1.709842918041716564e-02
9.876298929603528898e-02
2.858448781545182005e-01
5.452282672159007859e-01
7.895959533167761224e-01
9.959886918742816286e-01
1.130604537266669984e+00
1.199546544842935658e+00
1.211408316935003393e+00
1.186867372535596710e+00
1.153808735036514710e+00
1.131803070014207879e+00
1.121431236562524969e+00
1.120589288139976825e+00
1.146657235235062577e+00
1.170680419647595283e+00
1.204782039625033274e+00
1.220612107094973142e+00
1.218482677482077614e+00
1.204388871273503137e+00
1.159320750131732636e+00
1.095355184928240799e+00
1.052337082623730158e+00
1.017176128684172953e+00
1.006641945619203948e+00
1.000181924948901679e+00
9.983186562512822437e-01
1.003924264920927900e+00
1.012008963442345921e+00
1.012412092084859383e+00
1.016744560095843797e+00
1.017176678514881916e+00
1.015000131800954497e+00
1.004708044275711476e+00
1.000613114665510395e+00
9.925453934653822863e-01
9.887419033245626876e-01
9.833085544385271604e-01
9.804574316180212357e-01
9.781028636064671433e-01
9.763554613402947169e-01
9.794471440992594813e-01
9.817748675353071830e-01
9.870646011307372403e-01
9.923670249741999294e-01
9.965835757471783740e-01
9.979022725963657692e-01
1.003739168376648561e+00
1.003813385669667602e+00
1.001290552498473208e+00
1.001411598446462214e+00
1.006599703027216908e+00
1.005873610514109950e+00
1.003114193545612043e+00
1.001197030528172993e+00
1.004453846506037751e+00
1.000151603738967276e+00
9.998183145701400321e-01
9.965812017625061969e-01
9.980161760560075646e-01
9.960615535865090520e-01
9.955760120192870266e-01
9.926734186472203625e-01
9.951123590120325435e-01
9.933941483152781693e-01
9.956758066100499516e-01
1.000064624352098530e+00
9.977560828848437424e-01
9.987780013403201318e-01
9.998337389651656970e-01
1.002201008747209521e+00
1.001555528043781340e+00
1.001730159217482097e+00
1.002885639651534433e+00
1.000107489410748229e+00
1.002547938403594019e+00
1.003148145285362780e+00
1.002506710970245241e+00
9.985867257653808782e-01
1.001631357241787867e+00
9.992750731653280427e-01
9.976121671320535844e-01
1.000246782221186681e+00
9.982523534974854229e-01
9.983405419812185766e-01
9.968160036301854099e-01
9.965363129743307624e-01
9.993744973180254121e-01
9.966270968631433247e-01
1.001581834693796580e+00
9.974643015998179152e-01
9.989797510848703599e-01
1.000058049323806708e+00
9.968433855925141751e-01
9.965659769914180233e-01
9.984368728495642831e-01
9.985992836958084151e-01
9.957631996355486015e-01
9.983044502682780763e-01
9.994094957282189107e-01
9.971170377732115897e-01
9.977773378214660482e-01
9.987449159558237088e-01
9.974047276144689667e-01
9.986138739306718026e-01
9.990069517379855935e-01
9.983046482118697051e-01
1.000010133440691007e+00
1.000054977843815029e+00
9.998619115794327161e-01
9.984945257651774986e-01
9.980644480216224190e-01
1.000593739643144797e+00
9.991857326410520379e-01
1.000296225881570411e+00
1.000823295325449003e+00
9.992219141103448887e-01
9.986821352401955565e-01
9.995063444133339692e-01
9.977286708705994656e-01
1.000225607403189665e+00
9.996948356527565194e-01
9.992483214865044427e-01
9.979864239450937369e-01
9.989856309030848980e-01
1.000014404862289208e+00
9.987376269984953314e-01
9.991505047377430282e-01
9.992878799075024521e-01
9.982814766380427862e-01
9.989969217228547027e-01
9.986775408192974934e-01
9.976535218432871499e-01
9.995251817090273772e-01
9.991434237017853270e-01
9.972068208421089874e-01
9.987561327623990515e-01
1.000114168802090697e+00
9.993223392963408447e-01
9.990610254388309075e-01
9.974281563784791471e-01
9.987883838302664685e-01
9.980215520087616365e-01
1.000211562660229925e+00
9.998088201479905512e-01
9.994031455385200546e-01
9.991186648348304722e-01
9.985914402954801927e-01
9.999090116747337831e-01
9.998548671719846848e-01
1.000072882365248050e+00
1.000193985785235995e+00
9.999445511022444499e-01
9.987163015405035038e-01
9.992886355234964491e-01
9.992171886861557217e-01
9.991484396470723395e-01
1.000217719747213962e+00
1.000358720083574626e+00
1.000095687500973884e+00
1.000568449557977635e+00
9.991265691884724243e-01
9.994632296944830907e-01
9.995944568782745288e-01
9.994310245412970639e-01
1.000581913086640018e+00
1.000434640353237148e+00
1.000369078515917165e+00
9.992334910463168685e-01
1.000306379831809034e+00
1.000710662936617590e+00
9.994210617750575176e-01
1.000415419788791116e+00
1.000102236006186640e+00
9.995580316371901475e-01
9.986854757560704732e-01
1.000134243753004082e+00
1.000326510920473533e+00
9.993585786607517285e-01
9.993721974423770416e-01
1.000119469439295861e+00
1.000937120504319378e+00
1.000035810335866637e+00
1.000998628721016859e+00
1.000111094031087333e+00
9.991413783475177057e-01
1.000148600076000927e+00
9.993043630886950801e-01
9.983381378493033642e-01
9.993646325012638387e-01
9.994848100412061509e-01
9.990734363955117159e-01
9.991405515217444133e-01
9.998466503623513191e-01
9.995247852635016361e-01
9.989803362081047799e-01
9.997903745944067833e-01
9.988555334845328204e-01
1.000154630783166798e+00
1.000036200105244077e+00
9.993245173485032495e-01
9.994926645325812320e-01
9.999681469870901340e-01
9.996305462721435386e-01
1.000153934439038883e+00
9.998822150115640461e-01
9.979152917767283304e-01
9.984954116231631316e-01
9.988845233463569118e-01
9.991332984770854297e-01
9.997905694555541123e-01
9.997743951310932298e-01
9.997486702291892291e-01
9.996307506522527087e-01
9.994313450831793233e-01
9.994503752151884246e-01
1.000016768468036554e+00
9.990475348737316574e-01
9.993936468689087471e-01
9.997576617588852521e-01
9.996794616099781150e-01
9.995009447444852535e-01
9.997975914593441038e-01
9.992629162123619624e-01
9.993125912838037861e-01
1.000011600205725992e+00
9.991221765061638616e-01
9.996696488908294320e-01
9.994054185813070479e-01
1.000601586957530209e+00
1.000051676467264672e+00
9.995973142921819043e-01
9.990347304914930504e-01
9.991590211647070063e-01
1.000073399081351955e+00
9.999120545933581905e-01
1.000079681573504908e+00
1.000004760881708199e+00
9.999061140157670113e-01
1.000467803207337081e+00
9.998102167568765353e-01
1.000114655348829595e+00
9.990907061042648696e-01
9.995185523128657934e-01
9.989563871062148159e-01
9.999105766980184162e-01
9.993725681140547268e-01
1.000273731840348512e+00
1.000450821047270233e+00
9.998987892475973416e-01
9.998011101561666836e-01
