0.000000000000000000e+00
0.000000000000000000e+00
0.000000000000000000e+00
0.000000000000000000e+00
0.000000000000000000e+00
0.000000000000000000e+00
0.000000000000000000e+00
0.000000000000000000e+00
0.000000000000000000e+00
0.000000000000000000e+00
0.000000000000000000e+00
0.000000000000000000e+00
0.000000000000000000e+00
0.000000000000000000e+00
0.000000000000000000e+00
0.000000000000000000e+00
0.000000000000000000e+00
0.000000000000000000e+00
0.000000000000000000e+00
0.000000000000000000e+00
0.000000000000000000e+00
0.000000000000000000e+00
0.000000000000000000e+00
0.000000000000000000e+00
0.000000000000000000e+00
7.795317651735618556e-04
6.151066528624418717e-02
5.730053900043150517e-01
1.539866309785747456e+00
2.069346520845174453e+00
2.021798546073096947e+00
1.786087575230190128e+00
1.567388482484506129e+00
1.392559403506013593e+00
1.255581635254098938e+00
1.145216220657664152e+00
1.069874237268699568e+00
1.021900683539663790e+00
1.004797759950157632e+00
9.888240250403946829e-01
9.475607946593762598e-01
9.104631967188976382e-01
9.024642783936891455e-01
9.181037995759147030e-01
9.429062928147395883e-01
9.714841480328725298e-01
9.985404623171265648e-01
1.016352104562438408e+00
1.026501168139012155e+00
1.028140676714677682e+00
1.024962581705554765e+00
1.019581591418155631e+00
1.012327837349083381e+00
1.002790305973846108e+00
9.904029143567991689e-01
9.783405089051392389e-01
9.670185614109984007e-01
9.591410777859248338e-01
9.516757146760320696e-01
9.511871888828075106e-01
9.531508227020354385e-01
9.557196058112107373e-01
9.633771618319373342e-01
9.696901151159080801e-01
9.795257751317386630e-01
9.897136153183667684e-01
9.984698187954126336e-01
1.005791198934625319e+00
1.013501227960197371e+00
1.019666703612686298e+00
1.022896560021537615e+00
1.026095827247597514e+00
1.026750025165095170e+00
1.026072757834188609e+00
1.025220214108269801e+00
1.022412850526936312e+00
1.018089648760199362e+00
1.013769313195292510e+00
1.008355921777572162e+00
1.002199865606170359e+00
9.989116925241057210e-01
9.954370767035186640e-01
9.924401605994620512e-01
9.903094690520807264e-01
9.912608570210896808e-01
9.891163249190281226e-01
9.889652753130148133e-01
9.910793612885288040e-01
9.929768831275712637e-01
9.926158377135555488e-01
9.952170905156556557e-01
9.964101531383718902e-01
9.974860602649068264e-01
9.990025906095097996e-01
9.998143873643662305e-01
1.000565211086639650e+00
1.001407910615812691e+00
1.001842786580856792e+00
1.001485283556328376e+00
1.001972682842679818e+00
1.002910776376002788e+00
1.002493925964590860e+00
1.002351626900283676e+00
1.002915433994929106e+00
1.002144498933755790e+00
1.002276662252782113e+00
1.002091856935134473e+00
1.001832145483984471e+00
1.001225733245049598e+00
1.000871434067425847e+00
1.001263458484621172e+00
1.001531683654116156e+00
1.000815153922321121e+00
1.000031952879012476e+00
1.000615551652697555e+00
1.000906866902079528e+00
1.000151234209889495e+00
1.000064815412470720e+00
9.999495754625677968e-01
9.995790353245040949e-01
9.991153150761843404e-01
9.996002775903820581e-01
9.996538117337971929e-01
9.996722947683309712e-01
9.992436690679701305e-01
9.986789007545651131e-01
9.992398126870322139e-01
9.990221403357533170e-01
1.000034653190503331e+00
9.993075711610173162e-01
1.001237011296465695e+00
1.000139791768548614e+00
1.000249331877857140e+00
1.000114021596152369e+00
1.000077017475337504e+00
1.000031842656397885e+00
1.000663361019692221e+00
1.000372382430410045e+00
1.000631480851245314e+00
1.000282940187746883e+00
1.000504552475959485e+00
1.000162559915599436e+00
1.000366243906489760e+00
1.000067998465936636e+00
1.000362167055369289e+00
1.000100605791127251e+00
9.993731502545009082e-01
9.991159588338905939e-01
1.000860223153944517e+00
9.996557045161762467e-01
1.000425823645036072e+00
9.997787221264731183e-01
9.991914927021514625e-01
9.996387205913255247e-01
9.998784793734983856e-01
9.994339522128224962e-01
9.994261348377100340e-01
9.997577704414281063e-01
1.000543484103211922e+00
9.997112326735834165e-01
9.999247372945395673e-01
1.000135283465780622e+00
1.000746170488834741e+00
1.000052059794112047e+00
9.992702763708486424e-01
1.000276638517219263e+00
1.000399028574970206e+00
9.999567703633647220e-01
9.998383300827681230e-01
9.998093041376812096e-01
1.000088891686063519e+00
9.999645367305931565e-01
1.000423777005175596e+00
9.999160979200830690e-01
9.998355506134128934e-01
1.000046236037863245e+00
9.995853405025062477e-01
9.999193699353643439e-01
9.999731558842763768e-01
9.998519302669914843e-01
9.996647085627772267e-01
1.000093417691230391e+00
9.995710486576825371e-01
1.000046698210194096e+00
9.999661531041904583e-01
9.998528803927817510e-01
1.000385226473669453e+00
1.000004601619633782e+00
9.998730370587166627e-01
9.998024862315085803e-01
9.998568865882085932e-01
1.000262235724218574e+00
1.000145786215487664e+00
1.000033639484701586e+00
9.999857212669827078e-01
1.000321082876713064e+00
1.000015804851448253e+00
9.999959510355944658e-01
1.000171206596580209e+00
1.000117440883369069e+00
1.000106239788887796e+00
1.000209345076551459e+00
1.000268406115215836e+00
1.000032640954567231e+00
1.000579144024494882e+00
1.000410213659261638e+00
1.000389192858289089e+00
9.998503489352666973e-01
1.000166250548916835e+00
1.000217389619405761e+00
1.000074312857430758e+00
1.000521191375773000e+00
1.000244037662213259e+00
1.000150906419767782e+00
1.000044008267195972e+00
1.000319946890196876e+00
1.000114479567803416e+00
1.000185022835877957e+00
1.000129439381977070e+00
1.000480659197024114e+00
1.000346003739499112e+00
9.999325270860788262e-01
9.999825029973643531e-01
1.000151853875330898e+00
9.999065432670354303e-01
1.000290940134938689e+00
1.000167320222074885e+00
1.000111837062040321e+00
1.000413087105523680e+00
1.000007939485116681e+00
1.000295817659168529e+00
1.000129330220198121e+00
9.998353148669651969e-01
1.000610221653048360e+00
1.000254810991020316e+00
1.000233823433058777e+00
1.000416969986581250e+00
1.000006290364415573e+00
9.999866107328634346e-01
1.000381533300904735e+00
1.000259853791684028e+00
1.000019025634684589e+00
1.000014130812415747e+00
1.000244340375818553e+00
1.000237346837508534e+00
1.000363846511946875e+00
1.000078121705525014e+00
1.000216719947515598e+00
1.000388866421143330e+00
1.000210117406766575e+00
1.000140532810056326e+00
1.000279324857330288e+00
1.000058726988781954e+00
1.000488601918225529e+00
9.999699359752607375e-01
1.000311518784151366e+00
1.000359438892229669e+00
1.000423009895155868e+00
1.000364648697492642e+00
1.000183043645511471e+00
1.000328620327097573e+00
1.000576311543158070e+00
1.000141250378959512e+00
9.998712670080053266e-01
1.000237438249144128e+00
1.000321558897796281e+00
1.000331035946360858e+00
1.000831632151271133e+00
1.000375394230133219e+00
1.000344165178725708e+00
1.000345763296371704e+00
1.000396498252485777e+00
1.000345953876495608e+00
1.000281193150482695e+00
1.000300085974368036e+00
1.000243252293535168e+00
1.000247718189767099e+00
1.000132135263575694e+00
1.000264900826388637e+00
1.000237131766804621e+00
