0.000000000000000000e+00
0.000000000000000000e+00
0.000000000000000000e+00
0.000000000000000000e+00
0.000000000000000000e+00
0.000000000000000000e+00
0.000000000000000000e+00
0.000000000000000000e+00
0.000000000000000000e+00
0.000000000000000000e+00
0.000000000000000000e+00
0.000000000000000000e+00
0.000000000000000000e+00
0.000000000000000000e+00
0.000000000000000000e+00
0.000000000000000000e+00
0.000000000000000000e+00
0.000000000000000000e+00
0.000000000000000000e+00
0.000000000000000000e+00
0.000000000000000000e+00
0.000000000000000000e+00
0.000000000000000000e+00
0.000000000000000000e+00
0.000000000000000000e+00
8.255863316790185667e-04
6.177354904596649154e-02
5.696672537263604008e-01
1.540698251092804671e+00
2.068736535670669063e+00
2.015992987573739903e+00
1.783649169892171038e+00
1.564670103753197816e+00
1.393134239479248082e+00
1.253273435945185366e+00
1.144704447794880009e+00
1.067323963191972647e+00
1.022984659298425747e+00
1.003811298927459461e+00
9.867811907619218337e-01
9.479771003119481509e-01
9.108598687993061382e-01
9.040366654233102928e-01
9.172149333692876105e-01
9.428627394208531909e-01
9.701898605404620790e-01
9.971588398207680282e-01
1.016648227972628993e+00
1.026015978843482834e+00
1.024083693718744970e+00
1.025690024016629343e+00
1.020551253536791103e+00
1.012013245613921475e+00
1.001066897178726656e+00
9.909333061606463433e-01
9.764744880012224959e-01
9.669466722792674496e-01
9.577266799383017393e-01
9.523493215811398294e-01
9.506709399117744264e-01
9.527547843899726310e-01
9.566605871745456069e-01
9.629131744854103614e-01
9.714060325054196809e-01
9.810252677059867477e-01
9.895268513696691137e-01
9.977998276839417091e-01
1.006427902050299972e+00
1.013768562353406066e+00
1.019722266947731493e+00
1.022660967635523388e+00
1.024951600044799349e+00
1.025124433271288327e+00
1.027081997288555870e+00
1.024038330163042909e+00
1.020877472094024574e+00
1.017756279695647192e+00
1.012348724872484729e+00
1.009030752701680189e+00
1.003343332556265732e+00
9.990917268030485854e-01
9.961784224496161855e-01
9.932579711683330315e-01
9.910207124597173456e-01
9.903556241149832351e-01
9.888313828387316207e-01
9.907005935921704420e-01
9.912192312229550772e-01
9.917120836547461682e-01
9.929160310030921144e-01
9.945944785902679497e-01
9.972591629998756035e-01
9.970595458134475786e-01
9.983518939617431753e-01
1.000070782381065726e+00
1.000430069160306301e+00
1.001810599939974011e+00
1.002054450438677913e+00
1.002709787594585178e+00
1.002663926917702897e+00
1.002838686465969298e+00
1.002445589959385153e+00
1.002383518798582784e+00
1.002779299273407476e+00
1.002317893204343058e+00
1.002160848249076697e+00
1.001038244670254151e+00
1.002141144489377300e+00
1.001826179517028459e+00
1.001546607634818065e+00
1.000873378986824935e+00
1.001102113503452351e+00
1.000813386508498048e+00
1.000853316062851883e+00
1.001801216628923630e+00
1.000709491940746210e+00
1.001052468455910116e+00
1.000338639071644886e+00
1.000902296001746627e+00
9.999082660523318511e-01
1.000480996418241730e+00
1.000010106299265455e+00
1.000023971930229516e+00
9.993546827478007044e-01
1.000025378441175672e+00
9.991586156063932966e-01
9.995154074074910078e-01
1.000199158892712603e+00
1.000385393634179998e+00
9.997732249618246358e-01
9.999205119690220966e-01
1.000290741227594316e+00
1.001112662316429036e+00
1.000549662016778862e+00
1.000995647959364465e+00
1.000033933420324095e+00
1.001126079512644651e+00
1.000931973008259979e+00
1.000383940002264715e+00
1.001108902781866261e+00
1.000679011139034458e+00
1.001485749560177441e+00
1.000935450147403927e+00
1.000308402764392923e+00
1.001067205909448088e+00
1.000649317599953791e+00
1.000571163004376540e+00
1.000111674537345952e+00
1.000281194197037093e+00
1.000002169494703219e+00
1.000210758815461398e+00
1.000004969831172597e+00
1.000288325264155898e+00
9.998478513152986302e-01
9.999013467505676322e-01
9.995547114287239854e-01
1.000279000402792384e+00
9.998780886558504832e-01
1.000219197415347372e+00
1.000503770477176646e+00
1.000221453982411690e+00
1.000398937961850976e+00
1.000460180543590871e+00
1.000002776200116461e+00
1.000594724389361145e+00
1.000343655259428033e+00
9.998451234832423928e-01
1.001090983604860485e+00
1.000204740859187424e+00
1.000370712843378751e+00
1.000202399706678680e+00
1.000145464020788966e+00
1.000109280689909896e+00
1.000510999378872778e+00
1.000367415832872586e+00
1.000249092735445711e+00
1.000343119173480844e+00
1.000578122748157828e+00
1.000000390018214391e+00
1.000107576118696162e+00
1.000333138470548722e+00
1.000192444068628284e+00
1.000183465041411202e+00
9.999267787036717481e-01
1.000147636190533262e+00
1.000551678911177245e+00
1.000391710346253182e+00
1.000002682753192040e+00
1.000279305388682705e+00
9.996597493034911075e-01
1.000215665810425536e+00
1.000148702753222762e+00
9.996355193159423003e-01
1.000345905189440998e+00
1.000101339490802044e+00
9.997773544379758848e-01
9.997277031580816820e-01
1.000078544667438951e+00
1.000076573494674825e+00
9.999837163819395025e-01
1.000042643584326818e+00
1.000406068073179888e+00
1.000164272631896445e+00
9.998267069043443867e-01
1.000227507145329708e+00
1.000138637345833414e+00
1.000040379303026361e+00
1.000004265915811041e+00
1.000174575150580392e+00
9.999775163296896752e-01
1.000160800225731839e+00
1.000034357082360215e+00
1.000191660309327490e+00
1.000366600284558594e+00
9.999422326627512847e-01
1.000226040352591772e+00
9.999378889545661453e-01
9.999719153804211835e-01
1.000394622410188727e+00
9.999318611009130331e-01
1.000557972458071765e+00
1.000150190487190782e+00
1.000219792160511822e+00
1.000108977274591915e+00
1.000201971625990671e+00
1.000186551193430251e+00
1.000254767294422864e+00
9.998339426588626067e-01
1.000133739823980461e+00
1.000102470268534383e+00
9.999746632526045342e-01
1.000631490805106383e+00
1.000338748955194701e+00
1.000001236899249690e+00
1.000604044123969416e+00
1.000070264868567538e+00
1.000140515645586703e+00
1.000232688303273276e+00
1.000247169341414111e+00
1.000164526396128073e+00
1.000589748639411525e+00
1.000427282916505956e+00
1.000291296641948380e+00
9.998791679200028648e-01
1.000404408548069224e+00
9.998465848762082553e-01
9.999345757219643138e-01
9.997531860103832102e-01
1.000223858118739928e+00
1.000587546740634659e+00
1.000254157804741029e+00
1.000236417030170522e+00
1.000331241019616346e+00
1.000119438007403661e+00
1.000406460251005436e+00
1.000172462046407196e+00
1.000077910559794780e+00
9.997309107114618065e-01
1.000124797216165318e+00
9.997309777899082706e-01
1.000106999336739522e+00
9.997827616895175185e-01
1.000102004567027025e+00
1.000273200751808922e+00
1.000255910576465679e+00
1.000237937207557160e+00
1.000028281979277178e+00
1.000172058781078954e+00
9.998647428336259191e-01
9.999510460481434437e-01
9.998888319144015879e-01
1.000028284447972204e+00
9.999324668498542623e-01
1.000137373730166424e+00
9.998499747590778863e-01
1.000070898213092585e+00
9.999869168415822518e-01
9.999842051042203694e-01
1.000181556515186809e+00
1.000132397108110194e+00
