0.000000000000000000e+00
0.000000000000000000e+00
0.000000000000000000e+00
0.000000000000000000e+00
0.000000000000000000e+00
0.000000000000000000e+00
0.000000000000000000e+00
0.000000000000000000e+00
0.000000000000000000e+00
0.000000000000000000e+00
0.000000000000000000e+00
0.000000000000000000e+00
0.000000000000000000e+00
0.000000000000000000e+00
0.000000000000000000e+00
0.000000000000000000e+00
0.000000000000000000e+00
0.000000000000000000e+00
0.000000000000000000e+00
0.000000000000000000e+00
0.000000000000000000e+00
0.000000000000000000e+00
0.000000000000000000e+00
0.000000000000000000e+00
4.414120240428450479e-04
1.100181573199971244e-02
5.704861792194403092e-02
1.942435459933738173e-01
4.891249869177565768e-01
9.154331880767830887e-01
1.359418176184284288e+00
1.644923286544878849e+00
1.660709317164315246e+00
1.473988778626109220e+00
1.190048003477429672e+00
9.638617619972530415e-01
8.009499033519617006e-01
7.365322983079374275e-01
7.246913221452356835e-01
7.326547533794525169e-01
7.414133781749990826e-01
7.590111105886827580e-01
8.218883685217274193e-01
8.562066930988870839e-01
8.784556070427662622e-01
8.886761154332624146e-01
8.821162374067796907e-01
8.936365885339919712e-01
9.208600662113980428e-01
9.374765492019683233e-01
9.711448997603959743e-01
1.018901117829879244e+00
1.043140058849764573e+00
1.081647260778574315e+00
1.099612068950735821e+00
1.120064969528201226e+00
1.126855484568582311e+00
1.115204377929493118e+00
1.096870650120309154e+00
1.078829655650763719e+00
1.064340486824113308e+00
1.052527579077236597e+00
1.032548603527519093e+00
1.028555740690218157e+00
1.020350337271088925e+00
1.012212128838122283e+00
9.986693748594442921e-01
9.882472803919384319e-01
9.858309445591530995e-01
9.792045099765727123e-01
9.694624025467385442e-01
9.726192899309523687e-01
9.668252293324650637e-01
9.753858862252471340e-01
9.767821351147347730e-01
9.835085381658109638e-01
9.907471232677349526e-01
9.953104908359040603e-01
1.007276685820490014e+00
1.001500039489306992e+00
1.007605548709117560e+00
1.011595691275630537e+00
1.006493165797713862e+00
1.014729339622078230e+00
1.016165073553527476e+00
1.017067920861699504e+00
1.011983998698559040e+00
1.010645009133788852e+00
1.006888314353901581e+00
1.005977268055973539e+00
1.000434294614273467e+00
1.003899930517987427e+00
9.955049801853781410e-01
9.951610435273782196e-01
9.919795656043732812e-01
9.929893608187534415e-01
9.938924427284135943e-01
9.954083215312367061e-01
9.949428568771014891e-01
9.940647349994587989e-01
9.956794804960976686e-01
9.944606037682299782e-01
9.945725065277053467e-01
9.917733344663560713e-01
9.958290536564240458e-01
9.922205631127614112e-01
9.931692680589364608e-01
9.964931102025327281e-01
9.956140254260125166e-01
9.946006903986319703e-01
1.000943804159215578e+00
9.984980353804041586e-01
9.963659208624787711e-01
9.962270904558336859e-01
9.996561736551247135e-01
1.000859054945180349e+00
9.987534744124949571e-01
9.998871115355749684e-01
9.972888531517258848e-01
9.981035362266018618e-01
1.001396506523086316e+00
1.000827427052458862e+00
1.002036417659664558e+00
1.002491406357723491e+00
1.001469052202895060e+00
1.000459533212360697e+00
9.953955561547215281e-01
9.977706499731388012e-01
9.991555409737652438e-01
9.994244253017168234e-01
9.995584251562574796e-01
1.001022459567700196e+00
9.986124654372345866e-01
9.969858007836239766e-01
1.000160197034178911e+00
1.000944588239178978e+00
9.975851916588749368e-01
9.993023484894619779e-01
9.965062244346093445e-01
9.986003558941408675e-01
9.996642433493219126e-01
9.998651983961174272e-01
9.996828075205695940e-01
1.000545956144207382e+00
1.000926575225718373e+00
1.000491263358586291e+00
1.005209630376729946e+00
1.000668432047721046e+00
9.970832565992451268e-01
1.000494670202613401e+00
1.001883856413586793e+00
9.998172969023202405e-01
9.982108467433454813e-01
1.000391822381838880e+00
1.002508369045946202e+00
1.002182110088902345e+00
1.001265129089710326e+00
1.002187778966550979e+00
1.004032787674634219e+00
9.993447716724859209e-01
1.001850852631624100e+00
1.001009923917467903e+00
9.980725802883866349e-01
1.001176859808781794e+00
1.002857105979268360e+00
1.002622323812851990e+00
9.999081546333480341e-01
9.992386073538295221e-01
9.974747417258009730e-01
9.982266609767440624e-01
1.001262430093578626e+00
9.999882621908185998e-01
9.987813416866426763e-01
9.992945896283444984e-01
1.000708667836419874e+00
9.998713733448363339e-01
1.002047657511285550e+00
9.993981377653088360e-01
9.991318628654196621e-01
9.987190009868120999e-01
9.997277320947838275e-01
1.001762148360132221e+00
9.986589250144003449e-01
9.989870224823249600e-01
1.001995799038293056e+00
9.993001154556359067e-01
1.001353942904787520e+00
1.000705244112325421e+00
1.002006645352624181e+00
1.000946176964377266e+00
1.002184974826245911e+00
1.000198619962386459e+00
1.001839263874268582e+00
1.000272936587829786e+00
1.000648522108890770e+00
1.000297113467510712e+00
1.000008071407228583e+00
9.991205786000365574e-01
1.000013319333941553e+00
1.000073649593113734e+00
1.002558924612532154e+00
1.001177277851026837e+00
9.986004078748277335e-01
9.997997977698532823e-01
1.000028246075321592e+00
9.999903044863437396e-01
1.001323064615937675e+00
9.971012301937365319e-01
1.001620009034538183e+00
9.986594637794865559e-01
9.988938078477731519e-01
9.972319766467452329e-01
1.000295238674327125e+00
9.975323224130312472e-01
9.986269459195885601e-01
9.979362304702151798e-01
9.971489247986532467e-01
1.000241597889290457e+00
9.976488676006173284e-01
9.986708910945278905e-01
9.988114762330483343e-01
9.986484812971552216e-01
9.977746849237674187e-01
9.988350933737557558e-01
9.956329276540486495e-01
9.979637502634935986e-01
9.978747848677206322e-01
9.962261172685247246e-01
9.991946860762204174e-01
9.979150191451869878e-01
9.991326649600880128e-01
9.981807183026097929e-01
9.976542468070143110e-01
1.000440150580329535e+00
9.993508192444405802e-01
9.987111703619795389e-01
9.992139686361087847e-01
9.991533115581985314e-01
9.987436128812628988e-01
9.994534677104348619e-01
9.991429835538030435e-01
9.983344566124336961e-01
1.000381128318694968e+00
9.995073815114451365e-01
1.000545359645829802e+00
9.986138422920677327e-01
9.994726869446787232e-01
1.000343908390790792e+00
9.989622061784285689e-01
9.990757166885327889e-01
9.989655442313514211e-01
1.000422559945560730e+00
9.989772642643491851e-01
1.000137977491401209e+00
9.977524003222369986e-01
9.985494753083842268e-01
9.999933630959679798e-01
9.996942194023880068e-01
1.001745193378290155e+00
9.980879821813261055e-01
1.000974735043304475e+00
9.988093834761608836e-01
9.998390887553687545e-01
9.992184031223234619e-01
1.001210252804027423e+00
9.997145654926087310e-01
9.991339367799023652e-01
9.999361003274626070e-01
9.993018276262058963e-01
1.000480981406164371e+00
9.998067847526073137e-01
1.000677735394389867e+00
1.000055131186433854e+00
1.000372778410516528e+00
9.987679097334147826e-01
9.984370742470730642e-01
9.989486499235875616e-01
9.999121430215078821e-01
1.000399431005623452e+00
9.997055831541081794e-01
1.000381772546805159e+00
9.989250501834404661e-01
9.977606970262649089e-01
9.998493614138780350e-01
9.988419056659656459e-01
9.980788895762182644e-01
9.995568826584990685e-01
1.000479806422071016e+00
1.000052942331351558e+00
9.996725925534054591e-01
9.987983586614961329e-01
9.986161263485063833e-01
9.998644322444917298e-01
9.992951186594662971e-01
9.984868136876120515e-01
9.998752261529291196e-01
9.988608195693098324e-01
9.990685971837054424e-01
9.980032653483121852e-01
9.982533519165645020e-01
9.979814785650853448e-01
9.984451019355722323e-01
9.988755799518468370e-01
9.987372897624261503e-01
9.990536945744163955e-01
9.983258144430554593e-01
9.996803248346396442e-01
9.980619082231190209e-01
9.985111023062226421e-01
9.985828824034633788e-01
9.974929023163230379e-01
9.985690896138157413e-01
9.983731782508170616e-01
9.988669397765913560e-01
1.000015816395795731e+00
9.988693569005109296e-01
9.981083856641500551e-01
9.981794193260802306e-01
9.982544392461395466e-01
9.982544499513693603e-01
9.983222202353739805e-01
9.972863956668424068e-01
9.989627758449898254e-01
9.980166182731297075e-01
9.978563510372622236e-01
9.981109040091084017e-01
9.972662671399425971e-01
9.986828708633662677e-01
9.972554932936863459e-01
9.972158138608787636e-01
9.978162893369192377e-01
9.938729002650962263e-01
9.856549241509828807e-01
9.762266215010360071e-01
9.682200210983373800e-01
9.594109044487943994e-01
9.499576765326732675e-01
9.414267513353331562e-01
9.337948993377888085e-01
9.248317514236275017e-01
9.149254532289521347e-01
9.072218917917289627e-01
8.996174175790930816e-01
8.912702929650352379e-01
8.834125028146168068e-01
8.749131381412988961e-01
8.670307190818866694e-01
8.589531770849258008e-01
8.496408813391658210e-01
8.409711104558895700e-01
8.341050456834383509e-01
8.257925977967897069e-01
8.181520846807049940e-01
8.099383311555179432e-01
8.018488094252040899e-01
7.944274031568375749e-01
7.857133231451174371e-01
7.780698721289699415e-01
7.709137905706404670e-01
7.635483761869763519e-01
7.549456841954897968e-01
7.475031122247612902e-01
7.409042270422663279e-01
7.332161747990600942e-01
7.249673591774762338e-01
7.179990060984522415e-01
7.107122907134291179e-01
7.030828893186257256e-01
6.967594415009692455e-01
6.886913300257193615e-01
6.814432800218905850e-01
6.736199598057189819e-01
6.675123620577629868e-01
6.600608259111470089e-01
6.534312502021586422e-01
6.468921576394759398e-01
6.384824910442565837e-01
6.315700679948537122e-01
6.249229345248136225e-01
6.175193135977060654e-01
6.107353483717224973e-01
6.038802913828545949e-01
5.974318879142348493e-01
5.914856849777557768e-01
5.837308373938525641e-01
5.773383204328942364e-01
5.702653946089674131e-01
5.639300804335632966e-01
5.581176189715479907e-01
5.516617971078580096e-01
5.434768732317727391e-01
5.375110836869796405e-01
5.309566686391857804e-01
5.248845643495305691e-01
5.178461774137954610e-01
5.115498207529580732e-01
5.057775589207773592e-01
4.995080834764086819e-01
4.924787590766263046e-01
4.871824643153199186e-01
4.804334309298250449e-01
4.744540120260752891e-01
4.682721869744136955e-01
4.613498403566591577e-01
4.552157052938178294e-01
4.489745897642326011e-01
4.427623605074362811e-01
4.380073873141506757e-01
4.312330135852041058e-01
4.253883342050284733e-01
4.199039573580459761e-01
4.146687403307888209e-01
4.080412274656847194e-01
4.025140769340785907e-01
3.964296089192901329e-01
3.909441966437647853e-01
3.846217467967580350e-01
3.791145406331473122e-01
3.735834971375809888e-01
3.683839153278584688e-01
3.626672111452722280e-01
3.571273293724997466e-01
3.510915495455825264e-01
3.454187095177248534e-01
3.393803737592525072e-01
3.336996521306079266e-01
3.281875799432074636e-01
3.233454150289384876e-01
3.173911076461803371e-01
3.128323992881233417e-01
3.070079798822313855e-01
3.011456050230403858e-01
2.964657277144059910e-01
2.911556854989765797e-01
2.861978862563500092e-01
2.800878908343919504e-01
2.757059099060561458e-01
2.705328365843479022e-01
2.654654961210619057e-01
2.595845399157334921e-01
2.545593863102471599e-01
2.498326291943418764e-01
2.443328591929156968e-01
2.397140459018347880e-01
2.343351909327450744e-01
2.297167514286759527e-01
2.247980750048510779e-01
2.198641201769010733e-01
2.143890756757267091e-01
2.100147267683781238e-01
2.045961949270514169e-01
2.001597658208441322e-01
1.951944316680522540e-01
1.902075045668223663e-01
1.855937550227794719e-01
1.805935904878635812e-01
1.759418684806649258e-01
1.711685107697007990e-01
1.666942447171455011e-01
1.620057493322249464e-01
1.567872869185635287e-01
1.521228587970328838e-01
1.476261007983062923e-01
1.430080643907964411e-01
1.388120706148185390e-01
1.341256532896516196e-01
1.293926196747454682e-01
1.250312728716634347e-01
1.203775568239144472e-01
1.163862377118507901e-01
1.125735298719641175e-01
1.091036725231167154e-01
1.055807252182472677e-01
1.021716340089299790e-01
9.931924167413316851e-02
9.631294003528477476e-02
9.294536144858989157e-02
9.015624502014567276e-02
8.754770470540178262e-02
8.457931590805498057e-02
8.184259772542172573e-02
7.944812810188370267e-02
7.705867089470998244e-02
7.462185507247859340e-02
7.200782872405253610e-02
6.976567068869954369e-02
6.770344125679315928e-02
6.558750421474390802e-02
6.339991448448500932e-02
6.156738884661574346e-02
5.948315864471130643e-02
5.767929140257857523e-02
5.566058016524283447e-02
5.396131632358024122e-02
5.196452720191477997e-02
5.027050004048422976e-02
4.853830152651491397e-02
4.688513421837094824e-02
4.522904587637111007e-02
4.366463822535947281e-02
4.217350405266378360e-02
4.079231468920079678e-02
3.950048410466407839e-02
3.792402109663444570e-02
3.665875336815740265e-02
3.510203543878647608e-02
3.395727015370048757e-02
3.270560015827096018e-02
3.152499399152071391e-02
3.026744265809679438e-02
2.923282250699289417e-02
2.814386494156862276e-02
2.711644566466591202e-02
2.590526001173011975e-02
2.493032008068711558e-02
2.391687197772600360e-02
2.295677137241200483e-02
2.193127675309548136e-02
2.114613705677056629e-02
2.011924025553611661e-02
1.925050723568469402e-02
1.848494159377323323e-02
1.755406108833806877e-02
1.677596738778899810e-02
1.612793549857260283e-02
1.529624431392085510e-02
1.453365157622958995e-02
1.393557624710838744e-02
1.323148599769720032e-02
1.257684363142401451e-02
1.196037120500609112e-02
1.138765570998864426e-02
1.075859579841073783e-02
1.014031277530026871e-02
9.616364720692733431e-03
9.011054258844311549e-03
8.515692895648668131e-03
7.968367826969786558e-03
7.523739366772435114e-03
7.015705137353425193e-03
6.597548158279567358e-03
6.105431401886976528e-03
5.752315611168477838e-03
5.379686435136209893e-03
4.990268488137424539e-03
4.600105152130833271e-03
4.262448671316474910e-03
3.949857374251047881e-03
3.548263145679783192e-03
3.313325289682376822e-03
3.008191936044867822e-03
2.726855036984080546e-03
2.452568418276838969e-03
2.232315623136076933e-03
2.039489882562884118e-03
1.804583995318059754e-03
1.566731255059017986e-03
1.407306190757726550e-03
1.225394311796031361e-03
1.045111418097091497e-03
9.367914909876023238e-04
7.845213695429789462e-04
6.375147375845462237e-04
5.327721822599327736e-04
4.279355763953088167e-04
3.427297590531298713e-04
2.526725728262054784e-04
1.849699077818742991e-04
1.420114804478154222e-04
8.644397250423187403e-05
4.950268868571902246e-05
2.547614341615719307e-05
5.659571680900947191e-06
6.445545073065608926e-07
0.000000000000000000e+00
0.000000000000000000e+00
0.000000000000000000e+00
0.000000000000000000e+00
0.000000000000000000e+00
0.000000000000000000e+00
0.000000000000000000e+00
0.000000000000000000e+00
0.000000000000000000e+00
0.000000000000000000e+00
0.000000000000000000e+00
0.000000000000000000e+00
0.000000000000000000e+00
0.000000000000000000e+00
0.000000000000000000e+00
0.000000000000000000e+00
0.000000000000000000e+00
0.000000000000000000e+00
0.000000000000000000e+00
0.000000000000000000e+00
0.000000000000000000e+00
0.000000000000000000e+00
0.000000000000000000e+00
0.000000000000000000e+00
0.000000000000000000e+00
0.000000000000000000e+00
0.000000000000000000e+00
0.000000000000000000e+00
0.000000000000000000e+00
0.000000000000000000e+00
0.000000000000000000e+00
0.000000000000000000e+00
0.000000000000000000e+00
0.000000000000000000e+00
0.000000000000000000e+00
0.000000000000000000e+00
0.000000000000000000e+00
0.000000000000000000e+00
0.000000000000000000e+00
0.000000000000000000e+00
0.000000000000000000e+00
0.000000000000000000e+00
0.000000000000000000e+00
0.000000000000000000e+00
0.000000000000000000e+00
0.000000000000000000e+00
0.000000000000000000e+00
0.000000000000000000e+00
0.000000000000000000e+00
0.000000000000000000e+00
0.000000000000000000e+00
0.000000000000000000e+00
0.000000000000000000e+00
0.000000000000000000e+00
0.000000000000000000e+00
0.000000000000000000e+00
0.000000000000000000e+00
0.000000000000000000e+00
0.000000000000000000e+00
0.000000000000000000e+00
0.000000000000000000e+00
0.000000000000000000e+00
0.000000000000000000e+00
0.000000000000000000e+00
0.000000000000000000e+00
0.000000000000000000e+00
0.000000000000000000e+00
0.000000000000000000e+00
0.000000000000000000e+00
0.000000000000000000e+00
0.000000000000000000e+00
0.000000000000000000e+00
0.000000000000000000e+00
0.000000000000000000e+00
0.000000000000000000e+00
0.000000000000000000e+00
