0.000000000000000000e+00
0.000000000000000000e+00
0.000000000000000000e+00
0.000000000000000000e+00
0.000000000000000000e+00
0.000000000000000000e+00
0.000000000000000000e+00
0.000000000000000000e+00
0.000000000000000000e+00
0.000000000000000000e+00
0.000000000000000000e+00
0.000000000000000000e+00
0.000000000000000000e+00
0.000000000000000000e+00
0.000000000000000000e+00
0.000000000000000000e+00
0.000000000000000000e+00
0.000000000000000000e+00
0.000000000000000000e+00
0.000000000000000000e+00
0.000000000000000000e+00
0.000000000000000000e+00
0.000000000000000000e+00
0.000000000000000000e+00
1.147828668984168235e-03
1.157386742354411281e-02
5.886775793565700993e-02
2.018391553914161141e-01
4.886700581592281489e-01
9.507608280373820442e-01
1.423360127641625228e+00
1.707324720081662139e+00
1.734851297706005324e+00
1.526283995136187510e+00
1.248100872921895865e+00
9.789242780460076787e-01
8.142284065455526187e-01
7.476014030009124900e-01
7.324072938271075639e-01
7.295279907358619420e-01
7.292356506793706838e-01
7.539141055856500850e-01
8.074755131300365152e-01
8.452037593871210008e-01
8.814668471029588614e-01
8.883371512238403822e-01
8.943713546286087279e-01
9.016995028321065364e-01
9.238481105179489061e-01
9.495244777277850323e-01
9.766611522737823625e-01
1.008189160080984692e+00
1.052283082556711324e+00
1.088999311012332383e+00
1.103849430670940324e+00
1.121319896799254590e+00
1.123805425607103503e+00
1.113305274059702255e+00
1.103928872756670065e+00
1.088784329996403510e+00
1.069685226829756308e+00
1.053877152138062323e+00
1.038022948488853237e+00
1.033192494912257287e+00
1.016833660367248315e+00
1.010028257403796648e+00
1.007580105889510191e+00
9.955839627177524020e-01
9.888467179554055742e-01
9.792071275574533162e-01
9.742984133802939928e-01
9.767548463001521908e-01
9.754487643168477939e-01
9.798073814395670267e-01
9.804209837932449378e-01
9.881440382264062849e-01
9.974042386041971353e-01
9.955882012425641969e-01
1.001858180847372992e+00
1.014192145875946416e+00
1.013682090081192255e+00
1.020831689386466845e+00
1.019769172502597243e+00
1.017346879802287329e+00
1.015725411935205491e+00
1.012523364821525051e+00
1.016989621706224867e+00
1.009156675813868587e+00
1.012440496143104163e+00
1.005731442012807619e+00
1.000869209569174689e+00
9.953829948781711678e-01
9.973637153752857865e-01
9.932906278194238991e-01
9.987633967912153965e-01
9.963860080636343097e-01
9.912453522387971727e-01
9.924669609452748675e-01
9.938992571691840361e-01
9.946400998551594430e-01
9.940474785318393902e-01
9.939435741314688322e-01
9.952588375667066334e-01
9.919093590819982875e-01
9.925242237539073642e-01
9.914803833399619126e-01
9.991751503635359910e-01
9.939235931455863149e-01
9.939720487555606665e-01
9.978050959564102040e-01
9.965142612840902636e-01
9.977822680530994415e-01
9.979726026156156005e-01
9.979725494067600566e-01
9.988310261526812672e-01
9.978533865228579325e-01
9.943523174742439075e-01
9.951215106306142699e-01
9.947682181804698986e-01
9.961172635045391077e-01
9.963428730397810851e-01
9.992950485488983903e-01
9.944311552013958000e-01
9.971205811161756305e-01
9.908310031859252076e-01
9.943472051969837189e-01
9.933591427435511934e-01
9.921557185658119726e-01
9.956298610239676661e-01
9.954778635821293076e-01
9.956897884511299868e-01
9.919056207682336312e-01
9.909055379206828107e-01
9.936308983077701829e-01
9.938189631691273229e-01
9.961046961493362772e-01
9.975285637854746090e-01
9.947517561828173038e-01
9.977454465099617753e-01
9.958173986631846386e-01
9.947559168959013709e-01
9.964575301711798838e-01
9.978778347865363552e-01
9.961296513853267198e-01
9.937807045672504280e-01
9.957335677118791528e-01
9.964095498733707146e-01
9.963374026100145775e-01
9.953379498217520549e-01
9.937281518131709790e-01
9.987052149998073558e-01
9.983447723422425035e-01
9.986144222138910731e-01
1.000108351354415781e+00
9.968812235193545979e-01
9.987486023893394904e-01
9.973683995562604432e-01
9.971135800733790244e-01
9.986150716506555503e-01
9.982254556760209452e-01
9.973873202066528831e-01
9.977919505179373427e-01
9.978300841080359751e-01
9.955302080987651347e-01
9.976196672267809706e-01
9.949164166063573234e-01
9.978636602424482138e-01
9.979246923757869592e-01
9.984479272725715893e-01
9.966809727671873675e-01
9.959350992025598481e-01
9.973284396238986105e-01
9.962267231126630262e-01
9.977412155937109839e-01
1.000106103095506072e+00
9.987745803649121790e-01
1.000691161762812031e+00
9.983962258353927810e-01
9.992622423295941525e-01
1.000900855611654316e+00
1.000827994193120851e+00
9.983885774666586554e-01
9.998924190936639977e-01
1.001472705309587985e+00
1.000368966947964511e+00
1.000492355585021809e+00
1.000706453165630228e+00
9.986216124678609640e-01
1.001253485623857076e+00
1.000869429618894690e+00
9.997400633202471187e-01
1.000796882284384681e+00
1.002112559010241322e+00
9.979157092899910708e-01
1.000569986199602468e+00
9.984899335394955555e-01
9.974079072672092927e-01
1.000094700148789428e+00
9.995303120781268147e-01
9.994796536575003554e-01
9.980116212560862232e-01
9.971905338396807039e-01
9.992479588749861863e-01
9.996617317910287959e-01
1.000022178438188636e+00
9.994258174855303878e-01
1.000782942035332246e+00
1.000267693343241948e+00
9.996735877419008487e-01
9.995439960978892424e-01
9.974517619452031303e-01
1.000950891687992117e+00
9.998912935999769713e-01
9.987401363488195294e-01
1.000214339693649146e+00
9.999095832472902901e-01
9.987829479431157287e-01
9.994174059648324171e-01
9.989936549332971705e-01
1.000056544832821581e+00
1.002809972901656632e+00
9.997080964361719779e-01
9.992006483456666865e-01
1.000530892965175500e+00
1.001149989861782386e+00
9.980391226007166994e-01
9.996234556021864615e-01
9.981160937749821160e-01
9.978495315605074856e-01
1.000938171385733488e+00
1.001908516148575901e+00
9.984471888290401553e-01
9.989952207050124544e-01
1.000755274887033863e+00
1.000237810873929378e+00
1.001292951596113312e+00
9.989245562628681352e-01
1.000558030154852451e+00
1.001063931921581940e+00
1.000119125446759627e+00
1.001190758280277926e+00
9.986458799320401258e-01
1.001481895769387176e+00
9.995675846245177798e-01
9.998411262510947806e-01
9.981228612814425638e-01
9.992800185160933824e-01
9.994505160804199040e-01
9.998717466928090936e-01
9.991897523557408123e-01
9.997360914278047295e-01
9.991426945424005668e-01
9.985780327845509285e-01
9.994593826396152014e-01
9.997019359573534603e-01
9.992012228075174418e-01
9.994207301519398845e-01
9.988088812705496755e-01
1.000733974325369369e+00
1.000095900036728658e+00
9.997341500039590434e-01
9.992083716990101117e-01
1.000148531425531617e+00
1.000387594782047085e+00
9.993753829954974410e-01
9.997163258884830261e-01
9.997195156029016205e-01
9.991250704413295880e-01
9.985573158685628892e-01
9.991279340240157847e-01
1.000372044097570523e+00
1.001315471101648535e+00
1.000886844869423253e+00
1.001932175020319837e+00
1.000445476708669013e+00
1.001341633466567016e+00
9.991369645356453777e-01
1.000744502049842222e+00
1.000234575683698557e+00
9.998725505418597503e-01
1.000471145857974253e+00
1.000025288805705737e+00
1.000089352077375926e+00
1.001033131740716176e+00
1.001158337675333021e+00
1.000331854001073939e+00
9.993530093382598789e-01
1.000004599452995802e+00
1.000216850031639959e+00
9.996667660826598079e-01
1.000715401352998413e+00
9.992945519363424234e-01
9.995641666462715680e-01
1.000982196365468813e+00
1.000676646631346367e+00
9.997525527475488172e-01
1.000218776135786802e+00
1.000817851927768176e+00
9.993709730399444879e-01
9.990450098128820233e-01
9.991561675844120582e-01
9.994310510404385006e-01
9.995090061731822795e-01
1.002180811261237592e+00
1.000318637653143661e+00
9.998377233384776464e-01
1.000003069287408231e+00
9.996450849127346272e-01
9.999023002555106343e-01
1.000073349326059402e+00
1.000697030428356893e+00
9.988060142376360417e-01
1.000842444041308177e+00
9.997358016004311843e-01
9.997735536357839070e-01
9.997742329653244164e-01
9.980203906164729633e-01
9.995472707306519711e-01
1.000359703848040738e+00
9.996827607866271004e-01
9.992956176700609205e-01
9.998447064029188924e-01
9.999213316427739695e-01
1.000149099101335093e+00
1.000393328400497106e+00
9.984824349445120539e-01
1.000554007158543257e+00
9.991232822820204085e-01
9.993496870754238204e-01
9.995778887986098704e-01
9.995399737290009412e-01
9.961132065662715585e-01
9.882146839264356331e-01
9.784031280002136732e-01
9.709952977838302024e-01
9.617364747524824731e-01
9.514338064235553505e-01
9.433423435920281763e-01
9.356554205429458149e-01
9.267498347454251606e-01
9.183751274343376902e-01
9.090561905037259915e-01
8.996016295996935863e-01
8.927033973998484973e-01
8.841013315341776924e-01
8.763084404505392389e-01
8.679778673064353356e-01
8.598685593859102250e-01
8.513774615498367337e-01
8.433754952636370872e-01
8.345693671811209580e-01
8.265515293244750650e-01
8.191626889038331472e-01
8.104875913401129450e-01
8.038483920381155334e-01
7.957136664748796218e-01
7.866343685354139081e-01
7.793610783330099379e-01
7.705976103633070950e-01
7.625498327014443856e-01
7.551259056347020548e-01
7.492974362665638655e-01
7.405706017006512543e-01
7.335939387502946607e-01
7.256548596176318755e-01
7.182934917006155162e-01
7.103800269383123700e-01
7.031577331084853943e-01
6.956125293772229545e-01
6.888770217735011858e-01
6.817680423217187258e-01
6.731105139891719880e-01
6.667569998397036013e-01
6.591357061494323988e-01
6.533160270076456833e-01
6.450008618156475304e-01
6.378008767740857010e-01
6.314387232418854357e-01
6.239223434713176974e-01
6.173217167281513929e-01
6.099814431691465977e-01
6.034088068904170932e-01
5.961265976335392569e-01
5.891286445364641855e-01
5.827958812686645507e-01
5.754129698245927793e-01
5.700476754572422200e-01
5.629847656959285906e-01
5.559089639167709151e-01
5.491788729850779482e-01
5.430755437918842743e-01
5.377677488658252347e-01
5.300991260294206642e-01
5.237170011163393424e-01
5.178300104860104058e-01
5.103075382698866180e-01
5.045269357101928032e-01
4.983625321613639469e-01
4.917288598502414509e-01
4.855000174489185749e-01
4.790248044414920914e-01
4.740261874331098135e-01
4.676650270251528352e-01
4.605474361834572261e-01
4.553928206427043657e-01
4.485719662413011344e-01
4.430348002773068505e-01
4.371567672550984995e-01
4.304996345243484179e-01
4.249289132309531647e-01
4.192666915511104597e-01
4.134878918315416096e-01
4.075137251397833449e-01
4.017657384206098636e-01
3.962427213322146091e-01
3.906551678626305479e-01
3.839478780317462925e-01
3.785358388597289681e-01
3.730227848491544096e-01
3.673796206883288007e-01
3.614608989382087634e-01
3.561401295008743695e-01
3.503435996000180963e-01
3.451197095329811559e-01
3.394525119228379850e-01
3.339611916398050329e-01
3.285391434700619673e-01
3.235313009635604753e-01
3.177322730727492051e-01
3.124727385333064267e-01
3.067635059288945087e-01
3.018376976258837496e-01
2.961513263396162166e-01
2.910153794088886081e-01
2.864322723603079934e-01
2.809152758036531639e-01
2.754154475050089035e-01
2.697349972659738304e-01
2.650492581819239302e-01
2.597845174241483757e-01
2.546035876799336850e-01
2.499226410768775053e-01
2.441327500441402842e-01
2.400029365780682877e-01
2.352016702746353438e-01
2.294341794790512590e-01
2.246832053525847639e-01
2.195657930946697256e-01
2.147302149646228009e-01
2.101594857403646099e-01
2.051928401548500369e-01
1.999648993077314807e-01
1.955385829686812071e-01
1.907503483968003843e-01
1.857996002021274073e-01
1.809558425463567710e-01
1.763953547725496118e-01
1.712747987045609155e-01
1.665713685305795777e-01
1.619860440522152278e-01
1.570152559158146388e-01
1.524135042122794770e-01
1.477427426227251039e-01
1.431922490069159337e-01
1.386404681040422360e-01
1.339637662864548440e-01
1.296020553623518645e-01
1.252560256711828801e-01
1.205619054710492938e-01
1.165868787964854242e-01
1.122453653092416181e-01
1.088930807389483085e-01
1.054093038870266424e-01
1.022891995445148611e-01
9.909461295011033621e-02
9.592034029650742255e-02
9.281546914926092073e-02
8.996217098384790001e-02
8.717819034669846423e-02
8.446596280825009739e-02
8.172640425711011347e-02
7.919449960227556429e-02
7.693968785799427945e-02
7.432145235947111572e-02
7.223560909323330226e-02
6.996908435015010419e-02
6.758820812562382763e-02
6.560965891186486265e-02
6.341194183906380399e-02
6.157273594099486186e-02
5.942037486158036064e-02
5.758846265673311232e-02
5.548617764346686770e-02
5.366923567594102801e-02
5.192634995810527232e-02
5.029229140875426940e-02
4.856087049405165279e-02
4.698258296591747984e-02
4.534382008415811793e-02
4.370334413082725689e-02
4.222203168891481423e-02
4.083163076125748830e-02
3.937512152746842214e-02
3.797103989191155660e-02
3.653216156228603767e-02
3.544019911744626661e-02
3.382432022796644233e-02
3.262941063519637225e-02
3.156847185841481218e-02
3.025689213851510961e-02
2.911622023069723383e-02
2.786530359964728767e-02
2.693248336001201337e-02
2.592067333431772452e-02
2.490670667055932402e-02
2.387108363110896150e-02
2.286514278457463939e-02
2.199564210259922700e-02
2.097375815328805793e-02
2.011708951613479929e-02
1.924336489277599788e-02
1.849195961516974379e-02
1.757394282523094819e-02
1.684248241303736709e-02
1.617677588242068948e-02
1.530237311885164486e-02
1.452952592574815148e-02
1.393882100960869459e-02
1.322020634835408166e-02
1.247609936899203749e-02
1.194129359896340357e-02
1.127325762006674108e-02
1.076941803951911823e-02
1.006329935485100920e-02
9.554972113148374468e-03
9.048704565122156832e-03
8.470637615004645779e-03
7.997348412016175995e-03
7.460246072684646734e-03
6.978059210047028380e-03
6.572144133430499538e-03
6.227746994539196806e-03
5.741577816967186054e-03
5.374323206795417023e-03
4.998461874312421123e-03
4.621577254784646482e-03
4.250964741452371159e-03
3.930417233223058339e-03
3.620986292171021401e-03
3.332563131926565350e-03
3.032217192635557057e-03
2.720083759291311125e-03
2.502393529932495780e-03
2.284700151903167747e-03
2.038218055681801245e-03
1.819088757736031861e-03
1.598267943831512081e-03
1.412615525375651281e-03
1.226921848404637734e-03
1.071331095909488053e-03
9.109366006322236389e-04
7.846289689450265323e-04
6.499990639609507480e-04
5.238309541223765695e-04
4.348142321017188137e-04
3.442685405341045141e-04
2.579926075329664454e-04
1.917433253044695295e-04
1.308784114029256588e-04
8.416777259406029712e-05
4.608941549077086314e-05
2.044862630903117570e-05
6.630693263331458090e-06
8.058036373047298839e-07
0.000000000000000000e+00
0.000000000000000000e+00
0.000000000000000000e+00
0.000000000000000000e+00
0.000000000000000000e+00
0.000000000000000000e+00
0.000000000000000000e+00
0.000000000000000000e+00
0.000000000000000000e+00
0.000000000000000000e+00
0.000000000000000000e+00
0.000000000000000000e+00
0.000000000000000000e+00
0.000000000000000000e+00
0.000000000000000000e+00
0.000000000000000000e+00
0.000000000000000000e+00
0.000000000000000000e+00
0.000000000000000000e+00
0.000000000000000000e+00
0.000000000000000000e+00
0.000000000000000000e+00
0.000000000000000000e+00
0.000000000000000000e+00
0.000000000000000000e+00
0.000000000000000000e+00
0.000000000000000000e+00
0.000000000000000000e+00
0.000000000000000000e+00
0.000000000000000000e+00
0.000000000000000000e+00
0.000000000000000000e+00
0.000000000000000000e+00
0.000000000000000000e+00
0.000000000000000000e+00
0.000000000000000000e+00
0.000000000000000000e+00
0.000000000000000000e+00
0.000000000000000000e+00
0.000000000000000000e+00
0.000000000000000000e+00
0.000000000000000000e+00
0.000000000000000000e+00
0.000000000000000000e+00
0.000000000000000000e+00
0.000000000000000000e+00
0.000000000000000000e+00
0.000000000000000000e+00
0.000000000000000000e+00
0.000000000000000000e+00
0.000000000000000000e+00
0.000000000000000000e+00
0.000000000000000000e+00
0.000000000000000000e+00
0.000000000000000000e+00
0.000000000000000000e+00
0.000000000000000000e+00
0.000000000000000000e+00
0.000000000000000000e+00
0.000000000000000000e+00
0.000000000000000000e+00
0.000000000000000000e+00
0.000000000000000000e+00
0.000000000000000000e+00
0.000000000000000000e+00
0.000000000000000000e+00
0.000000000000000000e+00
0.000000000000000000e+00
0.000000000000000000e+00
0.000000000000000000e+00
0.000000000000000000e+00
0.000000000000000000e+00
0.000000000000000000e+00
0.000000000000000000e+00
0.000000000000000000e+00
0.000000000000000000e+00
