0.000000000000000000e+00
0.000000000000000000e+00
0.000000000000000000e+00
0.000000000000000000e+00
0.000000000000000000e+00
0.000000000000000000e+00
0.000000000000000000e+00
0.000000000000000000e+00
0.000000000000000000e+00
0.000000000000000000e+00
0.000000000000000000e+00
0.000000000000000000e+00
0.000000000000000000e+00
0.000000000000000000e+00
0.000000000000000000e+00
0.000000000000000000e+00
0.000000000000000000e+00
0.000000000000000000e+00
0.000000000000000000e+00
0.000000000000000000e+00
6.789375118907227672e-06
1.729563696747472151e-02
7.083700653711377804e-01
2.975435963254965621e+00
3.502103058633568189e+00
2.156064694165438222e+00
1.011870764434362968e+00
4.536260183537237922e-01
2.388093662082415303e-01
2.342859962022710574e-01
3.749838871863160894e-01
5.701341585632249132e-01
7.339571895626669784e-01
8.279564840372763967e-01
8.664062129872814877e-01
8.812356848116930097e-01
8.987672882330957069e-01
9.337752152152760665e-01
9.887216083520034005e-01
1.044114279510953258e+00
1.091172522176686144e+00
1.140394656333356016e+00
1.194047791808945158e+00
1.237693403008633952e+00
1.265469177106996357e+00
1.263471889079368804e+00
1.245865464149396029e+00
1.203518868316979962e+00
1.148092867749166635e+00
1.082457737916419305e+00
1.025871032705574226e+00
9.767164192245129106e-01
9.471173939238344275e-01
9.240561387393385617e-01
9.184863477307054769e-01
9.159838560380907380e-01
9.164392198677383528e-01
9.206316670067212771e-01
9.268803815125957746e-01
9.343874349547162117e-01
9.429587911917126641e-01
9.544163756283091660e-01
9.682259696822433925e-01
9.826149771380970899e-01
9.915620876929898131e-01
1.000604466139990434e+00
1.009118072595253990e+00
1.012182073302737351e+00
1.016982289851034338e+00
1.015066434079691327e+00
1.013533692540968811e+00
1.011590746296618049e+00
1.008617203501923409e+00
1.006257654412624047e+00
1.006254471282496121e+00
1.005978505462152839e+00
1.004074422105105668e+00
1.004947242928940110e+00
1.005818165542469167e+00
1.005067779694166274e+00
1.003698329025725755e+00
1.003716225987212107e+00
1.002597241953241403e+00
9.999485899332010153e-01
1.001049355698119037e+00
9.996107340066038294e-01
9.988193026281370068e-01
9.968608168301478223e-01
9.967188828392247180e-01
9.943378544974094124e-01
9.944498246825751453e-01
9.937859501116724781e-01
9.949303718123223561e-01
9.936384016679461473e-01
9.934044891199097504e-01
9.945300829510373974e-01
9.937315587513608772e-01
9.949640613114845156e-01
9.954983673341047945e-01
9.967848891179404980e-01
9.978919978245565092e-01
9.998940288331450432e-01
1.000952002955934006e+00
1.003765179296741250e+00
1.003424749927220638e+00
1.004620568839740047e+00
1.004701297713554098e+00
1.005551472296001503e+00
1.005829348655519873e+00
1.004236915573778033e+00
1.004633351219020643e+00
1.003500210144510074e+00
1.002723969129724724e+00
1.001159679565949867e+00
1.001382556106523714e+00
9.999215274536146225e-01
1.000396788270306425e+00
1.000076099827696074e+00
9.997655609974144264e-01
1.000161645736262983e+00
9.988568344176051994e-01
9.978310483717075519e-01
9.994491228464423838e-01
9.987646244612071733e-01
9.987988144255139922e-01
9.994789563348663863e-01
9.992788120737000623e-01
9.992560037125486350e-01
1.000460065964368539e+00
1.000081890269078677e+00
1.000835286624495168e+00
1.000869600482157118e+00
1.000833569747869856e+00
1.000862595797748389e+00
1.001057127304476602e+00
1.001823615702520875e+00
1.000965085613037653e+00
1.001542904125083400e+00
1.001393335759911851e+00
1.000409673964571589e+00
1.001182967712736405e+00
1.000566024740423332e+00
1.000932302000837604e+00
1.000385351349539764e+00
1.000410507695043139e+00
1.000861610665220169e+00
1.000420576250043547e+00
9.997673658126611240e-01
9.998999855205396026e-01
1.000724484693523708e+00
1.000422335399800522e+00
1.000580306494642358e+00
9.997414040087999609e-01
9.998193185743031730e-01
1.000028449155973664e+00
1.000029020574414007e+00
1.000768321000115479e+00
1.000291208550239785e+00
9.999063705617342590e-01
9.999500167599125744e-01
1.000218381080553609e+00
1.000050469724177660e+00
1.000445741251744902e+00
1.000150079467230002e+00
1.000096748490154175e+00
1.000880106358474908e+00
1.001011720775720537e+00
9.999208777657875302e-01
1.000829474770957406e+00
1.000520975156433900e+00
1.000777447752852156e+00
1.000559295910773194e+00
9.997035851173091681e-01
1.000390540630788472e+00
9.997621239525541492e-01
1.000005686724172449e+00
1.000150886653489835e+00
1.000242477938251495e+00
1.000248642682052935e+00
1.000248825629148408e+00
1.000756867762647717e+00
9.999965674003296057e-01
9.998008009460147560e-01
1.000002131662813598e+00
9.997438235726368028e-01
1.000436952202874208e+00
9.999712150002534328e-01
1.000081325964474743e+00
9.996609672670315749e-01
1.000313414713606797e+00
1.000257621515303619e+00
1.000401270155107936e+00
1.000391459206918299e+00
9.996798699214413109e-01
9.999334496875903477e-01
1.000193756674575329e+00
9.998518316970980147e-01
1.000419423188801504e+00
1.000501735306167150e+00
1.000237430224357071e+00
9.998436347034798111e-01
1.000140894229728072e+00
9.999217739988390807e-01
9.998125976948848415e-01
1.000360599109907822e+00
1.000016168140001716e+00
1.000222882584816064e+00
1.000091644907343369e+00
1.000121850362891696e+00
1.000197132880809692e+00
9.999038222702458789e-01
9.996968158053934905e-01
9.996614405278581028e-01
9.998825031129431329e-01
9.997716135594525433e-01
9.995325177093373759e-01
9.996717418306810821e-01
9.996871868246324233e-01
1.000119962788458050e+00
1.000327809811932367e+00
9.997262444682886162e-01
9.999447322014090034e-01
9.999345062086368863e-01
1.000257831668186270e+00
1.000299160027697365e+00
1.000034287169410785e+00
1.000069014956984192e+00
1.000176808016409513e+00
1.000082733298243820e+00
9.998603143244618741e-01
9.998708401370045573e-01
1.000032855754331429e+00
1.000226050251668664e+00
9.998926365483306045e-01
9.997526083691626875e-01
1.000698128294057687e+00
9.997457477859325037e-01
9.997004633964078346e-01
1.000089726830423187e+00
1.000329733279125666e+00
9.999110790608425337e-01
9.997275099161823109e-01
9.998848317301237687e-01
1.000151785792654291e+00
1.000410718066329085e+00
1.000258233522567819e+00
1.000173215080438327e+00
1.000033103389956324e+00
1.000271932650738771e+00
1.000305096984804853e+00
1.000157909738247808e+00
9.996895632602650350e-01
1.000344607140275510e+00
1.000023332668839915e+00
1.000274239322633596e+00
9.999032621494773343e-01
1.000383020627923392e+00
9.998471051096289308e-01
9.999417930795577725e-01
1.000169165311867170e+00
9.997714615664435867e-01
1.000268870512321051e+00
9.999805283481926210e-01
1.000144853045976001e+00
1.000304828872410345e+00
9.997582467553580710e-01
1.000119239558450390e+00
9.999205800923970378e-01
9.998841303693584148e-01
9.999093684653456160e-01
9.999296809885281911e-01
9.997545787419719332e-01
9.999272064311964803e-01
9.998064625142862871e-01
1.000087582055593227e+00
1.000093134627550340e+00
9.999325398816826249e-01
1.000196328448796024e+00
9.998029620041860577e-01
9.998642901153155238e-01
1.000136868567068182e+00
9.999166701303846549e-01
1.000021132644236976e+00
9.995619460162329384e-01
9.996291960682863742e-01
1.000028307120532922e+00
9.999766031080452588e-01
9.995980736480660767e-01
9.998304385374749970e-01
1.000143957722796406e+00
9.997373122523735001e-01
9.997264982745853734e-01
9.999378603405525423e-01
9.998902395439446256e-01
9.999450448046338646e-01
9.999615335924624260e-01
1.000045944921304164e+00
9.998285865808836936e-01
1.000131430646895359e+00
9.997917545794811067e-01
1.000098777037375486e+00
1.000364666746220266e+00
9.999730601264389396e-01
1.000184055811694117e+00
1.000012267286988443e+00
9.999620084321755309e-01
1.000173115492936082e+00
1.000262634545167950e+00
9.998548546057037800e-01
1.000039033162731128e+00
9.998633059504122844e-01
9.999712682935666397e-01
9.998380267058305515e-01
9.998821897186143115e-01
9.999607118138530426e-01
1.000077525110686372e+00
9.997178177573962099e-01
9.999500655935433802e-01
1.000116142452557089e+00
1.000103576624904234e+00
9.998809141537682299e-01
9.998564419347115706e-01
9.999119071768407530e-01
1.000097860876312916e+00
1.000304026753298325e+00
9.998520346318240382e-01
1.000212086245035881e+00
9.999725494105421442e-01
1.000110315311802722e+00
1.000238110425087035e+00
9.998706001300847745e-01
9.964990023203647018e-01
9.880201870405644904e-01
9.789409902326028368e-01
9.701035325074098825e-01
9.610788025406203916e-01
9.523978003240849421e-01
9.435500629975936970e-01
9.350167203648744874e-01
9.264202013356527265e-01
9.174997189444095147e-01
9.091155644550246162e-01
9.005258411595391532e-01
8.920500231008194891e-01
8.837554556984413834e-01
8.753563138184072834e-01
8.674508122390192089e-01
8.588286371462489077e-01
8.506930842666621251e-01
8.423941958963203636e-01
8.344236629454472309e-01
8.263502505261862696e-01
8.183436367544760781e-01
8.102170217161975829e-01
8.024087533686606877e-01
7.946275921737545600e-01
7.865558540748291971e-01
7.789803375920056894e-01
7.711331923031229385e-01
7.636226036062888634e-01
7.557859530859953878e-01
7.481382230634165964e-01
7.410550739813531740e-01
7.330236746736261688e-01
7.252202877593730834e-01
7.184880824378760966e-01
7.106644399770543075e-01
7.032998557248818505e-01
6.962356232036481796e-01
6.889645574209848355e-01
6.815132015468547966e-01
6.742916786510018134e-01
6.672888807135169964e-01
6.599267060225811887e-01
6.529853809770903572e-01
6.456845988041386430e-01
6.387340986908941476e-01
6.318552360380311761e-01
6.247515335679912907e-01
6.180283796851541167e-01
6.110875164463072107e-01
6.043418016076943511e-01
5.974458263517791190e-01
5.904682651191354159e-01
5.839655801152253689e-01
5.770581529229208417e-01
5.705498062814445825e-01
5.639274823013208371e-01
5.572146580798417181e-01
5.507114784366331506e-01
5.441065545821813787e-01
5.377324862277232942e-01
5.311985868716070369e-01
5.249560219674237471e-01
5.186895851073893837e-01
5.120422135279634190e-01
5.057822551309256731e-01
4.994751117584334543e-01
4.932592598016399266e-01
4.868944275881525452e-01
4.807952045715773726e-01
4.745689943728226279e-01
4.684365201826724556e-01
4.622564816932747123e-01
4.561588762910943617e-01
4.501724415471062279e-01
4.441077026398074223e-01
4.381048022384537166e-01
4.322332366191496966e-01
4.263011193441852975e-01
4.200735985575691500e-01
4.143576709387253865e-01
4.083445400122603375e-01
4.028108549770175739e-01
3.968688236678463710e-01
3.911911794462609171e-01
3.852973092901548213e-01
3.798187513688995320e-01
3.738829915171859031e-01
3.683604110467609827e-01
3.626898640777315719e-01
3.572458059347341508e-01
3.514401183052514033e-01
3.460353703690869920e-01
3.402672262636489697e-01
3.349367359474476058e-01
3.294498669155234705e-01
3.239412794781197369e-01
3.186420923270200656e-01
3.132768378790119490e-01
3.078314861397655200e-01
3.024168810414379349e-01
2.971741367253422639e-01
2.918345954304656931e-01
2.865709654817502616e-01
2.812500938226943914e-01
2.761055710328013668e-01
2.709149028804360149e-01
2.656967945398998610e-01
2.606507463666016267e-01
2.553839834812493548e-01
2.502405954633880047e-01
2.451131444558554140e-01
2.401576738625406660e-01
2.352750596729431265e-01
2.301282766690106174e-01
2.250891616764796599e-01
2.200408676813211117e-01
2.152391092863154554e-01
2.100813179344503678e-01
2.053262833266138454e-01
2.004758937507165883e-01
1.954812230456922373e-01
1.907221947354399705e-01
1.859215466723453669e-01
1.810939524947553503e-01
1.764631086550482453e-01
1.715265965548662397e-01
1.668171469661985096e-01
1.620960279174217533e-01
1.574465976476931151e-01
1.527409529772850438e-01
1.481422904276459007e-01
1.434622018595261006e-01
1.388270699067349068e-01
1.341558847389043296e-01
1.295807137808198672e-01
1.251059907030596940e-01
1.205650683108897142e-01
1.165311616194156935e-01
1.126624846044016054e-01
1.090991758941667888e-01
1.055991339377379268e-01
1.022275878346070727e-01
9.908790679627188513e-02
9.597472769432517647e-02
9.301938407369755857e-02
9.013356397553326516e-02
8.734136471951284286e-02
8.464545223004467378e-02
8.203414210580441124e-02
7.938926710366443762e-02
7.691843930528467765e-02
7.458406926720069496e-02
7.222947823865447092e-02
6.995781414657972763e-02
6.776467860355404882e-02
6.561496438294166234e-02
6.353549621562655514e-02
6.152582508250855481e-02
5.954676559604202279e-02
5.762130227919048941e-02
5.573906642271553996e-02
5.392922667898988193e-02
5.212912119159806429e-02
5.039967645910661820e-02
4.873363502415063719e-02
4.707298129041660728e-02
4.551852021772617024e-02
4.391244177904433943e-02
4.246894057445021325e-02
4.097503460038905837e-02
3.954571200397524744e-02
3.814715482743424868e-02
3.678810212129136198e-02
3.546766039854792191e-02
3.417370196512256597e-02
3.289198361324489894e-02
3.170388651736781582e-02
3.052243583835729038e-02
2.935173111053584333e-02
2.821395788077327854e-02
2.707623833248357439e-02
2.605678351296755041e-02
2.502711366384821959e-02
2.400852652503570814e-02
2.303322312681106016e-02
2.207517134151106356e-02
2.115290799827060364e-02
2.029309056094067212e-02
1.936539227139331965e-02
1.852583022770928553e-02
1.771557592041131390e-02
1.690961169896289251e-02
1.614373686940805477e-02
1.539927173678715296e-02
1.466379983362965135e-02
1.396091615193731546e-02
1.325782713873812843e-02
1.259705633959395769e-02
1.195018364160100287e-02
1.134330180820268714e-02
1.072559238080968667e-02
1.016047785190805214e-02
9.600362464872563492e-03
9.054148811702451491e-03
8.521256990507930507e-03
8.024417215701845976e-03
7.545554391441836734e-03
7.067977466426221024e-03
6.620391915697797745e-03
6.188353575774970840e-03
5.794118553314576460e-03
5.374037429982788001e-03
4.999420394304451148e-03
4.644333139641921779e-03
4.285187214001540644e-03
3.958763872221896830e-03
3.623819719072214444e-03
3.329061847541725083e-03
3.047418823378693874e-03
2.766293549619698675e-03
2.511077465707463059e-03
2.269814317270983563e-03
2.033605742417290800e-03
1.820796479225286150e-03
1.607981867107180192e-03
1.421481470977500969e-03
1.247723337065264433e-03
1.078725296109100344e-03
9.248044851336861437e-04
7.860022881479492409e-04
6.522842404585492762e-04
5.424994504806858464e-04
4.344191876468989576e-04
3.471604432219566440e-04
2.609680901256314985e-04
1.940776687621767048e-04
1.353291666719107342e-04
8.792016476331457613e-05
5.014554135568323093e-05
2.335554547610523246e-05
7.157219910829955353e-06
7.982602599299151102e-07
2.593968604266094194e-08
0.000000000000000000e+00
0.000000000000000000e+00
0.000000000000000000e+00
0.000000000000000000e+00
0.000000000000000000e+00
0.000000000000000000e+00
0.000000000000000000e+00
0.000000000000000000e+00
0.000000000000000000e+00
0.000000000000000000e+00
0.000000000000000000e+00
0.000000000000000000e+00
0.000000000000000000e+00
0.000000000000000000e+00
0.000000000000000000e+00
0.000000000000000000e+00
0.000000000000000000e+00
0.000000000000000000e+00
0.000000000000000000e+00
0.000000000000000000e+00
0.000000000000000000e+00
0.000000000000000000e+00
0.000000000000000000e+00
0.000000000000000000e+00
0.000000000000000000e+00
0.000000000000000000e+00
0.000000000000000000e+00
0.000000000000000000e+00
0.000000000000000000e+00
0.000000000000000000e+00
0.000000000000000000e+00
0.000000000000000000e+00
0.000000000000000000e+00
0.000000000000000000e+00
0.000000000000000000e+00
0.000000000000000000e+00
0.000000000000000000e+00
0.000000000000000000e+00
0.000000000000000000e+00
0.000000000000000000e+00
0.000000000000000000e+00
0.000000000000000000e+00
0.000000000000000000e+00
0.000000000000000000e+00
0.000000000000000000e+00
0.000000000000000000e+00
0.000000000000000000e+00
0.000000000000000000e+00
0.000000000000000000e+00
0.000000000000000000e+00
0.000000000000000000e+00
0.000000000000000000e+00
0.000000000000000000e+00
0.000000000000000000e+00
0.000000000000000000e+00
0.000000000000000000e+00
0.000000000000000000e+00
0.000000000000000000e+00
0.000000000000000000e+00
0.000000000000000000e+00
0.000000000000000000e+00
0.000000000000000000e+00
0.000000000000000000e+00
0.000000000000000000e+00
0.000000000000000000e+00
0.000000000000000000e+00
0.000000000000000000e+00
0.000000000000000000e+00
0.000000000000000000e+00
0.000000000000000000e+00
0.000000000000000000e+00
0.000000000000000000e+00
0.000000000000000000e+00
0.000000000000000000e+00
0.000000000000000000e+00
