0.000000000000000000e+00
0.000000000000000000e+00
0.000000000000000000e+00
0.000000000000000000e+00
0.000000000000000000e+00
0.000000000000000000e+00
0.000000000000000000e+00
0.000000000000000000e+00
0.000000000000000000e+00
0.000000000000000000e+00
0.000000000000000000e+00
0.000000000000000000e+00
0.000000000000000000e+00
0.000000000000000000e+00
0.000000000000000000e+00
0.000000000000000000e+00
0.000000000000000000e+00
0.000000000000000000e+00
0.000000000000000000e+00
0.000000000000000000e+00
0.000000000000000000e+00
0.000000000000000000e+00
0.000000000000000000e+00
0.000000000000000000e+00
0.000000000000000000e+00
1.091439732729354919e-02
4.716276674540358094e-02
1.438994421235913201e-01
2.999973855986367566e-01
5.586511908120089798e-01
8.367039820907509196e-01
1.145645706377406814e+00
1.161347785074949179e+00
1.136269693199811748e+00
1.033592306215424639e+00
8.710580077664737964e-01
7.396335998483415386e-01
6.107069664497541961e-01
5.801937687540160704e-01
5.329941749427267172e-01
5.106057150771937669e-01
5.542948607424911245e-01
6.667060647994585976e-01
7.239281156968639941e-01
7.497042144382214390e-01
8.033958244749355160e-01
8.102460814911648379e-01
8.986531113417147720e-01
9.550159525614966283e-01
9.568921816931824642e-01
1.099813714088317074e+00
1.159211551532064233e+00
1.212899855652911363e+00
1.253122456631860171e+00
1.280841454769904297e+00
1.268514343322706184e+00
1.249949976033887244e+00
1.249072760136352267e+00
1.227475659846870348e+00
1.178209927945397695e+00
1.137321251008550860e+00
1.094381307250646751e+00
1.070847139404721871e+00
1.054695256703468198e+00
1.008312443607076725e+00
1.047796841803134038e+00
1.002611384983294496e+00
9.855876185571591508e-01
1.005679747829290038e+00
1.008051658359474079e+00
9.834659347091904147e-01
1.000578223015330614e+00
9.911717967019799680e-01
1.018910878842092416e+00
1.013694998963769356e+00
1.047412075506980900e+00
1.028293776336993259e+00
1.061804166891415990e+00
1.018606828388657570e+00
1.043492692978916114e+00
1.043286080923624848e+00
1.022293855280568042e+00
1.041635055495690576e+00
1.020907498919971790e+00
1.023892855661089341e+00
1.036816900823924303e+00
1.019307318566988529e+00
1.025190606514014169e+00
1.002606717266590675e+00
1.003070856728486948e+00
9.992254906572312079e-01
9.961554840554598389e-01
9.985143551757621472e-01
9.833595112631378088e-01
1.000411869217715077e+00
1.006939549281975266e+00
1.013999485026173986e+00
1.002390703797487737e+00
9.986015473348430760e-01
1.014238466757271029e+00
9.893530832334344050e-01
9.948723714347491587e-01
1.009447280732543417e+00
9.951153735102223896e-01
1.012343584032650456e+00
9.871850276790462564e-01
1.008784511332357692e+00
1.006380376720504399e+00
9.931406740889078266e-01
1.009024062905377050e+00
1.003729664138280020e+00
1.015019003504562978e+00
1.007897167811380612e+00
1.001143124955209629e+00
1.004576464717081175e+00
1.002420619814010205e+00
1.014485105036441182e+00
1.022568012024875461e+00
1.008415230734960755e+00
1.023833914335215090e+00
1.024916721969248101e+00
1.002345371225778159e+00
1.022783771642057582e+00
1.019007765368330043e+00
1.011709858008954965e+00
1.027497732176106959e+00
1.011243075902590549e+00
1.010142590185758138e+00
1.011103045453108029e+00
1.006693432407033573e+00
1.004314183335218713e+00
1.019951310366700170e+00
9.885094374047123100e-01
1.032167916145469100e+00
9.955583748251347620e-01
1.013391980024347605e+00
1.024502834075855517e+00
1.019103539275631576e+00
1.014492855411788019e+00
1.020547468203154340e+00
1.008888479702400698e+00
1.012286049233982244e+00
1.017003915615108278e+00
1.012932583646588114e+00
1.000151102027182271e+00
1.010311401370736828e+00
1.013101819804208548e+00
1.013222700116785724e+00
1.009654232762548176e+00
1.004502360798401384e+00
9.923991516304179195e-01
1.002947498829966255e+00
1.009828322300576176e+00
1.006152812818992937e+00
1.013539290597058162e+00
1.013803788898606895e+00
1.006637062427793383e+00
1.011873899897859364e+00
1.006162438307744322e+00
1.014650498178078175e+00
1.008888878286903434e+00
9.942565144913754205e-01
9.994395383692212809e-01
9.940221892876657250e-01
1.000028747735400181e+00
1.015967733165568765e+00
1.000984173060335269e+00
1.003488316416766946e+00
1.001946061231142160e+00
9.996702467906153355e-01
1.006657054887846847e+00
1.009391284458435623e+00
9.997497191055872978e-01
9.996159561710646901e-01
1.004470103214315735e+00
1.004655207783512472e+00
1.001315947163883724e+00
1.006736631511405688e+00
1.008557513462905231e+00
9.954789225365093808e-01
1.008916052815918896e+00
1.005406442955595558e+00
1.005926580069781195e+00
9.987519007804125382e-01
1.001438803593774240e+00
1.008238514988418544e+00
9.993599628147814551e-01
1.010769115657281114e+00
1.000173127328622735e+00
9.971231813006745659e-01
9.952881205175635460e-01
1.005340345836966520e+00
1.014396259105267539e+00
9.954079447962068672e-01
9.986140613959790802e-01
9.957908095421960093e-01
1.009946533365075449e+00
1.004203414150311557e+00
1.010173622172695129e+00
9.955837440920219938e-01
1.006835965973725822e+00
9.971004648171433171e-01
1.001816885274337876e+00
9.995653141329167157e-01
9.965177107209538532e-01
1.001381618025786624e+00
1.007269978645311204e+00
1.005745024137668642e+00
9.965017213830236198e-01
1.007522936910726363e+00
9.984535931688921506e-01
1.001040856168438520e+00
1.010137171624054586e+00
1.008223083358595007e+00
1.005529348562389291e+00
9.985115764973973018e-01
1.010913145681800573e+00
1.004764679718927578e+00
9.932596001484522708e-01
1.005419764599510657e+00
9.954450762018081100e-01
1.000124652582788265e+00
1.004345533196273399e+00
1.003027690815880391e+00
1.014462219826014033e+00
1.009439674557991218e+00
1.001491424818916842e+00
1.002237877283908007e+00
9.999874579486955906e-01
9.928417409315578590e-01
1.007714114514646431e+00
1.002801639030419967e+00
1.012642641928824139e+00
1.003141426261144220e+00
1.007124589292958339e+00
1.007143236892964699e+00
1.007463966256118670e+00
1.006359389390316439e+00
1.010291622135773615e+00
1.004244333978370873e+00
9.994078407058082369e-01
1.004089392726534191e+00
1.009826671292215705e+00
1.000511947111950795e+00
9.981229673645279910e-01
1.005121921245260896e+00
1.005978138153324153e+00
1.011248864718716556e+00
1.004314171711381709e+00
1.001068685332545449e+00
9.967683183784394885e-01
1.006550403927071402e+00
1.002582852477224229e+00
1.002236192645155066e+00
9.992339208384366511e-01
9.994554183933660463e-01
1.005936376397811971e+00
1.008272387959360916e+00
1.009444588029354106e+00
1.004841812999842432e+00
1.003313144478091834e+00
1.003110508509258425e+00
1.005834767981193201e+00
1.002798109994129661e+00
1.003228086701119182e+00
1.004378355099560194e+00
1.002618183518035444e+00
1.001765493782812211e+00
9.980260054352885213e-01
1.002002244789533369e+00
1.005391314864575669e+00
1.004225725310093686e+00
9.979043273559066174e-01
9.968989442627966824e-01
1.002302993273429754e+00
1.001710862758657727e+00
1.005959799891155804e+00
1.001257500578846438e+00
1.010018650129658413e+00
9.993515902972787135e-01
9.999069108097279335e-01
1.005997604575471271e+00
1.000993030156177577e+00
9.982417571580257665e-01
9.945251125525202962e-01
1.006800794038121394e+00
1.004785874920253175e+00
9.989675168892316881e-01
9.985070760850227600e-01
1.001854365891492682e+00
1.003463816859733848e+00
1.004067010086875156e+00
9.998128393824311511e-01
1.000784340070094425e+00
1.003397328921547649e+00
9.996659006642141243e-01
1.000604420223600632e+00
9.967092622231009669e-01
9.926977080125924946e-01
9.917639267743127984e-01
1.002820827649363533e+00
1.001150987479355159e+00
9.942583368807634825e-01
1.001626164538863772e+00
9.950964241024408130e-01
9.973766020182753822e-01
9.963191581965069599e-01
9.918888778938435014e-01
9.977622534584081881e-01
9.939185754379057380e-01
9.897232510330801203e-01
9.980578276294115314e-01
9.989730530001373898e-01
9.952943830612207554e-01
9.939984100260855771e-01
9.949806915868704138e-01
9.929192739808897494e-01
9.930820301462153221e-01
9.934330817122498658e-01
9.883598580255237298e-01
9.960794977615859969e-01
9.894577721032516981e-01
9.963433192089051760e-01
9.920130298927749557e-01
9.895034021711883732e-01
9.870170069331217766e-01
9.938531069673682827e-01
9.998374194272202642e-01
9.937593991779941627e-01
9.939692352444052803e-01
9.922088823744669162e-01
9.924647179832186694e-01
9.919933032810962503e-01
9.940624111725883116e-01
9.917013502491708321e-01
9.942798839288217172e-01
9.935088729072296676e-01
9.961568163321333769e-01
9.994685612268526809e-01
9.946670416443166296e-01
9.937309232669544468e-01
9.959637205919584790e-01
9.975484549318480720e-01
9.972430573835511236e-01
9.972433643261366942e-01
9.934709442485231135e-01
9.994308100461786193e-01
9.949017469190686302e-01
9.959699270274167127e-01
9.992758486878537960e-01
9.917138425269775848e-01
9.950890868946689061e-01
9.938687789080496993e-01
9.904594915930180488e-01
9.956014449760870466e-01
9.931159219749012834e-01
9.937701318712380827e-01
9.881072836534099402e-01
9.888524597988940235e-01
9.909562413984688289e-01
9.894441049541475852e-01
9.871459453911430870e-01
9.861724309553480117e-01
9.779963473838436672e-01
9.695922804407416384e-01
9.632401794162385178e-01
9.503815337288704646e-01
9.462237493362707363e-01
9.327143997544162790e-01
9.301681567945891960e-01
9.205000509529011055e-01
9.141282368052893181e-01
9.099940726307951255e-01
8.992595485074257322e-01
8.880023654081946605e-01
8.812066181712155943e-01
8.752382346967264581e-01
8.707982871660826518e-01
8.612732842245391929e-01
8.510725389485642722e-01
8.455590894743598707e-01
8.432779374741616873e-01
8.292604265219976067e-01
8.258985667690165178e-01
8.174792284111654928e-01
8.088016846516025149e-01
8.019609647626790849e-01
7.966138729925671402e-01
7.886070460989687003e-01
7.805002880303651969e-01
7.756080555939238730e-01
7.708018690019999841e-01
7.619032262372323894e-01
7.520306453307209482e-01
7.436088887504573863e-01
7.383860837087851126e-01
7.382104673261952188e-01
7.254490460455147449e-01
7.174473053789039989e-01
7.112880216187866811e-01
7.069660520829205153e-01
7.001317682395141739e-01
6.952259487721752507e-01
6.846707992246030550e-01
6.781012200108296195e-01
6.742356258015462789e-01
6.631618855561982606e-01
6.594480330134405710e-01
6.526007488345616503e-01
6.452550835622072878e-01
6.418554098747365488e-01
6.344710092986481920e-01
6.294170749337656412e-01
6.224257610504606575e-01
6.181454223528778380e-01
6.081156103831981685e-01
6.045920563811059134e-01
5.966566113391935655e-01
5.916404184090728879e-01
5.879626290706023717e-01
5.806467498507684732e-01
5.756109420882924432e-01
5.672893878906672960e-01
5.619289470212894821e-01
5.541245592666655950e-01
5.475699150964943307e-01
5.411941463290100840e-01
5.378107575819806030e-01
5.323719577094446764e-01
5.277089969000046121e-01
5.164067461224050026e-01
5.100449522802988911e-01
5.041095397821903079e-01
5.024033832299513724e-01
4.932131908809131993e-01
4.881626028604172940e-01
4.857918568112980506e-01
4.802855721190946725e-01
4.736492956360958129e-01
4.673256025084656651e-01
4.639137221459893046e-01
4.550960961282221051e-01
4.488364797514028393e-01
4.452689794082541064e-01
4.410703852505378220e-01
4.334478199607762483e-01
4.300309141972223914e-01
4.258249628009749266e-01
4.176001190083001302e-01
4.140930189419378959e-01
4.070805289392828152e-01
4.012808738466674408e-01
3.936854003439884120e-01
3.908064295399650834e-01
3.856524857942245643e-01
3.835391013082062872e-01
3.738336156096648266e-01
3.705168610013826469e-01
3.646087257116047420e-01
3.622950951304970690e-01
3.569410288498158224e-01
3.511077977769141434e-01
3.463281672033854397e-01
3.393397718350752434e-01
3.362189195642993900e-01
3.314839033911277655e-01
3.266178374831312237e-01
3.201935555570507574e-01
3.143762285809629797e-01
3.107629479783483029e-01
3.070011616360008855e-01
3.042795135619849045e-01
2.969045551637063407e-01
2.920848938918063076e-01
2.902298071072126340e-01
2.817271505560562939e-01
2.791704003998272121e-01
2.718125045874981160e-01
2.685230399280151281e-01
2.648521476584427270e-01
2.587448779121772069e-01
2.533901652907886159e-01
2.491751736666757144e-01
2.443147449463347332e-01
2.389278430319567992e-01
2.361076960386491730e-01
2.304896758717981109e-01
2.250501179031876020e-01
2.228952725882606678e-01
2.170680657279696057e-01
2.141727978714904057e-01
2.092473944793564467e-01
2.045016270103829914e-01
1.987384975592955960e-01
1.935572667705099115e-01
1.892208631975142163e-01
1.879315279910111769e-01
1.815511085067312569e-01
1.762819172144891311e-01
1.724426760260993063e-01
1.682265410087416535e-01
1.636710345740867434e-01
1.610244337781969459e-01
1.562696511030371160e-01
1.509005508178290766e-01
1.478457970939959509e-01
1.433106764507410535e-01
1.387458129608526713e-01
1.345862988416632045e-01
1.300299646133119547e-01
1.253266898310622934e-01
1.210208941536783239e-01
1.167161897135447490e-01
1.143194058922368667e-01
1.105996458946808397e-01
1.075578107601448258e-01
1.043213908967885878e-01
1.014846357771857915e-01
9.968984815937181887e-02
9.643966813095691815e-02
9.235785289557554845e-02
9.049893857960225607e-02
8.735359578379106593e-02
8.547049324194305742e-02
8.215622005182139642e-02
8.135975907888612357e-02
7.956158786264969085e-02
7.622466656598746171e-02
7.313264825137905101e-02
7.176384727418790022e-02
7.019886496453972557e-02
6.823474457897740764e-02
6.530861919865472986e-02
6.417455197450649962e-02
6.198430937430626092e-02
6.077530649511100891e-02
5.795963689791507056e-02
5.662221213138001613e-02
5.588992813011071231e-02
5.437011214075967991e-02
5.246025785529991048e-02
5.015664517648140558e-02
4.900317812488064195e-02
4.704887491472192068e-02
4.566720487523723282e-02
4.374274224032440039e-02
4.372144027203153649e-02
4.168332163452779376e-02
4.078435966417787856e-02
3.886909780781507007e-02
3.775210231183744741e-02
3.696577358703809213e-02
3.508038783208532185e-02
3.406947448647538318e-02
3.351962660616449041e-02
3.195758746249913879e-02
3.050968714559175107e-02
2.967715045126967377e-02
2.897553154749083273e-02
2.756449153328667870e-02
2.647963760061437799e-02
2.580756676612129194e-02
2.474378417589836662e-02
2.384385890842239189e-02
2.272369217323092980e-02
2.225866964386945604e-02
2.128439756752665765e-02
2.079437323756672118e-02
1.937427090354975137e-02
1.862055846221148669e-02
1.825728914002709702e-02
1.756684148314444777e-02
1.658874195782642988e-02
1.565691654575917385e-02
1.532646666306679457e-02
1.529110909096305197e-02
1.408839701849208710e-02
1.336923557346061421e-02
1.237570077079516891e-02
1.203007247404678896e-02
1.158143259977988289e-02
1.119178140378339868e-02
1.084657363965873048e-02
9.853917536491230145e-03
9.522436405709405749e-03
9.048223239172719159e-03
8.762899070847081015e-03
7.996195728680849379e-03
7.466922483833481061e-03
7.244166518285189739e-03
6.853240706544185164e-03
6.637357685586708043e-03
5.705118502844873721e-03
5.709418739092936984e-03
5.281869935517414204e-03
4.967245078270613422e-03
4.654698569216116598e-03
4.523152754257650163e-03
3.989542058343872703e-03
3.976243597150033379e-03
3.382338472341044674e-03
3.243581635285835811e-03
3.053584291131204460e-03
2.708918421023175788e-03
2.528382923700707528e-03
2.223183713786611952e-03
2.000383206665604444e-03
1.769420029887557120e-03
1.536768102254122909e-03
1.474409083309322424e-03
1.209311174882402636e-03
1.031357199577893815e-03
1.031145602955283163e-03
8.674897976394775135e-04
7.738158249598966901e-04
6.401506267867541466e-04
4.793348305007907395e-04
3.878113526385691743e-04
3.432637955822238083e-04
2.342693111918792072e-04
2.458050750629961110e-04
1.286327205076079198e-04
8.547984981971072226e-05
6.694747413907695306e-05
1.819997520134598623e-05
1.814182836525810616e-05
0.000000000000000000e+00
0.000000000000000000e+00
0.000000000000000000e+00
0.000000000000000000e+00
0.000000000000000000e+00
0.000000000000000000e+00
0.000000000000000000e+00
0.000000000000000000e+00
0.000000000000000000e+00
0.000000000000000000e+00
0.000000000000000000e+00
0.000000000000000000e+00
0.000000000000000000e+00
0.000000000000000000e+00
0.000000000000000000e+00
0.000000000000000000e+00
0.000000000000000000e+00
0.000000000000000000e+00
0.000000000000000000e+00
0.000000000000000000e+00
0.000000000000000000e+00
0.000000000000000000e+00
0.000000000000000000e+00
0.000000000000000000e+00
