0.000000000000000000e+00
0.000000000000000000e+00
0.000000000000000000e+00
0.000000000000000000e+00
0.000000000000000000e+00
0.000000000000000000e+00
0.000000000000000000e+00
0.000000000000000000e+00
0.000000000000000000e+00
0.000000000000000000e+00
0.000000000000000000e+00
0.000000000000000000e+00
0.000000000000000000e+00
0.000000000000000000e+00
0.000000000000000000e+00
0.000000000000000000e+00
0.000000000000000000e+00
0.000000000000000000e+00
0.000000000000000000e+00
0.000000000000000000e+00
0.000000000000000000e+00
0.000000000000000000e+00
0.000000000000000000e+00
0.000000000000000000e+00
0.000000000000000000e+00
0.000000000000000000e+00
5.052812390453044478e-02
8.751395885871954272e-01
3.063645509779148846e+00
3.828188863924821828e+00
2.875903494808116800e+00
1.614426688860384207e+00
8.347864329136762684e-01
4.589614046765762567e-01
2.658339168802500430e-01
1.825958341332264701e-01
1.315640472922559034e-01
1.192885726362551968e-01
1.231477333176404926e-01
1.542084499796512465e-01
1.889729835923858181e-01
2.625495677499329328e-01
3.915844836669947204e-01
5.878890482363811065e-01
8.282572580690220621e-01
1.122475851843765859e+00
1.471210257778942543e+00
1.731866053764050672e+00
1.951138337439709325e+00
2.095501536813877408e+00
2.238714657846861744e+00
2.262294563368000500e+00
2.240919758362541092e+00
2.158871648105703756e+00
2.028332692202014620e+00
1.812327760747599825e+00
1.560689763324049739e+00
1.328479261532154787e+00
1.146684187426576074e+00
1.003822605349204089e+00
9.433702647317570023e-01
8.990811976323548338e-01
9.227779846973852562e-01
9.287465499467421060e-01
9.570385969461396858e-01
1.005616528941464027e+00
1.034630047281043241e+00
1.073060530695234993e+00
1.089342167920554161e+00
1.128404640274754289e+00
1.151738439094368793e+00
1.155402184218625505e+00
1.161444629313908905e+00
1.135231696652251099e+00
1.142548319826433456e+00
1.125594356593241363e+00
1.083864628903588034e+00
1.056925216404328571e+00
1.058177725484549470e+00
1.016071217177737740e+00
9.957967455048557515e-01
9.783099605464200543e-01
9.677326480453106727e-01
9.583423386731309002e-01
9.542811209968133923e-01
9.639008511274416158e-01
9.732903375853415584e-01
9.660243350609549751e-01
9.735961268569418570e-01
9.888129816863462374e-01
9.866780667380472547e-01
9.952212221870603281e-01
9.859163899041873957e-01
9.867742555269046756e-01
9.831003273303274836e-01
9.838731535098499403e-01
9.887334446295612533e-01
9.850435412530156309e-01
9.712958310205835888e-01
9.700373847074491573e-01
9.643776511248427497e-01
9.843774044703884618e-01
9.653150643117874852e-01
9.730031492732339471e-01
9.677398471622838949e-01
9.708335476869869307e-01
9.818658375427830043e-01
9.713607472593775993e-01
9.843224601885387504e-01
9.825474893129862997e-01
9.798826090550311063e-01
9.856100908255427395e-01
9.858606778554909189e-01
9.836747009932538255e-01
9.810657534368432131e-01
9.859767541539804503e-01
9.852270421986567550e-01
9.839120439297672771e-01
9.837645167323764150e-01
9.795870704534657136e-01
9.904279585257235174e-01
9.915838557138012543e-01
9.836840947070341068e-01
9.868375690065666062e-01
9.867279246410530780e-01
9.946213827581457112e-01
9.960779715420600144e-01
9.928683713115603604e-01
9.920961496046089012e-01
9.881352958602541703e-01
9.906670272428196311e-01
9.930543962799652791e-01
9.869879299405848183e-01
9.887597528949526593e-01
9.842322557199004729e-01
9.934065186210639942e-01
9.937519014556206454e-01
9.946078598856160635e-01
9.942423855812762001e-01
9.948903376836643053e-01
9.906252572577836091e-01
9.953100767699619711e-01
9.929347134196665481e-01
9.965342410596457201e-01
9.921754215597540227e-01
9.971503561594720066e-01
9.993546079545625460e-01
9.901502962161068400e-01
1.001217991874215674e+00
9.932815305617462842e-01
9.995677169809261686e-01
1.001221190134471195e+00
1.000849619907314469e+00
9.996952981334231714e-01
9.959753167870976087e-01
1.001585206736771427e+00
1.001734949209043046e+00
1.000033591823551005e+00
9.966900695402908239e-01
9.969867987758852523e-01
9.931494479213744953e-01
1.000957329374271065e+00
9.973297287793980725e-01
9.963707486681088188e-01
9.967621445795074031e-01
9.983473497009107689e-01
1.003866654002737446e+00
9.984990705819708490e-01
9.984998913758180716e-01
1.000602134614164029e+00
9.973613312500877459e-01
1.003204436017656409e+00
1.006785450328530507e+00
9.988929231753016502e-01
1.004773098404924792e+00
9.958342826083090848e-01
9.994343074285523265e-01
9.998183181962699839e-01
1.008231221428491420e+00
1.001067247444818786e+00
9.999904831310274522e-01
1.004320053788527733e+00
9.999225855647365657e-01
1.000327605385657570e+00
1.006201509604784716e+00
1.001835719212801123e+00
1.008504343013066240e+00
1.004925749521431433e+00
1.004763358756809444e+00
1.002250040069626591e+00
1.006727304794829969e+00
1.002494011298825427e+00
9.992445295255959481e-01
1.002564067122307723e+00
1.002472325089148519e+00
1.000550367675367980e+00
9.999314561030845372e-01
1.000769385941850498e+00
1.002911157631638073e+00
1.001980915183859455e+00
1.002256502555298523e+00
1.001537034472819609e+00
1.000055122795025175e+00
1.005772908384022779e+00
1.001412003566508169e+00
1.003460676089265702e+00
1.000259277822248549e+00
1.003241941637879497e+00
1.000382485728609661e+00
9.990386249709195532e-01
1.000575269592358207e+00
1.000006843333559381e+00
9.971423857333208129e-01
9.999084016143368059e-01
9.979459937243879697e-01
1.000301283687685894e+00
1.000127171516892899e+00
9.988057644306479466e-01
9.944933361658034876e-01
1.002393372617810474e+00
1.001870583548047922e+00
9.974477057018584780e-01
1.003995332426533160e+00
1.001322750392203975e+00
9.986845107809770861e-01
9.967884742347594695e-01
9.972346189360503654e-01
9.981694457498605511e-01
1.000357610280079967e+00
9.997237024136431671e-01
1.001446426440741666e+00
1.000844720042497693e+00
1.001449701787880731e+00
9.979297567386793411e-01
9.983738014477546718e-01
9.995596318992522322e-01
1.001675105748487171e+00
1.000988536591913336e+00
1.004073491280978114e+00
1.001471216426244260e+00
9.962791482045016966e-01
1.000450042321668676e+00
1.001176478667969771e+00
1.000487921101508526e+00
9.988506826074399214e-01
1.001908399277166017e+00
1.002556413445265804e+00
1.001958716754132173e+00
9.992092378581963752e-01
1.003528441739758970e+00
1.001508931144483361e+00
9.992644759371250851e-01
1.000954112332284263e+00
9.978000479029276448e-01
9.996246950728672198e-01
1.000677793102126012e+00
1.000605337599569822e+00
1.001825620017998686e+00
1.000772231180838245e+00
9.970623666374787142e-01
9.995166061483209408e-01
9.941473597875929435e-01
1.004050927714264629e+00
9.997822234177349277e-01
9.930475693147673422e-01
1.002644613829211551e+00
1.000808462373938834e+00
9.961463419184548584e-01
9.879905183148786074e-01
9.749050772256422359e-01
9.665895954647955035e-01
9.534498436832307133e-01
9.450999645198093768e-01
9.322568520082460397e-01
9.232218951137840524e-01
9.123168309611132676e-01
9.016716827408466362e-01
8.896966807320542125e-01
8.765668270392186212e-01
8.697550339738052694e-01
