0.000000000000000000e+00
0.000000000000000000e+00
0.000000000000000000e+00
0.000000000000000000e+00
0.000000000000000000e+00
0.000000000000000000e+00
0.000000000000000000e+00
0.000000000000000000e+00
0.000000000000000000e+00
0.000000000000000000e+00
0.000000000000000000e+00
0.000000000000000000e+00
0.000000000000000000e+00
0.000000000000000000e+00
0.000000000000000000e+00
0.000000000000000000e+00
0.000000000000000000e+00
0.000000000000000000e+00
0.000000000000000000e+00
0.000000000000000000e+00
0.000000000000000000e+00
0.000000000000000000e+00
0.000000000000000000e+00
0.000000000000000000e+00
0.000000000000000000e+00
0.000000000000000000e+00
4.440594993916052030e-02
8.911843462112296610e-01
3.145564608490154068e+00
4.031357854731427715e+00
2.967672885575801445e+00
1.694713116490588645e+00
8.717381410082690740e-01
4.771928513857827125e-01
2.626863922374355620e-01
1.911388829892274599e-01
1.404503425396216032e-01
1.173833655311194990e-01
1.284144333208795952e-01
1.492199747841390089e-01
1.945561955647332752e-01
2.597541960123172511e-01
3.911595350639189284e-01
5.910471775566483732e-01
8.270810180726463345e-01
1.161886269439434516e+00
1.471166999418026755e+00
1.754958991922153322e+00
1.979819640111326162e+00
2.121731313030671195e+00
2.193190492340145514e+00
2.243767636726602177e+00
2.274305313929624539e+00
2.182191438215261403e+00
2.032698687277549432e+00
1.814260578738650542e+00
1.539804850007268522e+00
1.320827387288585397e+00
1.155938958751278278e+00
1.022939380788222552e+00
9.482701111454120424e-01
9.231568509744054740e-01
9.110594683693824525e-01
9.332650310106734848e-01
9.633599329813348211e-01
1.017891916285861731e+00
1.032072838748375077e+00
1.080023605111183560e+00
1.112435899701247788e+00
1.144163169971346816e+00
1.153532887851624444e+00
1.165195101758225160e+00
1.153580425461792291e+00
1.155151458611837434e+00
1.149974221817368081e+00
1.139900427812816863e+00
1.111902234611894302e+00
1.075515254305110080e+00
1.042311237116327449e+00
1.024507381208658474e+00
1.003402555645823702e+00
9.837877624720831049e-01
9.714991186443228122e-01
9.721228705717388507e-01
9.767753335480906518e-01
9.764953042342074951e-01
9.856688798479350533e-01
9.828630440087062770e-01
9.837762345958240839e-01
1.002528091793063902e+00
9.948734209962026842e-01
1.010690276523446895e+00
1.008563399411261496e+00
1.001651979637788514e+00
1.001790366670760379e+00
1.003236253877064721e+00
9.986908270289067691e-01
9.909805285247673678e-01
9.917999869246213462e-01
9.748704195667344807e-01
9.763294647573307339e-01
9.772810718219134829e-01
9.780354593253335338e-01
9.802599524161035305e-01
9.719293640439637949e-01
9.783994506261362023e-01
9.787198912144468022e-01
9.803015780974536630e-01
9.909084628112919679e-01
9.865929459514684030e-01
9.888323147535477142e-01
9.908113683182637743e-01
9.871895973904925015e-01
9.898230850813145576e-01
9.892612983343954669e-01
1.001408541786219963e+00
9.934230138627810902e-01
9.904899520353551701e-01
9.991932938134854281e-01
9.909374381036258894e-01
9.980371167704835678e-01
9.996338249164459233e-01
1.007370098769670763e+00
9.916337458889814549e-01
1.002514621663885386e+00
1.000497109873219381e+00
1.000921239566063381e+00
9.851002391373259170e-01
9.942838172345593861e-01
9.934001175168964970e-01
9.955840611436023169e-01
1.006869051299718043e+00
1.007884869436128872e+00
1.000611164629943817e+00
9.969638603616376438e-01
9.946620358550382068e-01
9.999393174132347184e-01
9.959567518032866884e-01
1.000183911770536227e+00
9.994214876018545635e-01
1.001589342503385271e+00
1.001179258984043585e+00
9.993844573720016555e-01
9.954140917893877782e-01
9.963762501306372421e-01
1.000926367443010667e+00
1.007276683482068114e+00
1.006121695606116084e+00
9.967987372106431598e-01
1.002622935554961403e+00
9.964178955762417189e-01
9.959348532112017871e-01
1.003101316033121471e+00
9.986435647890685718e-01
9.999160650839472586e-01
9.990274492983811649e-01
1.003370889628567131e+00
1.004965969979843665e+00
9.976974793282580301e-01
1.004904532065953982e+00
9.992471944005857365e-01
1.001136190561774830e+00
1.002007163589825334e+00
9.994529638350114764e-01
1.003334818801929096e+00
9.993937731022353166e-01
9.996741121477431546e-01
1.003709682131157077e+00
1.001698781396604510e+00
1.004353712044846691e+00
9.946417137981842238e-01
9.966690128472658339e-01
1.002630442028553892e+00
1.000787870017088910e+00
9.978708536068130464e-01
1.001894806391802950e+00
9.985055102688624729e-01
1.000692637656752426e+00
9.968783640458835915e-01
9.990196219351024087e-01
1.003882876938165136e+00
9.997967789113194614e-01
1.001027096781174297e+00
1.003983789537352012e+00
1.001075689014742975e+00
1.001789357592732577e+00
1.001007916852233892e+00
9.986183620402094840e-01
1.000755449629182836e+00
1.000059179107018137e+00
9.982184575509830404e-01
1.002717882164953167e+00
9.997712026020239007e-01
9.993736670121949883e-01
1.000466542299756956e+00
1.000682888115893565e+00
9.992763305915937089e-01
1.001879127015825821e+00
1.002720784415388033e+00
1.001164711304010302e+00
1.002311737744640885e+00
9.975728029199258939e-01
1.002765640279704717e+00
1.000628026908039869e+00
9.996606617637586734e-01
1.001943447782724261e+00
9.956045635502449587e-01
1.001736135812297368e+00
9.986811835978978147e-01
1.001739996515053743e+00
9.995018268417302787e-01
1.003397738281348817e+00
9.981440228039289986e-01
1.003473020512744673e+00
9.961778276337378557e-01
9.944802029811882216e-01
9.975093087994754137e-01
9.994007311367051338e-01
9.985971801571028594e-01
9.961763710203537237e-01
9.973250133979515430e-01
9.995850648432540453e-01
9.953070374806636256e-01
9.959094823639919047e-01
9.986008523293538053e-01
9.958599732210896560e-01
1.000266295232246749e+00
9.962400689490925609e-01
9.987237503526291693e-01
9.988854957464599060e-01
1.000960155346898306e+00
9.934499808402784682e-01
9.973966136042644592e-01
9.989857857083712656e-01
9.985657209836320547e-01
1.000240083634853505e+00
9.990384546151214185e-01
9.971780793946904975e-01
9.972090809712655934e-01
9.975985229331428839e-01
9.984722794604660168e-01
9.956232931657523766e-01
9.958275984469786568e-01
9.938682977393978879e-01
9.957395123183990782e-01
9.974134933482821097e-01
9.999213968703518640e-01
9.993234173344676119e-01
9.983891820221120206e-01
9.968244875713179187e-01
9.969881709011506610e-01
9.966884268459015317e-01
9.959910512565608443e-01
9.976291127872638498e-01
9.983888313814569537e-01
9.997074229265265899e-01
9.982371891643111450e-01
9.964960321855758085e-01
1.000903831214127848e+00
9.954524190372409098e-01
9.972658275942334338e-01
1.000131181279735992e+00
9.978009194354321432e-01
9.984665416194078436e-01
9.977831162824958300e-01
9.967688791243234370e-01
9.964382839941925418e-01
9.967610813017592220e-01
9.877093225242810082e-01
9.753585952834393780e-01
9.686270638227395535e-01
9.526561866386126232e-01
9.457784314619722688e-01
9.328186165196016288e-01
9.194548701789565515e-01
9.133624899199411784e-01
9.040634989233916619e-01
8.933104353735759062e-01
8.796932767004473908e-01
8.709146087546033588e-01
