0.000000000000000000e+00
0.000000000000000000e+00
0.000000000000000000e+00
0.000000000000000000e+00
0.000000000000000000e+00
0.000000000000000000e+00
0.000000000000000000e+00
0.000000000000000000e+00
0.000000000000000000e+00
0.000000000000000000e+00
0.000000000000000000e+00
0.000000000000000000e+00
0.000000000000000000e+00
0.000000000000000000e+00
0.000000000000000000e+00
0.000000000000000000e+00
0.000000000000000000e+00
0.000000000000000000e+00
0.000000000000000000e+00
0.000000000000000000e+00
0.000000000000000000e+00
0.000000000000000000e+00
0.000000000000000000e+00
0.000000000000000000e+00
0.000000000000000000e+00
0.000000000000000000e+00
0.000000000000000000e+00
0.000000000000000000e+00
0.000000000000000000e+00
0.000000000000000000e+00
1.517777926177145929e-04
1.017408299379136960e-02
1.076072939264164502e-01
4.690302530332172704e-01
1.117630566943573545e+00
1.806372219227137199e+00
2.292400212461941589e+00
2.566069510119274089e+00
2.680175881470615806e+00
2.651080590332837161e+00
2.569217304557015247e+00
2.477231416455902835e+00
2.349446987624472349e+00
2.228569771377308051e+00
2.094600370426340064e+00
1.967909133017710532e+00
1.868214973852249550e+00
1.758655538934438711e+00
1.686043471387049353e+00
1.625065066158122518e+00
1.526491917545998778e+00
1.440450545681451811e+00
1.299805403622151356e+00
1.149134006795456076e+00
1.011063626593085241e+00
9.111023387545641450e-01
8.465601553297524839e-01
8.223040399949861357e-01
8.136589929342084027e-01
8.283184503402128973e-01
8.349562166177133538e-01
8.440503763288366157e-01
8.591522927426819001e-01
8.730143389656026542e-01
8.724075154727254366e-01
8.697190683058799721e-01
8.647849936764578915e-01
8.620062002295639791e-01
8.649631544406742867e-01
8.514623875317870461e-01
8.534310813868168921e-01
8.531896130250824495e-01
8.556185076608247009e-01
8.618476164781057047e-01
8.701201993960119285e-01
8.812716148545668426e-01
8.958049676596826494e-01
8.999076989292009721e-01
9.169854268673535147e-01
9.349911101346914943e-01
9.504846029088318549e-01
9.506553293791015768e-01
9.596356390930814717e-01
9.730799108209235992e-01
9.782761348120518896e-01
9.871366479377717829e-01
9.890157443986529184e-01
9.897124239338396245e-01
9.914954000261736455e-01
9.925025201657987628e-01
9.957920666987000180e-01
9.884809856738646650e-01
9.938350140490072038e-01
9.913618118204385876e-01
1.000723826543143513e+00
9.956449206815908282e-01
1.002327096120408267e+00
9.983300248951644251e-01
1.005457723121147007e+00
1.005794602528698789e+00
1.015090009765844403e+00
1.016438105011111759e+00
1.022882970125083002e+00
1.016328285013296862e+00
1.022591768114810895e+00
1.023456862505223608e+00
1.026101189281620751e+00
1.027175268586483003e+00
1.026932109697818563e+00
1.025460687223972656e+00
1.023382597792958038e+00
1.018737756998922661e+00
1.023673708883664712e+00
1.019668406304259145e+00
1.014364570893005579e+00
1.014049701767552047e+00
1.009481416032414147e+00
1.007616027260521241e+00
1.005086338075389385e+00
1.002663002500340905e+00
9.992720899666460710e-01
1.001313430009006300e+00
9.947006601442244245e-01
9.929376980602444558e-01
9.921413137059584830e-01
9.949198335063672571e-01
9.926645492987974384e-01
9.938578307224142927e-01
9.947057475178799901e-01
9.904076496687130859e-01
9.918864403615679226e-01
9.914379981048870860e-01
9.900495641792258494e-01
9.940897855938544136e-01
9.979554811901670819e-01
9.933624482968281821e-01
9.951130214663244100e-01
9.963343415118277591e-01
9.973652351778766745e-01
9.995485886392991848e-01
9.950238986737254265e-01
9.987286696370084593e-01
9.964672022965282983e-01
9.998115271963264883e-01
9.967060454005718384e-01
9.989637918569995723e-01
9.969124903396492376e-01
1.000072159864399124e+00
1.000757870607611011e+00
1.001945468821321850e+00
9.997777557346751998e-01
9.973521543576441273e-01
1.002690857879596109e+00
1.001480857286869863e+00
9.989285009019179817e-01
9.979091732280369609e-01
9.973185239598029161e-01
1.000362336464227342e+00
1.001648292770010551e+00
9.968873076143364154e-01
9.963656290831373052e-01
9.969957827306420439e-01
9.986953837619633179e-01
1.000096706776962607e+00
9.994543254655966491e-01
1.000068985551471279e+00
9.990585792259073505e-01
9.997699944118990656e-01
1.000923854087082621e+00
9.966950965640519744e-01
1.000802412851045098e+00
9.998975877349052244e-01
9.976983920770876590e-01
9.967474886882163876e-01
1.001282637891159233e+00
9.975927454766478908e-01
9.976047690239918664e-01
1.003422065402741703e+00
9.995629343723300142e-01
1.000705736982866245e+00
9.990466587453318281e-01
9.996050743601819777e-01
9.990801596921679018e-01
9.995975859683099429e-01
9.999414215661721617e-01
9.993764881955374824e-01
9.978080654425797169e-01
9.981942654004123394e-01
1.002241712532144335e+00
1.000381895194630166e+00
9.989999428008778937e-01
9.959076635723533855e-01
9.995396927131033893e-01
9.988311659099512463e-01
1.001201016081811224e+00
9.990978281289647489e-01
9.987645983242707803e-01
1.000280146493480293e+00
1.002588945094945672e+00
9.989225853949902367e-01
9.996313036263171359e-01
9.971624758383669240e-01
9.983195098794166444e-01
9.981662707647477317e-01
1.001287321115002404e+00
1.002922908006898206e+00
9.994466665913230852e-01
1.001111653348863095e+00
1.002412958017214306e+00
1.002620788036307609e+00
9.991274696838019498e-01
1.001280370092803240e+00
1.000160610386789717e+00
1.000521818905318661e+00
1.002419484910881398e+00
9.968443144201475370e-01
1.000562519203016754e+00
1.001488437606329329e+00
1.000674119204712609e+00
9.961827996568027865e-01
1.001473799484173144e+00
9.986178004116027518e-01
1.000063766210345984e+00
1.001352058390828637e+00
9.996486410658318444e-01
9.986135405548688393e-01
1.000025224768861243e+00
9.998552855651844373e-01
9.974283297744602761e-01
1.000953193563845600e+00
1.000064715429980877e+00
9.982149028308501260e-01
9.984626366458088098e-01
9.997067485837358713e-01
1.000306628851604929e+00
9.995796349698360395e-01
1.000405723610260589e+00
1.001019769618725519e+00
9.993058097583157329e-01
1.000090292749269638e+00
9.998323833945814698e-01
9.986038460949365758e-01
1.000061641722530092e+00
1.000174661221728600e+00
1.001264514649411241e+00
9.984975086088547780e-01
1.001935476663448732e+00
1.000957507792396228e+00
9.994574566812186589e-01
1.000627003913573621e+00
1.000442038098561692e+00
1.000342220962161299e+00
1.001982178898126019e+00
1.000997627005410173e+00
1.001865900480997773e+00
1.002057250535523858e+00
9.971501194292654580e-01
1.000440834143117685e+00
9.988604281859255751e-01
9.983062832201041736e-01
9.990192087855119807e-01
1.000785426564214875e+00
9.994311833328439754e-01
9.984682515535534542e-01
9.986881604772267496e-01
1.000668266554948893e+00
1.001311202478713414e+00
9.974756045879998867e-01
1.001210080813004222e+00
1.000376620731380450e+00
9.986867042399587557e-01
9.995020275773313090e-01
1.000017040006424329e+00
1.001658742226413379e+00
9.989164764435712884e-01
9.984618816572258249e-01
1.000216993070687233e+00
9.994583050354624021e-01
9.998771448506388326e-01
9.989828830603811882e-01
