0.000000000000000000e+00
0.000000000000000000e+00
0.000000000000000000e+00
0.000000000000000000e+00
0.000000000000000000e+00
0.000000000000000000e+00
0.000000000000000000e+00
0.000000000000000000e+00
0.000000000000000000e+00
0.000000000000000000e+00
0.000000000000000000e+00
0.000000000000000000e+00
0.000000000000000000e+00
0.000000000000000000e+00
0.000000000000000000e+00
0.000000000000000000e+00
0.000000000000000000e+00
0.000000000000000000e+00
0.000000000000000000e+00
0.000000000000000000e+00
0.000000000000000000e+00
0.000000000000000000e+00
0.000000000000000000e+00
0.000000000000000000e+00
0.000000000000000000e+00
0.000000000000000000e+00
0.000000000000000000e+00
0.000000000000000000e+00
8.691556564083881839e-05
2.920442897281511335e-03
9.956967477905431796e-02
7.573906181569575180e-01
2.067869301670395732e+00
2.994826490174284483e+00
3.134669773802679860e+00
2.750939075011093582e+00
2.248071301007087186e+00
1.805709070418966000e+00
1.489408547448714648e+00
1.291739452205625138e+00
1.159441794329024056e+00
1.078620050121239515e+00
1.035770229495237116e+00
1.039104906120880578e+00
1.055964374485337309e+00
1.095556291276523320e+00
1.138508374366840714e+00
1.203320711030118950e+00
1.237383075371846219e+00
1.296351159524943730e+00
1.333280005719168715e+00
1.382895246775955433e+00
1.392705950367122858e+00
1.405066426543783331e+00
1.408316738462167095e+00
1.403958897987634069e+00
1.395375244089905653e+00
1.388242595793105272e+00
1.372402038561097326e+00
1.357391575433485986e+00
1.312698095833198408e+00
1.257401904143692351e+00
1.201112434234796300e+00
1.130925430799549769e+00
1.040517023500662441e+00
9.471611104170017947e-01
8.799660804240109213e-01
8.281465093395343757e-01
8.004123715466568978e-01
7.933166402023980046e-01
8.026487119444605245e-01
8.142594009235505359e-01
8.353788202018177511e-01
8.550160646547750876e-01
8.763580133319001098e-01
8.865537577830309157e-01
9.030504052335044385e-01
9.195108808184403459e-01
9.305941715061479824e-01
9.358724360604191439e-01
9.411911931616897542e-01
9.443636731127377226e-01
9.499697484899114475e-01
9.455293325280196282e-01
9.479633480799802836e-01
9.571145694824113592e-01
9.555421781874753329e-01
9.602925357579228383e-01
9.602223955771056474e-01
9.627185140930193397e-01
9.734046923851465971e-01
9.737067076389819276e-01
9.816733465503967304e-01
9.878425845394329663e-01
9.941172772985573669e-01
1.001198987034526144e+00
1.003643081939985526e+00
1.008651067618616004e+00
1.012711328388237186e+00
1.021105093910386064e+00
1.019878517196175061e+00
1.022106618749603735e+00
1.024007008128192231e+00
1.027449399093271154e+00
1.026674472951016659e+00
1.024151967788804241e+00
1.025427036242005929e+00
1.021107310154902414e+00
1.020346393987600742e+00
1.018176809428827712e+00
1.016762500602093278e+00
1.015314413824546014e+00
1.012094495027525243e+00
1.012896615266869249e+00
1.009046556531985273e+00
1.003933650579360570e+00
1.011009320051996285e+00
1.006474668432824293e+00
1.003592589703155902e+00
1.001911549587175987e+00
1.006532245376482892e+00
1.003242018914812128e+00
1.001246739401576269e+00
1.003433773605811874e+00
1.002433537246264939e+00
1.004049684839335210e+00
1.002604110786158298e+00
9.973537222490592713e-01
9.998070357225923299e-01
9.980958179653889317e-01
9.971734707251189711e-01
9.944528624082911161e-01
9.947166723991887061e-01
9.957285950616368009e-01
9.979158339703724234e-01
9.958963631151411811e-01
9.985654233664974511e-01
9.980306150886834038e-01
1.000922152023107303e+00
9.946851901686682984e-01
9.965998441966305021e-01
9.955860230136464040e-01
9.973291760265473593e-01
9.935819103126997121e-01
9.980288167595827709e-01
9.984146980790696846e-01
9.955817406723138641e-01
9.962319301554376505e-01
9.983079749806065273e-01
1.000151060860116736e+00
9.988179564692472034e-01
9.988754889821951366e-01
9.986239986757738940e-01
1.000379815140911122e+00
9.978834337555413381e-01
1.000411003579610547e+00
9.978488363878864620e-01
1.000402619651130642e+00
9.978719928871757627e-01
1.000224378363849143e+00
1.000779910389431704e+00
1.001001399893835409e+00
1.001184435954934226e+00
1.002331375906271083e+00
9.968040716435251358e-01
9.957678533176170799e-01
9.993223406877085324e-01
9.957428963701575597e-01
9.973129002934539855e-01
1.001283283291169113e+00
1.002857734198801198e+00
9.991279937054218241e-01
9.988267295528295842e-01
1.002002992197557063e+00
1.002335158551766359e+00
9.990599443224130738e-01
9.994931996407343533e-01
1.000476286050619557e+00
9.993869849790498749e-01
1.001139156163723731e+00
1.002396846831933974e+00
1.002445183172163023e+00
9.983706389494336753e-01
1.002192352584107438e+00
1.001494268102936402e+00
1.001296683474545590e+00
9.997222486737569191e-01
1.000614639775296633e+00
1.001568979574168239e+00
1.000381096253657454e+00
1.001483925314029744e+00
9.981966000005554340e-01
9.997647876466653205e-01
1.001354806661207686e+00
9.993562275295725383e-01
9.990215371576859349e-01
9.987424489011013096e-01
9.973715515064367487e-01
1.000098848249949990e+00
9.966048483298955984e-01
9.991670758883954839e-01
1.000859131910115440e+00
9.991753251636308342e-01
9.996295023697631121e-01
9.989836767380538829e-01
9.994181992033219775e-01
9.986235548460201672e-01
1.001064279257109391e+00
9.983223475487204013e-01
1.000273038575238083e+00
1.000938666924655163e+00
9.992047047639527335e-01
9.982219877270431807e-01
1.000842969510027824e+00
9.972137138895252884e-01
9.987943933185193801e-01
1.000868253224955762e+00
9.994425308665790819e-01
1.001247027165587111e+00
1.000395157528017220e+00
9.981786301165206376e-01
9.980320892031214752e-01
1.000218144841302115e+00
9.996241290341327801e-01
9.986689758621234425e-01
9.969735700996665839e-01
9.996992285195869243e-01
1.001794239385114915e+00
9.993127044836892514e-01
9.978845547328576426e-01
9.982189153935944192e-01
9.997697392058382260e-01
9.978088330120542526e-01
9.996726836055522813e-01
9.991253243709309340e-01
9.990846050878317008e-01
9.995592176333318868e-01
1.000794027261837194e+00
9.983287564607050690e-01
9.975916970607479062e-01
9.983752875280793582e-01
9.964762629705442576e-01
1.001177986062886216e+00
9.985207125777308956e-01
1.002130605773600136e+00
1.000160367179666832e+00
9.999459585114972571e-01
1.000154174620222935e+00
1.000786286144216053e+00
9.998597234581232396e-01
1.000582396999657675e+00
9.995787036240361134e-01
1.000151946940182501e+00
9.999687073651493119e-01
9.995961282467235032e-01
1.000358163770495024e+00
9.997740868872502240e-01
1.001359229461905143e+00
9.991126263849060551e-01
1.000323462211662573e+00
9.999734995111164704e-01
1.000258354698929875e+00
1.001407440880626165e+00
1.001146667044111149e+00
9.993877602943078697e-01
9.996691977358137526e-01
1.001348808372163779e+00
9.990375022834561136e-01
9.984809444541002943e-01
9.998814139791417643e-01
9.995819565638285331e-01
1.000652468843672871e+00
9.980843721034993177e-01
1.000038756507238169e+00
9.979737102828104556e-01
1.000370810680416556e+00
9.997944418701638636e-01
9.997725083345725405e-01
9.984825595680795196e-01
9.974900202386892678e-01
