0.000000000000000000e+00
0.000000000000000000e+00
0.000000000000000000e+00
0.000000000000000000e+00
0.000000000000000000e+00
0.000000000000000000e+00
0.000000000000000000e+00
0.000000000000000000e+00
0.000000000000000000e+00
0.000000000000000000e+00
0.000000000000000000e+00
0.000000000000000000e+00
0.000000000000000000e+00
0.000000000000000000e+00
0.000000000000000000e+00
0.000000000000000000e+00
0.000000000000000000e+00
0.000000000000000000e+00
0.000000000000000000e+00
0.000000000000000000e+00
0.000000000000000000e+00
0.000000000000000000e+00
0.000000000000000000e+00
0.000000000000000000e+00
0.000000000000000000e+00
0.000000000000000000e+00
0.000000000000000000e+00
0.000000000000000000e+00
0.000000000000000000e+00
3.327445504587202372e-03
1.064442346732355493e-01
7.695931066411854093e-01
2.081636042566537448e+00
3.039939601319011420e+00
3.171757322312652949e+00
2.774614627691231572e+00
2.243547222806264951e+00
1.827907572438818518e+00
1.520620567993616890e+00
1.294722047285391309e+00
1.160441511323041075e+00
1.064838713396797143e+00
1.037726734384075034e+00
1.041030818948469161e+00
1.050554764527210860e+00
1.100243191238900353e+00
1.146528386971829905e+00
1.194274047418490969e+00
1.234595548084800321e+00
1.288358622972998857e+00
1.337989798447427825e+00
1.374070639085039902e+00
1.392363574162493123e+00
1.400173439873533265e+00
1.411043580250142870e+00
1.412454795062189961e+00
1.410581855069044543e+00
1.385103701779971219e+00
1.374046973005313310e+00
1.356879660981291869e+00
1.306008514085844174e+00
1.258467265998374218e+00
1.189859564771504008e+00
1.122042537073746127e+00
1.028081205786640417e+00
9.488727482393245483e-01
8.769944853941590290e-01
8.277163737508145269e-01
7.967567473779505471e-01
7.930768166005498498e-01
8.015051189639321727e-01
8.093483816224751326e-01
8.351221110341854326e-01
8.488087456850449408e-01
8.652950847267260048e-01
8.882860990183875094e-01
8.995764686682893307e-01
9.202819982533543275e-01
9.264428030952276405e-01
9.334572051069751630e-01
9.389346334731670796e-01
9.444167827087446287e-01
9.466606526709090419e-01
9.476352811350222671e-01
9.526910385216240673e-01
9.531556278399200277e-01
9.546846982083880828e-01
9.590042910935268061e-01
9.564559712499903776e-01
9.633223644383066553e-01
9.746725887386050724e-01
9.769554510305051842e-01
9.857145490394595422e-01
9.896114492559393572e-01
9.989844047705335184e-01
1.000709932452217732e+00
1.007519918932191283e+00
1.008595709939452467e+00
1.011538855109743729e+00
1.016464968652653900e+00
1.023737037982752396e+00
1.019337455758509314e+00
1.028803513324108909e+00
1.023222257828057868e+00
1.030323269656684193e+00
1.027618364526759365e+00
1.023643453789673252e+00
1.026049538055545662e+00
1.018209446551203490e+00
1.015908811693521319e+00
1.018140538859090949e+00
1.012800048206995429e+00
1.010467910696524418e+00
1.009206308676828812e+00
1.008313939445608209e+00
1.006173256051243303e+00
1.009406023187801704e+00
1.006719990490178462e+00
1.005851659800266029e+00
1.004381602047287991e+00
1.005098171334747326e+00
1.006238910941976483e+00
1.003645448466949475e+00
9.974192911136139372e-01
1.000039500031301154e+00
1.001431873294829300e+00
1.001587225691086491e+00
9.975128351226082435e-01
1.001014889231356841e+00
9.976313223303282518e-01
1.000740986707969515e+00
1.000646958566437039e+00
9.979030731648704799e-01
9.973878371442360669e-01
9.958053205391482754e-01
9.954494763230409271e-01
9.947658849336082909e-01
9.985173488940435327e-01
9.997483818947701106e-01
9.930996201051379701e-01
9.981671616953198267e-01
9.981244613097687290e-01
9.947671119646912530e-01
9.976694473949657693e-01
9.967869980151596865e-01
9.965284555287291512e-01
9.941830966281134385e-01
9.983286628422027853e-01
9.964048620256448219e-01
9.983143982646763837e-01
9.968234763713126334e-01
9.986053277427807684e-01
1.001554786372496064e+00
9.982544576193616015e-01
9.978197542648258311e-01
9.983331028262412143e-01
9.972810954801228922e-01
1.000565938236797514e+00
9.986588073742549421e-01
9.993111225391206887e-01
1.001380517079716093e+00
9.990758724910563382e-01
1.001111996402242132e+00
1.000196492634049861e+00
1.001079847966777958e+00
1.002521318072872258e+00
1.000859706252141157e+00
1.003735583384343766e+00
9.969496768387514640e-01
1.000601434159465120e+00
9.994024636844301979e-01
9.997339196662367033e-01
9.999715496650435353e-01
1.000374286742282015e+00
9.989670486377952852e-01
1.000290237952485173e+00
9.999911842253418337e-01
9.981826064558336764e-01
9.999119254042502236e-01
9.956372269343531922e-01
9.995299115208865492e-01
9.977253510581806095e-01
9.999232432472227039e-01
9.982676360622219081e-01
9.975228278517004332e-01
9.987743388353045315e-01
9.982785469518944410e-01
9.998561222221032940e-01
9.992290215288127664e-01
9.983745432895305694e-01
9.988570167920888254e-01
9.974837367081924588e-01
9.979968464290984720e-01
9.994610162297182798e-01
9.991974564111838486e-01
9.980091424591042149e-01
1.000102418036871166e+00
9.998531835750816832e-01
9.986565020743729537e-01
1.000544567190291945e+00
9.982110466568213658e-01
1.002269400011488898e+00
9.991850396800872058e-01
9.981526770773734292e-01
9.983408315971293856e-01
1.000000113191691797e+00
9.957399534849429301e-01
9.970306223318396999e-01
9.984701272132080474e-01
1.000382341619590720e+00
9.985660039109099939e-01
9.971402833251354902e-01
9.999470581983425088e-01
9.995429479321169541e-01
9.983276273666055189e-01
1.000710126678612477e+00
9.980090964469742199e-01
9.989480685761764622e-01
9.996357501206797336e-01
9.976247429549145451e-01
9.994341388526563064e-01
9.999321449579215981e-01
1.001303958165944863e+00
1.000905925880261949e+00
9.996553842058546469e-01
9.991779804498095441e-01
1.001100096395727279e+00
1.000718534125846881e+00
1.001388897200232497e+00
1.001494637350342831e+00
1.000175569911177620e+00
9.990145261911955732e-01
1.001134446151239032e+00
9.990656706587586200e-01
1.000256984173803820e+00
1.000420327435849410e+00
1.000600712329054565e+00
1.001342412836170537e+00
9.979486668627924884e-01
9.990909009968222954e-01
1.000638836030869783e+00
9.989901912688672336e-01
9.994402269540383354e-01
9.994798908628748091e-01
1.000563049354993739e+00
9.998503953576286518e-01
1.000290433870253182e+00
1.001253436213386250e+00
9.992415253509027151e-01
9.997372653960869826e-01
9.989606893451018488e-01
9.984093858538264366e-01
1.000440067578554970e+00
9.993927340097993328e-01
9.995926773912556795e-01
1.000382114610920636e+00
9.993971820912077586e-01
9.987680574644286491e-01
9.995055723023846816e-01
9.994363745879140115e-01
9.998977271314904991e-01
1.001708990697065316e+00
9.991081618131485431e-01
9.999075434716871991e-01
1.000042347595149428e+00
1.000030518408365543e+00
1.001046895674720272e+00
9.998198888036591292e-01
1.001633376504301953e+00
9.994897780878927440e-01
9.992714562231681530e-01
1.000483828784760831e+00
1.001272939594187061e+00
9.996857605987168327e-01
9.989275074254546638e-01
1.000776368227934920e+00
1.001802795377473299e+00
9.993313581209496421e-01
9.999694478128394737e-01
9.995610747579117827e-01
