0.000000000000000000e+00
0.000000000000000000e+00
0.000000000000000000e+00
0.000000000000000000e+00
0.000000000000000000e+00
0.000000000000000000e+00
0.000000000000000000e+00
0.000000000000000000e+00
0.000000000000000000e+00
0.000000000000000000e+00
0.000000000000000000e+00
0.000000000000000000e+00
0.000000000000000000e+00
0.000000000000000000e+00
0.000000000000000000e+00
0.000000000000000000e+00
0.000000000000000000e+00
0.000000000000000000e+00
0.000000000000000000e+00
0.000000000000000000e+00
0.000000000000000000e+00
0.000000000000000000e+00
0.000000000000000000e+00
0.000000000000000000e+00
0.000000000000000000e+00
0.000000000000000000e+00
0.000000000000000000e+00
0.000000000000000000e+00
0.000000000000000000e+00
3.083247523529372529e-03
1.084686060150426290e-01
7.766704490998402877e-01
2.092243066128448792e+00
3.030603577056121711e+00
3.196816904995884556e+00
2.784438846693030101e+00
2.252877298524324612e+00
1.805634095701309061e+00
1.498205467438001204e+00
1.281382871440294391e+00
1.166109166536288821e+00
1.082874308862994184e+00
1.053120008501500893e+00
1.040673675639935958e+00
1.069705958590559058e+00
1.091013363624602661e+00
1.145409244259607995e+00
1.202317850928987353e+00
1.249675038116890402e+00
1.298747184881896555e+00
1.340083643227272692e+00
1.370605311369996970e+00
1.387398419916310299e+00
1.406800938654368061e+00
1.411495788902288329e+00
1.409462803454911928e+00
1.405316671381322324e+00
1.390629607656295175e+00
1.382967479577356551e+00
1.355941738469049085e+00
1.323199262477241955e+00
1.264089338888824576e+00
1.206301113930392521e+00
1.133406722190801963e+00
1.046900782990719980e+00
9.518095071174282884e-01
8.796462569853520375e-01
8.284048494794922224e-01
8.042593751150234338e-01
8.006676138424932976e-01
7.995829990951751620e-01
8.119203789089776135e-01
8.332192122279583613e-01
8.513800094196894985e-01
8.682974938939033160e-01
8.890431676996550792e-01
9.043842586866589484e-01
9.210410881265670424e-01
9.242994068714631695e-01
9.344552096018673426e-01
9.390839923380674970e-01
9.501160272441829813e-01
9.474855855711366015e-01
9.581378513819823750e-01
9.530600482003425133e-01
9.547568576879903457e-01
9.561680962806459183e-01
9.603556158780369723e-01
9.600805795474851578e-01
9.672036208914160937e-01
9.675109261104811731e-01
9.791376440730051867e-01
9.834686043499983876e-01
9.885948406754159201e-01
9.875440982080850860e-01
9.963395673610644376e-01
1.003877768895339306e+00
1.008625582218907413e+00
1.013120203393504282e+00
1.021368319110763201e+00
1.018133386256567796e+00
1.021640388221275675e+00
1.020354382583234187e+00
1.024840244576016079e+00
1.023219561622237705e+00
1.021634496291678795e+00
1.025730876276519377e+00
1.020008829663561656e+00
1.020585008151855710e+00
1.015993460896401634e+00
1.018421244980373341e+00
1.013493046790827190e+00
1.011658294098247035e+00
1.010602162370480173e+00
1.008383477841576781e+00
1.004533495069405369e+00
1.006967401445144628e+00
1.008825477607502297e+00
1.006167931312450969e+00
1.005292298419097952e+00
1.002561088144623858e+00
1.002313754376196631e+00
1.003536120267536136e+00
1.001749479866384185e+00
1.000332442388296439e+00
1.004791805043869557e+00
1.004104993673487378e+00
9.985159283258617791e-01
9.995688362210957134e-01
9.945119280813026208e-01
9.994023020915525635e-01
9.984755922061766542e-01
9.991040083184118403e-01
9.946408359944617361e-01
9.972102880738319408e-01
9.967534940737731164e-01
9.978554511030077734e-01
9.963772664049950212e-01
9.929122253151489996e-01
9.921218194027736637e-01
9.940256497859971674e-01
9.990003562577307594e-01
9.961325108872970402e-01
1.000856905871500446e+00
9.968498434514727613e-01
9.985686713193231423e-01
9.975254792314525165e-01
9.953962514663665662e-01
1.001908622201138854e+00
1.000268842454022700e+00
1.000451541203383643e+00
9.990962278924153672e-01
9.979362643585877324e-01
1.000153232254852531e+00
1.001013487279331926e+00
1.000641670841630138e+00
1.002279283012086353e+00
9.995360375350460513e-01
1.002153703983441391e+00
1.001540665139146968e+00
1.002109607902799349e+00
1.003075049438409527e+00
1.000935041150735394e+00
9.991578610697285923e-01
1.003106607273691608e+00
1.000627428144144293e+00
1.002669461300331522e+00
9.998092862419147853e-01
1.000565041729331250e+00
1.001943757537730795e+00
1.000738759537928457e+00
9.989150275304590210e-01
9.997289099327321127e-01
1.001356195919295811e+00
1.001704843603355766e+00
1.000017958849891198e+00
1.003774757138529372e+00
9.998952536294095639e-01
1.001451693090826378e+00
1.002324104644477076e+00
1.000111634915780146e+00
1.000725143970209619e+00
1.000618516720073403e+00
1.001528528266877771e+00
9.997710790210365683e-01
1.000767799311643946e+00
9.997407230317433280e-01
1.002932912665783105e+00
9.995898981472738365e-01
1.002182495541079632e+00
9.990985034399509912e-01
1.001259880753058162e+00
1.001988570028782277e+00
9.995801890370473730e-01
9.995314564281855274e-01
9.987015967310264308e-01
1.000020492647642145e+00
1.002295277448038036e+00
1.002693916074157920e+00
1.001339772390216654e+00
9.993724634518212913e-01
1.000988055608644789e+00
1.001784288565172210e+00
9.994403477712647810e-01
1.001334269968627400e+00
9.984435553239795480e-01
1.000289714404885899e+00
1.000951837309246528e+00
9.996547008964399295e-01
1.001783023003971929e+00
1.001838538953755631e+00
1.001204123675159652e+00
9.983525686212528782e-01
1.001394331704072105e+00
1.000241230406002657e+00
9.988002515613516596e-01
1.000761597895503563e+00
1.000139871735987951e+00
1.003788892033765201e+00
9.983629902727630956e-01
1.001879914161000862e+00
1.000799165491540910e+00
1.001041022041600836e+00
1.000025542319763483e+00
1.000682352460658953e+00
1.002915792632126157e+00
1.001158879423572179e+00
9.993885761021857883e-01
1.000464620632461887e+00
1.002768430905250252e+00
1.000728176506910927e+00
1.000183871146308023e+00
1.001655036171889002e+00
1.001822269923053232e+00
9.993703202610622061e-01
9.988350122598036451e-01
1.001277865270797651e+00
1.001959139003325117e+00
1.002289647605435041e+00
1.000289837605921939e+00
1.000653442909572588e+00
1.000132802481509264e+00
1.000302402611175090e+00
1.000497418788694359e+00
1.001731929278488309e+00
1.001539964201103139e+00
1.000007188915186251e+00
1.001179008131622084e+00
1.002065186605955560e+00
1.002485289650707934e+00
9.994872810505632810e-01
1.002570758857904476e+00
1.001048436273273445e+00
1.000758431773465018e+00
1.000626321354532333e+00
1.000260081774084542e+00
9.999270847411955154e-01
9.997735622777458309e-01
1.000105026119844753e+00
9.998050092311748793e-01
1.000643534086298914e+00
1.000769805033629334e+00
9.996476154599104325e-01
9.992255468841901855e-01
1.000535589547856929e+00
9.996747683822915231e-01
1.000123069726093661e+00
9.993485411107450034e-01
1.000431640352752449e+00
9.983627885124696233e-01
1.000840850654204361e+00
1.001467735263538383e+00
9.988298602204576104e-01
1.001015543596055934e+00
9.997952996421231031e-01
1.000827219722665529e+00
1.000332812724787468e+00
9.996993950444180710e-01
1.000155469815526388e+00
9.998363852507435867e-01
