0.000000000000000000e+00
0.000000000000000000e+00
0.000000000000000000e+00
0.000000000000000000e+00
0.000000000000000000e+00
0.000000000000000000e+00
0.000000000000000000e+00
0.000000000000000000e+00
0.000000000000000000e+00
0.000000000000000000e+00
0.000000000000000000e+00
0.000000000000000000e+00
0.000000000000000000e+00
0.000000000000000000e+00
0.000000000000000000e+00
0.000000000000000000e+00
0.000000000000000000e+00
0.000000000000000000e+00
0.000000000000000000e+00
0.000000000000000000e+00
0.000000000000000000e+00
0.000000000000000000e+00
0.000000000000000000e+00
0.000000000000000000e+00
0.000000000000000000e+00
0.000000000000000000e+00
0.000000000000000000e+00
0.000000000000000000e+00
0.000000000000000000e+00
0.000000000000000000e+00
2.075809136798212155e-04
4.631752857209621259e-03
5.446224251528737625e-02
2.351675169946114419e-01
5.684720394199510585e-01
9.146077589042055367e-01
1.170790853029337830e+00
1.304908856938094885e+00
1.369067899141600098e+00
1.383850777318677450e+00
1.366254328168424292e+00
1.327500885875883441e+00
1.292977260071250578e+00
1.261209098226594438e+00
1.222357334493440195e+00
1.196000434840063020e+00
1.162976779221164270e+00
1.154265983079340918e+00
1.147748504726619601e+00
1.154389796833130255e+00
1.169696526565367822e+00
1.159386522751783000e+00
1.125639496340355761e+00
1.080857161743064898e+00
1.037117077089348971e+00
1.012971144530651069e+00
9.917511186527898648e-01
9.834489375000002864e-01
9.824657778998210356e-01
9.801525425147669113e-01
9.821550854759422133e-01
9.844904832211942569e-01
9.861006054369215734e-01
9.915806181408783893e-01
9.914171362890644712e-01
9.884426572839010161e-01
9.949268592538118572e-01
9.945898577926123307e-01
9.935314222826153729e-01
9.951761695670302554e-01
9.983372503912884000e-01
9.935899034103933269e-01
9.955748801563931716e-01
9.942356613105204355e-01
9.962381547270721116e-01
1.002356651926155529e+00
1.005216566520909849e+00
1.004866301681677676e+00
1.004204391505581162e+00
1.007468111355428242e+00
1.007483305215448821e+00
1.004734746788366273e+00
1.004801816272515858e+00
1.003342156722475842e+00
1.001058493982499131e+00
9.961946418995094588e-01
9.922624461297390175e-01
9.917447267882554263e-01
9.887950560517679843e-01
9.828430378422406966e-01
9.836665505796808873e-01
9.812300731226432093e-01
9.797947196860165020e-01
9.783748951497730495e-01
9.802943625983604470e-01
9.792449546640725755e-01
9.845856478764788422e-01
9.842225202461304390e-01
9.886153665532443346e-01
9.909073661297373992e-01
9.929682857902486504e-01
9.952096562471134389e-01
9.971915062668826879e-01
9.988085690618401236e-01
1.000711932839581264e+00
1.006156868932655657e+00
1.003948115046656708e+00
1.002818484230682872e+00
1.006579528213017660e+00
1.004657048282164400e+00
1.005683564416949727e+00
1.004966202609143489e+00
9.995941530213231507e-01
1.002743989332802288e+00
1.002924346046472737e+00
1.000908432179491880e+00
1.000640638645717173e+00
9.976044367439991234e-01
9.989011179582533151e-01
9.959010252548861075e-01
9.972009581261597200e-01
9.982801763143570595e-01
9.958544122469226156e-01
9.977835093243723197e-01
9.958482079057597858e-01
9.937851107492498004e-01
9.946687187331627600e-01
9.947621373914127263e-01
9.964490780531018999e-01
9.948643454175156720e-01
9.959994206112839921e-01
9.963730338707565970e-01
9.964437477990490954e-01
9.983834926580543723e-01
9.967790092547300640e-01
9.990552190899383289e-01
9.991834923563273074e-01
9.999224877741410555e-01
9.995735805433083598e-01
9.975807949161287214e-01
9.989722063316207601e-01
1.001223055279826912e+00
9.983947750182584624e-01
9.987410986058579132e-01
9.989073226055981136e-01
9.996122795952445683e-01
1.000721458548390341e+00
9.994053245351143255e-01
9.981213369093140386e-01
9.988463878211043534e-01
1.000493201926644593e+00
1.000279737801191393e+00
9.992691829258102398e-01
9.981614491656639609e-01
1.000416751410457605e+00
9.993641678447545695e-01
9.982196500924940263e-01
9.979951125338974993e-01
9.993840869734329502e-01
9.976591283960254408e-01
9.985975240575940548e-01
9.989964380777661690e-01
1.000344772435295182e+00
9.992535119254251086e-01
9.981504546120957277e-01
9.990125609694362474e-01
9.990498596616930183e-01
1.000234083448791722e+00
1.000002392108009452e+00
1.001259930218351579e+00
9.995161842894709769e-01
1.000292488216501186e+00
1.001217304073458880e+00
1.000712292394323244e+00
1.000173992005167101e+00
1.000149129936700687e+00
1.000236055165880211e+00
1.000549304547317941e+00
9.995763148600774750e-01
1.001614239728499278e+00
1.000844612324870653e+00
9.998288384521043515e-01
1.000105872946292163e+00
1.000350763717488656e+00
1.000595139993483818e+00
9.997934132237743521e-01
9.995448340174331037e-01
1.000783301426846572e+00
1.000628366763990140e+00
1.000471507495508394e+00
9.996369776748516012e-01
1.000294014035131740e+00
1.000554113478587359e+00
1.000402626534352635e+00
9.988434510608503736e-01
9.985375551668146388e-01
9.999296549071829965e-01
1.000188370004098770e+00
1.000647953843968097e+00
9.991761044447904361e-01
9.988559203168123624e-01
9.999035960671509571e-01
9.991172602596832819e-01
9.992232575345367795e-01
9.992202968740969693e-01
9.989898948442339499e-01
9.994158767081507966e-01
9.991274790484695467e-01
1.000747925945460137e+00
1.000775283535918492e+00
9.999083839889111314e-01
9.989457471899001462e-01
1.000075143834773472e+00
1.000288019922269012e+00
9.992244926243151193e-01
1.000125732948705881e+00
9.995524648690673475e-01
1.001198013741658732e+00
9.992621613574615980e-01
9.992166556137732636e-01
9.997199148076588715e-01
9.994593460520263539e-01
9.998227064186105961e-01
9.985401666965809664e-01
9.988899201195087230e-01
9.998159095774594718e-01
9.994523136406658903e-01
9.976564697626539857e-01
9.990150164800931654e-01
1.000260354764793691e+00
9.994001164260549741e-01
9.996535616366820642e-01
9.984795267232050575e-01
9.996425664678304512e-01
9.991803872669654529e-01
9.999992691371931697e-01
9.995463344395439931e-01
1.000046108222702124e+00
9.993735128654922528e-01
9.995590173188063643e-01
9.993182459695526543e-01
1.000232933504860755e+00
9.997859667590266453e-01
1.000145096060517380e+00
9.988121975040296086e-01
9.999324698204116180e-01
9.996080502782307420e-01
1.000644640445459199e+00
1.000020382040274436e+00
9.998551299766148537e-01
1.000140126048192801e+00
1.001302183506684429e+00
9.994966362728814335e-01
1.000099410225322227e+00
1.000547372588578732e+00
1.000567198551104653e+00
1.000331164035922038e+00
1.000572768429893733e+00
9.994226700824324627e-01
9.989855315504396760e-01
9.993019814606730611e-01
9.988351452429506949e-01
9.997673415019028287e-01
9.993638451003608036e-01
9.997358937257437850e-01
9.992860672313667036e-01
9.999247786202315469e-01
9.998051655296507079e-01
9.996992368823136577e-01
9.993394753450096646e-01
9.992123924016304004e-01
9.996524246641989020e-01
9.995680823846768703e-01
9.998039372074762898e-01
1.000121575008727781e+00
1.000103701676949841e+00
9.992705446995909790e-01
9.993686052678126819e-01
9.997337946456265056e-01
9.993008491318190467e-01
