0.000000000000000000e+00
0.000000000000000000e+00
0.000000000000000000e+00
0.000000000000000000e+00
0.000000000000000000e+00
0.000000000000000000e+00
0.000000000000000000e+00
0.000000000000000000e+00
0.000000000000000000e+00
0.000000000000000000e+00
0.000000000000000000e+00
0.000000000000000000e+00
0.000000000000000000e+00
0.000000000000000000e+00
0.000000000000000000e+00
0.000000000000000000e+00
0.000000000000000000e+00
0.000000000000000000e+00
0.000000000000000000e+00
0.000000000000000000e+00
0.000000000000000000e+00
0.000000000000000000e+00
0.000000000000000000e+00
0.000000000000000000e+00
0.000000000000000000e+00
0.000000000000000000e+00
0.000000000000000000e+00
0.000000000000000000e+00
0.000000000000000000e+00
0.000000000000000000e+00
1.660857231840077747e-04
4.690729176645202191e-03
5.488966751051245485e-02
2.374688503028363484e-01
5.618100970998640697e-01
9.087007189234276305e-01
1.166401397582320865e+00
1.310004266300818010e+00
1.373280175625096522e+00
1.375831227986350935e+00
1.358773500117124389e+00
1.327522912189605053e+00
1.290799027633953600e+00
1.264563209354850448e+00
1.223594446571018901e+00
1.190470187906639721e+00
1.162516401757574647e+00
1.142076823833854560e+00
1.149831325050577835e+00
1.156585134294632278e+00
1.162119643432841354e+00
1.160690924433298132e+00
1.132487750552599648e+00
1.086317788527272787e+00
1.040005209503693795e+00
1.008998466520549586e+00
9.927598210617855079e-01
9.878142807465178921e-01
9.847966309984091948e-01
9.831842396952330532e-01
9.856035442758546150e-01
9.903239702058076466e-01
9.882227867977562141e-01
9.927309977683623776e-01
9.966260088314380372e-01
9.990568888051798435e-01
1.001202018506202940e+00
9.970004153578425621e-01
9.988145605942013727e-01
9.961656590852199233e-01
9.968158143199664645e-01
9.942444228275200135e-01
9.941905121436654946e-01
9.978257048652753314e-01
1.000539921740555060e+00
1.004753514483236243e+00
1.005535052636882698e+00
1.005607519774645242e+00
1.006544124043186716e+00
1.010409960785295214e+00
1.006460202933556536e+00
1.005670115685884936e+00
1.005723391454246496e+00
1.005446873870192048e+00
1.001485289412220370e+00
9.965134416913331572e-01
9.945845914392597020e-01
9.921425413466061771e-01
9.883060203391340615e-01
9.860439494798454163e-01
9.838639998321532243e-01
9.839101886591135049e-01
9.806815498082079863e-01
9.800671703251426781e-01
9.840366198837244838e-01
9.855101522961021709e-01
9.841521858217971985e-01
9.843652214486880991e-01
9.893056947606813090e-01
9.923163073013112623e-01
9.945490308899872511e-01
9.998255069604059520e-01
9.977477366375335777e-01
1.000269051792484376e+00
1.001100194890409023e+00
1.007262762258600564e+00
1.006116751119460861e+00
1.007929140811690827e+00
1.006324496350806230e+00
1.004985400682428365e+00
1.005472186254053879e+00
1.003146628705545051e+00
1.004130839149124821e+00
1.005870830448372111e+00
1.003273581690964589e+00
9.998506412111772823e-01
1.001078782027149616e+00
9.982425600179128944e-01
9.974387559488763211e-01
9.977324403155759525e-01
9.967563750838156489e-01
9.981630147035731593e-01
9.974282657410735720e-01
9.952782192401458117e-01
9.969248388218968637e-01
9.969322994802614080e-01
9.953303508387411069e-01
9.945409558205536849e-01
9.944543830292379427e-01
9.940330438682950520e-01
9.966311409344311700e-01
9.949051213354112022e-01
9.973376044079387270e-01
9.973371152954999541e-01
9.965174502849425409e-01
9.970744283863129942e-01
9.985997241257695833e-01
9.974693913088116259e-01
1.000411803651077403e+00
9.982497967222894175e-01
9.969694391139716227e-01
1.000419704892380413e+00
9.999458060120299807e-01
9.999290982165780495e-01
9.988828188624334636e-01
9.976931908469542920e-01
9.997698554308998009e-01
9.993185971338809370e-01
9.996006871120345361e-01
9.995265820227552389e-01
1.000031297660847862e+00
9.999711277141162258e-01
9.994934995319335602e-01
9.988597874389170128e-01
1.000028602527871069e+00
9.999314153142787598e-01
9.987969079527042604e-01
9.984015676124552430e-01
9.978320995310131503e-01
9.972712618230609172e-01
1.001086289418083419e+00
9.978445905595419996e-01
9.979265808790301895e-01
9.979723775275142206e-01
9.985428605474075958e-01
9.981502211227549770e-01
9.983512466632952220e-01
9.981114729837833321e-01
9.996022752429315483e-01
9.995599565990415103e-01
9.986180253400253060e-01
9.981402680209784384e-01
9.988332076860213515e-01
9.990005390857404910e-01
9.986963009510140266e-01
1.000097467015611974e+00
9.981236820739255444e-01
9.990248892193586139e-01
9.981544814479642591e-01
9.988563142973203579e-01
9.984498509510251196e-01
9.995758848963653964e-01
9.982728098666097116e-01
9.981277603300382495e-01
9.991811421520540026e-01
9.992310867916247563e-01
1.000355307417370554e+00
9.988913674966850564e-01
1.000060714590787825e+00
9.992081717645124872e-01
9.980756770126757438e-01
9.984291046198274788e-01
9.986468053365791242e-01
9.982062439804929577e-01
9.997886416628292139e-01
9.978971746495314266e-01
9.988625481239117310e-01
9.990481838949969440e-01
9.998729977250568890e-01
9.984138589300783906e-01
9.991484225441831235e-01
9.989420760997956839e-01
9.988262439597350717e-01
9.989661950164326898e-01
9.985947295531165668e-01
9.994655987400972164e-01
9.975791742381219240e-01
9.989388727158903247e-01
9.984912511938747182e-01
9.990073326878002868e-01
9.995832014197945092e-01
9.985888656222240423e-01
9.991296904132646040e-01
9.996115069683227938e-01
9.993982401296485074e-01
9.988572409940557062e-01
9.995943452294229203e-01
9.994387146366711105e-01
9.997954601051369794e-01
9.993197157125598418e-01
9.992543881698786601e-01
9.985156917025477252e-01
9.986312021178408438e-01
1.000049075157051215e+00
1.000135573650154708e+00
9.983329646265582946e-01
1.000171236462402025e+00
9.983703406961104143e-01
9.997535195283805409e-01
9.991957453112088050e-01
9.993439593183660596e-01
9.994645825856969257e-01
9.981326778929896504e-01
9.988425747631294316e-01
9.997415193290511981e-01
9.992459847512517035e-01
9.993960881595783663e-01
9.995938423587769073e-01
9.991531632987834532e-01
9.990264100375175760e-01
9.997304103473256820e-01
9.996235216365630949e-01
9.990695711890213992e-01
1.000225268107518328e+00
9.995943286012516360e-01
9.981505166997809431e-01
9.989572240932024227e-01
9.994071254995617881e-01
9.989401211780818413e-01
9.992011936233865521e-01
9.989100908779781074e-01
9.986625515506066808e-01
9.991307040587822375e-01
9.992180708201499062e-01
9.987707519635241615e-01
9.988382897121771409e-01
9.992736646080377927e-01
1.000306882909802964e+00
9.996938165645282703e-01
9.994582888275975741e-01
9.994331417435388110e-01
9.993472305937937117e-01
9.990917862542669781e-01
9.988804136094393549e-01
9.991869878496468793e-01
9.996847434507734054e-01
9.993239899919108549e-01
9.995085884341008420e-01
9.992868382524079385e-01
9.987584353206970800e-01
9.992777269779965499e-01
9.994200801324072403e-01
9.989601635618567954e-01
9.997805631276435179e-01
9.988938205675779169e-01
9.993921538575780694e-01
9.987907958057717916e-01
1.000181417588280164e+00
9.991850842848510883e-01
1.000210423583646424e+00
