0.000000000000000000e+00
0.000000000000000000e+00
0.000000000000000000e+00
0.000000000000000000e+00
0.000000000000000000e+00
0.000000000000000000e+00
0.000000000000000000e+00
0.000000000000000000e+00
0.000000000000000000e+00
0.000000000000000000e+00
0.000000000000000000e+00
0.000000000000000000e+00
0.000000000000000000e+00
0.000000000000000000e+00
0.000000000000000000e+00
0.000000000000000000e+00
0.000000000000000000e+00
0.000000000000000000e+00
0.000000000000000000e+00
0.000000000000000000e+00
0.000000000000000000e+00
0.000000000000000000e+00
0.000000000000000000e+00
0.000000000000000000e+00
0.000000000000000000e+00
0.000000000000000000e+00
0.000000000000000000e+00
0.000000000000000000e+00
0.000000000000000000e+00
0.000000000000000000e+00
1.245521339862075958e-04
4.534577672580484935e-03
5.340342076343917999e-02
2.384092890562086731e-01
5.677420812751327039e-01
9.131936978717462017e-01
1.168766235309747881e+00
1.306086224674967600e+00
1.377132837849818658e+00
1.386316542656564677e+00
1.365010349030529424e+00
1.337597153745966327e+00
1.301567723903896523e+00
1.264633686013048930e+00
1.231579048199202830e+00
1.192769995076280676e+00
1.175380145772478402e+00
1.163055317975382641e+00
1.158552981446721475e+00
1.173740786670878000e+00
1.172054972046685739e+00
1.170596735211110406e+00
1.141212522574573951e+00
1.097270281986954865e+00
1.052497675421111722e+00
1.015583389057868713e+00
9.991723440469041373e-01
9.864853984913470875e-01
9.870367425843852294e-01
9.851120767112144794e-01
9.912425267715850863e-01
9.887874222011919789e-01
9.896045533904412883e-01
9.954742203693166536e-01
9.991514923598175946e-01
9.963125510599507573e-01
9.950996156762025313e-01
9.991834705527745664e-01
9.996472297777785343e-01
9.983793689432924889e-01
9.974140319089637163e-01
9.984500969776315404e-01
1.001327851830362548e+00
9.976603876108106617e-01
1.000786734159452962e+00
1.006352810937092279e+00
1.005034309096114686e+00
1.007351764025234075e+00
1.010682990485338051e+00
1.011558027851588770e+00
1.008868288591978191e+00
1.010787987156716694e+00
1.009231600007211904e+00
1.008542402061056276e+00
1.004224773284842165e+00
1.001123877212336311e+00
9.988572808893029231e-01
9.967651516057107752e-01
9.945686986791389961e-01
9.925320043329072250e-01
9.902924501185766948e-01
9.856318349771624465e-01
9.843280998624381883e-01
9.861105375406906681e-01
9.841265518904555032e-01
9.868496386310563473e-01
9.898546452289213038e-01
9.895308297440988943e-01
9.899854263980021329e-01
9.946168502271944822e-01
9.983315366902065779e-01
1.002356071221591094e+00
1.003291714259988865e+00
1.002461010344008585e+00
1.006788979352621682e+00
1.007082895124610911e+00
1.006714947669921534e+00
1.008176689875830867e+00
1.007222054447430626e+00
1.010128434989187030e+00
1.008377602176278698e+00
1.008510500694677736e+00
1.007582108902424611e+00
1.007022937854161082e+00
1.005460393582602086e+00
1.004803995125901572e+00
1.005255555449294125e+00
1.003117909939929442e+00
1.001240390013868220e+00
1.000070698548195969e+00
9.995519026985540956e-01
9.973839996892843729e-01
1.000087570444309071e+00
1.001705799882974812e+00
9.991836059117832347e-01
9.980415373837121518e-01
9.983022321444504632e-01
9.987289919712865061e-01
9.988941189964787304e-01
1.001110406777534045e+00
9.973140584533314312e-01
9.986510040587693871e-01
1.000444645383913311e+00
9.991068318341717047e-01
9.995929684710330720e-01
1.000067471200785763e+00
1.000656110046235892e+00
1.001947253761542367e+00
1.000703782110067719e+00
9.997292890651365838e-01
1.000930227715132403e+00
1.001018460096479545e+00
1.002514019374692422e+00
1.001111661654642715e+00
1.003105591010634789e+00
1.001324148013895021e+00
1.002285383394124763e+00
1.002548052996625971e+00
1.000168694485719767e+00
1.002062739945502656e+00
1.001369526986060743e+00
1.001188659011556847e+00
9.986992200150001109e-01
1.000588436865634812e+00
1.001548300592613128e+00
1.001706733880047384e+00
1.001918912703597453e+00
9.995653364650241013e-01
1.001336242724416348e+00
9.991992774791083054e-01
9.995401571649924488e-01
1.000584573898176455e+00
9.977545772369124100e-01
9.989824681413961294e-01
1.000690642105310557e+00
9.988213363728459804e-01
1.000054615862008722e+00
1.000174771943752816e+00
9.989897942845608059e-01
9.996338028458022773e-01
1.000467060431542654e+00
9.999351988006900394e-01
9.985611273471710625e-01
1.002143556706060812e+00
1.000883949725857036e+00
9.999597206247644587e-01
1.001279069953570744e+00
9.998689019571257441e-01
1.000649443189537191e+00
9.996111490709859160e-01
1.001241534275033152e+00
1.000275621222632916e+00
9.997450105723060254e-01
9.998381402916508565e-01
1.000429916474447012e+00
1.000675845504227501e+00
1.000636338143961357e+00
9.983318800204763477e-01
1.001826828072585940e+00
9.990245939548055842e-01
1.000302228584656117e+00
9.999947264722912621e-01
1.001878017101187179e+00
1.000788873008286561e+00
1.000249034679492555e+00
1.000229225410738332e+00
9.999119278325815374e-01
1.001009839806280333e+00
9.990946038372247040e-01
9.997808444454210353e-01
1.000759704046413345e+00
9.996194057895075868e-01
1.001360968004331609e+00
1.000586242964468742e+00
9.991114491554331511e-01
1.000125811882756954e+00
9.988522634129608502e-01
9.993320719285607723e-01
1.000397349829330818e+00
9.999473826291596090e-01
9.993269865632654625e-01
9.993565922493002907e-01
9.992708138515936644e-01
1.000224031648011103e+00
9.990660552704694330e-01
1.000174072015403315e+00
9.992091850177845513e-01
9.991198940361105674e-01
1.000532387521704036e+00
1.000362558302958504e+00
1.000301216566761520e+00
9.997262680020146952e-01
9.990584149471155584e-01
9.983902970879725558e-01
9.989497161074034626e-01
9.995670672422031222e-01
1.000097704779464358e+00
1.000364357412186322e+00
1.001662926067713899e+00
1.000325452550259842e+00
9.992787667824206688e-01
9.997025219939014162e-01
9.997583475578017964e-01
9.995498514429482784e-01
9.985345023345639781e-01
9.995241822929451514e-01
9.992360433887104154e-01
9.991117798325575006e-01
9.996399467026458874e-01
1.000591796594839655e+00
9.994842466976394668e-01
1.000009737536586174e+00
9.997408588877688684e-01
1.000446189564971666e+00
1.000345756539357200e+00
1.000699211330184024e+00
1.000024272153304805e+00
9.997689294581979524e-01
1.000032910289051724e+00
9.998054254665129648e-01
1.000576711953552689e+00
1.001166135859062223e+00
1.000655876168979441e+00
9.998652430655561307e-01
9.996843553137980676e-01
9.993981510032499127e-01
1.000668471421328087e+00
1.000469342279868501e+00
1.000086404481524527e+00
1.000078281583544504e+00
1.000439236970944945e+00
9.995614779306055686e-01
1.000966539940369771e+00
9.990716336059686231e-01
1.000074127581574768e+00
1.000856761097336900e+00
1.000245338443590537e+00
1.000935920212715713e+00
1.000418895475762460e+00
9.998357010261386124e-01
9.996156892899048518e-01
1.000542131023152148e+00
1.000410126658304977e+00
9.995957121122607258e-01
9.996477589519314755e-01
1.000624338072289232e+00
9.999540748338469065e-01
1.000703497160800204e+00
9.998796040320891976e-01
1.000072252381437155e+00
