0.000000000000000000e+00
0.000000000000000000e+00
0.000000000000000000e+00
0.000000000000000000e+00
0.000000000000000000e+00
0.000000000000000000e+00
0.000000000000000000e+00
0.000000000000000000e+00
0.000000000000000000e+00
0.000000000000000000e+00
0.000000000000000000e+00
0.000000000000000000e+00
0.000000000000000000e+00
0.000000000000000000e+00
0.000000000000000000e+00
0.000000000000000000e+00
0.000000000000000000e+00
0.000000000000000000e+00
0.000000000000000000e+00
0.000000000000000000e+00
0.000000000000000000e+00
0.000000000000000000e+00
0.000000000000000000e+00
0.000000000000000000e+00
0.000000000000000000e+00
0.000000000000000000e+00
0.000000000000000000e+00
0.000000000000000000e+00
0.000000000000000000e+00
0.000000000000000000e+00
1.868234185460882467e-04
5.040453019109170270e-03
5.382254235339991449e-02
2.337400853125566613e-01
5.568898948906367830e-01
9.044975406047676136e-01
1.158937781272574075e+00
1.295039592497357228e+00
1.362037087496097865e+00
1.375773113112084944e+00
1.355968893804048614e+00
1.324971052449218201e+00
1.284791870069830644e+00
1.257100349792563909e+00
1.218362957956049764e+00
1.184848000411014235e+00
1.154620985204624528e+00
1.149288316221486195e+00
1.151159202903232259e+00
1.156860352665886049e+00
1.162498958704733187e+00
1.155334628802053842e+00
1.126820165910459304e+00
1.079490981373104175e+00
1.037165898393094032e+00
1.004266106741634967e+00
9.898365937121528235e-01
9.815187338554285379e-01
9.757481773032251615e-01
9.739371355981653045e-01
9.805595847403545395e-01
9.799902702883183103e-01
9.887338371285144811e-01
9.896824353452982059e-01
9.872750504404885774e-01
9.926004963670912451e-01
9.953492594786014225e-01
9.938216254825692486e-01
9.935675182880837619e-01
9.965586794199723375e-01
9.936584633811196277e-01
9.922444952472013746e-01
9.951224758780317092e-01
9.930234184193814650e-01
9.971494658478192719e-01
9.987212751786330722e-01
9.992733883115834104e-01
1.003332607796497022e+00
1.002383678887581508e+00
1.007993823286022828e+00
1.005683563344947018e+00
1.005304898867052321e+00
1.003023162064635709e+00
1.002971435112646192e+00
1.000234070041869483e+00
9.983085721117609390e-01
9.923998255982734440e-01
9.886706163456677743e-01
9.870007330323780081e-01
9.845723693948948974e-01
9.809958286636935032e-01
9.807119027528149457e-01
9.821135720084396281e-01
9.796150698521899347e-01
9.803969669760664862e-01
9.823416993320712720e-01
9.819509043539631499e-01
9.848696431607955049e-01
9.862339629836885946e-01
9.900893082732904471e-01
9.929657187411047303e-01
9.948416759789122654e-01
9.992239842112414783e-01
1.000863323070010802e+00
1.002426981055740463e+00
1.002988355884947724e+00
1.006248191812411541e+00
1.003690666447411672e+00
1.005670646592345729e+00
1.005802192167280618e+00
1.008335973582860312e+00
1.008282746796352436e+00
1.004300095602933318e+00
1.002901597632435804e+00
1.001612124788329838e+00
1.003410253914256201e+00
1.003176585328354520e+00
9.992693697206368464e-01
9.992852558059014401e-01
9.956161531074767534e-01
9.994864162197458768e-01
9.970523510715963988e-01
9.981663315708585449e-01
9.968079463570714838e-01
9.973340178973232328e-01
9.949751792551807528e-01
9.947768868818124277e-01
9.936890129883009237e-01
9.969154001191319336e-01
9.946291480320518241e-01
9.954855057828460030e-01
9.965571346641974859e-01
9.962357274619108027e-01
9.960699750625716664e-01
9.975444081171722654e-01
9.965739777808426680e-01
9.963747160321555496e-01
9.975610060824295910e-01
9.993683713039970273e-01
9.987659007925618893e-01
9.993344312977670008e-01
9.999193216250441552e-01
9.984968688353927924e-01
1.000188536602242051e+00
1.001036832062015547e+00
1.000103507613721465e+00
1.000281946144222500e+00
9.985253024810742950e-01
9.994635215756528801e-01
1.001260300104203083e+00
9.997836090976801593e-01
1.000144099763779160e+00
1.000684878542313250e+00
9.984375660284043885e-01
9.995389018358946664e-01
1.000755438468718506e+00
1.000453479382929611e+00
9.995008240099014785e-01
1.000184437682000382e+00
1.000704824386113634e+00
9.986584363817618826e-01
9.994920087971530531e-01
9.991346720341630627e-01
1.000633635909686125e+00
9.994739199354215620e-01
1.001542707532455223e+00
1.000620449087543218e+00
9.992027161813727965e-01
9.991675970819559049e-01
1.000724708093412740e+00
9.994303552978415217e-01
1.000799289347437337e+00
9.996103182579760826e-01
1.000070733233556997e+00
1.001500787130988668e+00
9.994601067947843642e-01
9.997290518412260685e-01
9.992095104571894204e-01
1.000159550030948807e+00
9.995579898288001752e-01
1.000710288367338663e+00
9.999545528259262683e-01
9.992561350299689060e-01
9.996617087009190827e-01
9.991482450890899480e-01
1.001272630850352341e+00
1.000373087713814835e+00
9.998894591095681683e-01
1.000197843106189755e+00
1.001388933397241665e+00
9.989164400203994765e-01
9.985830918853513261e-01
1.000385847470493195e+00
1.000165981570479090e+00
9.994025623962996541e-01
9.997958597977073536e-01
9.996627644613063080e-01
1.000642102355468577e+00
1.000453137496554179e+00
1.000253575245601656e+00
9.991737662924690122e-01
1.000018562093230701e+00
9.997717752063921548e-01
9.995221026659356633e-01
9.995338054016532636e-01
9.999017416698080529e-01
1.000394577183607137e+00
9.993203953929106209e-01
9.994335137178597117e-01
9.987702904885191746e-01
9.993323500686416283e-01
9.999444899915426177e-01
9.990301165155246466e-01
9.988918202155485648e-01
9.999769030850423901e-01
9.995729392915400080e-01
1.000095391781550713e+00
9.992572035022440069e-01
9.985141849157296301e-01
9.984286109313256219e-01
9.987682360829057693e-01
9.993538961407064658e-01
1.000030305306025769e+00
9.996455748445793876e-01
9.993785871804411469e-01
9.991552427105113710e-01
9.989367755794457127e-01
9.989760676342740453e-01
9.994650130657061204e-01
1.000619572082968256e+00
1.000008869667154743e+00
9.995010807035531464e-01
1.001290753695200930e+00
9.997293488155879482e-01
1.000072435719239428e+00
1.000179700965828422e+00
9.998157310395884290e-01
9.999845913137451747e-01
1.000261799606767532e+00
1.000659780115217723e+00
9.987575038718429221e-01
9.995344709673622541e-01
9.993520569800886655e-01
9.993389028036256949e-01
1.000019067541109585e+00
1.000367270938804953e+00
9.994208611516769425e-01
9.985569934291886884e-01
9.998018456954792521e-01
9.993709474799072900e-01
1.000305507150122342e+00
9.999851888539376121e-01
9.994740793252375743e-01
9.995529540482460673e-01
9.993155817255233719e-01
1.000626895699150198e+00
9.989635726867703847e-01
1.000406742940691096e+00
9.998368251650866512e-01
1.000314800443725005e+00
1.000122213068248112e+00
9.999710883470711575e-01
9.988038995952478460e-01
9.994257223464577677e-01
9.997346676495423301e-01
9.995610313891807319e-01
9.997582951418092501e-01
9.997330583378316593e-01
9.997991316026184627e-01
9.990871400673509983e-01
9.992604498017653158e-01
1.000327623236111574e+00
9.993541121840361363e-01
9.994270961250067975e-01
9.984929287758308458e-01
9.992654636311529837e-01
9.984702071154438752e-01
9.987616356536834772e-01
9.986777949089062911e-01
1.000516595755625460e+00
