0.000000000000000000e+00
0.000000000000000000e+00
0.000000000000000000e+00
0.000000000000000000e+00
0.000000000000000000e+00
0.000000000000000000e+00
0.000000000000000000e+00
0.000000000000000000e+00
0.000000000000000000e+00
0.000000000000000000e+00
0.000000000000000000e+00
0.000000000000000000e+00
0.000000000000000000e+00
0.000000000000000000e+00
0.000000000000000000e+00
0.000000000000000000e+00
0.000000000000000000e+00
0.000000000000000000e+00
0.000000000000000000e+00
0.000000000000000000e+00
0.000000000000000000e+00
0.000000000000000000e+00
0.000000000000000000e+00
0.000000000000000000e+00
0.000000000000000000e+00
0.000000000000000000e+00
4.442382848011904684e-05
1.938848528231690120e-03
2.942843301713246595e-02
2.007910678193547682e-01
7.677004093838607490e-01
1.606661121212706211e+00
2.145533556383143026e+00
2.197804639577728203e+00
1.983340063561490840e+00
1.706847321726359556e+00
1.473334953928459701e+00
1.309205717340264030e+00
1.203252481328730417e+00
1.122360252142965642e+00
1.029830445089642721e+00
9.525914714141234807e-01
9.105385243874769552e-01
9.003536389333186563e-01
9.032499763483234911e-01
9.133042994327134068e-01
9.279606007527176903e-01
9.406331915809850175e-01
9.502241908809573312e-01
9.546351935959696000e-01
9.619971603429849916e-01
9.678017061989865333e-01
9.703760905120392133e-01
9.714346370951504328e-01
9.729343729433687082e-01
9.694536115383975972e-01
9.641538959421706023e-01
9.581054019908444852e-01
9.505147121764969675e-01
9.424175768444780221e-01
9.386314511562815488e-01
9.379023786623246206e-01
9.403832780524880031e-01
9.473723838548721021e-01
9.576840624836994165e-01
9.683628093125254965e-01
9.829951797921806511e-01
9.950946315463791159e-01
1.006649115153587015e+00
1.017658874586507611e+00
1.027390578010626054e+00
1.033588978148073600e+00
1.039967391807435471e+00
1.041973004849451323e+00
1.042135428141153675e+00
1.041438409982403890e+00
1.038371761532882243e+00
1.034117191402768698e+00
1.028836760250989357e+00
1.024070014201384993e+00
1.015850570808734643e+00
1.010592129754315005e+00
1.003680215434196832e+00
9.989220664504242508e-01
9.943111869681526827e-01
9.905340430742579638e-01
9.882843539112021736e-01
9.869656787173105572e-01
9.867504134267448546e-01
9.870471727208937063e-01
9.874094157927689741e-01
9.897531005451204456e-01
9.911328872489585384e-01
9.914963897119404290e-01
9.954627124613643074e-01
9.977126323485111525e-01
9.994102825644833876e-01
1.001016034635319629e+00
1.001275118108403417e+00
1.002743340894664881e+00
1.003706175766830411e+00
1.004654640320478576e+00
1.005464889598621125e+00
1.005182249743782785e+00
1.005167555943363933e+00
1.004688179997633268e+00
1.005373344132245439e+00
1.005391822348426167e+00
1.004104663659040941e+00
1.003797654494569924e+00
1.002850041256748925e+00
1.002723422077508308e+00
1.003001424142622833e+00
1.001547320676301700e+00
1.000761213723394771e+00
1.001062309602945843e+00
1.000022055898364348e+00
9.998532790380713076e-01
9.986221117000823044e-01
9.990750761239683975e-01
9.989843059065313113e-01
9.983912928580859214e-01
9.980360753075017133e-01
9.983542782938508164e-01
9.982073019156050275e-01
9.981124088247396164e-01
9.986645928576455278e-01
9.987258817127351307e-01
9.987575265122862200e-01
9.989433214367412495e-01
1.000286140456272843e+00
9.997899342766480846e-01
1.000198792603262721e+00
1.000501457819627849e+00
1.000442889605925201e+00
1.000326112950413959e+00
1.001539868961967894e+00
1.000960606421686938e+00
1.001780440614972623e+00
1.001646687742561825e+00
1.001827016098723711e+00
1.001765499115191416e+00
1.001121195555288335e+00
1.001777789561374643e+00
1.000858111370624748e+00
1.001375483805268196e+00
1.000916474875272355e+00
1.000806225380204140e+00
1.000746529608844471e+00
1.000349084341896067e+00
1.000459689735675894e+00
9.998451270017780779e-01
9.996503611944239642e-01
1.000205505695899610e+00
1.000094773635441081e+00
9.993863040832751121e-01
1.000145169562479897e+00
9.995365972245474628e-01
9.997637024588996724e-01
1.000257141616884615e+00
9.998811066050443674e-01
9.995084728275683839e-01
1.000179986283714406e+00
1.000497425174585064e+00
1.000528244553124058e+00
1.000196998219214928e+00
1.000440163905061741e+00
1.000539072360488335e+00
1.000237768313364528e+00
1.000669051975089374e+00
1.000406519696157348e+00
1.000591157482267457e+00
9.996844884257521935e-01
1.000832151563526562e+00
1.000226450427128100e+00
1.000152737029125882e+00
1.000098934465728284e+00
9.998415048701767560e-01
1.000141220360805994e+00
1.000108113384892583e+00
1.000170757712510294e+00
1.000243540206931847e+00
1.000717499212500083e+00
9.998499733509672582e-01
1.000391321896769714e+00
1.000027106207974414e+00
1.000138750211265526e+00
9.996734353075167334e-01
1.000176679007577230e+00
9.999352038862393544e-01
1.000002693351999650e+00
9.994556167232876431e-01
1.000138628788143524e+00
9.996503398918821226e-01
9.997366503770017676e-01
9.999846178984062028e-01
9.994486923177957616e-01
9.993280380509228511e-01
9.999925691109864401e-01
9.999187929970027033e-01
9.999019248994133191e-01
9.998970992374573985e-01
1.000206127902574904e+00
9.998894738825183648e-01
9.999199101676480295e-01
9.999026968982708263e-01
1.000269533471183747e+00
1.000011708154274981e+00
9.998352391523197547e-01
1.000143365087454494e+00
9.997226763908688696e-01
1.000215747132902511e+00
9.998965354087820945e-01
9.996828717527205255e-01
9.996247453206369427e-01
9.996156544633634233e-01
9.999683908848214786e-01
9.999900234333519711e-01
1.000092536462736881e+00
1.000197048690524060e+00
1.000039620503298865e+00
1.000089895890886815e+00
9.998534577716593486e-01
9.999310188169096003e-01
1.000206023946431211e+00
1.000072494371496923e+00
1.000118872757201682e+00
1.000027651148201135e+00
1.000058546386775493e+00
1.000042914486995560e+00
1.000115890656236628e+00
1.000274874575227901e+00
9.999106019541104118e-01
1.000137707489120453e+00
9.999891086206844637e-01
1.000068744292152534e+00
1.000095027566314965e+00
1.000345752018433565e+00
1.000095895706538229e+00
1.000387943574019944e+00
1.000210643780341746e+00
1.000283217348864495e+00
1.000092048967266001e+00
1.000118751041254139e+00
1.000400943505898255e+00
1.000462172453166598e+00
1.000286519387946882e+00
1.000291188564202960e+00
1.000200431926455247e+00
1.000285520604182521e+00
1.000351893210014387e+00
1.000005899251161345e+00
1.000216408710825400e+00
1.000529039688113464e+00
1.000395756153598326e+00
1.000304287058477071e+00
1.000496882281991962e+00
9.999551709318535986e-01
1.000473909081057489e+00
1.000241697582210154e+00
1.000512910348762441e+00
1.000204672412689177e+00
1.000488062880454221e+00
1.000009721203501512e+00
1.000327256345870053e+00
1.000272096072306827e+00
1.000330726256519087e+00
1.000068387143188797e+00
1.000286332067519934e+00
1.000313678247138460e+00
1.000321352790542351e+00
1.000053200173204093e+00
1.000182905113798482e+00
1.000436443336533809e+00
1.000326474822870182e+00
1.000228816699618495e+00
1.000318177796374330e+00
1.000466116430273500e+00
9.999331357761018779e-01
1.000325217565728009e+00
