0.000000000000000000e+00
0.000000000000000000e+00
0.000000000000000000e+00
0.000000000000000000e+00
0.000000000000000000e+00
0.000000000000000000e+00
0.000000000000000000e+00
0.000000000000000000e+00
0.000000000000000000e+00
0.000000000000000000e+00
0.000000000000000000e+00
0.000000000000000000e+00
0.000000000000000000e+00
0.000000000000000000e+00
0.000000000000000000e+00
0.000000000000000000e+00
0.000000000000000000e+00
0.000000000000000000e+00
0.000000000000000000e+00
0.000000000000000000e+00
0.000000000000000000e+00
0.000000000000000000e+00
0.000000000000000000e+00
0.000000000000000000e+00
0.000000000000000000e+00
0.000000000000000000e+00
4.734433567081250199e-05
1.972888440820089097e-03
2.906521973355331162e-02
2.020162653171993228e-01
7.707966344494048272e-01
1.609025336107748894e+00
2.148377487675202868e+00
2.203080098973443146e+00
1.986884511592804881e+00
1.710602946433810834e+00
1.480944003232002704e+00
1.311976397230582903e+00
1.206912988915096241e+00
1.126834708109657468e+00
1.033171765176307488e+00
9.561505038461838302e-01
9.166591330148328165e-01
9.009260867384099036e-01
9.051460846140153560e-01
9.163329957004094917e-01
9.309120735137148550e-01
9.440204961475466838e-01
9.510639587625027147e-01
9.592288543267335488e-01
9.635735640122007339e-01
9.678739198345145400e-01
9.738626537611091427e-01
9.755463312711742940e-01
9.741296803996872811e-01
9.707477984587328246e-01
9.650724642708452539e-01
9.572225904032293231e-01
9.517553087697351311e-01
9.459180114105131265e-01
9.406111101097059946e-01
9.413321381719436109e-01
9.405969137368185296e-01
9.482270917032638025e-01
9.580626535279131994e-01
9.699568792271161533e-01
9.818708662818735888e-01
9.965827466509092902e-01
1.007346900014148394e+00
1.019118847716353971e+00
1.028246793955663652e+00
1.034782361240778936e+00
1.038987495077026590e+00
1.043087732767008946e+00
1.042231293315050822e+00
1.040632135351048149e+00
1.038139848311791180e+00
1.033827888789644600e+00
1.028705286028517518e+00
1.023443262951291066e+00
1.016865502526614229e+00
1.010576703102873841e+00
1.003289440060007642e+00
9.986038848299263471e-01
9.937128510387845948e-01
9.915981919327413463e-01
9.877041876718927194e-01
9.870025044151928828e-01
9.854764992133376866e-01
9.885046272243421805e-01
9.886989984148423227e-01
9.882970487724047626e-01
9.919437008550615609e-01
9.933429931533216406e-01
9.951663438073476975e-01
9.968373990196700563e-01
9.989598174375775574e-01
9.998344800582184000e-01
1.001492176608878459e+00
1.002662647212746672e+00
1.004358194045593011e+00
1.005356477879161048e+00
1.004885744887951127e+00
1.005251318481375167e+00
1.005955593060747555e+00
1.005473516939128897e+00
1.005166653187746340e+00
1.005130900951850315e+00
1.003769394271769588e+00
1.003872711743716950e+00
1.003155339877483287e+00
1.003278991143214061e+00
1.002303452682711704e+00
1.001786500490488674e+00
1.000370095403328996e+00
1.000927081402261498e+00
1.000799907932416799e+00
1.000316947599542150e+00
9.994920492420775737e-01
9.998007243960566059e-01
9.991717653596517978e-01
9.993545785789744729e-01
9.981481357125828735e-01
9.979563726255561429e-01
9.993075785305985947e-01
9.988187110553639059e-01
9.983496957001588568e-01
9.984285309858154100e-01
9.987985783282354868e-01
9.994178670930098374e-01
9.993285054323521877e-01
1.000273393484224060e+00
9.999273174545501019e-01
1.000316214992376773e+00
1.000613599708811030e+00
1.001325156166307240e+00
1.001128432497506493e+00
1.001313713164597052e+00
1.001838677267854694e+00
1.001298697939428273e+00
1.001422429059495744e+00
1.001454489306657036e+00
1.002102606250947714e+00
1.001195298783113863e+00
1.001852511339502483e+00
1.001786439360862646e+00
1.000888242648095172e+00
1.000715448404886576e+00
1.000959385330834506e+00
1.000816973780193742e+00
1.000823368757870924e+00
1.000318274360684656e+00
1.000517492275112552e+00
1.000256007326111751e+00
9.994306725608269604e-01
1.000045513033542832e+00
9.997960168223695154e-01
9.999818287657469273e-01
9.994162032644470228e-01
1.000081461553488982e+00
9.997884061418741419e-01
9.995002407510636955e-01
1.000470488781895817e+00
9.998348033684860692e-01
1.000216237906227379e+00
1.000678604448991482e+00
9.999956254239100728e-01
1.000203116970414197e+00
1.000758551575493094e+00
1.000449128035033164e+00
1.000066581756633655e+00
1.000433160379893049e+00
1.000698135136294020e+00
1.000439521443639679e+00
1.000581503191378285e+00
1.000694902401920938e+00
1.000421886139933436e+00
1.000204540373559992e+00
1.000427182182191288e+00
1.000608720240072191e+00
1.000414698516262524e+00
1.000159334186262683e+00
1.000011835282754280e+00
9.999777409505817838e-01
9.999484514238407007e-01
1.000450524220822146e+00
1.000137135718666137e+00
1.000098034530349844e+00
1.000581387419476442e+00
9.999101103642961119e-01
1.000186339170804573e+00
1.000022082486305752e+00
9.999563720050226312e-01
9.997856483925255944e-01
9.998163408964916288e-01
1.000184500406429366e+00
9.995877231001637497e-01
1.000350292790066042e+00
1.000346573673420059e+00
9.999353455765175314e-01
1.000363390720143020e+00
1.000028686388970689e+00
1.000260965389921042e+00
9.998986118504407106e-01
9.998315728894844323e-01
9.999189688734936299e-01
9.998648425550521468e-01
1.000243206051700806e+00
1.000215905584000975e+00
1.000335598607236642e+00
1.000042139102346406e+00
1.000017514244469385e+00
1.000273289720333247e+00
1.000450498190460058e+00
1.000124365917581359e+00
1.000604865168502444e+00
1.000197931232081450e+00
1.000070180184911672e+00
1.000162126732947687e+00
1.000200449439553552e+00
1.000025619550436895e+00
9.998287974654346266e-01
9.999413474671192681e-01
9.996862630982172870e-01
9.999978884419039593e-01
1.000070672848687225e+00
9.999571543722624023e-01
1.000294852077456831e+00
9.999660641211666201e-01
9.994283614682883954e-01
9.997801726162787173e-01
1.000121853649564185e+00
9.997896353285784521e-01
9.999509731879674401e-01
1.000112657820948270e+00
9.998263459089125060e-01
1.000062431146129693e+00
1.000175315117781016e+00
1.000088418639683674e+00
1.000011719071723260e+00
1.000128611198552786e+00
9.998298905665347069e-01
9.996254095950725116e-01
1.000121075425161266e+00
9.997964860800078180e-01
9.999061784511042994e-01
1.000055884100811809e+00
9.998802864786034972e-01
9.998932662985233755e-01
1.000034895772977217e+00
1.000165979900470070e+00
1.000229652585746365e+00
1.000125669406831008e+00
1.000090247882307271e+00
1.000113185397132787e+00
9.999318451078516024e-01
9.997003399987414163e-01
1.000212823236733328e+00
1.000408373194611400e+00
1.000154332289499015e+00
9.998418398108942506e-01
1.000169673180417051e+00
9.999008039798520375e-01
1.000263747714197793e+00
1.000067342799129122e+00
1.000076564157300396e+00
9.998785220628141346e-01
1.000104809746092949e+00
1.000081916083002564e+00
9.999718763928803211e-01
1.000076694197977289e+00
1.000067242938901257e+00
9.999297930278923108e-01
9.999668968454026308e-01
9.997098281246448170e-01
9.998861643564357360e-01
9.999192789061258635e-01
1.000041886950160830e+00
1.000012682146064869e+00
1.000010539835731516e+00
