0.000000000000000000e+00
0.000000000000000000e+00
0.000000000000000000e+00
0.000000000000000000e+00
0.000000000000000000e+00
0.000000000000000000e+00
0.000000000000000000e+00
0.000000000000000000e+00
0.000000000000000000e+00
0.000000000000000000e+00
0.000000000000000000e+00
0.000000000000000000e+00
0.000000000000000000e+00
0.000000000000000000e+00
0.000000000000000000e+00
0.000000000000000000e+00
0.000000000000000000e+00
0.000000000000000000e+00
0.000000000000000000e+00
0.000000000000000000e+00
0.000000000000000000e+00
0.000000000000000000e+00
0.000000000000000000e+00
0.000000000000000000e+00
0.000000000000000000e+00
0.000000000000000000e+00
4.442096937701040980e-05
1.941473707331181457e-03
2.883252900225871662e-02
1.994948434119139802e-01
7.679997599550433263e-01
1.604975269109260916e+00
2.141863138607670969e+00
2.196888559300507193e+00
1.981368998043560925e+00
1.704062384222443605e+00
1.474126828095397856e+00
1.307431024088824945e+00
1.205866220608816652e+00
1.123623660391852352e+00
1.032844057327597209e+00
9.509530382733718534e-01
9.112041795940433175e-01
9.000791671712240483e-01
9.028620580904814785e-01
9.149593931320931794e-01
9.266908421794249895e-01
9.405606693331429735e-01
9.500215657979080852e-01
9.548784794622692251e-01
9.603017280261146871e-01
9.661796984655572906e-01
9.718280900362463726e-01
9.740686802976944447e-01
9.716358658986298247e-01
9.691663710924880437e-01
9.644378036732135229e-01
9.573391892538778425e-01
9.500700534861752367e-01
9.430113801160321385e-01
9.386647980685530746e-01
9.382692844609842320e-01
9.412752906252926932e-01
9.481882759005559880e-01
9.578493958946275866e-01
9.697984709110972767e-01
9.839049957156525972e-01
9.953524080631052096e-01
1.007838732131190129e+00
1.018120419354626272e+00
1.027683494653752527e+00
1.034098945321653362e+00
1.037873330265255634e+00
1.041588705306703666e+00
1.042618088750329353e+00
1.039061382628527985e+00
1.037572819094988441e+00
1.032457043603837388e+00
1.027836299285730837e+00
1.022636453376709165e+00
1.015302797229369336e+00
1.010256547350255163e+00
1.003510498920029415e+00
9.989660612109542148e-01
9.949617211995104293e-01
9.900685595688942797e-01
9.879544498809804676e-01
9.858687786972305522e-01
9.866701767424411740e-01
9.873297610437119509e-01
9.881224281271329124e-01
9.885707471060883877e-01
9.907329161963106534e-01
9.936632214621893278e-01
9.944963841907642488e-01
9.968741914482254218e-01
9.987279576792431612e-01
9.994522432645802645e-01
1.000405288548409821e+00
1.002235950383717711e+00
1.003044195643040259e+00
1.003650407411680989e+00
1.004849438988190569e+00
1.005042999752382871e+00
1.005755761136443605e+00
1.004177654682312459e+00
1.005152770771755133e+00
1.004886708912793303e+00
1.004137564950053463e+00
1.003278575311000953e+00
1.003330921674298271e+00
1.002741698998032671e+00
1.002094321717969416e+00
1.000778765854071661e+00
1.001117690175939323e+00
1.001071470977712874e+00
9.997986267797512872e-01
9.990249957392293156e-01
9.991452671403232566e-01
9.988499816288838318e-01
9.990231442018194796e-01
9.988080405816275320e-01
9.982221549189590482e-01
9.979647933776285562e-01
9.987217909216998812e-01
9.981791678246587640e-01
9.985790033816693834e-01
9.987596085881952357e-01
9.984235670929365591e-01
9.987138326079290085e-01
9.996390874513794156e-01
9.996667721458326605e-01
9.996951355529031247e-01
9.995671747874935731e-01
1.000576483849261233e+00
1.000267849496175865e+00
1.001205828770870943e+00
1.001180561152264170e+00
1.000883678442456848e+00
1.001177153106485473e+00
1.001279979138971932e+00
1.001256322266784293e+00
1.001110946867368234e+00
1.000574910078749991e+00
1.000909542815324960e+00
1.000988495859440830e+00
1.000493203012002397e+00
1.000342113478678296e+00
9.997988522816250168e-01
9.999195406462936253e-01
9.996576625763281543e-01
9.997964541640381730e-01
9.995210955141853315e-01
9.989298677829006046e-01
9.993509464447286605e-01
9.984741270696930737e-01
9.992339784877075637e-01
9.990168210108884006e-01
9.995487622212485546e-01
9.996304507056184008e-01
9.996231401389725768e-01
9.997875189705501819e-01
9.994666721709358770e-01
9.993989375212516402e-01
9.996842481772407751e-01
9.998220511884243766e-01
9.996161403117799216e-01
1.000014611173252854e+00
9.998913604856730641e-01
1.000486285919310436e+00
1.000280388995015812e+00
1.000524709031380910e+00
1.000280958495104455e+00
1.000053307100905675e+00
1.000488570701120628e+00
1.000055008635667875e+00
1.000024420130102953e+00
1.000999355875724639e+00
1.000191478614525398e+00
9.999902976573488145e-01
1.000675126676273008e+00
9.999355813292570838e-01
9.999107830515578943e-01
9.997903795050254727e-01
1.000019539370931021e+00
9.996407006577976428e-01
9.997502206190732599e-01
1.000192839547109580e+00
1.000255309199355791e+00
9.995494561757363172e-01
1.000477987685831627e+00
9.995850888355160002e-01
9.998837626191876549e-01
9.999630701182399273e-01
9.996820390036517123e-01
9.996319506545100486e-01
9.997412836503476452e-01
1.000340928936041207e+00
9.997500046423177800e-01
9.997433901565899728e-01
1.000124045346938884e+00
9.997322923204553513e-01
1.000206678038086050e+00
9.999655473203353795e-01
9.999093180001104031e-01
1.000039238543122044e+00
9.998021269411999645e-01
9.994619185714127552e-01
1.000213590227864380e+00
9.997643852303205181e-01
9.998499400944749205e-01
9.996197812456893983e-01
1.000420088781565742e+00
9.995985012406087833e-01
9.997565986851488784e-01
9.996485056940878078e-01
9.994618959005089343e-01
9.998093293449893393e-01
9.996336038144225666e-01
9.999737718806646081e-01
9.995897842611031203e-01
9.998493884478043547e-01
9.997812931905086797e-01
9.996961998036034691e-01
9.998347869536169386e-01
9.998653814915909877e-01
9.996518849018130037e-01
9.994822211255385280e-01
9.994320286677980114e-01
9.994799269159904131e-01
9.997788652796077979e-01
9.997001142517961680e-01
9.994836857193937218e-01
9.996890032986659458e-01
9.995552965161816905e-01
9.997877295693419208e-01
9.998196695536265555e-01
9.999764646500738374e-01
9.997845349507428203e-01
1.000066729004991828e+00
9.996679061434161628e-01
9.997950684212463246e-01
9.996202388959110063e-01
9.996557161151188309e-01
9.999170686362889304e-01
9.998995719142191874e-01
9.997663017162422561e-01
9.997823202680909960e-01
9.999655991431457558e-01
1.000006338834526831e+00
1.000000338645713471e+00
9.998279633895421625e-01
1.000333024522847447e+00
9.998487287385484645e-01
1.000004601880669419e+00
9.997146812868170640e-01
1.000150471670842478e+00
9.999869566673740273e-01
1.000142958847744845e+00
1.000118329668427064e+00
9.998860984704277532e-01
9.998720645444003630e-01
9.998901343488656446e-01
1.000065273245543507e+00
9.997211142100562720e-01
9.999963673349343551e-01
9.999967769412869689e-01
9.995994762335774775e-01
9.998404658882459328e-01
1.000069345757482520e+00
1.000178603889164908e+00
9.999953268219551328e-01
9.997411886445644047e-01
1.000192045170718469e+00
1.000240508661354610e+00
9.999414923847171899e-01
1.000074761301243065e+00
1.000168528310892535e+00
1.000068369683584368e+00
1.000034691319319213e+00
