0.000000000000000000e+00
0.000000000000000000e+00
0.000000000000000000e+00
0.000000000000000000e+00
0.000000000000000000e+00
0.000000000000000000e+00
0.000000000000000000e+00
0.000000000000000000e+00
0.000000000000000000e+00
0.000000000000000000e+00
0.000000000000000000e+00
0.000000000000000000e+00
0.000000000000000000e+00
0.000000000000000000e+00
0.000000000000000000e+00
0.000000000000000000e+00
0.000000000000000000e+00
0.000000000000000000e+00
0.000000000000000000e+00
0.000000000000000000e+00
0.000000000000000000e+00
0.000000000000000000e+00
0.000000000000000000e+00
0.000000000000000000e+00
0.000000000000000000e+00
0.000000000000000000e+00
2.072979673541165192e-05
1.944224704218926051e-03
2.952640984890575124e-02
2.000804412349892758e-01
7.691314018536794528e-01
1.609249782423088471e+00
2.148822621061195814e+00
2.202017486544241454e+00
1.983486052753276052e+00
1.712578681009244930e+00
1.481105675632105489e+00
1.309037853743882263e+00
1.209440605312253503e+00
1.126611461168694817e+00
1.035408437288823480e+00
9.545268322646559556e-01
9.153625244022526308e-01
9.020624471455293003e-01
9.056510117618905564e-01
9.152522229992574587e-01
9.311717385611905096e-01
9.435201498055176828e-01
9.505826421813434735e-01
9.583591454549134081e-01
9.635766173611250984e-01
9.695427484927431339e-01
9.730087789213255345e-01
9.753873257160421417e-01
9.750653646649359851e-01
9.695882212233785102e-01
9.658241134165689301e-01
9.578460936015084082e-01
9.508679139928369883e-01
9.459739766252833748e-01
9.409819469893838662e-01
9.401163339689828646e-01
9.421346176216359725e-01
9.504526395806770500e-01
9.594811880709853691e-01
9.710914237795565951e-01
9.837188040067659234e-01
9.962207120466302079e-01
1.008896869236038940e+00
1.020198554021049642e+00
1.028873725298685038e+00
1.035252066378926195e+00
1.040694375639027003e+00
1.042796229261445662e+00
1.042699585510771465e+00
1.041957921000568943e+00
1.039095527471162184e+00
1.034590694487335316e+00
1.030015515445306784e+00
1.023918102252179940e+00
1.017792336376344364e+00
1.011191453738635726e+00
1.005637268820211983e+00
1.000841744741179262e+00
9.947373764940247165e-01
9.917545450363716153e-01
9.886196097619380785e-01
9.873424940756794221e-01
9.874551413382250953e-01
9.872739419752488699e-01
9.882552587607453809e-01
9.897932712098321817e-01
9.915438781586450867e-01
9.946039707994065449e-01
9.957305933426779943e-01
9.968443910691834331e-01
9.996996053422617656e-01
9.997654256216690349e-01
1.002579532889970038e+00
1.002635220598642407e+00
1.004696024637584673e+00
1.005080491026733469e+00
1.005959767031484819e+00
1.005782695399459747e+00
1.006121789349305962e+00
1.005805051032873543e+00
1.005254344512760634e+00
1.004268477902519052e+00
1.005035790168550491e+00
1.003625863226611736e+00
1.003399590735948310e+00
1.002939307987291473e+00
1.002507173439368460e+00
1.001668580539105902e+00
1.001065711154305982e+00
1.000076518940434367e+00
9.998365503040268498e-01
9.993843694648937293e-01
9.989816864220801840e-01
9.988886724644042703e-01
9.987508037664745153e-01
9.981283469256292395e-01
9.983960754559264572e-01
9.984205116951544445e-01
9.983229919236713545e-01
9.984266391513587635e-01
9.985947414993152638e-01
9.980149978064583038e-01
9.989412889428445075e-01
9.983255549783922600e-01
9.982615208051771605e-01
9.998585461018966170e-01
9.995796856724173951e-01
9.998795323497904342e-01
1.000289240058841012e+00
1.001119240317529746e+00
1.000400965484102178e+00
1.000126755873901985e+00
1.001492488254819291e+00
1.000701862922011687e+00
1.001245531389479915e+00
1.001072055012798501e+00
1.000907959569104166e+00
1.000895218113375229e+00
1.001141768013237066e+00
1.000350137913157855e+00
1.000161725522225931e+00
1.000146284656475704e+00
1.000601353690080408e+00
9.998270139521894251e-01
9.990717934292711044e-01
9.995693540784258424e-01
9.992065537980174827e-01
9.991199186694688095e-01
9.994224912512682524e-01
9.993609644866284780e-01
9.991467875908758289e-01
9.996687450017047727e-01
9.993659957947893524e-01
9.995240460883286771e-01
9.993745889019112205e-01
9.996426788406762576e-01
9.999186048635996249e-01
9.996775415509655538e-01
9.994610369638234904e-01
9.998759654163829058e-01
9.997584707250396496e-01
1.000073337189165024e+00
9.997637687628795344e-01
9.997244420473776483e-01
9.996684803518680607e-01
9.996567917744539900e-01
1.000155535472230461e+00
1.000372362212454069e+00
9.993813432412286257e-01
9.996503041203040896e-01
1.000185588945905701e+00
9.998862157853660726e-01
9.999497662616706473e-01
1.000140396725054615e+00
9.994508475861434427e-01
9.998038405738551848e-01
1.000152298919232186e+00
9.996646564728256523e-01
1.000451381413615115e+00
9.994845017198152881e-01
9.996294834611182401e-01
9.997038720762599917e-01
9.999875747514906932e-01
9.997329538683684680e-01
9.999011537477354716e-01
9.996202169663193082e-01
9.997917397518566451e-01
9.997489045513463513e-01
9.998491583611820444e-01
9.997212387768751318e-01
9.994146336954923271e-01
9.995684009271411652e-01
9.996271756421006849e-01
9.997812341984401163e-01
9.995573723192942017e-01
9.998760515922447967e-01
1.000265945172635007e+00
1.000110774306251837e+00
9.998757821070082263e-01
9.996525092054037165e-01
9.998781140148018665e-01
1.000034492687125631e+00
9.998271601000205955e-01
9.996557342907768096e-01
1.000096573902896413e+00
9.999432299961699133e-01
9.998751352365624623e-01
1.000037849828333991e+00
1.000324405950102191e+00
1.000176037520196903e+00
1.000087605791062817e+00
1.000229168785860434e+00
1.000084814327920180e+00
9.998262777768280873e-01
9.999990614973653935e-01
1.000174733887409628e+00
9.996717939823976939e-01
9.999054602603484332e-01
9.998903694463736613e-01
9.998593280670449168e-01
9.999520611551379057e-01
1.000205059244518857e+00
9.997118051322406718e-01
9.997540371213362587e-01
9.999923563765874546e-01
1.000067705879083890e+00
1.000242316577364621e+00
9.998810353799161277e-01
1.000266897237264363e+00
9.999334702288237287e-01
1.000085224685868024e+00
9.999436261681038385e-01
1.000091406402706440e+00
1.000202184653133708e+00
1.000137596981723220e+00
1.000090489083705680e+00
1.000288810115410154e+00
1.000178251865056156e+00
1.000097510982082660e+00
1.000111680541154291e+00
1.000210076681122162e+00
1.000396228720265679e+00
1.000045045957860701e+00
1.000144192832789436e+00
1.000282872245748633e+00
9.999590383922466463e-01
1.000395702419710764e+00
1.000241887769037774e+00
1.000182551273159248e+00
1.000060808121637779e+00
1.000234525057639212e+00
1.000041723636369673e+00
1.000086312974384883e+00
1.000065675526832676e+00
1.000098265545257714e+00
1.000308086916312789e+00
1.000321848949284220e+00
1.000097318506260047e+00
1.000268877886417940e+00
1.000110290889208109e+00
9.999855655497444928e-01
1.000228657408081867e+00
1.000082792549883637e+00
9.999491455664697437e-01
1.000418619142123378e+00
9.999874220429869620e-01
1.000052374791040366e+00
1.000326792598523529e+00
1.000210815484730897e+00
1.000189499884921673e+00
9.998398335254639058e-01
1.000137405362105492e+00
1.000131596765470920e+00
1.000257854606808383e+00
