0.000000000000000000e+00
0.000000000000000000e+00
0.000000000000000000e+00
0.000000000000000000e+00
0.000000000000000000e+00
0.000000000000000000e+00
0.000000000000000000e+00
0.000000000000000000e+00
0.000000000000000000e+00
0.000000000000000000e+00
0.000000000000000000e+00
0.000000000000000000e+00
0.000000000000000000e+00
0.000000000000000000e+00
0.000000000000000000e+00
0.000000000000000000e+00
0.000000000000000000e+00
0.000000000000000000e+00
0.000000000000000000e+00
0.000000000000000000e+00
0.000000000000000000e+00
0.000000000000000000e+00
0.000000000000000000e+00
0.000000000000000000e+00
1.847726894756238991e-03
2.154194131921886163e-02
1.125455326770609804e-01
3.664372117473528867e-01
9.240479701432956494e-01
1.742260681693732272e+00
2.624333396190592804e+00
3.301590822151335924e+00
3.392278739889748707e+00
3.047798389166342936e+00
2.431594795482634019e+00
1.826456886163736026e+00
1.283720343576481682e+00
9.380922729274673300e-01
7.858968845722216212e-01
7.549833407345126757e-01
7.826301774197121919e-01
8.215807198273743506e-01
8.872242327477433133e-01
9.454684074796345650e-01
9.966028732365040943e-01
1.029062999196127093e+00
1.066598005381156788e+00
1.110544816706426907e+00
1.169244185654398249e+00
1.229182514594503450e+00
1.299693058404788992e+00
1.348425950549453800e+00
1.387053199121740077e+00
1.414327576451215762e+00
1.418892135467437532e+00
1.409555272545605309e+00
1.370230573508344207e+00
1.326365789325409272e+00
1.267183280895338937e+00
1.202771825680914342e+00
1.149613380616786751e+00
1.097933923243504140e+00
1.062187896383853358e+00
1.028987080060765225e+00
1.002186989771110204e+00
9.875147962007209124e-01
9.760057949440845704e-01
9.693388277911064721e-01
9.619331337797556447e-01
9.549915135724962312e-01
9.542862312074746889e-01
9.564609802970083230e-01
9.591929986891172266e-01
9.595296742914216637e-01
9.649061997532953905e-01
9.667730244892451807e-01
9.696030868882553611e-01
9.747978742056283563e-01
9.727614359964715796e-01
9.759460143994950210e-01
9.750531459798986722e-01
9.756541680666275251e-01
9.780885490991582110e-01
9.741523081968033182e-01
9.776071552474626669e-01
9.761669775133622329e-01
9.770189980000942853e-01
9.773358288189093468e-01
9.756946858217101504e-01
9.743491816424443286e-01
9.838900466728768279e-01
9.831949892653987222e-01
9.815556106091032351e-01
9.796764741670660470e-01
9.808401315566708245e-01
9.770556925801239245e-01
9.752151626089673453e-01
9.759366065621296604e-01
9.772662834469978410e-01
9.790012753090434616e-01
9.779887843545560511e-01
9.795416195781360136e-01
9.776336759105337393e-01
9.795319198379793812e-01
9.833232018012563191e-01
9.872198884947991360e-01
9.861901692804589947e-01
9.884619170748248917e-01
9.902768568286264284e-01
9.932211960303929388e-01
9.944100606516331764e-01
9.990713589249095028e-01
9.958763791071951754e-01
1.000053116188145408e+00
9.999999056481393422e-01
1.000063449596976017e+00
1.001917767500065892e+00
1.001719428797087641e+00
1.001265104186701338e+00
1.005930259125410897e+00
1.002480074832739598e+00
1.002983616483781315e+00
1.004232415890551122e+00
1.002898657807346439e+00
1.002212187965217494e+00
1.004132912663354471e+00
1.002473863383126940e+00
1.000508088980116561e+00
1.001529700061924100e+00
1.001332460363643762e+00
1.002999354307257951e+00
1.002862987486751623e+00
1.004610218277529610e+00
1.002119528296075757e+00
1.004680912674574156e+00
1.003146446265934744e+00
1.003749480806559458e+00
1.003351028027301695e+00
1.002840112198221112e+00
1.003241354591528411e+00
1.000393256033915934e+00
1.003758781016818702e+00
1.000795325656184342e+00
1.002461251228556671e+00
1.002580519601258047e+00
9.988331469839333288e-01
1.001531802728869325e+00
1.001525882283717861e+00
1.001229947925766028e+00
1.000850446210296063e+00
1.001972418665781239e+00
9.999920268601769635e-01
9.981856941204231282e-01
1.002574786810992880e+00
1.000657048645700931e+00
1.000034208841700245e+00
1.000368738724559670e+00
1.000158726594446268e+00
9.996274224697209165e-01
1.000062689421947537e+00
9.997747893919385342e-01
9.990361282044744051e-01
9.996354384949419636e-01
1.001417894296075417e+00
9.989400483518975360e-01
9.987586692593803939e-01
9.992075704935270419e-01
1.001738849870169368e+00
9.991665292618404637e-01
1.001482633914199782e+00
9.996735193118885254e-01
1.000504885361700680e+00
9.984595227594418310e-01
9.987093922983510952e-01
1.001908816568138461e+00
9.979492247677969052e-01
1.000405651099225635e+00
9.995644420444963485e-01
1.000376090468060308e+00
9.995150855838766946e-01
9.987806708150697155e-01
9.988672231516059208e-01
9.993853087960961057e-01
9.999877550873544907e-01
9.980105117396403935e-01
9.995134847927688027e-01
9.985232677061882667e-01
1.001206368729454343e+00
9.994996013103737420e-01
9.990497698148198547e-01
9.979305014899216841e-01
1.000888145350786518e+00
9.990220909696165830e-01
9.983765464305330850e-01
9.981193083184218828e-01
9.990522978298301826e-01
9.977004661682159492e-01
9.960529804471194293e-01
9.985158762872757832e-01
9.996129063301349982e-01
9.980354784801914736e-01
9.988543178473342499e-01
9.977608794470567144e-01
9.983211865100013460e-01
9.980241703268630804e-01
9.995019361493705512e-01
1.001325361349587606e+00
9.994528667789127629e-01
9.989669217398101653e-01
9.998590563569557110e-01
9.997953928541316593e-01
9.992427890724219219e-01
9.983442184916890838e-01
9.995105200270366641e-01
9.994348619500784681e-01
1.000900197631230615e+00
1.000068701586131814e+00
1.000821998531382651e+00
1.000016307407883609e+00
1.000684473697444288e+00
9.995333940479258494e-01
1.000703553311780736e+00
9.990306469302491221e-01
1.000376638987520161e+00
9.988101387002873421e-01
9.992534538824118240e-01
1.001725718089628181e+00
1.000373298746240813e+00
1.000553870089291530e+00
1.001158981090020994e+00
1.000341098736470924e+00
1.000292610954500949e+00
1.000528669166580453e+00
1.000112144895702881e+00
1.000148202137584041e+00
9.997134905567909291e-01
9.993370263868300851e-01
1.000997764174432536e+00
1.000763215692797692e+00
9.987930378126036457e-01
9.993424848766485624e-01
1.000522024805007737e+00
1.000634460177134644e+00
1.000170151949954622e+00
9.993328912072967363e-01
9.996396353300078808e-01
1.000481203310252143e+00
9.997286298959886519e-01
9.992631083948129156e-01
9.985498454071279895e-01
9.987385897425297143e-01
1.000699068902808575e+00
1.001206002735294698e+00
9.998204559829815263e-01
1.000834140481532186e+00
9.986395594007873022e-01
1.000570643918021974e+00
9.996485101566821019e-01
9.982108255439888778e-01
9.992217767060984634e-01
1.000755690623338801e+00
9.992636527887366338e-01
9.985111331754501496e-01
1.000599163199886066e+00
9.993209774845887017e-01
9.992563861272795167e-01
9.996736640871590751e-01
1.000077453892077806e+00
1.000876619956091895e+00
1.000069554911634517e+00
1.000256017706442124e+00
9.999762006731898190e-01
1.001268605053355687e+00
9.995847342419570403e-01
1.000004465420832211e+00
9.992821480917438715e-01
1.000750554052440622e+00
1.000179764002779415e+00
9.998254718785700712e-01
9.995358305634238771e-01
