0.000000000000000000e+00
0.000000000000000000e+00
0.000000000000000000e+00
0.000000000000000000e+00
0.000000000000000000e+00
0.000000000000000000e+00
0.000000000000000000e+00
0.000000000000000000e+00
0.000000000000000000e+00
0.000000000000000000e+00
0.000000000000000000e+00
0.000000000000000000e+00
0.000000000000000000e+00
0.000000000000000000e+00
0.000000000000000000e+00
0.000000000000000000e+00
0.000000000000000000e+00
0.000000000000000000e+00
0.000000000000000000e+00
0.000000000000000000e+00
0.000000000000000000e+00
0.000000000000000000e+00
4.162484053855216443e-02
2.115585662895799413e+00
9.326822473461851004e+00
1.069093386224088249e+01
5.961826711920438449e+00
2.472693513978215574e+00
9.949149987162002606e-01
4.343313225653773757e-01
2.150612254993639616e-01
1.334778461227222046e-01
1.000715297118408287e-01
8.712179849704219936e-02
9.432846625236972204e-02
1.146133431328503344e-01
1.567396789848150840e-01
2.225775920571166355e-01
3.385749992073814885e-01
4.890310212979600002e-01
6.871890802681016597e-01
9.155024278841030760e-01
1.148931662108571228e+00
1.335860204640275439e+00
1.491737920417060215e+00
1.617036382876586353e+00
1.710457247782389167e+00
1.779238462276861776e+00
1.780556849278960296e+00
1.704431632589149981e+00
1.566026602480993457e+00
1.404143331893140223e+00
1.246349303555822630e+00
1.117820049533734483e+00
1.027176051464501860e+00
9.788381983127318886e-01
9.370065040298278802e-01
8.972188479849948495e-01
8.812011850024501491e-01
8.753993796624909285e-01
8.909681812484645524e-01
9.054825020335306451e-01
9.263178225527803900e-01
9.482139910194725685e-01
9.715367997127476452e-01
9.915869544236129984e-01
1.008570122752120879e+00
1.019412286813454749e+00
1.029073506731711829e+00
1.034469018295237408e+00
1.033815034138869882e+00
1.032615887469179761e+00
1.022936915046942286e+00
1.022197618412933773e+00
1.011758135325803165e+00
1.003008536280391549e+00
9.940517696141356607e-01
9.827168394184727651e-01
9.797335089867299507e-01
9.769588829639967997e-01
9.752107763302489962e-01
9.796430497814019311e-01
9.784806773585323914e-01
9.744469487177042089e-01
9.821299650372712353e-01
9.834622968532400478e-01
9.800946969316154389e-01
9.839102933791699090e-01
9.839051061897347017e-01
9.853264987990542068e-01
9.815092675047002446e-01
9.853856572602294195e-01
9.846405150428556574e-01
9.815164203944848342e-01
9.814086762826008670e-01
9.825677094885441054e-01
9.842358217333935233e-01
9.885981674117616524e-01
9.909045397884788109e-01
9.927488105544369779e-01
9.917856615670309628e-01
9.991217487344554726e-01
9.997314300436561663e-01
1.003226129932894617e+00
1.000750099062186482e+00
1.003923303502309183e+00
1.002719233836550927e+00
1.007358579804326082e+00
1.007465994280866139e+00
1.003601575669694546e+00
1.004950205184711232e+00
1.004317954030359505e+00
1.000692696212768684e+00
1.004408879352562511e+00
1.002898164875746678e+00
1.003647992385564791e+00
1.003170992090577585e+00
9.980773720189629605e-01
1.001411820182176005e+00
9.998145299178308187e-01
1.003629643422971673e+00
9.993500107027526447e-01
1.001391827245327937e+00
1.001485888475908581e+00
1.001164125354288004e+00
1.004987608707095692e+00
1.000729930072928653e+00
1.002392909060866089e+00
1.001526907793285348e+00
1.006121697676652715e+00
1.006379213019234831e+00
1.002278802676122682e+00
1.002078682568645629e+00
1.002099398925374363e+00
1.006042085987818524e+00
1.003724726201575601e+00
1.002266668001237759e+00
1.003632641188753505e+00
1.003811771627848959e+00
1.000021323217832103e+00
1.003006899030819632e+00
1.003711438985698479e+00
1.001088678645271068e+00
1.002040460488195395e+00
9.995861930481175772e-01
9.985619176553280907e-01
9.999436401332369995e-01
1.000246376484110522e+00
1.000845257509197728e+00
1.000287224217752291e+00
9.978907406316399609e-01
1.000286959103777074e+00
9.999078281257598455e-01
1.001164136490762635e+00
1.001156253563767695e+00
9.998934112353849990e-01
1.001388989691202713e+00
1.000164221411934173e+00
1.002349317081648206e+00
9.985551753564666511e-01
9.986146884298795490e-01
9.992246523358627730e-01
9.985569111338876702e-01
1.000392647274911617e+00
1.000271498133664450e+00
9.993392498130869717e-01
9.987217336938297718e-01
9.985689858314111822e-01
1.000190094739797919e+00
9.979913095755444941e-01
9.991669669829933431e-01
9.968978333915226031e-01
9.992724148182708932e-01
9.975463945647569108e-01
9.997919032991589017e-01
9.979679869493719435e-01
9.966314795241663083e-01
9.968968573469340066e-01
9.959294007905151735e-01
9.966862911490572685e-01
9.969908000027940531e-01
9.974949947447721010e-01
9.974632653395540949e-01
9.971692203877385863e-01
9.967070641411108767e-01
9.968857930399953604e-01
9.974156167022787400e-01
9.986265325716353614e-01
9.986433766066244999e-01
9.986648839208763784e-01
9.977456104706142748e-01
9.980087870596385802e-01
9.981295074640219589e-01
9.972145781326878788e-01
9.968401439837965006e-01
9.988236212822162452e-01
9.981700802215704993e-01
9.996229708764416966e-01
9.976719381204022241e-01
1.001101137240240968e+00
9.993996508755794705e-01
1.000744435131492915e+00
9.992768094652327848e-01
1.000641829201428745e+00
9.981354854850367220e-01
9.997932565670621941e-01
9.979181984407293760e-01
1.000318977510143093e+00
9.998031180488907710e-01
9.988911193401215360e-01
9.988293271118529049e-01
9.994312377698165717e-01
1.000233264298425961e+00
9.977641718977400265e-01
9.993398214016598891e-01
9.990297696227145030e-01
1.000051895341549590e+00
9.992856525776445675e-01
1.000695339189604072e+00
9.996204781724928878e-01
1.000615268879148534e+00
9.983978065442623562e-01
1.000456024394511090e+00
9.992068829810915043e-01
1.000150938853621607e+00
1.000379708714574933e+00
9.990815384873522609e-01
9.993955588250510447e-01
1.000983818221859334e+00
1.001565802830890695e+00
9.997663112346383274e-01
9.991578978634826358e-01
9.987357451634562011e-01
9.993895776316649160e-01
9.999600957073191410e-01
9.983040478619447100e-01
9.991640347468245809e-01
9.994752472285188816e-01
1.000450325003626517e+00
9.985752269924732527e-01
9.997992414623939617e-01
1.000782811988663035e+00
9.998711054816044053e-01
9.984534756656378018e-01
9.980619089832767354e-01
9.989080569715977909e-01
1.000888869285568417e+00
9.994194845440111941e-01
9.988554119912408380e-01
9.993915389593623910e-01
9.983912507400107827e-01
9.999681395860273714e-01
9.988396936226484613e-01
9.998223423979363256e-01
9.991641011682133033e-01
9.986919386888226668e-01
9.984434087920152079e-01
9.990682786869449217e-01
1.000211259059696323e+00
9.996054319221377993e-01
9.978363806341321585e-01
9.989092752793702346e-01
9.985822593758689747e-01
9.998000516952579853e-01
9.993002011345202273e-01
9.990697495997408195e-01
1.000175737303285572e+00
9.998731187722251779e-01
1.000065842939335869e+00
9.970027985596450204e-01
9.996347854900526908e-01
9.997191157592447697e-01
9.997658809185973050e-01
1.000831522542494190e+00
1.000012221205391016e+00
1.000548961617584443e+00
1.000530532897215830e+00
1.001438171007727362e+00
9.989318193855035721e-01
1.000308401819187676e+00
