0.000000000000000000e+00
0.000000000000000000e+00
0.000000000000000000e+00
0.000000000000000000e+00
0.000000000000000000e+00
0.000000000000000000e+00
0.000000000000000000e+00
0.000000000000000000e+00
0.000000000000000000e+00
0.000000000000000000e+00
0.000000000000000000e+00
0.000000000000000000e+00
0.000000000000000000e+00
0.000000000000000000e+00
0.000000000000000000e+00
0.000000000000000000e+00
0.000000000000000000e+00
0.000000000000000000e+00
0.000000000000000000e+00
0.000000000000000000e+00
0.000000000000000000e+00
0.000000000000000000e+00
4.194475878607151209e-02
2.096088639722312852e+00
9.328869654915202148e+00
1.061218224290172074e+01
5.914843056408092714e+00
2.452486722024721733e+00
9.717451748960156399e-01
4.201705895989600870e-01
2.157439163602435372e-01
1.314346360734912345e-01
9.908824043286652838e-02
8.927166110815464017e-02
9.704438187704400587e-02
1.177622829087425493e-01
1.575239837214380823e-01
2.294465838302247596e-01
3.332167084926822564e-01
4.845275941722377855e-01
6.938747305023064138e-01
9.221271030371708255e-01
1.149122912922058370e+00
1.346240915882569888e+00
1.495721584041151742e+00
1.620071838532650466e+00
1.728980711944894999e+00
1.785067848156396408e+00
1.775994011770125169e+00
1.712675725610330213e+00
1.575517782367156672e+00
1.407720566366978954e+00
1.245734472695279038e+00
1.119662540561372044e+00
1.030907096574441795e+00
9.820638878106677794e-01
9.389102478398452245e-01
9.010456912133841811e-01
8.772025967779789601e-01
8.829954648203899303e-01
8.838777574767396894e-01
9.040464210917120713e-01
9.272774461108781452e-01
9.571861211202945530e-01
9.710145839524984002e-01
9.950869542870378615e-01
1.010864388332991970e+00
1.018271673230049412e+00
1.032137543484256126e+00
1.034312026800697115e+00
1.032122039364431920e+00
1.037901374986776259e+00
1.032858454484616217e+00
1.015659124258437851e+00
1.009862479839795713e+00
1.001319328340694037e+00
9.948613028087158749e-01
9.853096364742960356e-01
9.802183885427657728e-01
9.844487585696852783e-01
9.747732321072934969e-01
9.816559231097997662e-01
9.810219710097184409e-01
9.787461626830828987e-01
9.816933582389346657e-01
9.848032654759079074e-01
9.866568138592028969e-01
9.823259312342405014e-01
9.807332436589887292e-01
9.828635795684078635e-01
9.812401596504404244e-01
9.822002058793817270e-01
9.823518841460887607e-01
9.846735470058080031e-01
9.801960831028294630e-01
9.790673575267044848e-01
9.840607417966991122e-01
9.890030042673177979e-01
9.895247010559569123e-01
9.885187122527526737e-01
9.898579087248716712e-01
9.909207884060831084e-01
9.939709100852475165e-01
9.966113438211309239e-01
9.988412534105015617e-01
1.000771030180567678e+00
1.000449700972020572e+00
1.003379590997310888e+00
1.002329657110740291e+00
1.003134213943964737e+00
1.002642107186617837e+00
1.000585378756977395e+00
1.001838071817167330e+00
9.980859273938573750e-01
1.002044583420072632e+00
9.988132331595941382e-01
9.961318733218912369e-01
9.993504906125134646e-01
1.001359516801286986e+00
9.969567053565282500e-01
9.997021414573639131e-01
1.001201241394370722e+00
9.991102058833836175e-01
9.949542025150046598e-01
9.993996015046962000e-01
9.953827059700082192e-01
9.997207142730756280e-01
9.995351665474092595e-01
1.001816619377745354e+00
9.999673855879110951e-01
1.002804034852637471e+00
1.000994357824193548e+00
1.001939719192531664e+00
9.983490155860336168e-01
1.001075811831384055e+00
1.000568561233997400e+00
1.000888039413835084e+00
1.000097278075529728e+00
9.965458746788883326e-01
1.000812032036134225e+00
9.989212276638194110e-01
9.977818172824561849e-01
9.993433331250053397e-01
9.990469691574715982e-01
1.001332781955019735e+00
9.995458192279061960e-01
9.985371989834819217e-01
1.000753121335419715e+00
9.996764314727005774e-01
9.988109217406345719e-01
1.000181567259900817e+00
9.988876390654254367e-01
1.000203449089743790e+00
9.996202503124378413e-01
9.994140214697050384e-01
9.999611498516544073e-01
1.000895771725007544e+00
9.987353698637468913e-01
9.993359700284728531e-01
9.999479971664099187e-01
1.000519855942052061e+00
9.989172095975026311e-01
1.002237566977038252e+00
9.996857123189066829e-01
1.001897480081858305e+00
1.001032898250604708e+00
1.001099186966003307e+00
1.000001728798812106e+00
9.993994005995328056e-01
1.002051677544083752e+00
1.003096464178116820e+00
1.000423056923817722e+00
1.000665231967154511e+00
1.000251298480747009e+00
1.001775014144337783e+00
1.001033170382314763e+00
1.001100906186218165e+00
1.000382548935497162e+00
9.972657645280368355e-01
9.985700268597019758e-01
1.002734668270473639e+00
1.002315287439123237e+00
1.001543915771422766e+00
9.991535734157070969e-01
1.001125837269909447e+00
1.000943069331428958e+00
9.995031648874236341e-01
1.000966325417125491e+00
9.999306112222650089e-01
1.000631776415735086e+00
1.001421625383821956e+00
9.996951099868504054e-01
9.977696322378505345e-01
9.999260670955639752e-01
1.000155803210912575e+00
9.999308491578700053e-01
9.991554366515065233e-01
9.998219824567297076e-01
9.985300804445194078e-01
9.987454643375988095e-01
1.001070175007343854e+00
9.988004089449875611e-01
9.988516752524785325e-01
9.984102935565758452e-01
9.992686057785785669e-01
9.983217536454579433e-01
9.986950162824569377e-01
9.991988662506230412e-01
9.960374022310326536e-01
9.992410766821416823e-01
1.000362519933022609e+00
9.988311719972455816e-01
9.987834840413684079e-01
1.000520520682488979e+00
9.992283465844196133e-01
1.000120457334122026e+00
1.000079707268442863e+00
9.998880076613653189e-01
9.992810422723679142e-01
1.000433249103868993e+00
9.996511959011358250e-01
9.988734312200400201e-01
1.000114640077940154e+00
9.996604623531172296e-01
1.000642597405852152e+00
9.985135570683937312e-01
9.986482905483018424e-01
9.971737102169589972e-01
9.993278281328977775e-01
9.987252070523926495e-01
9.977034001926061713e-01
9.993876689428282667e-01
9.977725816805921299e-01
9.972981937752863901e-01
9.984838765002002070e-01
9.986579981651406701e-01
9.981831519564460242e-01
9.978993595854357412e-01
9.985601652636978409e-01
9.982155048112725249e-01
9.977347934523695949e-01
9.983124963722624923e-01
9.992218800759172792e-01
9.989325879832902100e-01
9.981205126716253817e-01
9.991151414139871623e-01
9.985018009367379044e-01
9.980501510765157347e-01
9.985599503132084331e-01
9.983518037738551287e-01
9.973400449846168137e-01
9.982962052196513447e-01
9.987749135625687558e-01
9.999079551621852247e-01
1.000240819273567450e+00
9.990263266730945446e-01
9.986401205354290544e-01
9.992284652981909820e-01
9.989368495048835950e-01
1.000722803078513801e+00
9.984790223892905381e-01
1.000680229202869143e+00
9.989963840733225853e-01
9.986546299637785173e-01
9.987298610054697878e-01
9.980098718856531548e-01
9.990407153396059226e-01
9.994576390586430437e-01
9.989557234516923678e-01
1.000752096151483972e+00
9.987875865269466580e-01
9.992278607421916092e-01
9.995285666496146471e-01
9.996432996641769764e-01
9.990385476864100944e-01
9.991236038139630349e-01
9.980120886381019796e-01
9.998112796633924493e-01
9.991920237450594433e-01
1.000125671582315023e+00
