0.000000000000000000e+00
0.000000000000000000e+00
0.000000000000000000e+00
0.000000000000000000e+00
0.000000000000000000e+00
0.000000000000000000e+00
0.000000000000000000e+00
0.000000000000000000e+00
0.000000000000000000e+00
0.000000000000000000e+00
0.000000000000000000e+00
0.000000000000000000e+00
0.000000000000000000e+00
0.000000000000000000e+00
0.000000000000000000e+00
0.000000000000000000e+00
0.000000000000000000e+00
0.000000000000000000e+00
0.000000000000000000e+00
0.000000000000000000e+00
0.000000000000000000e+00
0.000000000000000000e+00
0.000000000000000000e+00
0.000000000000000000e+00
1.313992387341386767e-03
1.044018762894565432e-02
5.692019647001508864e-02
1.876602099574081473e-01
4.567502317553255864e-01
8.867416552682710895e-01
1.330694607999867385e+00
1.664181510339751924e+00
1.782902947751466627e+00
1.661741261526176183e+00
1.452566530721022264e+00
1.225430841956615557e+00
1.032674279310242360e+00
8.870670040620570740e-01
7.871736081686614428e-01
7.408719625174116086e-01
7.115748359689810787e-01
7.256726675322549003e-01
7.521918643853466868e-01
7.789429883254352927e-01
8.016749484192329245e-01
8.109006989768349216e-01
8.160853500395864879e-01
8.314190811261850111e-01
8.698741322413444665e-01
9.110706485431486756e-01
9.481112966369767969e-01
9.953925346019134590e-01
1.047596361118338315e+00
1.085631860216784039e+00
1.116364273236589266e+00
1.138325162105308097e+00
1.144190305447045031e+00
1.135644405750316555e+00
1.125667356930747820e+00
1.114289421739837582e+00
1.098770760999450369e+00
1.080453714980593505e+00
1.056303860690950280e+00
1.047009885565346465e+00
1.023864114273497217e+00
1.012999600919027854e+00
9.978357682897530667e-01
9.787476977144711210e-01
9.756269029506809964e-01
9.676598850711328748e-01
9.572607828092433158e-01
9.620003657250498774e-01
9.654192633019635927e-01
9.687874249667296489e-01
9.724909775590380168e-01
9.843086957683996330e-01
9.842189190106620522e-01
9.857853740986693980e-01
9.963023091743424819e-01
1.001345727616844705e+00
1.000198381601692832e+00
1.006041281378257324e+00
1.008431978717272859e+00
1.007490800731684955e+00
1.010651568022736813e+00
1.007154233219357042e+00
1.007802242130858117e+00
1.007947966870228251e+00
1.006462952007852962e+00
1.008959959576612553e+00
1.006970316022634426e+00
1.004755488560798327e+00
1.004313547796176653e+00
9.999062795957511796e-01
9.992453052337817443e-01
9.963291551697240900e-01
1.001480912880949647e+00
9.974554582310557471e-01
9.998149834074657738e-01
9.975845853255768114e-01
9.990240099637553994e-01
1.000155900211978643e+00
9.974953228096676838e-01
9.997813869348135540e-01
9.977525035253158592e-01
9.969367313094631422e-01
9.968746727700174004e-01
9.980612069691439103e-01
9.973548697654431860e-01
9.966440166498863329e-01
1.000170014115735251e+00
1.003806318954428622e+00
1.003903715257623563e+00
1.001204427329482449e+00
1.002172048094588375e+00
1.001321639009044029e+00
1.006235268865746768e+00
1.002611797633888635e+00
1.005647664175401967e+00
1.002983107581596256e+00
9.998451500189825536e-01
1.000706665659190531e+00
1.005073436089646277e+00
1.002298751828380796e+00
1.002745672730472215e+00
1.003820273663776019e+00
1.001107247885648643e+00
1.000923845623645336e+00
1.001370464769447466e+00
1.002097231117454301e+00
1.002101908102424499e+00
1.001425211152421779e+00
1.001842184073874709e+00
1.002048971181773940e+00
1.004087091514606733e+00
1.001386585857735767e+00
1.002178661485314759e+00
1.000445741560018531e+00
1.002849799013766363e+00
9.991554889889006086e-01
9.994033389462866346e-01
1.000952870197730382e+00
1.004228040877755523e+00
1.002878232125888669e+00
9.999218894309466199e-01
9.999087450551986667e-01
1.002775940926142306e+00
1.002652105538190952e+00
9.996236852717910182e-01
1.000200157234960585e+00
1.000548712340491253e+00
1.002520584604075671e+00
1.001611048833473516e+00
1.001572659395375320e+00
1.001786526618323236e+00
1.000468503368228124e+00
1.000303130253805683e+00
1.002413321921097999e+00
1.001014205254738387e+00
1.001387396830475618e+00
1.003065807441319235e+00
1.000085072927232810e+00
1.001279449461295323e+00
1.000677344753921894e+00
9.998409273826114330e-01
1.000210554870571089e+00
9.993335660620962235e-01
9.994574971825286314e-01
9.996361021981710060e-01
9.989427310204012089e-01
9.994508456771513671e-01
9.993456942453977643e-01
9.991483418180570064e-01
1.000088011080309869e+00
9.997655747150665517e-01
1.000122762915521157e+00
9.991072377999697940e-01
9.993762345094875377e-01
9.987099917980042374e-01
9.987956982989153465e-01
9.968596293335636460e-01
9.993534205926092318e-01
9.989516429790789021e-01
9.977069157888114326e-01
1.000358316200750108e+00
9.986938276987212815e-01
9.996066133416158239e-01
1.000633084338947265e+00
9.986368368911553439e-01
9.993735144582160945e-01
1.000547436465591522e+00
1.000235778192716696e+00
1.002098831419428793e+00
9.997866221288043143e-01
1.000201948976850330e+00
9.993572034815759730e-01
9.987499537284505458e-01
1.000661245100799013e+00
9.997535583577905616e-01
9.990147702239799976e-01
1.000036409836762896e+00
9.996459766052426810e-01
1.000206534621705945e+00
9.991288579286027316e-01
1.000760776177830547e+00
9.994764353205268792e-01
1.000208150082032343e+00
9.996446651126819072e-01
9.993758104763642569e-01
9.982269370717230528e-01
9.983231611369027814e-01
9.990921752324382066e-01
9.999578803656729020e-01
9.978160386758122558e-01
9.981541107205909036e-01
9.996550195029831887e-01
9.996287260907330552e-01
9.990967295601238529e-01
9.996873942403811109e-01
9.986903380166304300e-01
9.989664156233369896e-01
9.997187747066019758e-01
1.000597677066560331e+00
1.000321077201272946e+00
9.996692717029966868e-01
1.000505485515049253e+00
9.987591617736092386e-01
9.991489362421904774e-01
9.999134364971369315e-01
9.995815342649237989e-01
9.996599718325642758e-01
1.001879238999267896e+00
9.991025198527206941e-01
1.000345722604460308e+00
9.986977878015802501e-01
9.999773138146613727e-01
1.000488825408951898e+00
9.992056819799808309e-01
9.985254584364293695e-01
9.995643383434748008e-01
1.000121360700793494e+00
9.994741289402466755e-01
1.000077875591136589e+00
9.994083288367565654e-01
9.989631999689312369e-01
9.995438794355449019e-01
9.994044139260052084e-01
1.000522321213133115e+00
9.991664637805941496e-01
9.996928018379069858e-01
9.995095014157724389e-01
9.999669378249982366e-01
1.000631473082436829e+00
1.000115019641176772e+00
1.000663174122055743e+00
9.999136833478052822e-01
1.000607331623247331e+00
9.990081703074655817e-01
9.987680714740563293e-01
1.001177001320040283e+00
1.000257696436984922e+00
9.996333710324952770e-01
9.993877323275319746e-01
9.997873307243818619e-01
9.989031698527063297e-01
9.994599228596142693e-01
9.985946279392375891e-01
1.000449827308481421e+00
9.993532365071333690e-01
1.000093253077475319e+00
1.000099285657788828e+00
9.989685770017008304e-01
9.992009157967826072e-01
1.000506672080453630e+00
9.984643571074826029e-01
9.988190115231845301e-01
9.996852239783835525e-01
9.994198775906075749e-01
9.988910128384772547e-01
9.996777304310090484e-01
