0.000000000000000000e+00
0.000000000000000000e+00
0.000000000000000000e+00
0.000000000000000000e+00
0.000000000000000000e+00
0.000000000000000000e+00
0.000000000000000000e+00
0.000000000000000000e+00
0.000000000000000000e+00
0.000000000000000000e+00
0.000000000000000000e+00
0.000000000000000000e+00
0.000000000000000000e+00
0.000000000000000000e+00
0.000000000000000000e+00
0.000000000000000000e+00
0.000000000000000000e+00
0.000000000000000000e+00
0.000000000000000000e+00
0.000000000000000000e+00
0.000000000000000000e+00
0.000000000000000000e+00
0.000000000000000000e+00
0.000000000000000000e+00
1.361135282668009955e-03
1.169832011705709829e-02
5.572559531666508581e-02
1.919368509038822945e-01
4.587300159611940042e-01
8.838382279681833431e-01
1.346532562440589720e+00
1.685711599335122601e+00
1.813219465363033134e+00
1.708900907526230917e+00
1.485036262871192836e+00
1.248875181928131406e+00
1.052463072415470657e+00
9.055797427348992734e-01
8.098419194389178122e-01
7.488441740338436237e-01
7.265285260325484717e-01
7.284537455014731266e-01
7.594704323012299030e-01
7.889081827635782140e-01
8.098688885342582022e-01
8.093817652981660782e-01
8.269384323747740462e-01
8.393926396545309254e-01
8.763238865622338114e-01
9.213451742122125143e-01
9.601267644990373329e-01
1.000298197130300215e+00
1.048323797007860270e+00
1.086265719475136615e+00
1.117621728849379936e+00
1.136419049114952395e+00
1.144547255845728140e+00
1.139078939871790652e+00
1.130249667433699479e+00
1.114528798636078344e+00
1.100991674697126443e+00
1.082531196293526454e+00
1.063113757112616353e+00
1.043660128379871210e+00
1.029267701157500436e+00
1.013868632586581997e+00
9.958522745223858941e-01
9.868857730354644309e-01
9.769577073880202356e-01
9.687516404899484401e-01
9.652746991991950631e-01
9.608127426457451215e-01
9.613848714176281840e-01
9.682725751775534961e-01
9.697506371625627120e-01
9.799261806777974648e-01
9.841237519088301688e-01
9.891214679181944414e-01
9.971269905318792537e-01
9.988242691975688370e-01
1.006082530116108043e+00
1.007417384653818360e+00
1.008044534975155004e+00
1.012014235198552825e+00
1.009520529900782115e+00
1.012620576258927096e+00
1.010386339978232240e+00
1.011426471541061023e+00
1.008992428552513365e+00
1.011785389570164506e+00
1.010032698284550445e+00
1.007905849754036964e+00
1.004053685518527583e+00
1.003377254763013759e+00
1.004413341812965266e+00
1.000703397425330321e+00
9.993241095444794775e-01
1.003540802878930105e+00
9.984769994691304884e-01
1.000491194600214850e+00
9.986431250784573166e-01
1.001052063861791463e+00
1.000642944371051168e+00
1.001141101511691556e+00
9.989496695251792735e-01
9.986103347371387828e-01
9.994390916454370943e-01
9.997936858007907546e-01
1.001279503935338822e+00
1.000998239189307526e+00
1.003136124192040457e+00
1.003123756345436268e+00
1.003610071847219842e+00
1.002864951932125992e+00
1.003649699415958718e+00
1.001555569831203529e+00
1.003798853365135191e+00
1.005257726043763844e+00
1.003129461301350167e+00
1.001856749556635284e+00
1.005158783883022044e+00
1.004073008742372375e+00
1.002253922740078851e+00
1.001850853429294697e+00
9.996098710045879798e-01
1.003218242920934644e+00
1.005454073189165243e+00
1.002629510394397183e+00
9.998901967595966722e-01
1.001771356197214358e+00
9.994703993465999803e-01
9.988016418616846304e-01
1.002626089937808995e+00
1.002135833649056451e+00
1.000901305071399516e+00
1.002133802299302712e+00
9.998474976289519756e-01
1.003767510396009754e+00
1.001165923193432894e+00
9.987990274112336087e-01
1.001610654655340937e+00
1.001770719870106463e+00
1.001942828521236839e+00
1.002036122525241879e+00
1.000264436679430657e+00
9.981178757972484217e-01
1.001630391733784986e+00
9.986982016416284802e-01
9.992868262839177396e-01
1.000544456659584913e+00
1.000812223317562255e+00
1.001626583984405849e+00
1.000743984761592431e+00
1.000905453722400251e+00
1.001881930228676110e+00
9.994772870271894094e-01
9.997107726451449627e-01
9.998509495946948933e-01
9.999046479300497392e-01
1.001641658849357297e+00
1.000175509932451634e+00
1.001036800129765147e+00
1.000023484847990307e+00
1.001239888855742999e+00
1.000017329392511201e+00
1.001963821653311770e+00
9.990896660262746920e-01
9.989140922818763313e-01
9.983755636492086527e-01
9.998838619936369909e-01
9.998110212316146939e-01
1.000439242982656962e+00
9.999318103022989401e-01
9.988453895678190975e-01
9.983381059640730193e-01
9.996592970583523252e-01
9.988052988885031125e-01
9.978542683320383855e-01
1.000262073315995259e+00
9.977113857689298149e-01
9.987966774120435876e-01
9.982741738232052686e-01
9.980135955558825378e-01
9.980767860958633664e-01
9.993191228649754843e-01
9.983821022299137482e-01
9.973485262373609217e-01
9.976049891816387571e-01
9.988188891413016801e-01
9.983502007719918803e-01
9.972756961029231038e-01
9.987569212482564351e-01
9.978215233167664344e-01
9.978469280362594063e-01
9.992573206886481429e-01
9.985755590836268292e-01
9.983382416459883890e-01
9.968835535128423020e-01
9.987605892297763965e-01
1.000036010974376222e+00
9.983513911538490770e-01
9.978854540213690782e-01
9.993369781391217010e-01
9.980684839323981095e-01
9.998324716886985986e-01
9.985331184849862707e-01
9.981119574797806537e-01
9.998592281686129457e-01
9.984522640056325837e-01
9.982424624172447913e-01
9.983432259871373171e-01
9.992824713435304318e-01
9.989549380542349644e-01
9.983028565550911004e-01
9.990696641789448273e-01
9.995280897542129228e-01
9.991262946944956536e-01
9.979724759273020940e-01
9.988936423531714626e-01
9.988484005939261001e-01
9.976849576321912272e-01
9.978088930345855312e-01
9.980388510209506903e-01
9.977543102701617039e-01
9.980451635033816826e-01
9.992363966569479672e-01
9.979763591297156067e-01
9.999146008989526768e-01
9.987009027348352497e-01
9.980031738689405518e-01
9.993747697769047589e-01
9.996449810523365676e-01
9.985146697790511228e-01
9.997644394041614868e-01
9.981250962601826426e-01
9.997676685838580157e-01
9.991886746508227279e-01
9.981458687053211820e-01
9.983886681016888032e-01
9.986412498935465232e-01
9.984035268519918516e-01
9.992230052635668880e-01
9.978455710661644495e-01
9.977909628856622692e-01
9.972956791472499249e-01
9.987473011134291312e-01
9.980307815091531420e-01
9.976772982593655748e-01
9.976174863961995154e-01
9.989695979098097700e-01
9.980936914312711350e-01
9.977172929007969149e-01
9.977521815484982071e-01
9.989011898508843856e-01
9.981751079863159237e-01
9.970775561464187975e-01
9.980327313794307154e-01
9.983956836249394673e-01
9.990018840017200752e-01
9.983966714450680513e-01
9.978489376574511960e-01
9.988181431402902710e-01
9.986162575321984036e-01
9.993188004093020993e-01
9.984867514033928249e-01
9.983403862481318169e-01
9.986747272211017323e-01
9.978452538483844059e-01
9.995878156270259218e-01
9.973250199535662608e-01
9.991737312068181831e-01
9.979540982719161679e-01
9.988818764156197627e-01
9.982438457207803983e-01
9.994710338810832706e-01
9.990407336866509169e-01
9.982724359909707079e-01
9.998310431070247528e-01
9.983542887232126350e-01
9.985989254995453202e-01
