0.000000000000000000e+00
0.000000000000000000e+00
0.000000000000000000e+00
0.000000000000000000e+00
0.000000000000000000e+00
0.000000000000000000e+00
0.000000000000000000e+00
0.000000000000000000e+00
0.000000000000000000e+00
0.000000000000000000e+00
0.000000000000000000e+00
0.000000000000000000e+00
0.000000000000000000e+00
0.000000000000000000e+00
0.000000000000000000e+00
0.000000000000000000e+00
0.000000000000000000e+00
0.000000000000000000e+00
0.000000000000000000e+00
0.000000000000000000e+00
6.021719858446926048e-06
3.427153101788008027e-02
1.034785426517156992e+00
3.399565180443887336e+00
3.384294519017017500e+00
1.892236667525997840e+00
8.756471014185360779e-01
4.060270967172392442e-01
2.359247498318735592e-01
2.487641846689234715e-01
4.006158720162527054e-01
6.094019677370915433e-01
7.776550191612119356e-01
8.737922387569867499e-01
9.225276239619139007e-01
9.406403187488876494e-01
9.608324935399817912e-01
9.871171388949299130e-01
1.038009581593779096e+00
1.091721987402378025e+00
1.126946226325352240e+00
1.152056830411572586e+00
1.179285920744648219e+00
1.203893864836337091e+00
1.212663287324625250e+00
1.212020253850008000e+00
1.193084429568247895e+00
1.160684637219038251e+00
1.112270587427927726e+00
1.060131482098266575e+00
1.012999344872499208e+00
9.747202832255856819e-01
9.565952600971528996e-01
9.463978098462376698e-01
9.441383178505756701e-01
9.423000187430277119e-01
9.430026263542795606e-01
9.423549301692485392e-01
9.448292306084492553e-01
9.442690971819324153e-01
9.463086979097995455e-01
9.507194398713434413e-01
9.588844995115568537e-01
9.673300586997555239e-01
9.747572470398225830e-01
9.809388657829194447e-01
9.900148861547397594e-01
9.929190446759180722e-01
9.965026771210268031e-01
9.992891199700408844e-01
1.000005145501765336e+00
1.003819553147086596e+00
1.004905955308273979e+00
1.005212023848057301e+00
1.007203207964092018e+00
1.006788057887156862e+00
1.008995154296712382e+00
1.009137722638480117e+00
1.008717639081875062e+00
1.007604761103321866e+00
1.006410893904565063e+00
1.004196795745308624e+00
1.002495031118145086e+00
1.000422523003490660e+00
9.978094230462892789e-01
9.976499581484624679e-01
9.961147872939098979e-01
9.947884729682295868e-01
9.940953527166789261e-01
9.941717912857959139e-01
9.936108786719022312e-01
9.944817896822160108e-01
9.941011673931945403e-01
9.944794321064756026e-01
9.942733504397879285e-01
9.954099784598515743e-01
9.960440204845908418e-01
9.973073008576840426e-01
9.979834269803847802e-01
1.000393493722631089e+00
9.993604768328673282e-01
1.001791474720562958e+00
1.001411597307047874e+00
1.002460813104606219e+00
1.003239605263892331e+00
1.003306988601885941e+00
1.003134252300317719e+00
1.002941460869208656e+00
1.002557370959875627e+00
1.003241788316724392e+00
1.001544364210532390e+00
1.002243840961236865e+00
1.001180575985610721e+00
1.001265728777932962e+00
1.001317590679759340e+00
9.992634713606024510e-01
1.000586412438952522e+00
1.000176840666927136e+00
9.995763394681393965e-01
1.000117767321134110e+00
9.995387773501640538e-01
1.000059259002675782e+00
9.997618316871709210e-01
9.990542757387139705e-01
9.993865311456651135e-01
1.000552828714212250e+00
9.996689081336560534e-01
9.986700498754736977e-01
1.000016509120587704e+00
1.000002554545551536e+00
1.000908838957986102e+00
1.000325517621116989e+00
1.000479607065632104e+00
1.000170454603940051e+00
1.000269147483860754e+00
1.000710784106000562e+00
1.000315025787105627e+00
9.998330451914666517e-01
9.995535702471707307e-01
1.000380614621702691e+00
1.000248591494653283e+00
1.000050447635129069e+00
1.000784429624647309e+00
1.000147396605907346e+00
1.000176009301400493e+00
9.996635123137466161e-01
1.000126319670009645e+00
9.997064086771393354e-01
1.000747849536233192e+00
1.000277072870966455e+00
9.995802126518475994e-01
9.992620360784288946e-01
9.997771742516931015e-01
9.993327985563205118e-01
9.997339761444595796e-01
9.994250338400660905e-01
9.996043094012958541e-01
9.994923562357463931e-01
9.997416102060100451e-01
9.991873216259823387e-01
9.992443082423789757e-01
9.999838023733828019e-01
9.998019674362684794e-01
1.000139067345230615e+00
9.995361839334241383e-01
9.996688746804917036e-01
9.998515442927644603e-01
9.998850771090694867e-01
9.993774842285544358e-01
9.993370387837807733e-01
9.991918662629940551e-01
9.996880396586206308e-01
9.998172229354050922e-01
9.999921284315713699e-01
9.996018699306097322e-01
9.992409306035183736e-01
9.999975490796920718e-01
9.994767904985035756e-01
1.000305577204061658e+00
9.993668184548972766e-01
9.996421531465508048e-01
9.996621325484420506e-01
9.991982014828526548e-01
9.998179333149607162e-01
9.993665756078249363e-01
9.995792149216650158e-01
1.000174469881451422e+00
9.995579721954237495e-01
9.994141059457755105e-01
9.991446470948833758e-01
1.000056781072493628e+00
1.000038467995813418e+00
9.998104827925748950e-01
9.999904237680310448e-01
9.999337013254296913e-01
9.997224320722015722e-01
9.999181335383510172e-01
9.999871129572057704e-01
9.999893053284941713e-01
9.997988129194755880e-01
9.995172166739995090e-01
9.999891458621944507e-01
1.000040205114178793e+00
1.000103211373220224e+00
9.999882468000781399e-01
9.994980212248565365e-01
9.999984340696363994e-01
9.997532897746028713e-01
9.999628987835361693e-01
1.000320591456102859e+00
1.000195891455224917e+00
1.000135140680403323e+00
1.000352973389675215e+00
9.999612897541790835e-01
1.000245542270711496e+00
1.000332510309888123e+00
1.000178309857681525e+00
1.000150298812445770e+00
9.997907412743318734e-01
1.000258978193897530e+00
1.000496031796248353e+00
9.999657780792237105e-01
1.000340861419111382e+00
9.997485198730943212e-01
1.000152314552786859e+00
1.000163548261477242e+00
9.997997530445597025e-01
1.000084542895667505e+00
1.000268517894757681e+00
9.998800101142049090e-01
9.999034854789367044e-01
1.000334378167741844e+00
1.000108328175242089e+00
9.998789268427777932e-01
1.000349049487953668e+00
1.000208908980939171e+00
1.000324442597348318e+00
1.000063912439135949e+00
9.999328513821081899e-01
1.000195237915024959e+00
1.000025066993419198e+00
1.000443668096175243e+00
9.999001015149472371e-01
1.000263002587988614e+00
1.000423642374136834e+00
1.000382466315756336e+00
1.000174311760069212e+00
1.000250473361460113e+00
1.000105045583871366e+00
1.000073339808496664e+00
1.000105377108518434e+00
1.000417491995093666e+00
1.000303286261550184e+00
1.000188260125759676e+00
1.000398905531639571e+00
1.000396174230954394e+00
1.000190529969883002e+00
1.000382958358844832e+00
1.000361344105336503e+00
1.000204844058447895e+00
1.000397831266398585e+00
1.000453831101684399e+00
1.000473147190571455e+00
1.000417966510118939e+00
1.000085487605344658e+00
1.000286405057155603e+00
1.000306325697265075e+00
1.000239555560491933e+00
1.000149959854487625e+00
1.000481301904184495e+00
1.000221923173542526e+00
1.000078419261521301e+00
1.000240102583974666e+00
1.000330118676200808e+00
1.000099493011587182e+00
1.000394293037681681e+00
1.000468074679321084e+00
1.000407297732549772e+00
1.000501176446458862e+00
1.000220478257479284e+00
