0.000000000000000000e+00
0.000000000000000000e+00
0.000000000000000000e+00
0.000000000000000000e+00
0.000000000000000000e+00
0.000000000000000000e+00
0.000000000000000000e+00
0.000000000000000000e+00
0.000000000000000000e+00
0.000000000000000000e+00
0.000000000000000000e+00
0.000000000000000000e+00
0.000000000000000000e+00
0.000000000000000000e+00
0.000000000000000000e+00
0.000000000000000000e+00
0.000000000000000000e+00
0.000000000000000000e+00
0.000000000000000000e+00
0.000000000000000000e+00
1.204448393494320168e-05
3.510125168897867964e-02
1.024911397089011578e+00
3.377334444556080228e+00
3.371971966914729002e+00
1.886928036405312481e+00
8.697580745804713853e-01
4.066044938888582760e-01
2.343341581854018474e-01
2.450105436505151668e-01
4.004628646600075781e-01
6.052815233166431996e-01
7.752086694231511421e-01
8.761234345545966251e-01
9.208786947201927919e-01
9.420555042648121047e-01
9.567682399641798119e-01
9.878795125740043037e-01
1.035358757198718616e+00
1.091453246286167467e+00
1.125604139411508609e+00
1.151717272191772778e+00
1.179479259235707733e+00
1.203839062903533819e+00
1.215777416634639785e+00
1.210106701421809872e+00
1.191588758679194227e+00
1.159528761121583873e+00
1.111459872648841607e+00
1.057050863165671428e+00
1.009202311494919790e+00
9.729017505562197465e-01
9.521230584757991444e-01
9.440735079020301512e-01
9.416592863704406069e-01
9.418204460851971049e-01
9.419734709142821849e-01
9.424167306377165820e-01
9.421566727985429823e-01
9.440535281179768257e-01
9.465587966183057755e-01
9.510294183566562198e-01
9.574331476207572633e-01
9.652801644725600427e-01
9.737562903647246637e-01
9.822853635031494335e-01
9.886233571305178547e-01
9.931240263960164905e-01
9.969127571195530724e-01
1.000088474256869198e+00
1.001563702989372251e+00
1.002099802552753660e+00
1.003946609971418269e+00
1.004184930407672649e+00
1.005380509229975239e+00
1.006227896168337965e+00
1.007858559612560656e+00
1.007159287761084876e+00
1.008352833007282401e+00
1.007344082635689642e+00
1.004705598006293776e+00
1.002479005838528670e+00
1.000800126992199335e+00
9.981726340579211154e-01
9.978959374170879304e-01
9.941847674194326245e-01
9.950539451371271937e-01
9.924515998338946376e-01
9.936789811907575931e-01
9.922974614272335181e-01
9.934213426312864526e-01
9.932289211068430212e-01
9.927495531984443788e-01
9.936040597625374060e-01
9.944491300476024920e-01
9.954715828333690064e-01
9.960173015138346075e-01
9.974984198398278989e-01
9.978682799195547348e-01
9.985902218300771738e-01
9.995774482669126382e-01
1.000311464760035962e+00
1.001979331329292622e+00
1.001691607526102423e+00
1.002493264262129591e+00
1.001700323592930486e+00
1.001640911324262140e+00
1.002424296007755622e+00
1.002413359868537412e+00
1.002469532314121503e+00
1.002870928380698246e+00
1.001323480488462758e+00
1.000115745173971504e+00
1.000435291500222146e+00
1.000071574887612336e+00
1.000107030770329475e+00
9.993601511136677162e-01
9.990175344638121402e-01
9.991469067484199940e-01
9.989617035536405565e-01
9.999394123910204657e-01
9.986131667817198521e-01
9.982446547474218557e-01
9.986678986272288228e-01
9.989358945651821697e-01
9.990733921034185006e-01
9.983765160355040358e-01
9.991739540928844532e-01
9.986989822285595730e-01
9.993899444012996902e-01
9.994575194679150565e-01
9.993329489275052380e-01
9.994180685489285620e-01
9.992162181184205405e-01
1.000515953063807251e+00
9.992095571769650242e-01
1.000086295440207884e+00
1.000341752976405596e+00
1.000603430274302763e+00
9.999959515256349185e-01
9.997757114411797152e-01
9.993650710448214181e-01
9.995501999987217445e-01
9.995891169225790129e-01
9.998019288605127786e-01
9.992591110690590694e-01
9.997931550159405711e-01
9.997757513771043936e-01
9.992231062557884735e-01
9.983849613399364831e-01
9.990335497011577637e-01
9.989263866309009421e-01
9.987578793184601622e-01
9.995002338885546900e-01
9.986510780481507865e-01
9.987303099299186249e-01
9.991605732853710009e-01
9.993317627827902339e-01
9.990169652993474703e-01
9.991494792024699922e-01
9.990490236379424571e-01
9.992926315176453578e-01
9.993414774909311626e-01
9.987410067337972874e-01
9.993154603468793473e-01
9.991242456056367294e-01
9.992666446295398464e-01
9.988819581536314551e-01
9.994677008000618645e-01
9.996456276260400342e-01
9.990348598576893613e-01
9.992120291513213459e-01
9.994737161800935077e-01
9.993578319081968253e-01
9.990936584190671654e-01
9.999403461761319223e-01
9.991149369276033365e-01
9.991934647040904283e-01
9.990359983319258008e-01
9.992058350332898575e-01
9.995164066110987511e-01
9.996641278650660878e-01
9.991826895345589099e-01
9.996999177694567695e-01
9.992003900181015696e-01
9.989095014941428152e-01
9.994634821379142497e-01
9.991555961981057887e-01
9.990131879559550621e-01
9.991602224832577539e-01
9.993893240152101898e-01
9.989299192654136350e-01
9.993135912077701910e-01
9.994308757036850510e-01
9.994963356192402282e-01
9.995425348358507600e-01
1.000027054920275660e+00
9.997593957643390317e-01
9.998303410520386070e-01
9.997163205815952081e-01
1.000141125160890931e+00
9.994869391526309821e-01
9.998230127418089586e-01
9.997281215715049241e-01
1.000010910248354978e+00
9.998897242394175766e-01
1.000076708783663282e+00
9.996227378697410959e-01
9.999375091094805379e-01
1.000099630583445087e+00
9.995465218602112012e-01
9.997217248913113918e-01
9.998600742316474665e-01
9.998022547177665142e-01
9.998552157333125967e-01
9.995441791493833161e-01
9.996116748911519911e-01
9.995144207771994305e-01
9.997013444992433051e-01
9.995366560892973151e-01
1.000075731816595592e+00
9.998002852518897976e-01
9.999316677317087176e-01
9.998631244574115451e-01
9.997098630722973667e-01
1.000064187675516969e+00
1.000055386279999015e+00
1.000425923544591367e+00
1.000250815635508772e+00
9.998278579706098013e-01
1.000091711076329437e+00
9.999011187727989691e-01
1.000078627506100215e+00
1.000111357342982510e+00
9.999256505761080493e-01
1.000138803719407443e+00
1.000254856153259597e+00
9.995168687843037914e-01
1.000146557138435810e+00
1.000186989978206098e+00
9.999719023616941982e-01
9.998415225861126965e-01
9.996458336138335232e-01
1.000160003392777552e+00
9.998944873485645646e-01
9.997620091660852637e-01
9.999488323414077451e-01
1.000009459731957762e+00
9.994571831117470273e-01
1.000178755921599105e+00
9.996307996567784793e-01
1.000076260195741140e+00
9.999709465079482662e-01
9.998013843552442381e-01
1.000430226257956967e+00
1.000009954756268638e+00
9.997586869931821552e-01
1.000130687835652843e+00
1.000187831898772695e+00
9.998095070283063990e-01
9.998992217871021104e-01
1.000243841768806874e+00
1.000040334042529677e+00
9.998570709704541759e-01
1.000321705958800766e+00
1.000108006350865608e+00
1.000094415659393388e+00
1.000133660430230886e+00
9.999676795550046515e-01
9.998616573713142719e-01
1.000086198991545716e+00
9.998982327656247282e-01
9.999785028777169460e-01
9.997389246837701249e-01
1.000144750454945886e+00
1.000181573250972011e+00
9.998077881216015372e-01
1.000133399086898134e+00
9.999863389387574353e-01
1.000042370296834626e+00
