0.000000000000000000e+00
0.000000000000000000e+00
0.000000000000000000e+00
0.000000000000000000e+00
0.000000000000000000e+00
0.000000000000000000e+00
0.000000000000000000e+00
0.000000000000000000e+00
0.000000000000000000e+00
0.000000000000000000e+00
0.000000000000000000e+00
0.000000000000000000e+00
0.000000000000000000e+00
0.000000000000000000e+00
0.000000000000000000e+00
0.000000000000000000e+00
0.000000000000000000e+00
0.000000000000000000e+00
0.000000000000000000e+00
0.000000000000000000e+00
6.020849435214420342e-06
3.457858912582294914e-02
1.032181726707165348e+00
3.389272991506200317e+00
3.385259709591397659e+00
1.898376320437371367e+00
8.754232381420314901e-01
4.053092257519719244e-01
2.342643956123418580e-01
2.482717003588506277e-01
4.018201722818497967e-01
6.071002059332967216e-01
7.781032285118811842e-01
8.774925213553731451e-01
9.256812205234029589e-01
9.420465045105983481e-01
9.595140199254786895e-01
9.874963225876443040e-01
1.038800253514717609e+00
1.091877215965091352e+00
1.128947926846809668e+00
1.152838054413108049e+00
1.182367295730024637e+00
1.206061592967304863e+00
1.215608750010445993e+00
1.214206725449098023e+00
1.193754650062265110e+00
1.158527097643382575e+00
1.109735405257105789e+00
1.057577959393978029e+00
1.011684950113926229e+00
9.748389229468642503e-01
9.536336351482720408e-01
9.450470574622150677e-01
9.436652999427891375e-01
9.437445464061048339e-01
9.441767551081230447e-01
9.451793950441693681e-01
9.452428348538023384e-01
9.441040121436771182e-01
9.468080018844295953e-01
9.513454604125539671e-01
9.587595004598326032e-01
9.667596880378932500e-01
9.741260523473606048e-01
9.806478351652218040e-01
9.876960159397286665e-01
9.922067517328514441e-01
9.965889336079223337e-01
9.994642736501855307e-01
1.001737921427438449e+00
1.004323934491155423e+00
1.005218094824963382e+00
1.004607634806855776e+00
1.005973332149330490e+00
1.007581965002187552e+00
1.006965180089729017e+00
1.007998313123606993e+00
1.007290912337932109e+00
1.007347398461311050e+00
1.004979795625221994e+00
1.004200614872243102e+00
1.001653323461811240e+00
9.995552368425439926e-01
9.991520352867898636e-01
9.960652543020648286e-01
9.960513007986300238e-01
9.944761009819481634e-01
9.935548706860883872e-01
9.935137404046506804e-01
9.926113415901884895e-01
9.936038092367360797e-01
9.939139936030857436e-01
9.955552779800748153e-01
9.960402437052600089e-01
9.970239676980217070e-01
9.980124722414018823e-01
9.982362703833141948e-01
9.994616005321996788e-01
9.990806874656147363e-01
9.998013357484510921e-01
1.001707343929572946e+00
1.002037661416752989e+00
1.003323506401389009e+00
1.002734221808361914e+00
1.003431175748358717e+00
1.003641001535645394e+00
1.003734876233627116e+00
1.003035883083165158e+00
1.003119356613274116e+00
1.003198024265691712e+00
1.002753424550213657e+00
1.002257415288059450e+00
1.001231011814230465e+00
1.001107220771844331e+00
1.000357252582651402e+00
1.000455019401184309e+00
9.999554632178243585e-01
9.998287063965469734e-01
1.000338985536463055e+00
1.000169020323130376e+00
1.000458491344105916e+00
9.997360458804623873e-01
9.997957458419841625e-01
9.998378504879570361e-01
9.993117211372043451e-01
9.997755503847296499e-01
9.995114519243725182e-01
1.000478582549576112e+00
9.997440719743226900e-01
1.000119965006584621e+00
1.000257465266821022e+00
9.998125870889422728e-01
1.000312863820018050e+00
1.000183597373943245e+00
1.000337597587625860e+00
1.000000921558993117e+00
1.000192497362599076e+00
1.000074816397643396e+00
1.000619391749974829e+00
9.994710716304636700e-01
1.000202926111382284e+00
1.000225376598864679e+00
9.994548242930864079e-01
9.997148537583422367e-01
9.999433910788035895e-01
9.995176346970610082e-01
9.999641490461543825e-01
1.000392376875200995e+00
1.000264513570237490e+00
9.996039942204617557e-01
1.000138288194516889e+00
9.999421444236495926e-01
9.996249578929656820e-01
9.998137023607680529e-01
9.996555738616139664e-01
1.000230652255688524e+00
1.000648138323692038e+00
9.997793346034758999e-01
1.000426138998656400e+00
9.997179147792346621e-01
1.000270748975739421e+00
1.000588335610784307e+00
9.993478056875427784e-01
1.000347882907568930e+00
9.999456097043102343e-01
9.997364137565766251e-01
1.000218982826114766e+00
9.999853302189951609e-01
1.000032495164610458e+00
1.000400643228601227e+00
1.000451649041387281e+00
1.000196862648349949e+00
9.999571281192977112e-01
1.000175627179789473e+00
9.997244114525541958e-01
1.000374064838024379e+00
9.996059880120670149e-01
1.000450898216250106e+00
1.000351533485097422e+00
1.000047926060251502e+00
1.000307001296826037e+00
9.999100389657452626e-01
1.000094225066690212e+00
1.000384445751484774e+00
1.000069582888557962e+00
9.998881608374954322e-01
9.998465565674421462e-01
1.000047056018396052e+00
9.999153351701900450e-01
1.000078338116113574e+00
1.000080449625815104e+00
9.996148782169511637e-01
1.000198702746291968e+00
9.998818169942930156e-01
9.998315950129988972e-01
1.000580037744569051e+00
1.000337219071087302e+00
1.000203991147630367e+00
1.000010188334296668e+00
1.000494701787426832e+00
9.999516839480591113e-01
1.000145109754009720e+00
1.000071582953267368e+00
1.000453693922226606e+00
1.000147527648863832e+00
9.996232582707661463e-01
9.999508071411873367e-01
1.000017104589592920e+00
1.000318593667907541e+00
1.000002482938386006e+00
1.000188136259670513e+00
1.000207646508945780e+00
1.000529023314213006e+00
1.000050905632996479e+00
1.000242300927019157e+00
1.000385985160658686e+00
9.999620224670442425e-01
9.996966356081826710e-01
1.000519375903165198e+00
9.999478571478739308e-01
1.000327106502434615e+00
1.000492454141969079e+00
1.000350587362330179e+00
1.000010758049146409e+00
1.000028134812398939e+00
1.000188644131757121e+00
1.000566998118728845e+00
1.000024227752835948e+00
1.000234614543624723e+00
1.000182601146464290e+00
1.000008259281087941e+00
1.000439521160331413e+00
1.000078022190457050e+00
1.000397790067226067e+00
1.000311246038304125e+00
1.000327127021488849e+00
1.000218078134144761e+00
9.999365585116511967e-01
1.000181744269539319e+00
1.000169513288035272e+00
1.000192354026465447e+00
1.000127525052302069e+00
1.000197209767726747e+00
9.998903618579829677e-01
1.000298035715490252e+00
1.000040901538036042e+00
1.000039249878231340e+00
1.000010768620717361e+00
9.998979657236584107e-01
1.000252526415396304e+00
1.000150251882382824e+00
1.000070256216816666e+00
1.000087517529834269e+00
1.000116568674281448e+00
9.996653256054999215e-01
1.000239169547055829e+00
1.000258470127761479e+00
9.998504745955002493e-01
9.997517214708530053e-01
1.000146529170565568e+00
1.000265917657465531e+00
1.000193704526358252e+00
9.999633570554762318e-01
9.998356608530655221e-01
1.000239398775198074e+00
1.000017062733792317e+00
1.000046661741048615e+00
1.000076547673626193e+00
1.000136294644556001e+00
9.999743428574371373e-01
1.000261843557355368e+00
9.998016362301134219e-01
9.999293764262207063e-01
9.996251106495036565e-01
1.000234550927650679e+00
9.998117612239443286e-01
9.999710203998630753e-01
9.998193892435547347e-01
1.000221291056228257e+00
