0.000000000000000000e+00
0.000000000000000000e+00
0.000000000000000000e+00
0.000000000000000000e+00
0.000000000000000000e+00
0.000000000000000000e+00
0.000000000000000000e+00
0.000000000000000000e+00
0.000000000000000000e+00
0.000000000000000000e+00
0.000000000000000000e+00
0.000000000000000000e+00
0.000000000000000000e+00
0.000000000000000000e+00
0.000000000000000000e+00
0.000000000000000000e+00
0.000000000000000000e+00
0.000000000000000000e+00
0.000000000000000000e+00
0.000000000000000000e+00
0.000000000000000000e+00
1.618362952424035614e-03
2.552332464522029665e-01
2.084050245911865495e+00
3.502970516645080856e+00
2.552604463494540621e+00
1.291276176814386112e+00
6.229991421078547864e-01
4.449621905455025117e-01
5.596697612134129418e-01
7.488429491205521593e-01
8.678704774570392688e-01
8.995167374148113071e-01
8.712810667857627811e-01
8.353111991658715985e-01
8.075158147725054469e-01
8.000749831045418370e-01
8.183897627120896301e-01
8.398082079224729046e-01
8.755294451270655420e-01
9.305785428976325324e-01
9.987827507986783981e-01
1.069445176303556622e+00
1.128245103563071394e+00
1.168960054163221463e+00
1.195975476895948741e+00
1.200352454332637819e+00
1.181736705090644879e+00
1.148721103423844481e+00
1.108123455353345221e+00
1.066330337623633495e+00
1.028206976656721450e+00
1.000493324157211594e+00
9.820667874620652160e-01
9.685263620758394199e-01
9.624314637118381865e-01
9.628288785729627319e-01
9.611140819749826036e-01
9.616288830004837695e-01
9.613280215913853066e-01
9.638574900037500948e-01
9.671207728619501953e-01
9.725687705150271034e-01
9.778215656986413151e-01
9.814634922133579353e-01
9.895980276461985303e-01
9.931255330480791566e-01
9.969399758778891840e-01
1.001075678878885267e+00
1.002420938712877074e+00
1.003669357912618354e+00
1.003795906655860382e+00
1.003235272866587202e+00
1.002086242058925381e+00
1.001714361313411406e+00
1.002884849696309866e+00
1.002218236995206846e+00
1.001430252832861800e+00
1.004944580182973946e+00
1.005146887564053015e+00
1.005641455837598786e+00
1.006946511426167756e+00
1.006496618012217237e+00
1.005400705622121249e+00
1.006334517797801809e+00
1.005493989067377747e+00
1.004422314134242322e+00
1.001665329522117842e+00
1.004042912502947527e+00
1.000611247856689090e+00
9.986075719562950148e-01
9.975837439703753029e-01
9.966020892391792563e-01
9.954873921444387097e-01
9.947112047982367145e-01
9.945609148151924872e-01
9.956963678696729714e-01
9.949894853496117353e-01
9.945001403870326051e-01
9.959678531218677522e-01
9.961789675063061900e-01
9.989616281162090328e-01
9.989147085543417237e-01
9.999984432922809363e-01
1.001727833953085511e+00
1.000907846325161499e+00
1.001843317846652592e+00
1.002543468697127071e+00
1.003219583833609985e+00
1.002473816261255424e+00
1.002109255252239262e+00
1.001508336261140109e+00
1.001334557950324333e+00
1.001805014800294602e+00
1.000450830458595730e+00
1.001015881070713265e+00
9.995667209877296955e-01
1.000037266121051482e+00
9.988385132544109757e-01
9.998538579629705492e-01
1.000729390260063134e+00
9.992292860959258727e-01
9.985197417782283313e-01
9.999496228077862092e-01
1.000411714128518925e+00
9.998280416977030072e-01
1.000685941039765492e+00
9.979144156525457943e-01
9.998756363313739959e-01
1.000242644758536636e+00
1.000412485949744079e+00
9.995133824748601015e-01
9.995815623666303162e-01
1.000768144237623947e+00
9.999375840859235920e-01
1.000624812281905029e+00
9.994376414913317408e-01
1.000010889921629564e+00
1.000309599254802118e+00
1.000105131472388553e+00
1.000288459786961903e+00
1.000681226154016334e+00
9.999100787235997156e-01
1.000923806457695964e+00
1.000571935857738293e+00
1.000629948330253871e+00
1.000194877216558087e+00
1.000675269104584597e+00
1.000446209803292685e+00
9.999858794736706802e-01
1.000581269739344803e+00
1.000360590044963249e+00
1.000456516207748114e+00
9.996096848714414174e-01
9.991622857313170458e-01
1.000147035626238967e+00
1.000015514302332820e+00
9.995393250074228186e-01
9.997496137653141268e-01
1.000088530619724692e+00
9.999803136610261323e-01
1.000128096560874758e+00
9.996431893715103101e-01
9.996895555577520742e-01
9.999978049969833194e-01
9.996749192835712172e-01
9.992412007893478609e-01
9.997494995425919573e-01
1.000627807887950027e+00
9.999997425930147177e-01
1.000082471364960535e+00
9.998264372112247722e-01
1.000391593811897462e+00
1.000275616270967838e+00
1.000052353715047637e+00
9.996415305832185849e-01
1.000215679698762905e+00
9.998984271254793832e-01
9.999412233531929095e-01
9.997001138450311020e-01
9.995311888163711522e-01
9.995911043312645239e-01
1.000200195612578558e+00
1.000034677598043764e+00
1.000096729720466815e+00
9.997488077581053734e-01
9.997900024183368206e-01
1.000218851345272997e+00
1.000114198263420739e+00
1.001088346592237555e+00
9.993056862992660827e-01
9.994412350472137163e-01
9.995153556835237874e-01
1.000014002905638577e+00
9.996796463313836201e-01
1.000161623442444192e+00
1.000083946292028347e+00
9.989139711985208780e-01
9.994192559307307766e-01
1.000097351585609751e+00
9.996181219114947947e-01
1.000820154265650519e+00
9.994917210705738242e-01
9.998679782955165463e-01
9.993668072014482151e-01
9.989039878092788038e-01
9.996800624167921923e-01
9.998497068168119561e-01
1.000300710988460295e+00
1.000348292966246833e+00
9.998593193775563437e-01
1.000136387874206445e+00
1.000054846129619035e+00
1.000874991659794100e+00
9.998647532360668277e-01
9.998918020909762783e-01
1.000243221181843944e+00
9.998640359564702207e-01
9.997971686842110906e-01
9.998562413485966305e-01
9.997223049488743740e-01
9.993911744032284439e-01
1.000363096413178887e+00
1.000051309389191179e+00
9.998269836703511659e-01
9.998904194996159900e-01
1.000447205395268879e+00
1.000579133663984432e+00
9.998917791559737145e-01
1.000012547901548476e+00
9.999527583561940158e-01
9.998322200750926481e-01
9.995502980661467030e-01
9.998696546082701531e-01
9.999065507932108909e-01
1.000260448247686451e+00
1.000006170594045285e+00
9.995226821422287244e-01
1.000163352176546727e+00
9.996905340739667967e-01
9.996711646300178167e-01
9.999732512018669750e-01
9.998067188425812102e-01
1.000360484257354132e+00
1.000091048257550685e+00
1.000500421266084627e+00
1.000316612356389134e+00
9.995036082734536365e-01
1.000268708208909008e+00
9.998355741103874816e-01
1.000046148947391300e+00
1.000100257835482509e+00
1.000133218841497973e+00
9.999369723709348179e-01
1.000010961918046171e+00
9.994996979863024489e-01
9.999172790783189546e-01
9.999545623104038050e-01
1.000015178250676096e+00
1.000615916538512895e+00
1.000169852774736912e+00
1.000126486837326079e+00
9.998442684067488928e-01
1.000413328175694172e+00
9.998907774896452771e-01
9.999774402571951493e-01
9.998079335662756195e-01
1.000122026006569964e+00
9.998350425328370594e-01
1.000190926151041104e+00
1.000078528236226783e+00
1.000207890084849893e+00
1.000271743245539025e+00
1.000370338222828837e+00
9.996857982863365244e-01
1.000008943761519609e+00
1.000119628152365658e+00
9.995812101674557137e-01
1.000628395539012505e+00
1.000166327874949079e+00
1.000274849074741290e+00
1.000069544408411559e+00
1.000091836946575441e+00
1.000714525400353105e+00
1.000013947302071937e+00
1.000361451015574277e+00
9.998419197125077984e-01
1.000124805536478867e+00
9.999850005459753888e-01
1.000189002450750264e+00
9.998224700054065828e-01
9.999129839833015287e-01
1.000098177080975814e+00
9.997089646621192260e-01
9.998150327555939132e-01
1.000205243771579378e+00
1.000832588833465264e+00
1.000309007084151824e+00
1.000490054186513378e+00
9.996023788574963653e-01
1.000539842083347786e+00
9.995325640058444483e-01
9.997981077368068847e-01
1.000657813093593695e+00
1.000238074081676976e+00
1.000019669461752025e+00
9.999338266098909411e-01
1.000030266047170935e+00
1.000085701498621304e+00
1.000116542647531581e+00
1.000031248261533889e+00
1.000401928736754487e+00
1.000535680661699400e+00
1.000336090796290822e+00
1.000178776863190899e+00
9.995805510881332623e-01
1.000399062025788544e+00
9.998195895824690815e-01
1.000566051433076309e+00
1.000411353628655187e+00
1.000616126140759121e+00
1.000161111171531392e+00
1.000088735953406749e+00
9.996345970199848052e-01
9.999291149923459354e-01
9.998576528418391396e-01
9.999208660413484440e-01
1.000016621540699813e+00
1.000076483810114381e+00
9.998161739144988402e-01
9.998639616088709214e-01
1.000153287206282604e+00
1.000561115953843672e+00
1.000214255981628719e+00
9.998740887466023297e-01
1.000768563386397636e+00
9.999944788556703879e-01
9.998021730498349857e-01
9.998616805499945803e-01
1.000363211531089203e+00
1.000106013697280360e+00
1.000248768465553884e+00
1.000130684368387923e+00
1.000627545623160142e+00
1.000228236994282538e+00
1.000134897281869550e+00
1.000402531401793471e+00
1.000062932422059570e+00
1.000145544457190283e+00
9.999059877325133794e-01
9.998618080507633010e-01
1.000374059403397409e+00
1.000356429697088823e+00
1.000100202161378737e+00
1.000052234301867404e+00
9.983844532744441391e-01
9.906403155224414725e-01
9.827051337458072577e-01
9.747449587084074940e-01
9.664944485175400724e-01
9.579012229876551210e-01
9.498058459540511533e-01
9.410938017537191502e-01
9.334865223307811100e-01
9.254890809053708534e-01
9.175064600471303233e-01
9.095747369083941880e-01
9.012710161127295283e-01
8.935433871822680008e-01
8.861680025870026789e-01
8.780047492473691539e-01
8.702683461092769468e-01
8.628804106741426727e-01
8.552146758532331861e-01
8.473317696818566391e-01
8.395249234723320964e-01
8.319843378595058736e-01
8.246868355171842468e-01
8.170870551576373542e-01
8.097837463995620766e-01
8.026529060843007324e-01
7.952412461296546331e-01
7.876212096320460709e-01
7.806228823079531809e-01
7.733327430505644307e-01
7.661342272124090913e-01
7.589394550322842159e-01
7.520527763295230539e-01
7.447927108123383322e-01
7.378356217292086905e-01
7.307024132058661525e-01
7.239106581622972714e-01
7.169510119976362228e-01
7.098758532452476011e-01
7.031483973804470988e-01
6.960266574903487546e-01
6.893986933693748709e-01
6.827356042187026075e-01
6.757745793602134565e-01
6.690997130938177717e-01
6.623504127076702552e-01
6.560489641712191622e-01
6.491206027169047488e-01
6.428451364591197814e-01
6.359655438951872242e-01
6.295304016372375022e-01
6.234328487952605080e-01
6.167268655103689268e-01
6.103796245215180605e-01
6.037842545895341084e-01
5.975296830827010464e-01
5.913460252728041100e-01
5.852369391103782181e-01
5.790647837729367975e-01
5.724288805587313123e-01
5.663108664850813323e-01
5.600287258830988213e-01
5.541175793437725927e-01
5.481851076360535480e-01
5.420018146580458662e-01
5.357080706196708508e-01
5.297387980564413068e-01
5.240312257995152212e-01
5.180960851546170254e-01
5.121070844553878842e-01
5.060308281448169243e-01
5.003413442546483791e-01
4.942772131536990465e-01
4.887186849390841581e-01
4.826692552208065035e-01
4.768625442440270756e-01
4.713834946196167053e-01
4.655551142422000299e-01
4.598183400089821959e-01
4.541369316755993757e-01
4.484443788168652745e-01
4.429811581174989410e-01
4.374823666938893463e-01
4.319138576306426613e-01
4.262409604926994944e-01
4.206929887454052830e-01
4.151721805498595486e-01
4.097801664302182512e-01
4.043736514721524289e-01
3.989277285284952845e-01
3.936031481729755921e-01
3.881470791446055557e-01
3.829331317889082542e-01
3.775278510463780934e-01
3.724559984415783953e-01
3.670246462102118024e-01
3.617335467272075333e-01
3.565070110057063646e-01
3.514578202148341823e-01
3.460693591676942682e-01
3.409984186013438889e-01
3.359651518501380330e-01
3.307508634521046931e-01
3.257515114597049899e-01
3.207223899867758798e-01
3.154170716454900436e-01
3.106004421930206871e-01
3.056019122772986041e-01
3.005162773371883866e-01
2.957152769998913633e-01
2.907537674432026376e-01
2.858132233185534665e-01
2.808593046388107584e-01
2.758926448130299414e-01
2.713006629786032242e-01
2.664728154252150039e-01
2.615767099012976660e-01
2.567289253762270462e-01
2.520210097059538135e-01
2.472705423786006607e-01
2.426143935333580914e-01
2.380067115397823119e-01
2.331946169607237440e-01
2.285981133296442480e-01
2.239431470124601531e-01
2.191042297146100493e-01
2.145292930914302898e-01
2.100243008956749757e-01
2.054203797890263861e-01
2.008474377748580286e-01
1.962554614384950380e-01
1.918657632262907586e-01
1.873464289155360452e-01
1.828925800180237760e-01
1.784170924336385966e-01
1.739140720061949086e-01
1.694581770825876743e-01
1.651121950188899623e-01
1.607344373115679459e-01
1.564015489973298034e-01
1.519878542381175590e-01
1.477097658150546278e-01
1.433423658756992625e-01
1.390096534553836027e-01
1.347721587377121444e-01
1.305831095313414181e-01
1.262081679439783499e-01
1.221372490378733466e-01
1.180541038420444694e-01
1.144875385085437763e-01
1.109369056622713373e-01
1.077159228757071097e-01
1.044928533266943488e-01
1.014810945957688032e-01
9.851071457081149452e-02
9.555058807401213550e-02
9.282388970116946247e-02
9.017440182005859173e-02
8.762296439747722931e-02
8.498607942435983109e-02
8.253658401110419707e-02
8.007609926870261352e-02
7.784255676979860705e-02
7.560490398788050070e-02
7.333961693963440831e-02
7.117291234851182147e-02
6.908662760273683034e-02
6.710977210393170855e-02
6.512467826262746673e-02
6.317678465360442031e-02
6.129599119235006749e-02
5.947509802518292227e-02
5.771660574087623952e-02
5.598058513606471442e-02
5.424591822118330492e-02
5.256129053609535917e-02
5.095566993203714395e-02
4.937411965587820695e-02
4.784439486196648966e-02
4.637030556286058508e-02
4.487173170647401621e-02
4.339458340115113361e-02
4.198607809716211475e-02
4.060865710180040777e-02
3.929332524142318400e-02
3.801686335421665397e-02
3.675120734741664508e-02
3.548820974819737878e-02
3.432351230266415809e-02
3.310538424521013851e-02
3.198900394501703187e-02
3.086888112765293415e-02
2.975945667732604952e-02
2.869776211509420666e-02
2.770230976432003223e-02
2.667275155853506344e-02
2.564433152160151483e-02
2.472731919985137958e-02
2.380486168997884497e-02
2.285968990266528875e-02
2.200744511263820480e-02
2.113529252199838546e-02
2.030634292227734977e-02
1.951291474846226712e-02
1.869460194936064731e-02
1.793689209631483747e-02
1.718806384106287208e-02
1.645006112863206874e-02
1.575777030060319245e-02
1.506359021479954270e-02
1.437816690435555350e-02
1.371417852738445950e-02
1.308111339510770708e-02
1.248738105817771664e-02
1.185929110292108582e-02
1.132365489685438487e-02
1.077571073517710407e-02
1.019293302846178279e-02
9.670950908686254052e-03
9.186651971172311512e-03
8.675493973465963488e-03
8.190319185307878141e-03
7.745351149654240534e-03
7.291925369292419010e-03
6.900169228899327711e-03
6.467671890095322458e-03
6.065703596137145270e-03
5.682932026478423534e-03
5.303203647718377454e-03
4.977216458547977819e-03
4.650717052974944268e-03
4.301251104282442783e-03
3.993016833668422763e-03
3.709855141163689429e-03
3.403200897357707127e-03
3.150804127895760059e-03
2.887586984853864405e-03
2.633169357850378110e-03
2.393023679276929175e-03
2.181863442373384917e-03
1.953387615274559605e-03
1.762935979748017938e-03
1.580671932806098062e-03
1.403776109465858062e-03
1.224686499783182291e-03
1.081822591143274601e-03
9.406291250416337407e-04
8.056429375697958572e-04
6.841839531112937651e-04
5.760383313704820147e-04
4.731415723706993955e-04
3.815783618352551563e-04
3.051311278016159050e-04
2.308813681116098798e-04
1.705711170757577566e-04
1.192466385886124260e-04
7.742909606935191634e-05
4.569638580605862025e-05
2.083354556078674091e-05
6.736994318694841426e-06
9.006162255211933401e-07
1.574906822131002167e-08
0.000000000000000000e+00
0.000000000000000000e+00
0.000000000000000000e+00
0.000000000000000000e+00
0.000000000000000000e+00
0.000000000000000000e+00
0.000000000000000000e+00
0.000000000000000000e+00
0.000000000000000000e+00
0.000000000000000000e+00
0.000000000000000000e+00
0.000000000000000000e+00
0.000000000000000000e+00
0.000000000000000000e+00
0.000000000000000000e+00
0.000000000000000000e+00
0.000000000000000000e+00
0.000000000000000000e+00
0.000000000000000000e+00
0.000000000000000000e+00
0.000000000000000000e+00
0.000000000000000000e+00
0.000000000000000000e+00
0.000000000000000000e+00
0.000000000000000000e+00
0.000000000000000000e+00
0.000000000000000000e+00
0.000000000000000000e+00
0.000000000000000000e+00
0.000000000000000000e+00
0.000000000000000000e+00
0.000000000000000000e+00
0.000000000000000000e+00
