0.000000000000000000e+00
0.000000000000000000e+00
0.000000000000000000e+00
0.000000000000000000e+00
0.000000000000000000e+00
0.000000000000000000e+00
0.000000000000000000e+00
0.000000000000000000e+00
0.000000000000000000e+00
0.000000000000000000e+00
0.000000000000000000e+00
0.000000000000000000e+00
0.000000000000000000e+00
0.000000000000000000e+00
0.000000000000000000e+00
0.000000000000000000e+00
0.000000000000000000e+00
0.000000000000000000e+00
0.000000000000000000e+00
0.000000000000000000e+00
0.000000000000000000e+00
0.000000000000000000e+00
0.000000000000000000e+00
0.000000000000000000e+00
1.099196317951631370e-03
2.130840796578608448e-02
8.268126532487866942e-02
2.416764043678958085e-01
6.571764169152198853e-01
1.127439053831537752e+00
1.656212378270558006e+00
1.988962322060797039e+00
2.112712207986638724e+00
1.872056364277027818e+00
1.640378591593063318e+00
1.285910264098774736e+00
1.050993933108516298e+00
8.131637595253269346e-01
7.501044700119288144e-01
7.286779268854983727e-01
8.234807575670455293e-01
9.417429869740128190e-01
9.483628101431667012e-01
1.079271569475532599e+00
1.174262860100193873e+00
1.226485764625937058e+00
1.369002839968886054e+00
1.380404804836431243e+00
1.507251417210395461e+00
1.608282565618782023e+00
1.671229374040900995e+00
1.755489320630830630e+00
1.819968415374552340e+00
1.904726857112896798e+00
1.869017737615490171e+00
1.866970255991579952e+00
1.805190130714583230e+00
1.738358087788594464e+00
1.640487392024114977e+00
1.530078894255825883e+00
1.443139860840569888e+00
1.385250849998170608e+00
1.301073818891977485e+00
1.270728461223352257e+00
1.261134330036387530e+00
1.244607923654817538e+00
1.253864516032663357e+00
1.227850938389984936e+00
1.228405568444343121e+00
1.240715245897846986e+00
1.208024862314563741e+00
1.215259107625992652e+00
1.243230349873275520e+00
1.232473278057975685e+00
1.211022825300238193e+00
1.209716937149467153e+00
1.201074167628650713e+00
1.204227304776245955e+00
1.180595530327016585e+00
1.169979783981735633e+00
1.177242083531803152e+00
1.149424410049647571e+00
1.143155073055817983e+00
1.102404413606762112e+00
1.107148955333473461e+00
1.099094873724395738e+00
1.068537912484156305e+00
1.107257457843223936e+00
1.085072368021329225e+00
1.093335645244442933e+00
1.081392567504936952e+00
1.072229706718749620e+00
1.049326146277297145e+00
1.053343943083233425e+00
1.065233527280910586e+00
1.076541448362963838e+00
1.055904460935994660e+00
1.063371706541482720e+00
1.051275973247935980e+00
1.044114928372877671e+00
1.040165293065320906e+00
1.052693239895455823e+00
1.050404821148605006e+00
1.036858201922863598e+00
1.015115030079395630e+00
1.024064532896926005e+00
1.027904357791477929e+00
1.031938654714515513e+00
1.023038169439147715e+00
1.034817137359718586e+00
1.027088997483825761e+00
1.034013772944160303e+00
1.030103394833695951e+00
1.020842395017592885e+00
1.029010630624442424e+00
1.025416599977971410e+00
1.018439039101878718e+00
1.031480288843844129e+00
1.020206928216499165e+00
1.020855828439919621e+00
1.028614040963052201e+00
1.019932094259064392e+00
1.014473550241330679e+00
1.015330692148300074e+00
1.020201590388821078e+00
1.007737047539283726e+00
1.014382767841174315e+00
1.005555853721105786e+00
1.008029480815257450e+00
1.013651682942103394e+00
1.008754476752005358e+00
1.006254382139055936e+00
1.014577109591098258e+00
1.005950972321853820e+00
1.018223762244345076e+00
1.012594750796220522e+00
9.955813971552007757e-01
1.008691253961329748e+00
1.009314236426400946e+00
1.008391567221276874e+00
1.008763370486387867e+00
1.007771592448354347e+00
9.990390340849268913e-01
1.010639602270763326e+00
1.001661661894861499e+00
9.979772998355419533e-01
9.983890879926378137e-01
9.922375726637577831e-01
1.000643649122803014e+00
1.002595664875506332e+00
1.005485557256816875e+00
9.965107059749449547e-01
9.952599793217168367e-01
1.000902615053680389e+00
1.004381130322121063e+00
1.004576593979566335e+00
9.937194726079278118e-01
9.997619221819040725e-01
1.003288037356206086e+00
9.954938474533190362e-01
9.962175488678406410e-01
9.917617377066347828e-01
9.970857684188388914e-01
1.004007742483187915e+00
9.934231697181017395e-01
9.899828814323786697e-01
9.979075190245276783e-01
1.005478826040118401e+00
9.985302758501756193e-01
1.001390775599988903e+00
9.959211199976085727e-01
1.005318085925199556e+00
9.950931461045229298e-01
9.996799371839948378e-01
1.004421592576682620e+00
1.003912945324256345e+00
9.982251441489728983e-01
1.007074074603823366e+00
9.998812219332190443e-01
1.006978590066769153e+00
9.969253341031959481e-01
9.979490555882795100e-01
9.879539960846160929e-01
9.959308189495227337e-01
9.957872831781062750e-01
1.003432308643836146e+00
1.000554848889036785e+00
9.973624371784162168e-01
1.002315532159234968e+00
1.001926805209551574e+00
1.009255322071892946e+00
1.007883324160389504e+00
9.963349604197027087e-01
9.972548060215195020e-01
1.000021867457405955e+00
1.002697539493006218e+00
9.982260118419001849e-01
1.004231416492179951e+00
1.002294677366156961e+00
1.000163830705686152e+00
1.002244151233405489e+00
1.003535159352475947e+00
9.984114999761812825e-01
9.995702216748112434e-01
1.003435695530446869e+00
9.990220877792832521e-01
9.999236312479423683e-01
1.001558387539008166e+00
1.005256150329977505e+00
9.998169362574611529e-01
9.953587856074170848e-01
9.948935410896437848e-01
9.929170026219457101e-01
9.944226534536548812e-01
9.931034511252847530e-01
9.907712021370065347e-01
1.001546494271428500e+00
9.924278049296992865e-01
9.926390172338996898e-01
9.903535853850077286e-01
9.956962546017505966e-01
9.878558718381011960e-01
9.914857807084411778e-01
9.890931139092838942e-01
9.917967587936761253e-01
9.925968713545298971e-01
9.936143360705024241e-01
9.965773166212203993e-01
9.969480641147684397e-01
9.973246360904649555e-01
9.925897571371481432e-01
9.993504156391577187e-01
9.869880771229200267e-01
9.924223793466476762e-01
9.934562853581397901e-01
9.908197931264073333e-01
9.856557259442689789e-01
9.927100288013681606e-01
9.883819767988205607e-01
9.946868047113571754e-01
9.937337710447317063e-01
9.949913234232946602e-01
9.927943212298305786e-01
9.927699931952218559e-01
9.957373919288583508e-01
9.958864117232936186e-01
9.947730536682086733e-01
9.934296874150512213e-01
9.918619634763948811e-01
9.940081785935389602e-01
9.900313468387986759e-01
9.925126702533875189e-01
9.898107591709809361e-01
9.885478436281007752e-01
9.912577070649949418e-01
9.975946423150431341e-01
9.952273336180990082e-01
9.952650816588526350e-01
9.931492905426435591e-01
9.961516947086527241e-01
9.992246771300392627e-01
9.944534219613929693e-01
9.949736740359939047e-01
9.984796670513186312e-01
9.919532593833694234e-01
9.950545943890487521e-01
9.945787438181320494e-01
9.930308889281005413e-01
9.972358967768342186e-01
9.898580836278837447e-01
9.997330696093246205e-01
9.925432631773050129e-01
9.948783000145340338e-01
9.943650520302105278e-01
9.954705242457129177e-01
9.947427911712161119e-01
9.914532872374416383e-01
9.916129666254038799e-01
9.935484432618828521e-01
9.901177065811955780e-01
9.907949714150263709e-01
9.879151414309756962e-01
9.898138814616276315e-01
9.897482860847216513e-01
9.945507878119184131e-01
9.926962142449252680e-01
9.947825104158849463e-01
9.943648858554438030e-01
9.929381103814053366e-01
9.898617152549636922e-01
9.916443014746469942e-01
9.938839519763040808e-01
9.904780211518134925e-01
9.912089853824039842e-01
9.939919156452383664e-01
9.945758907048638520e-01
9.893196184006275429e-01
9.964880281833713438e-01
9.857271110924038515e-01
9.902419288880047743e-01
9.928333866590983714e-01
9.927481387558076964e-01
9.944018858395695659e-01
9.913486145529493143e-01
9.955803228101731683e-01
9.918802398754144045e-01
9.884951692634436071e-01
9.973319205942359211e-01
9.960075634159131219e-01
9.954923544397936697e-01
9.916503536909071492e-01
9.925975544478172763e-01
9.959381792542224554e-01
9.917566078849102684e-01
9.936323975641411232e-01
9.951131627449303352e-01
9.940719212693310824e-01
9.907329134649519586e-01
9.973038023392529761e-01
9.879677803480695353e-01
9.958231679990534602e-01
9.900912279654298098e-01
9.955523344700649702e-01
9.897411602071108927e-01
9.941408980504635728e-01
9.926881609660710426e-01
9.872604680897627549e-01
9.961048116014085130e-01
9.920062827114333182e-01
9.902669351108455142e-01
9.956409560559417171e-01
9.948853490638480679e-01
9.920496473123691095e-01
9.927186309580451340e-01
9.910441382719452630e-01
9.913827762618762085e-01
9.894853638031788634e-01
9.966188321009699091e-01
9.923516231586675396e-01
9.954054556063427484e-01
9.885940562983993596e-01
9.915945031749076044e-01
9.932886610441454822e-01
9.941297917511501270e-01
9.941048439519684088e-01
9.948816785200967905e-01
9.948250599824230989e-01
9.985559713115726987e-01
9.972182579007329295e-01
9.997312729348990512e-01
9.956516197796666523e-01
9.986094413828204841e-01
9.925480018976834407e-01
