0.000000000000000000e+00
0.000000000000000000e+00
0.000000000000000000e+00
0.000000000000000000e+00
0.000000000000000000e+00
0.000000000000000000e+00
0.000000000000000000e+00
0.000000000000000000e+00
0.000000000000000000e+00
0.000000000000000000e+00
0.000000000000000000e+00
0.000000000000000000e+00
0.000000000000000000e+00
0.000000000000000000e+00
0.000000000000000000e+00
0.000000000000000000e+00
0.000000000000000000e+00
0.000000000000000000e+00
0.000000000000000000e+00
0.000000000000000000e+00
0.000000000000000000e+00
0.000000000000000000e+00
0.000000000000000000e+00
0.000000000000000000e+00
1.099195868688206948e-03
9.132171109978083623e-03
9.207682602360320323e-02
2.538909925150601432e-01
5.450744073161700731e-01
1.114549247980076929e+00
1.648409419238754836e+00
1.919138386946097619e+00
2.030876576257098165e+00
1.857944627277579919e+00
1.636497338019058834e+00
1.253971426612105367e+00
9.920546595680358459e-01
8.094096433160433701e-01
7.665752934274494557e-01
7.603960400757125981e-01
7.965272269507774894e-01
8.731616721342211340e-01
9.534768577808655499e-01
1.062532836219698851e+00
1.119614528184658342e+00
1.236684724986153228e+00
1.276229945777745955e+00
1.328931540139151268e+00
1.483967381010976583e+00
1.552266731302000657e+00
1.624137249304465458e+00
1.738321835324699416e+00
1.833135025099603688e+00
1.800521747030789710e+00
1.887456104676852098e+00
1.824124524640841294e+00
1.788859384648380235e+00
1.711214254059583162e+00
1.577821208537032893e+00
1.529146317201694139e+00
1.398610176692367313e+00
1.360301821528142607e+00
1.305296454109917459e+00
1.259763515308627291e+00
1.252251473544700788e+00
1.199080500125872639e+00
1.192088483206854121e+00
1.232919410980098052e+00
1.190856794736747881e+00
1.209293863443532402e+00
1.208157133090863367e+00
1.206481384632997589e+00
1.204688837861217721e+00
1.204134450868424411e+00
1.200441043525736884e+00
1.209947967392080548e+00
1.196788960267253898e+00
1.186868192350261531e+00
1.185199636189135708e+00
1.159643061697660738e+00
1.162374612148431741e+00
1.141476324421175637e+00
1.132780800141309774e+00
1.102403963032119849e+00
1.079793247658149768e+00
1.077701078690432412e+00
1.104608111900517331e+00
1.095190687799265206e+00
1.077489311501080405e+00
1.064832035428961543e+00
1.069306831312657469e+00
1.086337548325492453e+00
1.062976360640901730e+00
1.048210774556006086e+00
1.056513786623779261e+00
1.069956880947202871e+00
1.032165498406616644e+00
1.034286307958244056e+00
1.047670859362118678e+00
1.040448603276361572e+00
1.026771626428811812e+00
1.023421095978603867e+00
1.012782278056328256e+00
1.020287273010003881e+00
1.015718886040143598e+00
9.984521362602168937e-01
1.007715876404884359e+00
9.979057414160390493e-01
1.001961525644748940e+00
9.879271839792849175e-01
9.992563957656750429e-01
9.949479108766869917e-01
1.009664629641612965e+00
9.991742495135964575e-01
1.013406944291367573e+00
1.005630050992885716e+00
1.007304692228698340e+00
1.011357860672116749e+00
9.929038865011194925e-01
1.011705973778781020e+00
9.933479065979803346e-01
9.940053780153745855e-01
1.007833107713455245e+00
1.008581021868530270e+00
1.009345252062577414e+00
9.925701008336662579e-01
9.957433506952391156e-01
9.919975742550356523e-01
9.904053446085504531e-01
1.002240264880726262e+00
1.002554454316734400e+00
9.919056264794959832e-01
1.010254229091916978e+00
1.000359684260824222e+00
9.995470419565289921e-01
9.886218650491467308e-01
1.000007998308557466e+00
1.002513046568736410e+00
1.011997071284185257e+00
9.993713135472942488e-01
9.948233964799901852e-01
1.005431205608644518e+00
1.001215888481823857e+00
1.004358344472599640e+00
1.008582338291562630e+00
1.006517531864628001e+00
9.902409526528260786e-01
1.009677295840952782e+00
1.002348882026426358e+00
9.979894226017772541e-01
9.998623770996066806e-01
9.947852873450521161e-01
9.942948437939681527e-01
9.937607061321276358e-01
9.981607026928370763e-01
1.001410530805023402e+00
9.960361187477773104e-01
9.937761919896861418e-01
9.928071643305783622e-01
9.880750314450590377e-01
9.901460832577606563e-01
9.979851407150454046e-01
9.915126782966011687e-01
9.968487225730283674e-01
9.996898767077113668e-01
9.947044802490574433e-01
9.981213411529367141e-01
9.945416323203690734e-01
9.952295572028910797e-01
9.876783534515035656e-01
9.924022803764157574e-01
9.908691360613832710e-01
9.959797894341594349e-01
9.907136946103960451e-01
9.969664174025453240e-01
9.908006977217017619e-01
9.932468515285711730e-01
9.867784572142471733e-01
9.828153854334564787e-01
9.907782163405167708e-01
1.001644121859642356e+00
9.990303480012181492e-01
9.986920029372976515e-01
9.929124409476246527e-01
9.948757645311311348e-01
9.959912568272860645e-01
9.946731779468290791e-01
9.941899017325713794e-01
9.945894347910438915e-01
9.918012866853299636e-01
9.942535529030440689e-01
9.873696914812728487e-01
9.929154962859984002e-01
9.837015375525661742e-01
9.948757003067145721e-01
9.911466719987043206e-01
9.826395440848874063e-01
9.865862066071063863e-01
9.843913708332658885e-01
9.937138567187792093e-01
9.852871635614731671e-01
9.914592423833856749e-01
9.921994857376037480e-01
9.912201465901639974e-01
9.887292377910047447e-01
9.883648648472471709e-01
9.862589257052060132e-01
9.805306247611321746e-01
9.920041235984015104e-01
9.937123846016727713e-01
9.907715424413243710e-01
9.973714424338966378e-01
9.944802219678440247e-01
9.964489916316966456e-01
9.903780498658254494e-01
9.900603329519737095e-01
1.004108339982701326e+00
9.952590801027262346e-01
9.950297790705852075e-01
9.972012436470034658e-01
9.893033508204270854e-01
9.938272276883232115e-01
9.971103328309298686e-01
9.884189857655566458e-01
9.898455190262228642e-01
9.966193304430387423e-01
9.969067681707824979e-01
9.911327362759634330e-01
1.006641361830302728e+00
9.885667585417299286e-01
9.955701748442538079e-01
9.980202001226120556e-01
9.933843187149207221e-01
9.979409427233484342e-01
9.994678785824091527e-01
9.976847097112201412e-01
9.963678137611863272e-01
9.896913440618733127e-01
9.996460067669528105e-01
9.989774593859332974e-01
9.993008181546907398e-01
9.999126935163437091e-01
1.000155092846543692e+00
1.001984672330979764e+00
1.001267262642929090e+00
9.999041905015759735e-01
1.004296938960062446e+00
9.946142565044523431e-01
9.980166799591554394e-01
9.991702100438388801e-01
1.004522021255843001e+00
1.002172817454985765e+00
9.998188936441572139e-01
1.002235477658976137e+00
1.006743150246203644e+00
1.005771982207385840e+00
9.996600982807029023e-01
9.985588033003474084e-01
9.981062351256428933e-01
1.001139099450468306e+00
9.953151612595823039e-01
9.978787364531215287e-01
9.936133993861246960e-01
9.960177265941095870e-01
1.001121008812639213e+00
9.931631971744019349e-01
9.940208642864002409e-01
9.955203906588840912e-01
9.999357174543430649e-01
1.000687611897262963e+00
9.992907563275872374e-01
9.989884060422198342e-01
9.926207052382767237e-01
9.981844427314346957e-01
9.979572601001768239e-01
9.964290370141245523e-01
1.002000344918464902e+00
9.978423815177439593e-01
9.955558752413636858e-01
9.955233938955488915e-01
9.967408770453262123e-01
9.966252153851139495e-01
9.953451474370497154e-01
9.948875523431276457e-01
9.953167370520367152e-01
1.001924916499889573e+00
9.928285556530440648e-01
9.967754857797117563e-01
9.991772105680348792e-01
9.985773182426102013e-01
9.958585664850349017e-01
9.985197689206727345e-01
9.950513416017481294e-01
9.954141346905751586e-01
9.945393182086266215e-01
9.955276722058118422e-01
9.949938699728659852e-01
9.950486549884164367e-01
9.957543112332232216e-01
9.977672626337265038e-01
9.986571839990719957e-01
9.916443250659103814e-01
9.928294057677274909e-01
9.974661834463882659e-01
9.977078773150651614e-01
9.949413229215723353e-01
9.961442834470197738e-01
9.964452131806921242e-01
9.982258983398289987e-01
9.960292767890596144e-01
9.949900815597378934e-01
9.947325560316959692e-01
9.976946456434254706e-01
9.984435120624499671e-01
9.965808106726570248e-01
9.968827823091398477e-01
9.951057503941651561e-01
9.947386949058791838e-01
9.994045146296277604e-01
9.955823914286663356e-01
1.000319618900336494e+00
9.950896375885348588e-01
9.990985876545647182e-01
9.980324709907456571e-01
9.985961040880431128e-01
9.937091863094980049e-01
9.997332071139710674e-01
1.001543126523841920e+00
9.974298822710523371e-01
9.969279520846762166e-01
9.945168831418652600e-01
9.972328279040679755e-01
9.972241544068045638e-01
9.959991832442227633e-01
9.964046474689391975e-01
9.941787791808059938e-01
9.948755806625344533e-01
1.002620195875693065e+00
9.935318201902327839e-01
9.968019879521742288e-01
9.924013206304379553e-01
9.964489176067162779e-01
1.000432392594916786e+00
9.968977224155454175e-01
9.943991271386718456e-01
9.993092315453235841e-01
9.924118313645534650e-01
1.000112971492963743e+00
9.947348436674622318e-01
9.930699175147872371e-01
9.978212769824040818e-01
1.000029719655711080e+00
9.951551333683399392e-01
