0.000000000000000000e+00
0.000000000000000000e+00
0.000000000000000000e+00
0.000000000000000000e+00
0.000000000000000000e+00
0.000000000000000000e+00
0.000000000000000000e+00
0.000000000000000000e+00
0.000000000000000000e+00
0.000000000000000000e+00
0.000000000000000000e+00
0.000000000000000000e+00
0.000000000000000000e+00
0.000000000000000000e+00
0.000000000000000000e+00
0.000000000000000000e+00
0.000000000000000000e+00
0.000000000000000000e+00
0.000000000000000000e+00
0.000000000000000000e+00
0.000000000000000000e+00
0.000000000000000000e+00
0.000000000000000000e+00
0.000000000000000000e+00
0.000000000000000000e+00
6.630562231536406802e-03
3.778241587011070546e-02
1.074473876619060214e-01
2.601046855858237805e-01
5.430905739640493612e-01
7.465881861297426481e-01
9.285764803580014437e-01
1.033717479427897157e+00
9.823860149695075039e-01
8.992353844128709861e-01
7.832321790176245413e-01
6.716949291437211977e-01
5.790369039911216209e-01
5.468879378863902296e-01
5.306036247459263722e-01
5.409220607790974356e-01
5.523380445217539458e-01
6.116736248474223814e-01
6.913250355380198275e-01
7.058285993609947351e-01
7.735172527584632807e-01
7.962902599181744812e-01
8.288287934770071086e-01
9.140147028567576770e-01
9.481214832492445010e-01
1.028780098002117116e+00
1.058124108593776480e+00
1.116397453683827701e+00
1.183753239904028698e+00
1.219440086132992374e+00
1.238456924698296158e+00
1.236153055739443785e+00
1.210485811543021928e+00
1.199502096217841984e+00
1.171233859252048592e+00
1.145885475780435092e+00
1.090069896737418498e+00
1.055722194847118711e+00
1.048069560207567141e+00
1.030972310043027251e+00
1.001124784434044512e+00
9.854937086203812147e-01
9.647370471123176694e-01
9.649807028338307502e-01
9.714032896895687941e-01
9.692677047661290013e-01
9.725154614023477917e-01
9.935798707134267937e-01
9.862529150044619941e-01
9.992179448567380939e-01
1.010456340190984070e+00
1.009887317128812967e+00
1.016852920901719415e+00
1.014471993388379012e+00
1.010523825113990970e+00
1.012804508876671061e+00
1.006929444350346925e+00
1.007862619667196258e+00
1.009889728724929547e+00
1.003827758449609364e+00
1.010113129477423932e+00
9.989511611074854969e-01
9.971305761489658304e-01
9.948826287391384637e-01
9.882619293765461110e-01
9.979292893159232847e-01
9.892308605231013852e-01
9.875736989760420803e-01
9.967258668360626794e-01
9.929029492044199046e-01
9.950216398205092849e-01
9.897158745221585896e-01
9.874529575653743230e-01
9.967011885663541459e-01
1.000052930483701807e+00
9.948316554608416240e-01
1.001920016447075623e+00
9.829078736515004522e-01
9.885299815471516593e-01
9.813955420317690415e-01
9.899089561058329600e-01
9.902983196139607536e-01
9.894686461124183596e-01
9.781605579726577737e-01
9.893679723678030502e-01
9.937632752376248657e-01
9.893047573655445737e-01
9.941770953740370897e-01
9.926482899021432660e-01
9.908438922171618479e-01
9.865410568220490672e-01
9.960963886747465912e-01
9.823370657622576552e-01
9.865670897683816998e-01
9.908669515232606528e-01
9.951172216781712931e-01
9.874773121553264144e-01
9.950280663520870705e-01
1.000291999246540220e+00
9.905149023357726623e-01
9.956840510565054814e-01
9.944103503482075723e-01
9.898504883126411080e-01
9.979870357990352492e-01
9.908814801533312178e-01
9.910237055514589111e-01
9.911812902309469209e-01
9.875370339779797613e-01
9.841881123292826050e-01
9.789590008416840794e-01
9.974790924521499402e-01
9.860864212862368028e-01
9.899714463622980576e-01
9.900278644727269484e-01
9.924524289102254482e-01
9.867600571895123185e-01
9.974468077936381460e-01
9.910923733071815844e-01
9.874270434707581590e-01
9.953008917146706214e-01
9.945773318850898992e-01
9.909988305833735689e-01
9.903376106633284826e-01
9.982229906824531263e-01
9.919332751989229369e-01
9.907303785583172484e-01
9.955857326539603314e-01
9.989025191150822103e-01
9.946861312439794212e-01
9.977762734273610823e-01
9.907047197036792374e-01
9.915054996883591043e-01
9.920991598134178968e-01
9.950151580781793070e-01
9.944033492709142275e-01
9.870853110272275188e-01
9.969129588326424152e-01
9.916023339355881649e-01
9.913098999401661615e-01
9.946530998769228527e-01
9.965718032764536716e-01
9.986240573170725998e-01
9.922924275271982619e-01
9.913091944381098308e-01
9.930046924850376433e-01
9.984147442630190161e-01
9.927148216279197968e-01
9.897103075339406253e-01
9.931770690022345693e-01
9.939070315110211107e-01
9.921651275292624472e-01
9.995344344287077076e-01
9.940205237639747615e-01
9.912945992647556048e-01
9.939104894048728100e-01
9.968454981129905024e-01
9.925670454801014397e-01
9.939291737413747940e-01
9.919618358109209000e-01
9.935645279252516282e-01
9.970126368471892153e-01
9.956665617761617515e-01
9.933677827598819121e-01
9.945902822126352349e-01
9.914088774563146744e-01
9.887237119481321335e-01
9.944883686957307622e-01
9.913527823004302242e-01
9.967244167546486233e-01
9.929111343727945460e-01
9.896876241788751249e-01
9.866928974360068549e-01
9.908595357719260921e-01
9.968201162812211358e-01
9.931692115121523168e-01
9.919341956690409523e-01
9.925455142361682137e-01
9.956686933354794711e-01
9.921468282869725375e-01
9.938967209296721839e-01
9.901146253869752556e-01
9.973735110217137878e-01
9.978523445756219967e-01
9.954835129329135945e-01
9.977772656625862879e-01
9.944431137074896121e-01
9.968666050506964638e-01
9.921928855394392954e-01
9.916742345195750374e-01
9.990954891771081092e-01
9.911517412146850781e-01
9.949669986522121645e-01
9.929137372504941439e-01
9.911828380124150240e-01
9.946813072054716542e-01
9.934297587304184995e-01
1.001733433596541767e+00
9.930709432525200997e-01
9.934608659176400458e-01
9.949693338776237628e-01
9.990408096554839190e-01
9.939047156144649176e-01
9.975745995575636682e-01
9.975402326335964798e-01
9.970529400509717810e-01
9.942016142969725134e-01
9.964126952913034962e-01
9.933578456641596333e-01
9.913163933689311813e-01
9.938578312678693072e-01
9.951541861529440425e-01
9.955035718983414883e-01
9.966056695901733820e-01
9.967971184805881624e-01
9.921336308801629311e-01
9.904435199241349297e-01
9.918355401491705248e-01
9.950605348767075364e-01
9.921294076887514635e-01
9.940234950523578750e-01
9.947806781513772734e-01
9.945703194324085894e-01
9.905241857539617278e-01
9.950782636992071550e-01
9.918653339950680436e-01
9.929694068503241988e-01
9.957393955989172207e-01
9.956978785350314443e-01
9.954350452903614199e-01
9.956884305434510196e-01
9.949063760183530780e-01
9.897502900627683786e-01
9.913675076871059089e-01
9.925429430282641796e-01
9.978084374197155881e-01
9.947180055911435392e-01
9.935761274547287858e-01
9.948729453028812841e-01
9.953284650014935231e-01
9.937478682742951763e-01
1.000119940801721619e+00
9.953932794522653005e-01
9.953122456532784712e-01
9.932907789085791972e-01
9.930620912016810964e-01
9.975423234765861125e-01
9.934519144927650425e-01
9.964657266588107243e-01
9.985309826434560776e-01
9.933159380309845021e-01
9.980923215246859659e-01
9.946648539470166472e-01
9.977219002631835254e-01
9.974250902062117285e-01
9.974678861876893343e-01
