0.000000000000000000e+00
0.000000000000000000e+00
0.000000000000000000e+00
0.000000000000000000e+00
0.000000000000000000e+00
0.000000000000000000e+00
0.000000000000000000e+00
0.000000000000000000e+00
0.000000000000000000e+00
0.000000000000000000e+00
0.000000000000000000e+00
0.000000000000000000e+00
0.000000000000000000e+00
0.000000000000000000e+00
0.000000000000000000e+00
0.000000000000000000e+00
0.000000000000000000e+00
0.000000000000000000e+00
0.000000000000000000e+00
0.000000000000000000e+00
0.000000000000000000e+00
3.438580359114624257e-02
1.039036869887454140e+00
3.436782562772780381e+00
3.391391650794580492e+00
1.875516344247835976e+00
8.511173522533953539e-01
3.847886673181659667e-01
2.182164635818359677e-01
2.293064650525115378e-01
3.759399537012671488e-01
5.656865758597170446e-01
7.105931294386884645e-01
7.952117043099545812e-01
8.199149524566635705e-01
8.292831185387036230e-01
8.466007368440326974e-01
8.808329216067017908e-01
9.501767809867844861e-01
1.025509099237870148e+00
1.078544062077154475e+00
1.119354754655354611e+00
1.156518614850306381e+00
1.192159383285826602e+00
1.213868346907793772e+00
1.222332753484556944e+00
1.214650817475435574e+00
1.186593912228669279e+00
1.142472577307781734e+00
1.094055481561410748e+00
1.040575683200969825e+00
1.005183894272713374e+00
9.758637933372855677e-01
9.627005179292800197e-01
9.615164916135350293e-01
9.617403009702406580e-01
9.618268520691507506e-01
9.654457417466474345e-01
9.689326400462017208e-01
9.682887392936421200e-01
9.695603124734378797e-01
9.721747033221376233e-01
9.740034326658523200e-01
9.781631204816799707e-01
9.810979880189393265e-01
9.876530791712535562e-01
9.881326192613125725e-01
9.936794153414191255e-01
9.957612963607525014e-01
9.981253124215202499e-01
9.993874650064982212e-01
9.996827166087739469e-01
1.000143826219460186e+00
9.982165173219804677e-01
9.999045058306774703e-01
1.001797589794698684e+00
1.004030287518344888e+00
1.008628103214959548e+00
1.007991165606835882e+00
1.011520394138541779e+00
1.011487741865637835e+00
1.012999040523708150e+00
1.012482024099126132e+00
1.011345938638866127e+00
1.009823756203347189e+00
1.006508099523489186e+00
1.004815907443264100e+00
1.002765525531605473e+00
1.001260854802282108e+00
9.977796646650060053e-01
9.963751249610642846e-01
9.962125733575175612e-01
9.941068156655348265e-01
9.931207457906838787e-01
9.931324873865690073e-01
9.926909919565561902e-01
9.936206571361173578e-01
9.927781086994805770e-01
9.941863020639191140e-01
9.959596171358865435e-01
9.964085770588023694e-01
9.987068005700713291e-01
9.991510652117596702e-01
9.999666380123691800e-01
1.000056615014040196e+00
1.003697919299869845e+00
1.003318638905572824e+00
1.002233286784095956e+00
1.003785152361998501e+00
1.003507401816104760e+00
1.003588940339779301e+00
1.002865552050467457e+00
1.001576842404060752e+00
1.000201951449929627e+00
1.000026986873445045e+00
1.001485504276997895e+00
9.999304557884914901e-01
9.999119435634823416e-01
9.997207725191031846e-01
9.983509624488626777e-01
1.000127707098585672e+00
9.994926957538664558e-01
1.000066783017977468e+00
9.992555915939133060e-01
9.983032611936009104e-01
1.000529620979699663e+00
9.991593972789168943e-01
9.984231897775805997e-01
9.995606431032187933e-01
9.991929706748458040e-01
9.999817053167429082e-01
1.000993353594509916e+00
1.000287562758447546e+00
9.991385692731403756e-01
1.000298523502594961e+00
1.000234578481217662e+00
1.000056405171849239e+00
9.998648254527939816e-01
1.000455036580226054e+00
1.000277897976958430e+00
1.000681690209624053e+00
9.993197527963252336e-01
1.000025483660662129e+00
1.001234859495036211e+00
1.000167620262421453e+00
9.990722800853940599e-01
9.995528995772033909e-01
9.995521239216362819e-01
1.000572514175746219e+00
9.996033414322716970e-01
1.001185784065500295e+00
9.999659594809727770e-01
9.995150238175242174e-01
9.995555210692640413e-01
1.000139655884233258e+00
1.000203678058940504e+00
1.000123939119730743e+00
9.996559399895649234e-01
9.994464435841849959e-01
9.998779384334465226e-01
1.000278367955088177e+00
9.997246948436332437e-01
1.000213312393092080e+00
1.000185349493109443e+00
9.996247800818410800e-01
9.997349823506409550e-01
9.997141893565716364e-01
9.998305272535806809e-01
1.000038425219028637e+00
9.998990355500890770e-01
1.000521140388870966e+00
1.000076772729392438e+00
1.000349414942062420e+00
1.000006624654012022e+00
9.995031695600262722e-01
1.000049277737787179e+00
1.000074832460940311e+00
1.000323683644091410e+00
1.000060415447618922e+00
1.000058134452515679e+00
1.000126432832125101e+00
9.996420651597697216e-01
9.998906246439500656e-01
1.000157712492722561e+00
9.996808718675282979e-01
1.000125120382621802e+00
9.994894394057419751e-01
9.993101878469554666e-01
9.998567472101302922e-01
9.991810198061067405e-01
1.000549692553982961e+00
9.994360529258475845e-01
9.998230137080413860e-01
9.999343051817061179e-01
9.994849300453853003e-01
9.990144505612964521e-01
1.000552277162819914e+00
9.998559327392416707e-01
1.000126664077699568e+00
1.000233295011347723e+00
9.998455666489465266e-01
9.994372987518931328e-01
1.000276887787910018e+00
9.998147577970774025e-01
9.999634047617546040e-01
9.999204136335984039e-01
9.994185886634047167e-01
9.999877977509846749e-01
1.000195362841406421e+00
9.995214524010835877e-01
9.992739392497358430e-01
1.000077221951953144e+00
9.998886908750634905e-01
9.993637264309724877e-01
9.999678908135959388e-01
9.998423807343120862e-01
9.999942397941117278e-01
1.000361006603589953e+00
1.000336106789510460e+00
1.000322108400738541e+00
9.999901326107776267e-01
1.000051434630164771e+00
9.997043953467810162e-01
9.993323098920308123e-01
1.000126776492789249e+00
9.996101073118571767e-01
9.998978071739424989e-01
1.000342227560346631e+00
1.000639589654650941e+00
1.000403843384030544e+00
9.998279266838472346e-01
1.000304914916982701e+00
9.998252615035898572e-01
1.000553437025677006e+00
9.999419207980565494e-01
1.000172560653672882e+00
1.000268198932311003e+00
1.000199558740902495e+00
1.000159440219531071e+00
1.000641629884998052e+00
9.996720939045264931e-01
9.997639720037539979e-01
9.994215337082466011e-01
1.000128456951390854e+00
9.999283528007087973e-01
1.000198294967886259e+00
9.996425730791846931e-01
1.000085250458224495e+00
9.996935941331267506e-01
9.997085134320280453e-01
9.997549333308007879e-01
1.000868763823418606e+00
1.000090918124843631e+00
1.000284753148178662e+00
1.000260186040599297e+00
9.999088057872157487e-01
9.996906802979802498e-01
1.000338277210194970e+00
9.999264789743264048e-01
1.000559789194761073e+00
9.997691436316958891e-01
9.997712531691417270e-01
9.992521327284975552e-01
9.994516049476933617e-01
1.000074321830862090e+00
9.998665884264671400e-01
1.000193449503789855e+00
1.000372152332050124e+00
9.999808852089649980e-01
9.998162579897402757e-01
1.000284378129730589e+00
9.998379951968677792e-01
1.000178373779342600e+00
1.000470875454091635e+00
9.996868430302405795e-01
9.998150117399535741e-01
1.000007220532102004e+00
1.000035150055704758e+00
1.000209419270287059e+00
9.999711681631523463e-01
