5.008459665873428272e-03
1.502537899762028395e-02
2.504229832936714223e-02
3.505921766111400051e-02
4.507613699286085185e-02
5.509305632460771013e-02
6.510997565635456841e-02
7.512689498810143363e-02
8.514381431984827109e-02
9.516073365159513631e-02
1.051776529833420015e-01
1.151945723150888390e-01
1.252114916468357042e-01
1.352284109785825694e-01
1.452453303103294346e-01
1.552622496420762721e-01
1.652791689738231373e-01
1.752960883055699748e-01
1.853130076373168400e-01
1.953299269690637052e-01
2.053468463008105704e-01
2.153637656325574079e-01
2.253806849643042731e-01
2.353976042960511106e-01
2.454145236277979758e-01
2.554314429595448410e-01
2.654483622912917062e-01
2.754652816230385715e-01
2.854822009547853812e-01
2.954991202865322464e-01
3.055160396182791116e-01
3.155329589500259768e-01
3.255498782817728420e-01
3.355667976135197073e-01
3.455837169452665725e-01
3.556006362770134377e-01
3.656175556087602474e-01
3.756344749405071126e-01
3.856513942722539778e-01
3.956683136040008431e-01
4.056852329357477083e-01
4.157021522674945180e-01
4.257190715992413832e-01
4.357359909309882484e-01
4.457529102627351136e-01
4.557698295944819789e-01
4.657867489262288441e-01
4.758036682579757093e-01
4.858205875897225190e-01
4.958375069214693842e-01
5.058544262532163049e-01
5.158713455849630591e-01
5.258882649167100354e-01
5.359051842484567896e-01
5.459221035802037658e-01
5.559390229119505200e-01
5.659559422436974963e-01
5.759728615754442504e-01
5.859897809071910046e-01
5.960067002389379809e-01
6.060236195706847351e-01
6.160405389024317113e-01
6.260574582341784655e-01
6.360743775659254418e-01
6.460912968976721960e-01
6.561082162294191722e-01
6.661251355611659264e-01
6.761420548929129026e-01
6.861589742246596568e-01
6.961758935564066331e-01
7.061928128881533873e-01
7.162097322199001415e-01
7.262266515516471177e-01
7.362435708833938719e-01
7.462604902151408481e-01
7.562774095468876023e-01
7.662943288786345786e-01
7.763112482103813328e-01
7.863281675421283090e-01
7.963450868738750632e-01
8.063620062056220394e-01
8.163789255373687936e-01
8.263958448691157699e-01
8.364127642008625241e-01
8.464296835326092783e-01
8.564466028643562545e-01
8.664635221961030087e-01
8.764804415278499850e-01
8.864973608595967391e-01
8.965142801913437154e-01
9.065311995230904696e-01
9.165481188548374458e-01
9.265650381865842000e-01
9.365819575183311763e-01
9.465988768500779305e-01
9.566157961818247957e-01
9.666327155135716609e-01
9.766496348453184151e-01
9.866665541770653913e-01
9.966834735088121455e-01
1.006700392840559122e+00
1.016717312172306098e+00
1.026734231504052630e+00
1.036751150835799606e+00
1.046768070167546583e+00
1.056784989499293337e+00
1.066801908831040091e+00
1.076818828162787067e+00
1.086835747494534044e+00
1.096852666826280798e+00
1.106869586158027552e+00
1.116886505489774528e+00
1.126903424821521504e+00
1.136920344153268259e+00
1.146937263485015013e+00
1.156954182816761989e+00
1.166971102148508743e+00
1.176988021480255497e+00
1.187004940812002474e+00
1.197021860143749450e+00
1.207038779475496204e+00
1.217055698807242958e+00
1.227072618138989935e+00
1.237089537470736911e+00
1.247106456802483665e+00
1.257123376134230419e+00
1.267140295465977395e+00
1.277157214797724372e+00
1.287174134129470904e+00
1.297191053461217880e+00
1.307207972792964856e+00
1.317224892124711610e+00
1.327241811456458365e+00
1.337258730788205341e+00
1.347275650119952317e+00
1.357292569451699071e+00
1.367309488783445826e+00
1.377326408115192802e+00
1.387343327446939778e+00
1.397360246778686532e+00
1.407377166110433286e+00
1.417394085442180263e+00
1.427411004773927017e+00
1.437427924105673771e+00
1.447444843437420747e+00
1.457461762769167724e+00
1.467478682100914478e+00
1.477495601432661232e+00
1.487512520764408208e+00
1.497529440096155184e+00
1.507546359427901939e+00
1.517563278759648693e+00
1.527580198091395669e+00
1.537597117423142645e+00
1.547614036754889177e+00
1.557630956086636154e+00
1.567647875418383130e+00
1.577664794750129884e+00
1.587681714081876638e+00
1.597698633413623615e+00
1.607715552745370591e+00
1.617732472077117345e+00
1.627749391408864099e+00
1.637766310740611075e+00
1.647783230072358052e+00
1.657800149404104806e+00
1.667817068735851560e+00
1.677833988067598536e+00
1.687850907399345290e+00
1.697867826731092045e+00
1.707884746062839021e+00
1.717901665394585997e+00
1.727918584726332751e+00
1.737935504058079506e+00
1.747952423389826482e+00
1.757969342721573458e+00
1.767986262053320212e+00
1.778003181385066966e+00
1.788020100716813943e+00
1.798037020048560919e+00
1.808053939380307451e+00
1.818070858712054427e+00
1.828087778043801404e+00
1.838104697375548158e+00
1.848121616707294912e+00
1.858138536039041888e+00
1.868155455370788864e+00
1.878172374702535619e+00
1.888189294034282373e+00
1.898206213366029349e+00
1.908223132697776325e+00
1.918240052029522857e+00
1.928256971361269834e+00
1.938273890693016810e+00
1.948290810024763564e+00
1.958307729356510318e+00
1.968324648688257295e+00
1.978341568020004271e+00
1.988358487351751025e+00
1.998375406683497779e+00
2.008392326015244755e+00
2.018409245346991732e+00
2.028426164678738708e+00
2.038443084010485240e+00
2.048460003342232216e+00
2.058476922673978748e+00
2.068493842005725725e+00
2.078510761337472701e+00
2.088527680669219677e+00
2.098544600000966653e+00
2.108561519332713186e+00
2.118578438664460162e+00
2.128595357996207138e+00
2.138612277327953670e+00
2.148629196659700646e+00
2.158646115991447623e+00
2.168663035323194599e+00
2.178679954654941575e+00
2.188696873986688107e+00
2.198713793318435084e+00
2.208730712650181616e+00
2.218747631981928592e+00
2.228764551313675568e+00
2.238781470645422544e+00
2.248798389977169521e+00
2.258815309308916053e+00
2.268832228640663029e+00
2.278849147972410005e+00
2.288866067304156537e+00
2.298882986635903514e+00
2.308899905967650490e+00
2.318916825299397466e+00
2.328933744631143998e+00
2.338950663962890975e+00
2.348967583294637951e+00
2.358984502626384483e+00
2.369001421958131459e+00
2.379018341289878435e+00
2.389035260621625412e+00
2.399052179953372388e+00
2.409069099285118920e+00
2.419086018616865896e+00
2.429102937948612873e+00
2.439119857280359405e+00
2.449136776612106381e+00
2.459153695943853357e+00
2.469170615275600333e+00
2.479187534607346866e+00
2.489204453939093842e+00
2.499221373270840818e+00
2.509238292602587350e+00
2.519255211934334326e+00
2.529272131266081303e+00
2.539289050597828279e+00
2.549305969929575255e+00
2.559322889261321787e+00
2.569339808593068764e+00
2.579356727924815296e+00
2.589373647256562272e+00
2.599390566588309248e+00
2.609407485920056224e+00
2.619424405251803201e+00
2.629441324583549733e+00
2.639458243915296709e+00
2.649475163247043685e+00
2.659492082578790217e+00
2.669509001910537194e+00
2.679525921242284170e+00
2.689542840574031146e+00
2.699559759905777678e+00
2.709576679237524655e+00
2.719593598569271631e+00
2.729610517901018163e+00
2.739627437232765139e+00
2.749644356564512115e+00
2.759661275896259092e+00
2.769678195228006068e+00
2.779695114559752600e+00
2.789712033891499576e+00
2.799728953223246553e+00
