5.008901782252996385e-03
1.502670534675898915e-02
2.504450891126498019e-02
3.506231247577097643e-02
4.508011604027696573e-02
5.509791960478295503e-02
6.511572316928895821e-02
7.513352673379494751e-02
8.515133029830093681e-02
9.516913386280692611e-02
1.051869374273129154e-01
1.152047409918189186e-01
1.252225445563249218e-01
1.352403481208309111e-01
1.452581516853369004e-01
1.552759552498428897e-01
1.652937588143488790e-01
1.753115623788548683e-01
1.853293659433608576e-01
1.953471695078668469e-01
2.053649730723728362e-01
2.153827766368788532e-01
2.254005802013848425e-01
2.354183837658908318e-01
2.454361873303968489e-01
2.554539908949028382e-01
2.654717944594088275e-01
2.754895980239148168e-01
2.855074015884208061e-01
2.955252051529267954e-01
3.055430087174327847e-01
3.155608122819387740e-01
3.255786158464447633e-01
3.355964194109507526e-01
3.456142229754567419e-01
3.556320265399627312e-01
3.656498301044687205e-01
3.756676336689747098e-01
3.856854372334806991e-01
3.957032407979866884e-01
4.057210443624926777e-01
4.157388479269987225e-01
4.257566514915047118e-01
4.357744550560107011e-01
4.457922586205166904e-01
4.558100621850226797e-01
4.658278657495286690e-01
4.758456693140346583e-01
4.858634728785406476e-01
4.958812764430466924e-01
5.058990800075526817e-01
5.159168835720586710e-01
5.259346871365646603e-01
5.359524907010706496e-01
5.459702942655766389e-01
5.559880978300826282e-01
5.660059013945886175e-01
5.760237049590946068e-01
5.860415085236005961e-01
5.960593120881065854e-01
6.060771156526125747e-01
6.160949192171185640e-01
6.261127227816245533e-01
6.361305263461305426e-01
6.461483299106365319e-01
6.561661334751425212e-01
6.661839370396485105e-01
6.762017406041544998e-01
6.862195441686604891e-01
6.962373477331664784e-01
7.062551512976724677e-01
7.162729548621784570e-01
7.262907584266844463e-01
7.363085619911904356e-01
7.463263655556964249e-01
7.563441691202024142e-01
7.663619726847084035e-01
7.763797762492143928e-01
7.863975798137203821e-01
7.964153833782263714e-01
8.064331869427323607e-01
8.164509905072384610e-01
8.264687940717444503e-01
8.364865976362504396e-01
8.465044012007564289e-01
8.565222047652624182e-01
8.665400083297684075e-01
8.765578118942743968e-01
8.865756154587803861e-01
8.965934190232863754e-01
9.066112225877923647e-01
9.166290261522983540e-01
9.266468297168043433e-01
9.366646332813103326e-01
9.466824368458163219e-01
9.567002404103223112e-01
9.667180439748283005e-01
9.767358475393342898e-01
9.867536511038402791e-01
9.967714546683463794e-01
1.006789258232852369e+00
1.016807061797358358e+00
1.026824865361864347e+00
1.036842668926370337e+00
1.046860472490876326e+00
1.056878276055382315e+00
1.066896079619888305e+00
1.076913883184394294e+00
1.086931686748900283e+00
1.096949490313406272e+00
1.106967293877912262e+00
1.116985097442418251e+00
1.127002901006924240e+00
1.137020704571430230e+00
1.147038508135936219e+00
1.157056311700442208e+00
1.167074115264948198e+00
1.177091918829454187e+00
1.187109722393960176e+00
1.197127525958466165e+00
1.207145329522972155e+00
1.217163133087478144e+00
1.227180936651984133e+00
1.237198740216490123e+00
1.247216543780996112e+00
1.257234347345502101e+00
1.267252150910008091e+00
1.277269954474514080e+00
1.287287758039020069e+00
1.297305561603526058e+00
1.307323365168032048e+00
1.317341168732538037e+00
1.327358972297044026e+00
1.337376775861550016e+00
1.347394579426056005e+00
1.357412382990561994e+00
1.367430186555067984e+00
1.377447990119573973e+00
1.387465793684079962e+00
1.397483597248585951e+00
1.407501400813091941e+00
1.417519204377597930e+00
1.427537007942103919e+00
1.437554811506609909e+00
1.447572615071115898e+00
1.457590418635621887e+00
1.467608222200127877e+00
1.477626025764633866e+00
1.487643829329139855e+00
1.497661632893645844e+00
1.507679436458151834e+00
1.517697240022657823e+00
1.527715043587163812e+00
1.537732847151669802e+00
1.547750650716175791e+00
1.557768454280681780e+00
1.567786257845187770e+00
1.577804061409693759e+00
1.587821864974199748e+00
1.597839668538705737e+00
1.607857472103211727e+00
1.617875275667717938e+00
1.627893079232223927e+00
1.637910882796729917e+00
1.647928686361235906e+00
1.657946489925741895e+00
1.667964293490247885e+00
1.677982097054753874e+00
1.687999900619259863e+00
1.698017704183765852e+00
1.708035507748271842e+00
1.718053311312777831e+00
1.728071114877283820e+00
1.738088918441789810e+00
1.748106722006295799e+00
1.758124525570801788e+00
1.768142329135307778e+00
1.778160132699813767e+00
1.788177936264319756e+00
1.798195739828825745e+00
1.808213543393331735e+00
1.818231346957837724e+00
1.828249150522343713e+00
1.838266954086849703e+00
1.848284757651355692e+00
1.858302561215861681e+00
1.868320364780367671e+00
1.878338168344873660e+00
1.888355971909379649e+00
1.898373775473885638e+00
1.908391579038391628e+00
1.918409382602897617e+00
1.928427186167403606e+00
1.938444989731909596e+00
1.948462793296415585e+00
1.958480596860921574e+00
1.968498400425427564e+00
1.978516203989933553e+00
1.988534007554439542e+00
1.998551811118945754e+00
2.008569614683451743e+00
2.018587418247957732e+00
2.028605221812463721e+00
2.038623025376969711e+00
2.048640828941475700e+00
2.058658632505981689e+00
2.068676436070487679e+00
2.078694239634993668e+00
2.088712043199499657e+00
2.098729846764005647e+00
2.108747650328511636e+00
2.118765453893017625e+00
2.128783257457523614e+00
2.138801061022029604e+00
2.148818864586535593e+00
2.158836668151041582e+00
2.168854471715547572e+00
2.178872275280053561e+00
2.188890078844559550e+00
2.198907882409065540e+00
2.208925685973571529e+00
2.218943489538077518e+00
2.228961293102583507e+00
2.238979096667089497e+00
2.248996900231595486e+00
2.259014703796101475e+00
2.269032507360607465e+00
2.279050310925113454e+00
2.289068114489619443e+00
2.299085918054125433e+00
2.309103721618631422e+00
2.319121525183137411e+00
2.329139328747643400e+00
2.339157132312149390e+00
2.349174935876655379e+00
2.359192739441161368e+00
2.369210543005667358e+00
2.379228346570173347e+00
2.389246150134679336e+00
2.399263953699185326e+00
2.409281757263691315e+00
2.419299560828197304e+00
2.429317364392703293e+00
2.439335167957209283e+00
2.449352971521715272e+00
2.459370775086221261e+00
2.469388578650727251e+00
2.479406382215233240e+00
2.489424185779739229e+00
2.499441989344245219e+00
2.509459792908751208e+00
2.519477596473257197e+00
2.529495400037763186e+00
2.539513203602269176e+00
2.549531007166775165e+00
2.559548810731281154e+00
2.569566614295787144e+00
2.579584417860293133e+00
2.589602221424799122e+00
2.599620024989305112e+00
2.609637828553811101e+00
2.619655632118317090e+00
2.629673435682823079e+00
2.639691239247329069e+00
2.649709042811835058e+00
2.659726846376341047e+00
2.669744649940847037e+00
2.679762453505353026e+00
2.689780257069859015e+00
2.699798060634365005e+00
2.709815864198870994e+00
2.719833667763376983e+00
2.729851471327882972e+00
2.739869274892388962e+00
2.749887078456894951e+00
2.759904882021400940e+00
2.769922685585906930e+00
2.779940489150412919e+00
2.789958292714918908e+00
2.799976096279424898e+00
