0.000000000000000000e+00
0.000000000000000000e+00
0.000000000000000000e+00
0.000000000000000000e+00
0.000000000000000000e+00
0.000000000000000000e+00
0.000000000000000000e+00
0.000000000000000000e+00
0.000000000000000000e+00
0.000000000000000000e+00
0.000000000000000000e+00
0.000000000000000000e+00
0.000000000000000000e+00
0.000000000000000000e+00
0.000000000000000000e+00
0.000000000000000000e+00
0.000000000000000000e+00
0.000000000000000000e+00
0.000000000000000000e+00
0.000000000000000000e+00
0.000000000000000000e+00
0.000000000000000000e+00
0.000000000000000000e+00
0.000000000000000000e+00
0.000000000000000000e+00
0.000000000000000000e+00
5.333626866203088589e-03
1.058102758390210285e-01
5.357594064781954213e-01
1.200055645428248940e+00
1.723340513591716361e+00
1.996935339587017300e+00
2.007157059896779838e+00
2.003211864632869155e+00
1.953145209821612216e+00
1.742259461232382955e+00
1.630214857179691057e+00
1.438614744681442570e+00
1.297314100509776802e+00
1.196450871151594653e+00
1.117338616056566147e+00
1.103291360971937252e+00
1.093272534840616927e+00
1.139325714456839167e+00
1.136503243914508632e+00
1.171315625038968244e+00
1.164159644575984975e+00
1.140563287261161962e+00
1.093292437517139115e+00
1.062769659895579366e+00
1.035652549468152328e+00
1.054115693856847669e+00
1.062403364033973618e+00
1.058395029228873740e+00
1.074599547932110655e+00
1.063089832632995391e+00
1.113586328174619000e+00
1.092700242156175117e+00
1.098848931755700864e+00
1.104932358774999512e+00
1.060893315364936917e+00
1.035497438116131041e+00
1.028431819874789932e+00
1.007528275670019013e+00
1.005424696786284766e+00
9.963908224578119643e-01
1.002226596197502539e+00
9.859058805081386545e-01
9.980452527404459762e-01
9.959695684390904580e-01
1.005462366215583714e+00
9.889919830230130549e-01
1.012561751151618061e+00
1.010789710544189646e+00
1.006415795347784581e+00
1.017091661389846635e+00
1.018606131628975175e+00
1.004906224383663504e+00
1.011132167637818435e+00
1.014519729855518415e+00
9.928343729575757060e-01
9.979458292084512072e-01
9.996673201236623285e-01
1.012889231357849695e+00
9.910607625962976064e-01
9.912592656433439897e-01
9.925491278810973927e-01
9.892069872424077426e-01
9.905443173369186116e-01
9.883017226212316153e-01
9.869137086701844641e-01
9.868549252900646884e-01
9.859709806205499971e-01
9.915988769425013727e-01
1.004319417794054869e+00
1.004194676230866667e+00
9.765422364493097085e-01
9.933677504011799719e-01
9.978347349239888864e-01
9.998241417542806930e-01
9.923663951627038626e-01
9.989231730683458821e-01
9.936917949922187132e-01
9.912726289682433078e-01
9.832751759418811854e-01
9.854674769591141859e-01
1.000675121036234350e+00
9.909556175908239561e-01
9.863115234603404557e-01
9.845111628836429318e-01
9.852078780403401570e-01
9.956645556086884952e-01
9.918997445680832747e-01
9.826404132818675752e-01
9.902538981319124467e-01
9.822432078459139015e-01
9.969674875647417389e-01
9.914164007606764972e-01
9.925789970853995392e-01
9.867437307799187263e-01
9.873907415730303061e-01
9.885287717048453215e-01
9.975543367266332950e-01
9.847695482330716121e-01
9.937519156739339499e-01
9.918377162708129635e-01
9.909023683923485759e-01
9.814110756094217569e-01
9.916246236302669326e-01
9.888778653171224065e-01
9.910776055821920449e-01
9.867156707078653666e-01
9.925943497423909134e-01
9.930086314288278926e-01
9.939032892348899084e-01
9.893773389830693432e-01
9.896837078622018335e-01
9.909392534280633269e-01
9.883983634874432544e-01
9.925654929734957221e-01
9.874573998440920874e-01
9.874454859713063248e-01
9.905062423906407787e-01
9.976692658758234966e-01
9.913129604899162395e-01
9.888006481079453236e-01
9.907070949261010950e-01
9.909058554870631141e-01
9.913028379495644193e-01
9.901987931020719280e-01
9.880140943847439683e-01
9.913941565298526326e-01
9.857857600277023513e-01
9.917722957343547696e-01
9.877635219417546519e-01
9.945634740289635012e-01
9.982869888108976131e-01
9.930226078211287222e-01
9.932469151086077419e-01
9.900410510203629944e-01
9.891115094246059058e-01
9.921765176853455381e-01
9.940467969581321395e-01
9.902175346809679590e-01
9.919448654448166369e-01
9.891196893892534314e-01
9.860449364806317396e-01
9.885077481229872509e-01
9.875324048051096204e-01
9.876490968514599622e-01
9.911626060493604617e-01
9.936009860605007349e-01
9.894044940556034895e-01
9.903405647044946081e-01
9.930914649068605105e-01
9.937695935729263796e-01
9.964128444255229144e-01
9.901244841938121599e-01
9.952112949147482457e-01
9.886137195313030590e-01
9.966820070978410495e-01
9.885207148958796708e-01
9.892097703069818726e-01
9.869933618351567350e-01
9.942906892118607010e-01
9.917740551822505912e-01
9.912807587031954304e-01
9.920298497184493192e-01
9.927935476546946303e-01
9.905082003903087351e-01
9.917724884909906446e-01
9.936714500068932754e-01
9.930054442607778586e-01
9.931277525532705708e-01
9.937441686125526585e-01
9.917923202474279165e-01
9.856040583248345532e-01
9.947421055539609203e-01
9.976397452575077596e-01
9.916421155559791423e-01
9.907630266157817500e-01
9.889131209556981661e-01
9.911704593510368699e-01
9.891994821702926322e-01
9.946134275507758638e-01
9.906905429231137594e-01
9.912849757060828715e-01
9.907858449869524353e-01
9.964313561058768531e-01
9.958411499353703178e-01
9.927193923368479167e-01
9.947050591934010200e-01
9.885778300061957014e-01
9.964996578851705866e-01
9.955344074965047918e-01
9.898730364599740428e-01
9.886109582601678714e-01
9.955223058133948477e-01
9.920016805283919936e-01
9.952749926632351585e-01
9.956606029235126609e-01
9.981990055503797699e-01
9.932500679626239393e-01
9.891608057244123398e-01
9.941453990098642057e-01
9.907990567705730056e-01
9.917544229426105140e-01
9.923849713912945569e-01
9.935796119719123576e-01
9.952653673252503941e-01
9.917632631606642102e-01
9.939270530043180507e-01
9.900069952458852018e-01
9.925133442151627960e-01
9.930708007815686189e-01
9.924040764126282888e-01
9.928455559289468546e-01
9.903525439768766647e-01
9.911291611377036626e-01
9.939362275671447255e-01
9.912575643949951276e-01
9.956893138561888623e-01
9.924861774885522792e-01
9.915361770010711062e-01
9.935193153455634807e-01
9.890750944252373333e-01
9.916645892298930898e-01
9.941299912822734175e-01
9.975383712556669114e-01
9.903185144351730473e-01
9.930590007113833106e-01
9.944756102628080630e-01
9.943591211916482653e-01
9.912141245193146766e-01
9.970784504542203885e-01
9.927109306361293628e-01
9.964867620429326278e-01
9.965841027806486840e-01
9.966603077528495280e-01
9.923566717451274277e-01
9.933538218231033889e-01
9.950437644806278126e-01
9.934717309325327150e-01
9.937390167249954276e-01
9.920852100843502441e-01
9.945296591104751949e-01
9.961903171699129089e-01
9.975556780159522408e-01
9.931243324853430421e-01
9.928197390371602538e-01
9.944425749089097488e-01
9.989528676971586307e-01
9.975505818194173591e-01
9.971982578022416943e-01
9.992153834075958585e-01
9.947385471994210082e-01
9.953558842204999202e-01
9.941076772806569650e-01
9.959865772206571988e-01
9.946832626860165893e-01
