0.000000000000000000e+00
0.000000000000000000e+00
0.000000000000000000e+00
0.000000000000000000e+00
0.000000000000000000e+00
0.000000000000000000e+00
0.000000000000000000e+00
0.000000000000000000e+00
0.000000000000000000e+00
0.000000000000000000e+00
0.000000000000000000e+00
0.000000000000000000e+00
0.000000000000000000e+00
0.000000000000000000e+00
0.000000000000000000e+00
0.000000000000000000e+00
0.000000000000000000e+00
0.000000000000000000e+00
0.000000000000000000e+00
0.000000000000000000e+00
0.000000000000000000e+00
0.000000000000000000e+00
0.000000000000000000e+00
0.000000000000000000e+00
0.000000000000000000e+00
0.000000000000000000e+00
2.567409327494729349e-03
4.949015408800283566e-02
2.923664390031249227e-01
7.727484930065279256e-01
1.244392949031624340e+00
1.532749156534197299e+00
1.570396784123629041e+00
1.509005265727424439e+00
1.396448240204318347e+00
1.292770560054656626e+00
1.197057744872583429e+00
1.119939806478240651e+00
1.042011789074618555e+00
9.612563558033456745e-01
9.180051507792210685e-01
9.113494622592449579e-01
9.222850117914153101e-01
9.523355950558977101e-01
9.789123522221205853e-01
1.018666424030464812e+00
1.037717244945980388e+00
1.046221804518098430e+00
1.042181596226261275e+00
1.038771250946344482e+00
1.042009537582109902e+00
1.050188071243570720e+00
1.056194265102077923e+00
1.054481139020625680e+00
1.056557164916309244e+00
1.054472613994224650e+00
1.044916071375712630e+00
1.031131185257838423e+00
1.009777460068643107e+00
9.933666165844274865e-01
9.797580394986186159e-01
9.668444457397751268e-01
9.576630744336859236e-01
9.551695934954615996e-01
9.551355005633924700e-01
9.620146644213234399e-01
9.725527993115795633e-01
9.804339336009850747e-01
9.899067072123746147e-01
9.976831569925611598e-01
1.009799624577907062e+00
1.015836620701117576e+00
1.023822427396897217e+00
1.030760829670295031e+00
1.029919822039246036e+00
1.034644284537675762e+00
1.030239336958903573e+00
1.026477367080297576e+00
1.022577391279978043e+00
1.017812322396544955e+00
1.013357261642679141e+00
1.008528826803579914e+00
1.001114061760137952e+00
1.000584359741702123e+00
9.969348605470726987e-01
9.927542475556783153e-01
9.928210303764742894e-01
9.917703259035158814e-01
9.941829729549066519e-01
9.934669789055043942e-01
9.944782689302712475e-01
9.969023474823061060e-01
9.968582519048740931e-01
9.993856046138536176e-01
1.000953153725714140e+00
1.000297619897678736e+00
1.003205949982970191e+00
1.001926570275141426e+00
1.002975487027188306e+00
1.003833830162419005e+00
1.002282513420169607e+00
1.002542412058190502e+00
1.002488539387631494e+00
1.000966209580943511e+00
1.000591587354531464e+00
1.001124390315344614e+00
9.992298196277611400e-01
1.001130903778400638e+00
1.000235851168039147e+00
1.000552763401780565e+00
1.000927333687364529e+00
1.001243403821326705e+00
9.997731983510652620e-01
1.000841708314307521e+00
1.001659613687917005e+00
1.001363983345949782e+00
1.002642837218876037e+00
1.001264057778076033e+00
1.001100498689124318e+00
9.994572594391256670e-01
1.000645832616365416e+00
9.993195598265627311e-01
9.996683731886886193e-01
1.000191480333772809e+00
9.977527023251917537e-01
9.991276314441963624e-01
9.976793410077160473e-01
9.989093028794079343e-01
9.983429919914219575e-01
9.983439221899359506e-01
9.987129250867601282e-01
9.991309393864941102e-01
1.000136051662802394e+00
9.996708615143922172e-01
1.000254825948871718e+00
1.001124018220635348e+00
9.997073445393337421e-01
9.997915033241450145e-01
1.000633952540588290e+00
9.998757409352171388e-01
9.987636244215057912e-01
1.000352402163710241e+00
9.988441720729213102e-01
9.998465231316087110e-01
1.000074680064232391e+00
9.994349848002515024e-01
9.996307084198815529e-01
9.990350727343422221e-01
9.999787265594841656e-01
1.000886330894781517e+00
1.000117193179902886e+00
1.000477435500114032e+00
9.998347292750279225e-01
9.992727417433390213e-01
9.999358130837293634e-01
9.994622291345321985e-01
1.001011111548036014e+00
9.979846337443039062e-01
9.984595761502078615e-01
9.999397157277697401e-01
9.997336569271018103e-01
1.000180757782596297e+00
9.991516208007217292e-01
1.000378834218987656e+00
9.998164404241305370e-01
9.990646540957172084e-01
9.995264508554081440e-01
9.993340753187743841e-01
9.990698774856927589e-01
9.992937096472228609e-01
9.989073822623460996e-01
1.000313637269589773e+00
9.999072242899472718e-01
9.994440951875401824e-01
1.000621708726440628e+00
9.991281846460808858e-01
9.994688450320289297e-01
9.995402261073602634e-01
1.001172512899166200e+00
1.000433370004883082e+00
1.000326621826212570e+00
9.998194644641980044e-01
9.996713663255215598e-01
9.994976515188052080e-01
9.993564149176390465e-01
9.991597710625104156e-01
9.991718622213374701e-01
9.997213401559742474e-01
9.995721812812540241e-01
1.000227817315823664e+00
9.993403495540974513e-01
9.995942601197097543e-01
1.000628609429074167e+00
9.995930426428695226e-01
1.000360753966596628e+00
9.988377197368182303e-01
1.000431437283967995e+00
1.000771157371071585e+00
9.996171024984398246e-01
9.999424774973268981e-01
9.990999093583159407e-01
9.987562080252181396e-01
9.990165714924571505e-01
1.000513199058746583e+00
9.993432092609191297e-01
9.997071969873524422e-01
9.997360352386677196e-01
9.997372755959633706e-01
1.000182169798053522e+00
9.999984134430416338e-01
9.992322265350869204e-01
1.000014112607704675e+00
9.999038494769684204e-01
1.000389222418633262e+00
1.000000411347885532e+00
1.000650127882265927e+00
1.000019323835152463e+00
9.989042218379887705e-01
9.988831722851884143e-01
1.000042520885855213e+00
1.000001801667847801e+00
1.000411415874043808e+00
9.991225079633220263e-01
1.000454861773307780e+00
9.993035259865726827e-01
1.000040230866609203e+00
9.997219798844814154e-01
9.999542921346163959e-01
9.990527923515282183e-01
9.996856661350889128e-01
9.994301602569324317e-01
1.000349176143322305e+00
1.000503067514765476e+00
9.990057486855803415e-01
1.000563577709669527e+00
1.000119112478409678e+00
1.000284218303549411e+00
9.988350191869468375e-01
9.992401054029751428e-01
9.999808450616572975e-01
9.992622354603688528e-01
1.000385388400721665e+00
1.000003384298183917e+00
1.000627690035968742e+00
1.000495762509192588e+00
9.997034902710363324e-01
1.000474097254411721e+00
1.000108505969375061e+00
9.994829796158655189e-01
9.997988076717344574e-01
9.999988681387215195e-01
1.000249280414827746e+00
1.000154967012928386e+00
9.994023976758974470e-01
1.000528324019823501e+00
9.991608380950496304e-01
9.992539039710883753e-01
9.989832130606256522e-01
1.000565397283228686e+00
9.998464528956821917e-01
9.994947760042999230e-01
9.994121164934300916e-01
9.992602557767156224e-01
1.000590798588065988e+00
1.000007602246788974e+00
9.998293537207756376e-01
1.000046150395055955e+00
1.000138917254929538e+00
1.000518485239620947e+00
9.995790623456194401e-01
1.000284884033106669e+00
9.999049356494138507e-01
9.992990803354637741e-01
1.000213582270287560e+00
9.998934960454016752e-01
1.000032735596657840e+00
9.991144285697594052e-01
9.997940340427349248e-01
9.996726621213092301e-01
9.994620545084732521e-01
