0.000000000000000000e+00
0.000000000000000000e+00
0.000000000000000000e+00
0.000000000000000000e+00
0.000000000000000000e+00
0.000000000000000000e+00
0.000000000000000000e+00
0.000000000000000000e+00
0.000000000000000000e+00
0.000000000000000000e+00
0.000000000000000000e+00
0.000000000000000000e+00
0.000000000000000000e+00
0.000000000000000000e+00
0.000000000000000000e+00
0.000000000000000000e+00
0.000000000000000000e+00
0.000000000000000000e+00
0.000000000000000000e+00
0.000000000000000000e+00
0.000000000000000000e+00
0.000000000000000000e+00
0.000000000000000000e+00
0.000000000000000000e+00
0.000000000000000000e+00
0.000000000000000000e+00
0.000000000000000000e+00
0.000000000000000000e+00
5.593300639384465346e-03
2.319700213538770928e-01
1.558709288635601320e+00
3.372414692801434466e+00
3.630571272846077502e+00
2.661110494495035006e+00
1.623060866417319836e+00
9.728865766679267724e-01
6.232054405376453721e-01
4.781263307971925225e-01
4.361467794943282295e-01
4.545950455989488104e-01
5.099302346235087269e-01
5.967598090299135460e-01
6.912848689467334662e-01
8.121868006591214106e-01
9.200611364161404016e-01
1.030658240330846409e+00
1.120320471590829925e+00
1.190389940991369189e+00
1.232067038380429080e+00
1.248775737048774204e+00
1.237640556780908119e+00
1.213368547281432619e+00
1.182347822775779322e+00
1.132050989391501394e+00
1.079772605196087421e+00
1.036220589059723585e+00
9.909500483883993960e-01
9.465669132990702783e-01
9.071785028989799438e-01
8.786322655762532907e-01
8.576545808779280078e-01
8.476290938336032976e-01
8.555817082859082934e-01
8.722180773823903221e-01
9.001540946532586851e-01
9.266419626968394052e-01
9.637226241134849714e-01
9.891841381627266561e-01
1.021707591282525973e+00
1.045105289894768363e+00
1.062986093405410504e+00
1.073458068112736585e+00
1.075093841421813412e+00
1.076891243349776817e+00
1.074665237982397104e+00
1.060568244795176751e+00
1.048154639028829216e+00
1.032758766647419613e+00
1.019159994452601303e+00
1.006410760882001210e+00
9.924737253001639781e-01
9.836682080230964020e-01
9.792148723230110763e-01
9.725323259154017297e-01
9.733338475118766819e-01
9.757036599645905195e-01
9.777570563003525894e-01
9.873696408508159106e-01
9.892494576801280637e-01
9.908141897686870703e-01
9.972728056507287331e-01
9.999045192607195487e-01
1.004945254748686123e+00
1.006496954079913131e+00
1.008574234641324896e+00
1.005708298124648126e+00
1.007295345748095095e+00
1.006555322408174025e+00
1.003812062964759777e+00
1.003243897615456293e+00
1.002248228609380343e+00
9.999734687036995195e-01
9.996166041469585206e-01
9.996805774687053114e-01
9.972102057483286375e-01
9.961784693308631811e-01
9.955340087940720561e-01
9.995080353772254345e-01
1.000115847381203293e+00
1.000983847676855998e+00
1.001238303196714030e+00
1.000126939978658536e+00
1.001717217988085329e+00
1.001376838576201633e+00
1.002952661251010680e+00
1.002924374296674914e+00
1.001896541933471996e+00
1.001599015825738848e+00
1.001778075043371130e+00
1.001628389506235672e+00
9.997291406218880017e-01
1.000380182055740308e+00
9.988213314750783445e-01
9.984855899904235832e-01
9.972043115397455360e-01
9.993617930954450390e-01
9.968865890086365811e-01
9.981448168064305237e-01
1.000474781525037882e+00
9.997094210194855668e-01
9.991902273000732304e-01
9.989181750244888747e-01
9.985990746748195646e-01
9.979772983795807129e-01
1.000820581788227415e+00
1.000609287719788965e+00
1.000467894336876107e+00
1.001506169884767594e+00
9.999745682420733139e-01
1.001215530022887990e+00
1.000820832622235201e+00
1.001910324206618519e+00
1.000773391026498649e+00
1.001930397462194477e+00
9.996225012239471353e-01
1.000766539428638691e+00
1.000006399721792949e+00
1.000512967841606482e+00
1.000604241933351179e+00
9.993508184072696920e-01
1.000186757685129546e+00
1.000202459404948563e+00
9.994025953330887280e-01
9.987634602317205790e-01
9.999124183886208828e-01
9.995332772729724757e-01
9.983113942843845345e-01
1.000305013248471653e+00
1.000937790128949567e+00
1.000004181057802199e+00
9.986513134974468464e-01
1.001324949011352938e+00
9.991401396750053676e-01
9.998417484100491359e-01
9.995318649944228140e-01
9.998181006661845949e-01
1.000311108748292099e+00
1.000408213665841206e+00
1.000480263853867902e+00
1.000541849299235286e+00
9.995517312322591552e-01
1.000417584844532914e+00
9.989104305924616511e-01
1.000008620957002492e+00
1.000368567273692166e+00
9.986279904728138090e-01
1.001031134175766724e+00
1.000163787032235074e+00
9.998449187790223736e-01
9.998690949396186189e-01
1.000163956459723780e+00
9.998904132494160768e-01
1.000391086999890433e+00
9.992765923519080218e-01
1.000891664938206027e+00
9.999110979095521268e-01
1.001727890441895141e+00
1.000208863933521375e+00
1.000020572623842030e+00
1.001308889327154228e+00
1.000445736122755447e+00
9.996259059058435481e-01
9.988463408407753930e-01
9.996198246247709474e-01
1.000539918710669829e+00
9.995160100772501055e-01
9.999113291670385095e-01
9.994816938842899789e-01
1.000447226503818898e+00
9.997350690685484764e-01
9.989024356830339402e-01
9.996915570605658941e-01
1.000503379850473662e+00
1.000528944685848298e+00
9.998337858867551997e-01
9.992013701762205713e-01
1.000875207651799492e+00
9.997565953816867079e-01
1.000238298349852117e+00
9.994976166012716767e-01
1.000289482205818814e+00
9.997399751730604578e-01
9.983169725742588874e-01
9.995048563863440094e-01
1.000199069949353481e+00
1.001306635815040869e+00
1.000322033014834799e+00
1.000538213771312135e+00
1.000021523367465637e+00
9.991260805178491244e-01
1.000336394240604054e+00
9.995470664487482448e-01
9.998511840040310572e-01
1.000232731627770821e+00
9.999320023860052142e-01
1.000616552865586151e+00
1.000150508016185213e+00
9.994137960922294672e-01
9.997287446992739746e-01
1.000209256202396757e+00
1.000077456007230525e+00
1.000387936021036372e+00
9.999535241628879634e-01
1.000108722763075164e+00
9.997456812723065633e-01
9.993666391645080749e-01
9.994805979007961305e-01
1.000372754520679308e+00
1.000832028043009192e+00
9.999383318777094187e-01
1.000139744570717637e+00
1.000484043417088964e+00
9.999069735117320779e-01
1.000241669822700352e+00
1.001008968947787903e+00
9.998791988040196532e-01
1.000509107149524679e+00
9.995920181568060947e-01
1.000418136164715532e+00
9.994956477239590464e-01
1.000203324283787110e+00
1.000278318141833767e+00
9.994263017414973804e-01
1.001175032863426795e+00
1.000852835571018895e+00
9.998360348739606662e-01
1.000466768252244121e+00
9.998538565336770878e-01
9.998506445782421315e-01
1.000283219839053883e+00
9.993024351205186395e-01
9.999644673269945105e-01
1.000031048920936971e+00
1.000665417130434998e+00
9.996394488508631992e-01
9.998492881986300596e-01
9.997729011975711177e-01
9.996004606458156472e-01
1.000766568229245701e+00
1.000905592394239152e+00
1.000665594878115572e+00
1.001360761628095286e+00
1.000276423263343428e+00
1.001306185425296480e+00
1.000233524806279695e+00
9.997538512028977253e-01
1.000381432360642364e+00
1.000502660013302014e+00
1.000049899396389996e+00
9.998611199486930889e-01
