0.000000000000000000e+00
0.000000000000000000e+00
0.000000000000000000e+00
0.000000000000000000e+00
0.000000000000000000e+00
0.000000000000000000e+00
0.000000000000000000e+00
0.000000000000000000e+00
0.000000000000000000e+00
0.000000000000000000e+00
0.000000000000000000e+00
0.000000000000000000e+00
0.000000000000000000e+00
0.000000000000000000e+00
0.000000000000000000e+00
0.000000000000000000e+00
0.000000000000000000e+00
0.000000000000000000e+00
0.000000000000000000e+00
0.000000000000000000e+00
0.000000000000000000e+00
0.000000000000000000e+00
0.000000000000000000e+00
0.000000000000000000e+00
0.000000000000000000e+00
0.000000000000000000e+00
0.000000000000000000e+00
0.000000000000000000e+00
5.530078806926610503e-03
2.308512231734813624e-01
1.556083144697648191e+00
3.373079542498917505e+00
3.626139801032906451e+00
2.658163597198814898e+00
1.622628850310040338e+00
9.674757656927917004e-01
6.290462926634159402e-01
4.786713010231971599e-01
4.379242938518428385e-01
4.532295577334226611e-01
5.123852749864049594e-01
5.958844372428844238e-01
6.931956265616977531e-01
8.098817095477176542e-01
9.206662886388325973e-01
1.025260319779164542e+00
1.121751874834929996e+00
1.193139225331218967e+00
1.226972147139988589e+00
1.244613523355326601e+00
1.239444225715674808e+00
1.213661681028235906e+00
1.176745467743316675e+00
1.128477021211057307e+00
1.081927649545562753e+00
1.035415243629693283e+00
9.873530178885215891e-01
9.483106614450513838e-01
9.063229215427822671e-01
8.703517565492999708e-01
8.536273242358057844e-01
8.448154854477102349e-01
8.533057427503829562e-01
8.715745393637417404e-01
8.982660875524255406e-01
9.300874220677267656e-01
9.588158159677212522e-01
9.908838843694190990e-01
1.018166746987271720e+00
1.042369376179513196e+00
1.062408242725794594e+00
1.073212243598713034e+00
1.076825541066034120e+00
1.078364046768747642e+00
1.071601374050076716e+00
1.058331217219364406e+00
1.047985812616916146e+00
1.028306769348294791e+00
1.016200992407090720e+00
1.000829392998141776e+00
9.913854428705876076e-01
9.829681284747258108e-01
9.782473423445634531e-01
9.724144042236099184e-01
9.725323515485420067e-01
9.756225392819053432e-01
9.805930742874948702e-01
9.855441609247449497e-01
9.870757603710795802e-01
9.922980848682603217e-01
9.976527454365544667e-01
1.000520338242537388e+00
1.002396165079819434e+00
1.003996623182912939e+00
1.006693348963689782e+00
1.005671701816012620e+00
1.007143904906879328e+00
1.006450612743020612e+00
1.006012456436346625e+00
1.005310575275505380e+00
1.004590068276363546e+00
9.993871528018811734e-01
9.982570330261746339e-01
9.969981970886458988e-01
9.974996054418883151e-01
9.953582014008015566e-01
9.984753534150468957e-01
9.986341481422137401e-01
9.988330425360432141e-01
9.982332257022483724e-01
1.001932983270880984e+00
1.004253252973325239e+00
1.003069490285762644e+00
1.002089453287036580e+00
1.002376781470770695e+00
1.002055404900574542e+00
1.001412863260071617e+00
1.002727122615591826e+00
1.000537050022440422e+00
1.002167333491934098e+00
1.000672728664182776e+00
9.990541854478456330e-01
9.983992354599882102e-01
1.000176134074346024e+00
9.978636637965689893e-01
9.981941007588832626e-01
1.000430570636761551e+00
9.977818472830441987e-01
9.982247918866639091e-01
9.971773612889088811e-01
9.993379108820620305e-01
1.001001357207878195e+00
1.000530091176237146e+00
1.000726356899864333e+00
1.001422264023526409e+00
1.000001430969517990e+00
9.998305193301609828e-01
1.000770388434157221e+00
1.001427906450212291e+00
1.001421042584192733e+00
1.001546561371954747e+00
1.000671062758222041e+00
1.001006540585268612e+00
1.001365403314354863e+00
9.995639482033211731e-01
1.000008481011469330e+00
1.001114707074024723e+00
1.001921786172356166e+00
9.991199117635410909e-01
1.000328332935791043e+00
1.000184143730882269e+00
9.994269396432152730e-01
1.001153713903993214e+00
9.995496995557526798e-01
1.000561623886862206e+00
1.000263726914000006e+00
9.998889152696889271e-01
1.000467991442300253e+00
9.998438314831071816e-01
1.000544330440467089e+00
1.001491917315423974e+00
1.000580888217673436e+00
1.000659164707617510e+00
9.999442315203795895e-01
9.999387228047884602e-01
1.000450640451580053e+00
9.993993413109303336e-01
9.994390679011790901e-01
1.001451044065411855e+00
1.001687022147303541e+00
1.001625042744805461e+00
1.000384113697901700e+00
1.000291558323709307e+00
9.999512563482008121e-01
1.001956833164924232e+00
1.000164421916892143e+00
1.000725342283591335e+00
9.998251538919419312e-01
9.995543892910827566e-01
1.002178353030501956e+00
1.000872773583253661e+00
9.995626293081468772e-01
9.992176711012712431e-01
1.000571482415896440e+00
1.001459037119094786e+00
1.001054537372866093e+00
1.000496599539737019e+00
1.000940207283825600e+00
9.996349842374970818e-01
1.000257204291043811e+00
1.000250481960762050e+00
1.000527385483219955e+00
1.001067993781761034e+00
1.001632392930182913e+00
1.000387333126752543e+00
1.000698865417056549e+00
1.000446918922732298e+00
9.998305031461525161e-01
9.997992712271773774e-01
9.994164295024723366e-01
1.000875383839971544e+00
1.000437405164701810e+00
1.001084015868526134e+00
1.000191121483041679e+00
1.000213628480170147e+00
1.000295923486154814e+00
1.000250504751948988e+00
1.000933243858337596e+00
9.995430251039850722e-01
9.999736695393480757e-01
1.000592880808182095e+00
1.000263752546452611e+00
9.995965217384615853e-01
1.000026717747278360e+00
1.001216732827047817e+00
1.000335007935488019e+00
9.998727292474374195e-01
9.996636992354389628e-01
9.999484834097815966e-01
1.000776629678023388e+00
9.995963724791723237e-01
9.992188995608178859e-01
9.997429347607248440e-01
1.000398154015138985e+00
1.000219599080016675e+00
9.991332298730422057e-01
1.000061383018132188e+00
1.000290627158449075e+00
1.000261478327035380e+00
9.998647604464977467e-01
1.000091728928182544e+00
1.000208044584270262e+00
1.000265061506202313e+00
1.000623420911135542e+00
1.000189106970445385e+00
1.000072946292543730e+00
1.000496536976451134e+00
1.000446513806031668e+00
1.000851070019036060e+00
1.000101127625614872e+00
1.000484835770156566e+00
9.994817355590178698e-01
1.000061538781195525e+00
9.990680807913466799e-01
9.995812470738582034e-01
1.000286763728563955e+00
9.996380632169155067e-01
1.000801954981124231e+00
1.000135538575392280e+00
9.996789979302095341e-01
1.000070592711153949e+00
1.000284488349776346e+00
1.000423559881141955e+00
1.000362284780602629e+00
1.000720840187749427e+00
9.994055051470835949e-01
1.000159097652912887e+00
9.992960572438585043e-01
9.998533244309377732e-01
1.000351969906217109e+00
1.000446885726645530e+00
9.996465497605645512e-01
9.997241459393626517e-01
1.000037485812385052e+00
1.001324315522506447e+00
1.000145130096051549e+00
1.000407782586588468e+00
9.994189142517415636e-01
9.997008284166969405e-01
1.000463795885130791e+00
1.000439958524685480e+00
9.995475192486206195e-01
1.000159863690736506e+00
1.000622393122360121e+00
1.000538520006334142e+00
1.000592823042296464e+00
1.000371899495552386e+00
1.000265324591905536e+00
9.996684843445921009e-01
1.000088544841244431e+00
