0.000000000000000000e+00
0.000000000000000000e+00
0.000000000000000000e+00
0.000000000000000000e+00
0.000000000000000000e+00
0.000000000000000000e+00
0.000000000000000000e+00
0.000000000000000000e+00
0.000000000000000000e+00
0.000000000000000000e+00
0.000000000000000000e+00
0.000000000000000000e+00
0.000000000000000000e+00
0.000000000000000000e+00
0.000000000000000000e+00
0.000000000000000000e+00
0.000000000000000000e+00
0.000000000000000000e+00
0.000000000000000000e+00
0.000000000000000000e+00
0.000000000000000000e+00
0.000000000000000000e+00
0.000000000000000000e+00
0.000000000000000000e+00
0.000000000000000000e+00
0.000000000000000000e+00
7.698304824368517457e-03
1.188466096979733516e-01
5.788517331932281351e-01
1.256697525314460551e+00
1.731388795747535791e+00
1.943599335996186728e+00
2.014744939504188537e+00
1.949257595545932586e+00
1.834827166136589360e+00
1.695337470564075355e+00
1.547033591631674199e+00
1.426303110818115671e+00
1.269625799465427640e+00
1.174755224379765872e+00
1.115744994449037186e+00
1.099150647477543874e+00
1.136617777284948616e+00
1.169190328592123684e+00
1.214698774974825035e+00
1.259718545330838602e+00
1.252171460448469054e+00
1.213684045566797653e+00
1.158239159913550864e+00
1.116076156816685927e+00
1.085586438657444752e+00
1.070678584599293215e+00
1.078666214559422576e+00
1.080375330008667589e+00
1.100365547964500479e+00
1.090069336412595957e+00
1.101277073277082907e+00
1.095943265355639129e+00
1.097996312860268997e+00
1.082637424354656153e+00
1.069301248342131139e+00
1.055002127856464744e+00
1.040890326862060844e+00
1.028659598847362577e+00
1.022976028286994410e+00
1.020898652037902421e+00
1.020724094384223291e+00
1.012225398474680960e+00
1.010757843408303103e+00
1.020719740535628084e+00
1.018937611942213328e+00
1.025767605217529743e+00
1.030614189292778704e+00
1.028240740093960826e+00
1.030290229098395960e+00
1.032167498234884073e+00
1.026204223033126750e+00
1.027929584579860389e+00
1.031491987787530595e+00
1.017290367428713482e+00
1.019758616330214362e+00
1.014542108845932766e+00
1.021308797413338576e+00
1.018067865723274235e+00
1.012768782625015129e+00
1.009671859294506202e+00
1.010722024116042617e+00
1.007767957011289628e+00
1.010620955010367528e+00
1.008159785474082248e+00
1.006742763870064561e+00
1.012700925497646676e+00
1.009498586310824120e+00
1.006915927588256654e+00
1.004096098704761131e+00
1.007020938847464686e+00
1.008756760857343560e+00
1.006714397917530146e+00
1.004169295579029120e+00
1.004469399904293736e+00
1.003398949279618702e+00
1.001770935645066585e+00
1.005129178145732771e+00
1.005952545797790032e+00
9.994587170441006085e-01
1.001231592198009279e+00
1.004281407630117862e+00
9.994422246234681007e-01
9.984612431543938849e-01
9.991999080949555134e-01
1.002354493570837723e+00
1.003011362664487205e+00
1.003869283977429472e+00
9.989278340579424986e-01
1.001595956865114490e+00
1.000758844636663758e+00
1.000072485125959254e+00
1.000459664069702326e+00
9.966806210404860478e-01
9.975530910239497340e-01
9.986628278696114691e-01
9.991546592008228034e-01
9.991483572762325238e-01
9.980290135755466308e-01
1.000235699479170792e+00
9.983014568049669579e-01
9.987843865519158149e-01
9.956960540080620481e-01
9.966857229789992667e-01
9.973683540005668924e-01
9.999138736265421601e-01
9.994333414014651140e-01
9.973648433240317468e-01
1.000801413498706438e+00
9.988609362312889095e-01
9.996630184935909602e-01
9.981036871307144009e-01
9.961322906013931888e-01
9.978306177678994970e-01
9.947821802876898323e-01
9.986891801228401366e-01
1.000490871582939034e+00
9.988710182772784218e-01
9.995839323680610899e-01
1.000796489471738715e+00
9.990827012673998420e-01
1.001515692054256057e+00
9.992246205171517737e-01
9.982016297469917809e-01
9.987947563667594064e-01
9.976081143436271725e-01
9.948737528602931146e-01
9.984772850568103264e-01
9.977460765558906486e-01
9.987503308603319363e-01
9.999700673633777903e-01
9.978233527473677755e-01
9.976392429144110841e-01
9.987344069120935863e-01
9.967572296529429998e-01
9.997758195517979507e-01
9.991431581530277883e-01
9.975928963582758602e-01
9.963828169502286780e-01
9.959691853195065114e-01
9.970246510532442263e-01
9.974588314807352196e-01
9.990782775108123515e-01
9.983614871797472645e-01
9.961472594056099972e-01
9.981164022580880646e-01
9.975994998420383286e-01
9.964236832345415573e-01
9.965631988524027429e-01
9.970798305577249776e-01
9.986592090536234867e-01
9.993669054412063213e-01
9.968920384799300205e-01
9.991328328300256301e-01
9.994143348992428066e-01
9.961484735306807003e-01
9.969712796843076541e-01
9.991062753242978545e-01
9.978004638416592131e-01
9.952431450350041064e-01
9.951853948166459185e-01
9.973871513024851199e-01
9.959498248135897347e-01
9.983130926829857366e-01
9.980539101559834370e-01
9.960457580992945203e-01
9.949111555158437481e-01
9.986828273682732959e-01
9.988654446876386039e-01
9.963861743030235640e-01
9.984217439445718378e-01
9.973990056171337937e-01
9.994154310947958031e-01
9.965823206236198439e-01
9.977122090882506456e-01
9.981059585735225781e-01
9.971818672921272109e-01
9.953661441695234036e-01
9.985086477963570628e-01
9.950240726568368999e-01
9.964570414555813382e-01
9.966718677106493063e-01
9.969095282949952397e-01
9.961303068810295480e-01
9.971426608256904744e-01
9.971922305215814575e-01
9.969281030425541923e-01
9.973157379442967319e-01
9.963958014478364600e-01
9.949759070012305084e-01
9.955052661063457098e-01
9.969701067431101515e-01
9.955539015956950122e-01
9.975994894005356661e-01
9.975501134810150772e-01
9.973702416701267781e-01
9.957868983132743823e-01
9.953156552061480644e-01
9.979879597539770275e-01
9.967403572872211015e-01
9.989356500785111503e-01
9.967532520452198064e-01
9.969623756350154409e-01
9.960089134835119484e-01
9.972914766707591250e-01
9.970684356605998833e-01
9.962708051142783461e-01
9.951822128080523022e-01
9.960197553454478436e-01
9.964842270712794825e-01
9.958223733318881665e-01
9.983985485403200633e-01
9.969820772531574615e-01
9.962106609202071583e-01
9.975754970622950912e-01
9.960214554695316913e-01
9.969126786928865780e-01
9.965524482607220902e-01
9.980367090813292430e-01
9.964043148057970534e-01
9.973846532285977062e-01
9.978639920174241507e-01
9.961423873007723140e-01
9.973665691500586128e-01
9.970083337949364743e-01
9.952696394872312391e-01
9.970797591404374494e-01
9.981056740508756908e-01
9.968784604416968120e-01
9.969665997859883388e-01
9.970788992233210468e-01
9.970863813189480007e-01
9.972361006448626775e-01
9.986811389574515863e-01
9.971654772844206205e-01
9.971740356991523058e-01
9.972562506687596695e-01
9.979539787581903632e-01
9.969511579341792107e-01
9.973485879683345878e-01
9.967889299908279099e-01
9.970715599415718167e-01
9.961052850680085502e-01
9.967123926184091598e-01
9.974358385691578510e-01
9.983938432493532078e-01
9.968145154499946647e-01
9.970942193276977061e-01
9.973650228316033317e-01
9.969603727438577367e-01
9.985944489640212751e-01
9.970752327752806510e-01
9.978762532690675924e-01
9.963847096754314681e-01
9.969926486107349994e-01
9.973081969197833407e-01
9.967454843767147299e-01
9.968213420322035168e-01
9.979294544071244388e-01
9.983119923814711694e-01
9.959388471450570934e-01
9.973901183261860703e-01
9.964906547618550547e-01
9.959464276454601528e-01
9.970746646262337309e-01
9.955696763313904851e-01
9.973003298146342344e-01
9.955550691905385996e-01
9.965230500102479905e-01
9.968399893003601075e-01
9.963726049655625694e-01
9.972924901814570475e-01
9.963696558702961337e-01
9.969708612381555923e-01
9.965830701354067012e-01
9.959332359023168602e-01
9.969993090526239055e-01
9.982966607379619717e-01
9.972691440194239032e-01
9.945570782928790932e-01
9.964290524082001221e-01
9.965240400267982857e-01
9.958432462737385471e-01
9.937288809271317414e-01
9.974576532905403692e-01
9.966716906957084898e-01
9.964504524485865433e-01
9.946250666774238969e-01
9.962352198307086182e-01
9.964131757036009951e-01
9.966797603701769148e-01
9.957075310011044289e-01
9.956892809072547257e-01
9.966709722424103024e-01
9.967348092567004381e-01
9.962027402337670923e-01
9.971455305439262951e-01
9.954690658203998455e-01
9.966540689355377625e-01
9.967438897444473866e-01
9.970976560825270951e-01
9.969116937985406102e-01
9.964001210849513512e-01
9.953757795471507297e-01
9.968832118645114537e-01
9.964515901514154894e-01
9.966768723563412813e-01
9.972120416587626490e-01
9.974028483915227117e-01
9.968180158329896789e-01
9.970925478756267335e-01
9.964588717555304953e-01
9.963472119030145624e-01
9.922041731026557398e-01
9.828084553067840679e-01
9.743418489792461390e-01
9.660544816616967179e-01
9.583296638679315027e-01
9.487098098283158754e-01
9.413787427562557708e-01
9.325260477261237968e-01
9.239013858193320106e-01
9.146435582868366332e-01
9.078040630946671019e-01
8.984558758472444007e-01
8.906426380632908035e-01
8.827276873365473842e-01
8.746483134114920732e-01
8.659515742560011109e-01
8.575840507912667610e-01
8.495949758539235175e-01
8.417811836019626348e-01
8.344794283080250175e-01
8.263331254325851916e-01
8.176704526085935010e-01
8.106048007994208771e-01
8.020424305537539045e-01
7.955010544181192467e-01
7.875539952774358587e-01
7.800029504848078332e-01
7.723852010673415425e-01
7.653659176805437392e-01
7.576988132051039049e-01
7.501653467088357230e-01
7.440911559737373171e-01
7.360065379143563291e-01
7.278907420415635654e-01
7.218142810938232845e-01
7.139679399146967587e-01
7.066527915115886627e-01
6.994209144683655177e-01
6.917746471385588514e-01
6.845061630371839234e-01
6.786111013530690128e-01
6.711421687891584442e-01
6.643176172490158349e-01
6.568517918757929008e-01
6.510343059670384847e-01
6.429658393280121009e-01
6.363952621575280633e-01
6.293933394810011794e-01
6.228451094245122110e-01
6.154216801739562648e-01
6.089324148954760041e-01
6.026166765875182740e-01
5.962316182638032203e-01
5.888683637758493905e-01
5.828533203125283446e-01
5.772940209359195274e-01
5.687230501079799661e-01
5.627711310264831290e-01
5.564918473859737924e-01
5.500407801681816977e-01
5.436679467454196280e-01
5.375026307467969389e-01
5.309152072481024831e-01
5.253778474553538747e-01
5.192467955952060343e-01
5.132301839692677836e-01
5.066305391288129512e-01
5.006363337757808729e-01
4.938390675124547102e-01
4.885245323297890407e-01
4.824348995882945523e-01
4.757335113253544079e-01
4.694047874156970779e-01
4.643947851530654258e-01
4.576427423155937091e-01
4.521116188598192087e-01
4.463642678044599799e-01
4.400425363779728039e-01
4.342412205558979776e-01
4.284593517244603134e-01
4.221733335915088259e-01
4.167238482213926898e-01
4.108942305810235895e-01
4.050676273149568796e-01
3.991987581315796785e-01
3.943771304407543421e-01
3.883978447494448316e-01
3.823088970020342425e-01
3.769297315245175861e-01
3.716650691461641509e-01
3.659365130564696256e-01
3.601918799485378520e-01
3.550925462877113081e-01
3.502005070060762448e-01
3.443893894878218287e-01
3.390069260395582318e-01
3.339325343568935733e-01
3.274674230205774084e-01
3.229075273419638181e-01
3.174763378026966842e-01
3.127163371010929227e-01
3.075365092464846239e-01
3.020289181769301723e-01
2.962010619878707174e-01
2.919541065654044365e-01
2.865022681487441880e-01
2.819214188874828442e-01
2.760867464034640895e-01
2.713314656955440607e-01
2.663866728402212170e-01
2.613166398679298008e-01
2.558134974351214952e-01
2.506859915206410272e-01
2.453095988631366353e-01
2.408908852249445065e-01
2.359418483246910614e-01
2.311474078361138440e-01
2.257643421385975013e-01
2.212377721128833685e-01
2.163732086180463476e-01
2.111390312582162865e-01
2.066306520219050868e-01
2.013575908595943154e-01
1.971346938289455508e-01
1.924693054579937612e-01
1.878365331132806071e-01
1.831770922055909745e-01
1.782102287700839671e-01
1.739270828936214930e-01
1.688091981055356572e-01
1.645213803071682301e-01
1.598029966457742701e-01
1.552575304048293692e-01
1.506885991264172997e-01
1.457664028988931160e-01
1.414697058679871000e-01
1.367586334143332527e-01
1.321389557073872345e-01
1.277604626998162241e-01
1.233752114012237194e-01
1.191843683982384272e-01
1.155550131131187069e-01
1.114513181953818016e-01
1.081223357304731542e-01
1.045398212410408173e-01
1.014331379849718884e-01
9.837733819938898616e-02
9.543136878954246172e-02
9.239763827518025774e-02
8.966998140314874632e-02
8.684538317353028558e-02
8.435876752462066752e-02
8.172805625888723835e-02
7.917655301243335664e-02
7.678578841088819218e-02
7.448079618342988428e-02
7.214543459637176581e-02
6.987142566383340581e-02
6.783697728132533078e-02
6.555730297352670155e-02
6.358273621577049950e-02
6.149680396701688589e-02
5.957001158877766461e-02
5.780744881217468600e-02
5.594579224777183890e-02
5.405624405061772164e-02
5.247574831379919064e-02
5.063291723063816085e-02
4.891222842966059386e-02
4.740740491895176212e-02
4.582733895919987449e-02
4.423348223151643555e-02
4.278465801993332901e-02
4.137802818967400986e-02
3.979548902900922197e-02
3.860706857253101004e-02
3.727311189083679088e-02
3.587375530862180195e-02
3.461668398462848517e-02
3.333666513018933991e-02
3.200780546580084956e-02
3.103763713110642419e-02
2.972169032941664180e-02
2.882832882058363952e-02
2.774085447787407940e-02
2.668757088170902250e-02
2.562675605835066164e-02
2.455668325924134990e-02
2.368329712496588385e-02
2.270158717895786465e-02
2.175657024249008295e-02
2.095532233486561285e-02
1.990599992806657559e-02
1.917244592378305676e-02
1.829687892997613682e-02
1.758109144539661550e-02
1.680389471058413645e-02
1.602491201268067822e-02
1.525670248354986380e-02
1.453152287445414609e-02
1.379744158673915089e-02
1.317047982015760732e-02
1.256290369422337697e-02
1.193552027812404791e-02
1.125239241909955362e-02
1.074942664822746939e-02
1.008613754344983397e-02
9.565233385694879922e-03
9.105209417386763565e-03
8.519964149378117177e-03
8.129121099103363973e-03
7.621876117623529491e-03
7.155057280093093941e-03
6.717310013639429637e-03
6.245966194727150568e-03
5.910895526198430526e-03
5.494671786803241934e-03
5.110971602784555520e-03
4.694165028557426532e-03
4.370373783740850310e-03
4.036771874250562331e-03
3.727834344225756588e-03
3.454418724546564137e-03
3.160596049445483623e-03
2.869017087714381079e-03
2.560684974437031202e-03
2.361093008248691966e-03
2.111821576161059238e-03
1.925366562759493055e-03
1.691245642263860009e-03
1.483852571533685527e-03
1.336598808203265203e-03
1.153855259109759545e-03
9.923843324276325310e-04
8.564343793559842273e-04
7.186859689178698137e-04
5.941768711133709694e-04
4.892335682935731664e-04
4.067051398501628527e-04
3.002581624207055445e-04
2.372899961766170105e-04
1.668719126557184369e-04
1.228428644980012212e-04
7.228652303001695310e-05
4.182883087503050710e-05
1.803066822935505065e-05
4.121336004429200476e-06
4.928724029901247876e-07
0.000000000000000000e+00
0.000000000000000000e+00
0.000000000000000000e+00
0.000000000000000000e+00
0.000000000000000000e+00
0.000000000000000000e+00
0.000000000000000000e+00
0.000000000000000000e+00
0.000000000000000000e+00
0.000000000000000000e+00
0.000000000000000000e+00
0.000000000000000000e+00
0.000000000000000000e+00
0.000000000000000000e+00
0.000000000000000000e+00
0.000000000000000000e+00
0.000000000000000000e+00
0.000000000000000000e+00
0.000000000000000000e+00
0.000000000000000000e+00
0.000000000000000000e+00
0.000000000000000000e+00
0.000000000000000000e+00
0.000000000000000000e+00
0.000000000000000000e+00
0.000000000000000000e+00
0.000000000000000000e+00
0.000000000000000000e+00
0.000000000000000000e+00
0.000000000000000000e+00
0.000000000000000000e+00
0.000000000000000000e+00
0.000000000000000000e+00
0.000000000000000000e+00
0.000000000000000000e+00
0.000000000000000000e+00
0.000000000000000000e+00
0.000000000000000000e+00
0.000000000000000000e+00
0.000000000000000000e+00
0.000000000000000000e+00
0.000000000000000000e+00
0.000000000000000000e+00
0.000000000000000000e+00
0.000000000000000000e+00
0.000000000000000000e+00
0.000000000000000000e+00
0.000000000000000000e+00
0.000000000000000000e+00
0.000000000000000000e+00
0.000000000000000000e+00
0.000000000000000000e+00
0.000000000000000000e+00
0.000000000000000000e+00
0.000000000000000000e+00
0.000000000000000000e+00
0.000000000000000000e+00
0.000000000000000000e+00
0.000000000000000000e+00
0.000000000000000000e+00
0.000000000000000000e+00
0.000000000000000000e+00
0.000000000000000000e+00
0.000000000000000000e+00
