0.000000000000000000e+00
0.000000000000000000e+00
0.000000000000000000e+00
0.000000000000000000e+00
0.000000000000000000e+00
0.000000000000000000e+00
0.000000000000000000e+00
0.000000000000000000e+00
0.000000000000000000e+00
0.000000000000000000e+00
0.000000000000000000e+00
0.000000000000000000e+00
0.000000000000000000e+00
0.000000000000000000e+00
0.000000000000000000e+00
0.000000000000000000e+00
0.000000000000000000e+00
0.000000000000000000e+00
0.000000000000000000e+00
0.000000000000000000e+00
0.000000000000000000e+00
0.000000000000000000e+00
0.000000000000000000e+00
0.000000000000000000e+00
7.472160619168438135e-04
7.587441005963403706e-02
7.106439443047303239e-01
1.766497969601262374e+00
2.148881252813640064e+00
1.952181112692303655e+00
1.666251554199620566e+00
1.435520891176870872e+00
1.245508998260555611e+00
1.098532844535689001e+00
9.854419355247410195e-01
9.091936610178820155e-01
8.617503025899058144e-01
8.387954381215079191e-01
8.151515671440833222e-01
7.990989304694109396e-01
8.089819189696256796e-01
8.342090357552655044e-01
8.797476863468275399e-01
9.259669651732077567e-01
9.705425189278411580e-01
1.016179963913030893e+00
1.044119438563345659e+00
1.057331392949544924e+00
1.061926285465528697e+00
1.057523799986975988e+00
1.051628376621363214e+00
1.040272624978822114e+00
1.025904944947251263e+00
1.011594473260597704e+00
9.966956083134301814e-01
9.817662048395352503e-01
9.715969433618363293e-01
9.655833636295815259e-01
9.602527479464316729e-01
9.613558190725238761e-01
9.638234956544249332e-01
9.677392837996262598e-01
9.712086087571200066e-01
9.763754181290036360e-01
9.835566241881585903e-01
9.907581343672087204e-01
9.963539372956715656e-01
1.000974194354455005e+00
1.007839597075617544e+00
1.011674848243243163e+00
1.013973179181055118e+00
1.013385183025078407e+00
1.012060937420915741e+00
1.010178106996257874e+00
1.007228537659324852e+00
1.004691042160940961e+00
1.001109866040100771e+00
9.978976848892273654e-01
9.944875320582575728e-01
9.917096117570647351e-01
9.911811223190666320e-01
9.899502098298450514e-01
9.896239238026782736e-01
9.905575232408886377e-01
9.916093552054461302e-01
9.934936881480030957e-01
9.948809041881594428e-01
9.973588691763825009e-01
9.975766232078027151e-01
9.992420559712830164e-01
1.000341575423871809e+00
1.000398266815890613e+00
1.001212769445660733e+00
1.001267522763123585e+00
9.996743708257149752e-01
1.000439610477116714e+00
9.999547872453186104e-01
9.986874527364762999e-01
9.970522200692364390e-01
9.968068440993564927e-01
9.972508267585442621e-01
9.972170209496301618e-01
9.981364643570571626e-01
9.981062802802991296e-01
9.980592823025337124e-01
9.997094187358696038e-01
9.991559098867123234e-01
1.000246472863461911e+00
1.000378946925870816e+00
1.000294384970344952e+00
1.000017726207461877e+00
1.000810286705574148e+00
1.000580996910814813e+00
9.999186162377875497e-01
1.000942050953488316e+00
1.000022419192012846e+00
9.996788808132818227e-01
9.986015676073448644e-01
9.986921649642561682e-01
9.988176186363766362e-01
9.985863113030283289e-01
9.983105862890208071e-01
9.995187695147368379e-01
9.995865275778117454e-01
9.990627249369193885e-01
9.989137103387444316e-01
9.992418789949228941e-01
9.993256307746658518e-01
9.996087717515128590e-01
9.997276108145859430e-01
9.994978862308857570e-01
9.998925358340826630e-01
9.990182615677498656e-01
1.000711389680989605e+00
1.000239219313294070e+00
1.000446026768774477e+00
9.997101531671322983e-01
1.000315196255038286e+00
9.997115710060993088e-01
1.000050755084885168e+00
9.998368664518169080e-01
1.000207875659737899e+00
9.993784720256030374e-01
9.996397627023942967e-01
9.996815568053051271e-01
9.996756142749217977e-01
9.999875447559757324e-01
9.995393616282226557e-01
9.994715807799632312e-01
9.996243412684581164e-01
9.997638931798605855e-01
9.995110614364652868e-01
1.000196296627180237e+00
1.000003127941183179e+00
9.993991846594073580e-01
1.000623607425293660e+00
9.995342276627801059e-01
9.999844764235189531e-01
9.999530715057590724e-01
9.999228998118492306e-01
1.000016603927618153e+00
1.000259783567367888e+00
1.000844409223640596e+00
9.997571719561314518e-01
9.999345757348507835e-01
1.000559410439078922e+00
1.000098711959038544e+00
9.999217711287083921e-01
9.999328872974819760e-01
1.000232034359212152e+00
1.000408599676015253e+00
1.000380308190912171e+00
1.000064362233156645e+00
1.000110309819326471e+00
1.000466363191150787e+00
1.000218404609670264e+00
1.000363406552662981e+00
1.000470040501217905e+00
9.999914969090339945e-01
1.000274902913006247e+00
1.000372251513774291e+00
1.000385735089141859e+00
1.000427395969423205e+00
1.000541177582397578e+00
9.998714034301239284e-01
9.996692333543995002e-01
1.000853087647841200e+00
1.000924653742677695e+00
1.000575517260577474e+00
1.000990827834229657e+00
9.999403404949664953e-01
1.000075856238494820e+00
9.999998028537915307e-01
1.000415813751881267e+00
1.000308740357170434e+00
1.000473692185531061e+00
1.000368220856697299e+00
1.000359300268583551e+00
1.000335110779927428e+00
1.000508437760854186e+00
1.000388458487400989e+00
1.000357712848678693e+00
1.001232119500577777e+00
1.000345964632365359e+00
1.000506487476278572e+00
1.000726371713008156e+00
1.000240900430257263e+00
1.000150275045446069e+00
1.000219610775550549e+00
1.000126658753156761e+00
1.000600088140371824e+00
1.000657694053177726e+00
1.000338300873082620e+00
1.000493024948000853e+00
1.000545154533854175e+00
1.000592678641798683e+00
1.000109479128987289e+00
1.000072041789066501e+00
1.000663829829433693e+00
1.000806060207140691e+00
1.000252711237979097e+00
1.000041040131516512e+00
1.000742645660205765e+00
1.000014709406273905e+00
1.000397519748271513e+00
1.000523644130280720e+00
1.000473496179186572e+00
1.000543195037979061e+00
1.000229862201591713e+00
1.000170917121089520e+00
1.000653494751448935e+00
1.000385817891867202e+00
1.000615844813682820e+00
1.000303423125600277e+00
1.000549260213934311e+00
1.000714312079851842e+00
1.000253683575086150e+00
1.000231800236039081e+00
1.000830269210879031e+00
1.000227735794593009e+00
1.000482417662870605e+00
1.000140196405301607e+00
1.000155414638711937e+00
1.000590580083483339e+00
1.000521978482518559e+00
1.000412117506003451e+00
1.000614699774141858e+00
1.000516070722519801e+00
1.000219543080881790e+00
1.000300920102317637e+00
1.000430292450908532e+00
1.000297394690010222e+00
1.000144929122168680e+00
9.999862504039913613e-01
1.000642234466762259e+00
1.000065934039914728e+00
1.000250155112929029e+00
1.000723555374105400e+00
1.000722971708157605e+00
1.000313063653921475e+00
1.000224533809402905e+00
1.000612827605391608e+00
1.000774371045985989e+00
1.000564021518410618e+00
1.000449194701221733e+00
1.000201165400969483e+00
1.000393945869714640e+00
1.000425015177976995e+00
1.000448141952235526e+00
1.000415007075683427e+00
1.000383611866115130e+00
1.000317643027005987e+00
1.000586906463877712e+00
1.000402850609043659e+00
1.000327114020364005e+00
1.000492678761279564e+00
1.000658794061131340e+00
1.000225136986360841e+00
1.000617660326123648e+00
1.000766472306614752e+00
1.000690724108860508e+00
1.000262937635598703e+00
1.000361014815274618e+00
1.000815874227163560e+00
1.000306629078422826e+00
1.000378108733477323e+00
1.000582915018844776e+00
9.999479815140521755e-01
1.000575585585837812e+00
1.000646697241849292e+00
1.000428542542041166e+00
1.000199360422519002e+00
1.000407658434528724e+00
1.000470432320319958e+00
1.000430536128940950e+00
1.000236421345465754e+00
1.000443271207622553e+00
1.000250405429322198e+00
1.000817739237219950e+00
1.000521740851472385e+00
1.000671550367429052e+00
1.000108887751743225e+00
1.000530557525653341e+00
1.000641001209383818e+00
9.999984734989258994e-01
1.000175455519932477e+00
1.000372279461101188e+00
1.000268462820186777e+00
1.000164611692722749e+00
1.000281283793449383e+00
1.000278688676416339e+00
1.000273762667658550e+00
1.000610021534053651e+00
1.000335423777593213e+00
1.000211034385157793e+00
1.000375754616354973e+00
9.998889832786423959e-01
1.000310249497169401e+00
1.000386594877101576e+00
1.000296834591726025e+00
1.000193081932505335e+00
1.000499229787369160e+00
1.000126165758159935e+00
1.000257459107663394e+00
1.000495308525131799e+00
1.000091411793498475e+00
1.000233724267721058e+00
1.000259486572731893e+00
1.000089261004462271e+00
1.000358384575082527e+00
9.996510385383636788e-01
1.000336472807338950e+00
1.000159384896241566e+00
1.000154531641220146e+00
1.000143524007474083e+00
1.000183988007141922e+00
1.000419132576862102e+00
9.999387882201079547e-01
9.948749775500410619e-01
9.864564367073221929e-01
9.773295751263650910e-01
9.687737924810743140e-01
9.602256542108984494e-01
9.514132559295669367e-01
9.428425973264449311e-01
9.345061229770310618e-01
9.258022728550694413e-01
9.174713730257030297e-01
9.091294702530093863e-01
9.006187064151793820e-01
8.927949948206599373e-01
8.844470635505518041e-01
8.762344391872095573e-01
8.681306339082838219e-01
8.599600326551066765e-01
8.520036581720050739e-01
8.438357289500035829e-01
8.358398826027223505e-01
8.282345477728004779e-01
8.200456796851133268e-01
8.125260142416051989e-01
8.047090922473841834e-01
7.971410508889258395e-01
7.890924183115988200e-01
7.813496449799259835e-01
7.738527493123655843e-01
7.664105244178487375e-01
7.587955054755612938e-01
7.512366142008745085e-01
7.439101018310003699e-01
7.365339090640238284e-01
7.291059054303254960e-01
7.216671846694735493e-01
7.145084895389320900e-01
7.072362560578759894e-01
7.000541372991196942e-01
6.929133756985338399e-01
6.856078132425309501e-01
6.785826609763377926e-01
6.715540563739875735e-01
6.645714786168367416e-01
6.576240749779432848e-01
6.506809601055142389e-01
6.436833564481859726e-01
6.365853353336088372e-01
6.298638503974886005e-01
6.230631092179569341e-01
6.163884823418220860e-01
6.096722051568779221e-01
6.029376160185214717e-01
5.963243165450392569e-01
5.894123311699526191e-01
5.829035397549811037e-01
5.763226808845037796e-01
5.700309643197980503e-01
5.633738496238589466e-01
5.569252249669995880e-01
5.505290044125858984e-01
5.440585316473218747e-01
5.379035366377357130e-01
5.313568858908842563e-01
5.249263311129432896e-01
5.187670700839117632e-01
5.127017693367825757e-01
5.063103311760591696e-01
5.002916260131374804e-01
4.940533039069771037e-01
4.878257614687316890e-01
4.815962831208637773e-01
4.757304617404302660e-01
4.697396835103230806e-01
4.637898272952612477e-01
4.577066858339767230e-01
4.517880808168718842e-01
4.457657367074265298e-01
4.400657066701783582e-01
4.341171868569677073e-01
4.283423594696783021e-01
4.224227373233378491e-01
4.166840656142799526e-01
4.110232261496716277e-01
4.051877288538726640e-01
3.995225871949186769e-01
3.938096194692366492e-01
3.883486343465932800e-01
3.828328003866354745e-01
3.769565474189780496e-01
3.713289205527296466e-01
3.658769674842931030e-01
3.604818860867980423e-01
3.548475034796744199e-01
3.495323397692187140e-01
3.440678658246985600e-01
3.385117257427558424e-01
3.333291354050673672e-01
3.278803949803713036e-01
3.225666592681494249e-01
3.171419111325925466e-01
3.121282998752285542e-01
3.068670985419725827e-01
3.016225995971738016e-01
2.961937216491258851e-01
2.911067850119349876e-01
2.859569033102440927e-01
2.808100120455734872e-01
2.756600439886546794e-01
2.704843172335059664e-01
2.654021245190691936e-01
2.604813434583787557e-01
2.553049654157171777e-01
2.503779864692622925e-01
2.453148426576428620e-01
2.404693090580955761e-01
2.354502594529138126e-01
2.306052877679053703e-01
2.257391444984514495e-01
2.208708564030069932e-01
2.159449931379930077e-01
2.110522598562070973e-01
2.063279656794251571e-01
2.014611905306327999e-01
1.967372464014535693e-01
1.920356700138965422e-01
1.871810163943938843e-01
1.825779511709637315e-01
1.778458832644992937e-01
1.732299201285392443e-01
1.685246751233173690e-01
1.637801360398119244e-01
1.593328148424034418e-01
1.546383262767476174e-01
1.501332746456855161e-01
1.455453393566690512e-01
1.410737153487450490e-01
1.365880541158720485e-01
1.320219895073698191e-01
1.275459210589679204e-01
1.230801307436569930e-01
1.188958336364186463e-01
1.149446283303641458e-01
1.113705996478030202e-01
1.078337526487175430e-01
1.045098797370022370e-01
1.012300345429862219e-01
9.813998872297470533e-02
9.517800783761998229e-02
9.229540612423986490e-02
8.943083336015901497e-02
8.672808422426561692e-02
8.410973616920516815e-02
8.148870975733814304e-02
7.906604458742839958e-02
7.664463380710750950e-02
7.431287327335096837e-02
7.196690000631625339e-02
6.975293036120686074e-02
6.767921899974668754e-02
6.552950734382705089e-02
6.348328070396226652e-02
6.151366786845972878e-02
5.954390798476810742e-02
5.771764658649410074e-02
5.587872015974929690e-02
5.405902448865331639e-02
5.229823986364946081e-02
5.066035747596868422e-02
4.897179329584176039e-02
4.734726923051305741e-02
4.576208416361984832e-02
4.427340624898886551e-02
4.274051670254284258e-02
4.134824194213903431e-02
3.989167161466004169e-02
3.847900554887884184e-02
3.720655437154952311e-02
3.587939067813468441e-02
3.458756896320485524e-02
3.335206329083066634e-02
3.214071033370249908e-02
3.096134437829966765e-02
2.982291749375572121e-02
2.871585482639199896e-02
2.758704072957772133e-02
2.654283659230779677e-02
2.554396517544029258e-02
2.449091700028805177e-02
2.353607924651070216e-02
2.259389464006593060e-02
2.166915146391409572e-02
2.076300400300901822e-02
1.992003570569046700e-02
1.906276906026321480e-02
1.826221446471484530e-02
1.740825296857830690e-02
1.664627895602417001e-02
1.592195315087178292e-02
1.518311945301005148e-02
1.446082796595763928e-02
1.377763454893302791e-02
1.312717366600374760e-02
1.248377559268904272e-02
1.186028519771364052e-02
1.125335874295893372e-02
1.065871132380284692e-02
1.009528400948925611e-02
9.540882517086660478e-03
9.012192657548505695e-03
8.517816679368723706e-03
7.997633629710152597e-03
7.536317187012727195e-03
7.076444247120238645e-03
6.649693681863880386e-03
6.218275710348051752e-03
5.812997644119348439e-03
5.413480266467707303e-03
5.040067779879066345e-03
4.691552229262531577e-03
4.338975239925171867e-03
4.010527679494714677e-03
3.687957771976850020e-03
3.406960838035738570e-03
3.107360601119175687e-03
2.830666894253812405e-03
2.581982619094198676e-03
2.328829121088853062e-03
2.101294912168375634e-03
1.885884313898992951e-03
1.687065437120333165e-03
1.489587787820585143e-03
1.310841116356408756e-03
1.144932519754329617e-03
9.937331641393400399e-04
8.512643282833726134e-04
7.210187588818699157e-04
5.966107685949595093e-04
4.894899649371277752e-04
3.931656794546402908e-04
3.097579247188666065e-04
2.314813719072879132e-04
1.699788803418465582e-04
1.169369994643798901e-04
7.293717587118685934e-05
3.954198071306623714e-05
1.781625458690432308e-05
4.760736420955370562e-06
3.208016925341879562e-07
8.413386118274541900e-09
0.000000000000000000e+00
0.000000000000000000e+00
0.000000000000000000e+00
0.000000000000000000e+00
0.000000000000000000e+00
0.000000000000000000e+00
0.000000000000000000e+00
0.000000000000000000e+00
0.000000000000000000e+00
0.000000000000000000e+00
0.000000000000000000e+00
0.000000000000000000e+00
0.000000000000000000e+00
0.000000000000000000e+00
0.000000000000000000e+00
0.000000000000000000e+00
0.000000000000000000e+00
0.000000000000000000e+00
0.000000000000000000e+00
0.000000000000000000e+00
0.000000000000000000e+00
0.000000000000000000e+00
0.000000000000000000e+00
0.000000000000000000e+00
0.000000000000000000e+00
0.000000000000000000e+00
0.000000000000000000e+00
0.000000000000000000e+00
0.000000000000000000e+00
0.000000000000000000e+00
0.000000000000000000e+00
0.000000000000000000e+00
0.000000000000000000e+00
0.000000000000000000e+00
0.000000000000000000e+00
0.000000000000000000e+00
0.000000000000000000e+00
0.000000000000000000e+00
0.000000000000000000e+00
0.000000000000000000e+00
0.000000000000000000e+00
0.000000000000000000e+00
0.000000000000000000e+00
0.000000000000000000e+00
0.000000000000000000e+00
0.000000000000000000e+00
0.000000000000000000e+00
0.000000000000000000e+00
0.000000000000000000e+00
0.000000000000000000e+00
0.000000000000000000e+00
0.000000000000000000e+00
0.000000000000000000e+00
0.000000000000000000e+00
0.000000000000000000e+00
0.000000000000000000e+00
0.000000000000000000e+00
0.000000000000000000e+00
0.000000000000000000e+00
0.000000000000000000e+00
0.000000000000000000e+00
0.000000000000000000e+00
0.000000000000000000e+00
