0.000000000000000000e+00
0.000000000000000000e+00
0.000000000000000000e+00
0.000000000000000000e+00
0.000000000000000000e+00
0.000000000000000000e+00
0.000000000000000000e+00
0.000000000000000000e+00
0.000000000000000000e+00
0.000000000000000000e+00
0.000000000000000000e+00
0.000000000000000000e+00
0.000000000000000000e+00
0.000000000000000000e+00
0.000000000000000000e+00
0.000000000000000000e+00
0.000000000000000000e+00
0.000000000000000000e+00
0.000000000000000000e+00
0.000000000000000000e+00
0.000000000000000000e+00
0.000000000000000000e+00
0.000000000000000000e+00
0.000000000000000000e+00
8.291581106969962527e-04
7.576218134750241362e-02
7.073960165503940800e-01
1.761707545436239863e+00
2.145415663688127417e+00
1.941708236788648678e+00
1.660587220812592246e+00
1.425187171813943054e+00
1.240293035643022845e+00
1.096179928145468496e+00
9.881352428452393477e-01
9.085413006305976813e-01
8.641198713589015590e-01
8.361217794381637924e-01
8.106623987634214989e-01
7.976957244559809146e-01
8.076077044928892112e-01
8.335933859586125427e-01
8.749379117453873755e-01
9.197046297809142734e-01
9.685498478120587729e-01
1.012698804419502663e+00
1.042332638602213812e+00
1.055936391326861790e+00
1.057287999756068020e+00
1.056462567499490079e+00
1.047280043331076715e+00
1.037775831762837830e+00
1.022929814347212973e+00
1.010811007609802692e+00
9.928011275545495229e-01
9.800502182052792666e-01
9.719325444395118252e-01
9.630973405986037461e-01
9.604111955908283260e-01
9.619164629574787906e-01
9.619087922039610827e-01
9.646983895638289175e-01
9.717658145238637912e-01
9.748657122889001769e-01
9.824434810946056640e-01
9.903723494593452692e-01
9.961172949777931107e-01
1.001651723992583731e+00
1.007127831870051615e+00
1.009918934778949007e+00
1.012160357036877345e+00
1.012665088459580698e+00
1.012932128459151482e+00
1.011335594836932694e+00
1.008120215944525055e+00
1.003925699736575972e+00
1.000153451595783727e+00
9.960244934083228863e-01
9.944117915124431883e-01
9.918790777771943068e-01
9.891140643673690391e-01
9.894995866179019384e-01
9.895448459553695120e-01
9.902803630547939440e-01
9.918523301985819884e-01
9.923391713170561790e-01
9.943072576534082163e-01
9.963303624678528925e-01
9.992793450905517183e-01
9.997259524938344466e-01
9.999608570878295577e-01
1.000708576966248264e+00
1.000865362082700605e+00
1.001668750223930093e+00
1.000664154664284711e+00
1.000754510165519084e+00
9.994984341123483995e-01
9.985866081133539796e-01
9.979312362910852663e-01
9.970182099836353284e-01
9.970892735396525985e-01
9.978983020353501265e-01
9.984500211001835490e-01
9.979904935226694418e-01
9.979775231099966559e-01
9.994750112737763592e-01
9.993254733494070230e-01
9.992526657010172286e-01
1.000485781256513773e+00
1.000210539470118620e+00
1.000069786709685715e+00
9.998574229343003550e-01
1.000445774326188975e+00
1.000221819051644978e+00
9.998174942221920158e-01
1.000055745514054850e+00
9.997291197352897729e-01
9.997707252993112137e-01
9.992569778715560957e-01
9.995675562094419320e-01
9.986685183569542490e-01
9.994608367425343864e-01
9.986864615243575827e-01
9.994988931977242252e-01
9.985851424980406454e-01
9.991031446704274899e-01
9.994901548007629755e-01
9.993188111980331190e-01
9.986585834091250558e-01
9.997105916147223104e-01
1.000760530157998263e+00
9.997143059414653754e-01
9.998024035983417157e-01
1.000159392540586500e+00
1.000350156562732851e+00
9.996815913767134187e-01
9.998249508391394702e-01
9.995916006031854151e-01
9.998883359369022950e-01
9.994861453814993801e-01
1.000078492637707095e+00
1.000648990604393607e+00
1.000326598120742982e+00
9.996904097342317330e-01
1.000059671061266364e+00
9.994887162060568375e-01
9.999242330140519774e-01
1.000113102946368349e+00
9.998026711745567896e-01
9.998220066164751341e-01
1.000366863521364946e+00
1.000879483128550351e+00
1.000131770402359788e+00
1.000438922717080015e+00
1.000321913832389553e+00
9.999912296676585211e-01
1.000175132945238188e+00
9.995365535554529002e-01
1.000311471148471076e+00
1.000114441257360376e+00
1.000244026449320200e+00
1.000456053188647276e+00
1.000563994315792238e+00
1.000103389506243445e+00
9.994861007495949856e-01
1.000395007999473451e+00
9.999001143706482964e-01
9.999744946383761768e-01
1.000209385187140532e+00
1.000370245937261426e+00
1.000093572062035419e+00
9.999910623270087395e-01
1.000348503938705225e+00
9.998992841056155711e-01
1.000164742663150585e+00
1.000001908015910823e+00
1.000313454110210332e+00
1.000133547678150769e+00
1.000575270613780487e+00
1.000327856089705758e+00
1.000156839681819232e+00
1.000287545658760768e+00
9.998385961721943938e-01
1.000573755223215677e+00
1.000178274255124178e+00
9.999428961117712289e-01
1.000055251848984472e+00
1.000499097783722924e+00
1.000817885158672427e+00
9.998391952641157987e-01
1.000004415336810393e+00
1.000248741483672488e+00
1.000143195515124983e+00
1.000481611278652760e+00
9.998732695302710027e-01
9.999552268819833500e-01
1.000109946651774884e+00
1.000464530712937394e+00
1.000041727824736437e+00
1.000491332750238493e+00
1.000460448520881229e+00
9.999505219232039943e-01
1.000227785997469088e+00
1.000407085211700409e+00
1.000267727023707698e+00
1.000724308917683603e+00
1.000328663411951480e+00
1.000605004757069816e+00
1.000375751930524970e+00
1.000923356679951359e+00
9.999903083364636291e-01
1.000019320140671519e+00
1.000184932604273769e+00
1.000428774166030710e+00
1.000129396252841474e+00
1.000128553049436375e+00
1.000087335249179699e+00
1.000385901546986700e+00
1.000416168779591830e+00
1.000586900743248631e+00
1.000212982112826499e+00
9.998978571807703997e-01
1.000337914060558386e+00
1.000545553835755275e+00
1.000308551210361996e+00
1.000754569395149396e+00
1.000230169825225834e+00
1.000183346767137937e+00
1.000412749428164494e+00
1.000165616371583299e+00
1.000584337553832359e+00
1.000468350924965666e+00
1.000238689422387361e+00
1.000411718663506866e+00
1.000464324632184043e+00
1.000424127817899578e+00
1.000096906308334033e+00
1.000133131481567794e+00
1.000551848862822668e+00
1.000158999960278905e+00
1.000482089055390267e+00
1.000210329633998585e+00
1.000071369978849045e+00
1.000395779030758270e+00
1.000423984338842942e+00
1.000157127869186979e+00
1.000527796081948306e+00
1.000173322569717138e+00
1.000409959246228109e+00
1.000357909635966935e+00
1.000918864000586606e+00
1.000683618009376996e+00
1.000250927468941953e+00
1.000096718860512990e+00
1.000113768265503245e+00
1.000859631630176549e+00
1.000256009345185326e+00
1.000268529053758515e+00
1.000327141749181470e+00
1.000358153178015908e+00
1.000406801109335886e+00
1.000371192819606403e+00
1.000505116160486985e+00
1.000467687525723903e+00
1.000271958456893318e+00
1.000390028665712805e+00
1.000049493137263434e+00
1.000411400630472070e+00
1.000288732318527218e+00
1.000485757131444720e+00
1.000673613581352761e+00
1.000217873290506709e+00
1.000419371523935119e+00
9.999664371080833059e-01
1.000647836382778655e+00
1.000476397834120679e+00
1.000280690074711876e+00
1.000464876317938678e+00
1.000358473658480518e+00
9.999441337917608363e-01
1.000536076355791781e+00
1.000269372839907467e+00
1.000336416126333061e+00
1.000216381997033999e+00
1.000426895541865813e+00
1.000499928495952373e+00
1.000224467546117380e+00
1.000579474277722314e+00
1.000627091812106739e+00
1.000390919772585985e+00
1.000086783659614120e+00
1.000623309386878823e+00
1.000277971311555936e+00
1.000306263379503235e+00
1.000336732068883627e+00
1.000522715057684753e+00
1.000216540167304657e+00
1.000603089665591083e+00
1.000447668131958512e+00
1.000300239261247226e+00
1.000284042006326368e+00
1.000298103842016006e+00
1.000617767269359026e+00
1.000543847815448917e+00
1.000281703940812728e+00
1.000803855701806411e+00
1.000351229904977490e+00
1.000041181192477868e+00
1.000814353476307650e+00
1.000475804565384985e+00
1.000392388752307626e+00
1.000639659429060524e+00
1.000410493074974427e+00
1.000346006815040711e+00
1.000445711109047675e+00
1.000441426187561822e+00
1.000270602056255731e+00
1.000352599959843491e+00
1.000453360973450723e+00
1.000297813034564332e+00
1.000839070117433449e+00
1.000163180391691053e+00
1.000175667620917475e+00
1.000343823655924558e+00
1.000509519767572186e+00
1.000195027427304151e+00
1.000397680949261403e+00
1.000217569229896686e+00
1.000561547561582776e+00
1.000337928655917752e+00
1.000349543170559130e+00
1.000759590300512203e+00
1.000340184431760537e+00
1.000359723228068098e+00
1.000410808378683569e+00
1.000428932697133400e+00
1.000327041116612747e+00
9.999195307678254707e-01
9.955170541595806943e-01
9.862665139920834267e-01
9.779675518562873648e-01
9.687567476098656316e-01
9.602658585371974809e-01
9.518575741073540541e-01
9.431202437314228915e-01
9.343547792838926558e-01
9.260085637785595569e-01
9.176544207042456325e-01
9.093284983518999942e-01
9.009714215365335344e-01
8.926915035016655953e-01
8.843143609931015670e-01
8.764435523802007744e-01
8.682602357968437490e-01
8.602531179312319365e-01
8.522916335711391289e-01
8.440719475012887774e-01
8.358551337874253750e-01
8.281599741691703098e-01
8.203989505458868514e-01
8.123893748271185933e-01
8.045898375521185475e-01
7.971114903199916224e-01
7.895064163668037427e-01
7.816140387791423727e-01
7.740018988190502380e-01
7.663110236508099415e-01
7.588299163897663790e-01
7.513318995209528062e-01
7.439704480148554566e-01
7.364265983319320252e-01
7.290528137830004640e-01
7.217141188609487168e-01
7.145522694136594577e-01
7.072242778708169864e-01
7.000606982496080377e-01
6.929755184007295732e-01
6.857642890086155241e-01
6.784040714676757844e-01
6.714972997593855464e-01
6.646260235952282658e-01
6.577926346939793056e-01
6.505879376814591719e-01
6.437283911915269163e-01
6.368080652422614119e-01
6.300718970710845745e-01
6.231508453868299657e-01
6.164502351051979190e-01
6.098005851826785451e-01
6.030582688327486007e-01
5.962163535027613648e-01
5.896846012048133634e-01
5.831031973667019086e-01
5.764423872943295057e-01
5.698208567191661578e-01
5.635178059423608943e-01
5.567097607408796334e-01
5.504727899171240058e-01
5.440919262650586452e-01
5.376756039181902480e-01
5.314519994620450216e-01
5.250779303578154700e-01
5.189107458575356047e-01
5.124555557254091287e-01
5.061714368208307668e-01
5.000600214111408093e-01
4.940104762627248736e-01
4.878658011950353646e-01
4.817658480312442260e-01
4.759464112297459581e-01
4.696459931531383747e-01
4.636143982574678080e-01
4.576154779487525692e-01
4.518217492725286610e-01
4.459130249164687254e-01
4.399614029855246633e-01
4.339848050352118625e-01
4.284171177626940885e-01
4.223705997699007675e-01
4.167242677191499989e-01
4.109815969792496859e-01
4.051628645396364026e-01
3.995479851031055185e-01
3.939299714549770459e-01
3.881547341743235569e-01
3.826482020731262201e-01
3.770953408571739440e-01
3.715020481084210235e-01
3.657782841040513322e-01
3.604944684015965461e-01
3.548445878988551461e-01
3.494434380065642443e-01
3.440958773341896149e-01
3.387143116163136014e-01
3.331795355687189319e-01
3.279669470624526073e-01
3.225711316819469543e-01
3.172064999772782889e-01
3.117801258333471326e-01
3.066195757459925786e-01
3.014235876743272535e-01
2.961797212867160467e-01
2.909327843448523132e-01
2.859550002009114689e-01
2.807597871921782562e-01
2.755807270933374187e-01
2.704920252299058414e-01
2.653266358606773956e-01
2.604783046951841818e-01
2.552229275428933852e-01
2.504091700815422317e-01
2.453319839372371525e-01
2.403750192090602922e-01
2.355307984323887216e-01
2.304646845784156795e-01
2.256792993606827613e-01
2.206562013651673926e-01
2.158753593682766203e-01
2.111557358046244059e-01
2.062687270520651983e-01
2.014312875478568854e-01
1.967681932179299042e-01
1.919151661227689876e-01
1.872030956845125715e-01
1.824897285849930439e-01
1.777678397288622869e-01
1.731653327560088163e-01
1.684955181174292438e-01
1.639548511728365354e-01
1.592938438548337221e-01
1.546193914989845708e-01
1.500284219894477966e-01
1.455153613052707906e-01
1.409809737373487470e-01
1.364951618527507626e-01
1.319208223675703284e-01
1.275570879031552030e-01
1.230919488431091308e-01
1.187955353871668618e-01
1.148503559808509017e-01
1.112383528003179078e-01
1.077007834646075135e-01
1.044347678964971521e-01
1.011839162693064786e-01
9.806797075698750477e-02
9.508399803986447574e-02
9.223168613396402760e-02
8.942275249511889845e-02
8.670393690810808407e-02
8.397378954962600450e-02
8.150976907410258099e-02
7.901455469891224825e-02
7.659131574140491672e-02
7.424341042117950373e-02
7.201541966601616995e-02
6.978194800523802865e-02
6.758122340242640746e-02
6.553075624731669047e-02
6.349204749856676711e-02
6.145001912300429581e-02
5.957615933825725907e-02
5.762804663291680451e-02
5.581984638675165783e-02
5.403421820679336907e-02
5.224124820758156706e-02
5.058049409176405137e-02
4.894092977337297090e-02
4.732023121560757772e-02
4.578608417970971706e-02
4.423803063029879690e-02
4.272831725028222033e-02
4.126708281480193780e-02
3.989203922851406597e-02
3.848237323821560030e-02
3.713947263647056352e-02
3.584123683335890126e-02
3.457806513052889136e-02
3.332077063856327820e-02
3.211455782353342392e-02
3.092747801465182272e-02
2.977398284857573144e-02
2.866211907133313710e-02
2.762407353945317209e-02
2.655593769387235709e-02
2.548706029696878872e-02
2.450727500000086934e-02
2.352673495339593218e-02
2.260887161366187739e-02
2.168194821216442789e-02
2.079262944029627511e-02
1.994254623298996609e-02
1.906872148978061565e-02
1.824243444741965869e-02
1.744596526447839135e-02
1.666896827267439277e-02
1.592629960376861983e-02
1.519459718764933770e-02
1.446765370186119289e-02
1.378405384720061792e-02
1.313411383357724997e-02
1.248461532068968240e-02
1.185715177248533765e-02
1.124523893591149008e-02
1.067213335821416871e-02
1.011871763088928976e-02
9.546332329061841399e-03
9.026931242713849210e-03
8.520448858936912825e-03
8.021175096524311293e-03
7.526281067222362342e-03
7.078549510029448315e-03
6.653271313584849592e-03
6.236967237302217318e-03
5.815558309982492985e-03
5.441054611878197271e-03
5.070417315496449084e-03
4.684305630911043614e-03
4.330297061897316578e-03
4.019188072097096449e-03
3.691423319781369887e-03
3.397198380277337108e-03
3.122594654582893769e-03
2.834023793528825733e-03
2.579379186410342591e-03
2.338743726874557838e-03
2.103113991881414013e-03
1.900126208341577526e-03
1.680358074075478459e-03
1.494162247962009049e-03
1.315642683513525623e-03
1.147202965805492166e-03
9.918596135610078732e-04
8.516153843818978497e-04
7.146301803356758155e-04
6.000929135154993432e-04
4.908205693404606206e-04
3.921592314594563077e-04
3.109861472387634115e-04
2.332511438372779106e-04
1.688563820787532634e-04
1.163686789596565850e-04
7.459660128211741419e-05
3.940500382385133722e-05
1.743352455550374686e-05
4.379482251631436220e-06
3.798918476777499970e-07
8.413277744756229781e-09
0.000000000000000000e+00
0.000000000000000000e+00
0.000000000000000000e+00
0.000000000000000000e+00
0.000000000000000000e+00
0.000000000000000000e+00
0.000000000000000000e+00
0.000000000000000000e+00
0.000000000000000000e+00
0.000000000000000000e+00
0.000000000000000000e+00
0.000000000000000000e+00
0.000000000000000000e+00
0.000000000000000000e+00
0.000000000000000000e+00
0.000000000000000000e+00
0.000000000000000000e+00
0.000000000000000000e+00
0.000000000000000000e+00
0.000000000000000000e+00
0.000000000000000000e+00
0.000000000000000000e+00
0.000000000000000000e+00
0.000000000000000000e+00
0.000000000000000000e+00
0.000000000000000000e+00
0.000000000000000000e+00
0.000000000000000000e+00
0.000000000000000000e+00
0.000000000000000000e+00
0.000000000000000000e+00
0.000000000000000000e+00
0.000000000000000000e+00
0.000000000000000000e+00
0.000000000000000000e+00
0.000000000000000000e+00
0.000000000000000000e+00
0.000000000000000000e+00
0.000000000000000000e+00
0.000000000000000000e+00
0.000000000000000000e+00
0.000000000000000000e+00
0.000000000000000000e+00
0.000000000000000000e+00
0.000000000000000000e+00
0.000000000000000000e+00
0.000000000000000000e+00
0.000000000000000000e+00
0.000000000000000000e+00
0.000000000000000000e+00
0.000000000000000000e+00
0.000000000000000000e+00
0.000000000000000000e+00
0.000000000000000000e+00
0.000000000000000000e+00
0.000000000000000000e+00
0.000000000000000000e+00
0.000000000000000000e+00
0.000000000000000000e+00
0.000000000000000000e+00
0.000000000000000000e+00
0.000000000000000000e+00
0.000000000000000000e+00
