0.000000000000000000e+00
0.000000000000000000e+00
0.000000000000000000e+00
0.000000000000000000e+00
0.000000000000000000e+00
0.000000000000000000e+00
0.000000000000000000e+00
0.000000000000000000e+00
0.000000000000000000e+00
0.000000000000000000e+00
0.000000000000000000e+00
0.000000000000000000e+00
0.000000000000000000e+00
0.000000000000000000e+00
0.000000000000000000e+00
0.000000000000000000e+00
0.000000000000000000e+00
0.000000000000000000e+00
0.000000000000000000e+00
0.000000000000000000e+00
0.000000000000000000e+00
0.000000000000000000e+00
0.000000000000000000e+00
0.000000000000000000e+00
6.989283181209889973e-04
7.572776098562404579e-02
7.054780781881437868e-01
1.757483895607999225e+00
2.139981857450904634e+00
1.942338196906571612e+00
1.662554806185030376e+00
1.425289763382573849e+00
1.241043216723639819e+00
1.096207418722105587e+00
9.840111803156219583e-01
9.090158009452670163e-01
8.617425823588957812e-01
8.365427288293435515e-01
8.146363138887215971e-01
7.989181641330299621e-01
8.074583455940093080e-01
8.338461181026716185e-01
8.736824785754034872e-01
9.227441763588649648e-01
9.699371911301734039e-01
1.010578681454129546e+00
1.042349507491874050e+00
1.057506251648666851e+00
1.057875260982476640e+00
1.055594345335568729e+00
1.048572307447575680e+00
1.038222098329486753e+00
1.024848594955499959e+00
1.009273409566050939e+00
9.943687463118934255e-01
9.821316487033091569e-01
9.698519487551373608e-01
9.628285028301765136e-01
9.606168461683884940e-01
9.601411897838660892e-01
9.624708608878734806e-01
9.680795611043195859e-01
9.713437793811385834e-01
9.756784480586720987e-01
9.829554213893265668e-01
9.900123981530997153e-01
9.970856077779299831e-01
1.002260932618871170e+00
1.008899914471596215e+00
1.011317267310427814e+00
1.012018175963624644e+00
1.014193156032276111e+00
1.014370335939857259e+00
1.011475151615456092e+00
1.009738986027015173e+00
1.005347304207087733e+00
1.001664418690273006e+00
9.980630257895343194e-01
9.951228046984843534e-01
9.936313221319721389e-01
9.918005385385407768e-01
9.907226592078889338e-01
9.907606722082674677e-01
9.913120351082431725e-01
9.914055358978415278e-01
9.942017813450118036e-01
9.959388894880806253e-01
9.976321368779760279e-01
9.989044543766211204e-01
1.000232750610760446e+00
1.001019195837918652e+00
1.001914086297345907e+00
1.003399921366449732e+00
1.002246191666561259e+00
1.001470417669424018e+00
1.001348300024947235e+00
1.000547225043533883e+00
9.991392771181329957e-01
9.994928549661761252e-01
9.994986298918795420e-01
9.986258308463911160e-01
9.988493219825205216e-01
9.997066490273378569e-01
9.997785945201970170e-01
1.000139031497710995e+00
1.000622100366870493e+00
1.001216141839279983e+00
1.001082655752430162e+00
1.001484767868187742e+00
1.001954578736151458e+00
1.002053118280588739e+00
1.001440670555328039e+00
1.001381127172368046e+00
1.001727070685414001e+00
1.001431903977924032e+00
1.001132740926220954e+00
1.001021164122517293e+00
1.000030154463183329e+00
1.000187949515986219e+00
1.000495669989515335e+00
9.999451929646584469e-01
9.999133042588661535e-01
1.000045953574813851e+00
1.000395713865243508e+00
9.999111412267488452e-01
1.000723168998607360e+00
9.998551792035338392e-01
9.999444567414720320e-01
1.000401953365064989e+00
9.998437002769848814e-01
1.000792242250588826e+00
1.000411456252096265e+00
1.000573897624706499e+00
1.001258943434649051e+00
1.001100291905680173e+00
1.000727701767456290e+00
1.000852734549871892e+00
1.000890321654909654e+00
1.000922038995911034e+00
1.000782476324231007e+00
1.001173746213504856e+00
1.000586879124147677e+00
1.000577754370144179e+00
1.000161846398076593e+00
1.000554205368846761e+00
1.000498651801385641e+00
1.000119063036211786e+00
1.000452870328550903e+00
9.998830227495449918e-01
1.000013601739646152e+00
9.996865389561958581e-01
9.997817160360308320e-01
1.000584768774817279e+00
9.999317888866301463e-01
9.997872884279360717e-01
1.000597399297427748e+00
1.000336415001494395e+00
1.000162345700468469e+00
1.000551144873605747e+00
1.000297996670413525e+00
1.000468505789165796e+00
1.000264317419974791e+00
1.000160864542416039e+00
9.999016400589448850e-01
9.999551502848402773e-01
1.000744465901255209e+00
9.999538245494756783e-01
1.000531419948258449e+00
1.000801295586467798e+00
1.000171784105259531e+00
1.000343410360755136e+00
9.996113890260155399e-01
9.997425013394533044e-01
1.000234076767394953e+00
9.996798169941168988e-01
9.999733494245489629e-01
9.997996160499267315e-01
9.997495414867130226e-01
9.997314634253681165e-01
1.000036747605629772e+00
1.000097966308679753e+00
1.000162831069445257e+00
1.000033641441193888e+00
1.000296707407408281e+00
1.000179182416141010e+00
9.997059958939614743e-01
1.000207556639113093e+00
1.000126476883494764e+00
1.000388074935770089e+00
1.000495956338346426e+00
1.000034128393010535e+00
9.999517224959189043e-01
1.000039216408889153e+00
1.000133321298292355e+00
9.999170658398974787e-01
9.999198477993349599e-01
9.995286658740575314e-01
9.998603099566699681e-01
1.000186989851729491e+00
9.999903378446677316e-01
1.000000857929945308e+00
1.000407705095837319e+00
1.000089062816971186e+00
9.998523836102358731e-01
9.999420607575061348e-01
1.000331149223101290e+00
1.000117779865592915e+00
1.000423367602069069e+00
1.000119149599221213e+00
1.000458511302788622e+00
9.999216158278596556e-01
1.000055820084474689e+00
9.999878172917837649e-01
1.000082067575109646e+00
1.000231787965263575e+00
1.000312798246782764e+00
1.000057191477337515e+00
1.000217681030107331e+00
1.000589609838531846e+00
1.000080100513464743e+00
9.998268337788916993e-01
1.000634047181303332e+00
1.000761951302782338e+00
1.000123792082873608e+00
1.000024695570873812e+00
1.000079451078974335e+00
1.000400367800571955e+00
1.000339868274207511e+00
1.000245929173274151e+00
1.000436709952729597e+00
1.000438336396043404e+00
1.000081004856608669e+00
9.998996393066337252e-01
1.000318871267602994e+00
9.997070888691279578e-01
1.000174073615584858e+00
1.000843280003174129e+00
9.998914900233853986e-01
1.000275367124539239e+00
1.000344503258322026e+00
1.000212406801431975e+00
1.000228395250121194e+00
1.000239185095392669e+00
1.000137484174376201e+00
1.000348678626233223e+00
1.000325535555687484e+00
1.000391328587763473e+00
1.000614720462764007e+00
1.000288020858011384e+00
9.998607676502988539e-01
1.000471804653077168e+00
1.000365313409776524e+00
1.000639785315218910e+00
1.000317008510487993e+00
1.000611428311719342e+00
1.000202583298050785e+00
1.000265897060620857e+00
1.000432869419462856e+00
1.000637521983005929e+00
1.000151288746996325e+00
9.999844535128772360e-01
1.000462481794052394e+00
1.000233344570275351e+00
1.000183077534982035e+00
9.999153285624685639e-01
1.000394090392874080e+00
1.000165452074932348e+00
1.000328107709604453e+00
1.000148315422033640e+00
1.000297436241499582e+00
1.000317358095583309e+00
1.000277577169658816e+00
9.999798807275808166e-01
1.000554104128164701e+00
1.000471602017846573e+00
1.000345973616603823e+00
1.000272557539770624e+00
1.000112288815138806e+00
1.000592987096260655e+00
1.000325194369276138e+00
1.000362259641993878e+00
1.000504758940951699e+00
1.000110513282155944e+00
1.000418731408911466e+00
1.000270146828159401e+00
1.000013322130622440e+00
1.000484250952164311e+00
9.998215855315816247e-01
1.000331859707147553e+00
9.999748531403340746e-01
1.000451455635096520e+00
1.000476563544663078e+00
1.000100314183782313e+00
1.000350525512227362e+00
1.000208505621486665e+00
1.000048640931698651e+00
1.000373501315468872e+00
1.000053334546294526e+00
1.000191555284029699e+00
1.000512356883440201e+00
1.000263442532630664e+00
1.000215334779269494e+00
1.000108716177278811e+00
1.000570471880274814e+00
1.000147221105337714e+00
1.000225382966337451e+00
1.000262998153792493e+00
1.000187526371033808e+00
1.000163980390204932e+00
1.000010680289073806e+00
1.000359808487887747e+00
1.000518037002521510e+00
1.000413709620181724e+00
1.000166396256717549e+00
1.000278285758182673e+00
1.000196738125850526e+00
1.000058694640316048e+00
1.000104373921552714e+00
1.000257359543901714e+00
1.000474901454078802e+00
1.000242031415502497e+00
1.000175116998870406e+00
1.000264021947504078e+00
1.000420368195664711e+00
1.000224869630706115e+00
1.000240176233335276e+00
1.000206181918138704e+00
1.000362475445860877e+00
1.000169251470549803e+00
1.000228150710295694e+00
1.000248447600988522e+00
1.000211534941150227e+00
1.000229342527189536e+00
1.000190106960211933e+00
1.000327892730041857e+00
1.000106147044478533e+00
1.000397676349252807e+00
9.999523752254749764e-01
9.951535611181577812e-01
9.863863349385820767e-01
9.776337007023221393e-01
9.688343425953310772e-01
9.602278934362805662e-01
9.515892424207894607e-01
9.428370449648858509e-01
9.343036804950148877e-01
9.258604247437491885e-01
9.175053093963266848e-01
9.089466304795483786e-01
9.009819693207593572e-01
8.922998062317889501e-01
8.845520199894255642e-01
8.761023261307653298e-01
8.677986053855375470e-01
8.599518597260922270e-01
8.517233018041542314e-01
8.437816727189741961e-01
8.357593806579475260e-01
8.278321205210269484e-01
8.198210589966189454e-01
8.123407654843934900e-01
8.041694743886573793e-01
7.968305933053373424e-01
7.890889384770751747e-01
7.812525734409246914e-01
7.736786851553568711e-01
7.661437864283076049e-01
7.586317656129804021e-01
7.511881868733860657e-01
7.437080347709503769e-01
7.360856010959175855e-01
7.288969152454941591e-01
7.213511297816744827e-01
7.145108788002905165e-01
7.067951410370968413e-01
6.999418278217867107e-01
6.925903833237553320e-01
6.852699922145019107e-01
6.783517040930703290e-01
6.713518970855566481e-01
6.643563068986573228e-01
6.572614097544635658e-01
6.506372458125264657e-01
6.435848385549416406e-01
6.365676389141627922e-01
6.298271278585986233e-01
6.228144033486052722e-01
6.161244972169794831e-01
6.093924035230919856e-01
6.027672218423364425e-01
5.960436935817634563e-01
5.894615988029328069e-01
5.829072967774037162e-01
5.762401401454412264e-01
5.697945861039980242e-01
5.632018498890449809e-01
5.568975981491883775e-01
5.503304923658093317e-01
5.441025383109249214e-01
5.378001126261690024e-01
5.312257186813732490e-01
5.252218128119215956e-01
5.189374611398106518e-01
5.124689560489449347e-01
5.061427965637846915e-01
5.001140055401469553e-01
4.938674111797958788e-01
4.878288269455839377e-01
4.816931906248312911e-01
4.756585848956050300e-01
4.695816518621839797e-01
4.635220080008582433e-01
4.577832122857521946e-01
4.518701635810695727e-01
4.458249931777220065e-01
4.398026609808944332e-01
4.339672737284429593e-01
4.282357722576257686e-01
4.225384011593519840e-01
4.167747276579585325e-01
4.109239440927324183e-01
4.050783042705781711e-01
3.994982281143983349e-01
3.937905744648247386e-01
3.881962787771815471e-01
3.825700388432434762e-01
3.770264060917883908e-01
3.714594767210493975e-01
3.658356531456249949e-01
3.603385344322347916e-01
3.548693424336212265e-01
3.494614673288034545e-01
3.440759161991733817e-01
3.384910455171207810e-01
3.330623896936544814e-01
3.277638689722649490e-01
3.225968595083273938e-01
3.171221591027863496e-01
3.118953167247328628e-01
3.066301025825549087e-01
3.014187512818430337e-01
2.961732832878714583e-01
2.910963867973530017e-01
2.858542192254344694e-01
2.806901745547538685e-01
2.755366561736685704e-01
2.704380212198728706e-01
2.654667921088529337e-01
2.602631129278797362e-01
2.553378524115869075e-01
2.504287295303393446e-01
2.452195196191819526e-01
2.404299839658016746e-01
2.353922859635607101e-01
2.304572600086123024e-01
2.257076895465127409e-01
2.207628204489163193e-01
2.159462326913961783e-01
2.110895854811808414e-01
2.062910645238441310e-01
2.013437132088723436e-01
1.967179326136773709e-01
1.919136497549275011e-01
1.872192095792495070e-01
1.824782885205092908e-01
1.777090422479437604e-01
1.730959426685428348e-01
1.685051142981661143e-01
1.638373886365038223e-01
1.592456012502521667e-01
1.547323230455380505e-01
1.500372094531897960e-01
1.454773921440809248e-01
1.410706959130718641e-01
1.365360767031246481e-01
1.319599893755249720e-01
1.275197175259202009e-01
1.231458919111819011e-01
1.187450052420723490e-01
1.149153213017266029e-01
1.112496115961137122e-01
1.077646686928570158e-01
1.044963143975068398e-01
1.012066524580062521e-01
9.807635434345754466e-02
9.512064993507590716e-02
9.223834979101289133e-02
8.936069563962269202e-02
8.664992839882151854e-02
8.414946119707115979e-02
8.153281639222276223e-02
7.901202259897059654e-02
7.657594477875936945e-02
7.428757588444483140e-02
7.203283515063037268e-02
6.975502242848312384e-02
6.764846418992673249e-02
6.551234983470471951e-02
6.349935111592228121e-02
6.151192875876718841e-02
5.957454547750479223e-02
5.769984770906255722e-02
5.582414956144795409e-02
5.401334631723774676e-02
5.228686897603063155e-02
5.060580080694437877e-02
4.897552153331516389e-02
4.732777773754984207e-02
4.578638588734650072e-02
4.422977578001076326e-02
4.273002436325825520e-02
4.128589270801702460e-02
3.991203431947330793e-02
3.851021013731222020e-02
3.715186571489135364e-02
3.585208792257441046e-02
3.458579980284364613e-02
3.336466884831067875e-02
3.212537386623866287e-02
3.094909384101957733e-02
2.980448647843809279e-02
2.867492358475548855e-02
2.760897291038109588e-02
2.653655804464959134e-02
2.548183259588795296e-02
2.450230387455619788e-02
2.357238763745459278e-02
2.258533123877945817e-02
2.167639174503100882e-02
2.074565455843471740e-02
1.991533229007343489e-02
1.905847021760602791e-02
1.822460392093274914e-02
1.745019555632896027e-02
1.663241564937673750e-02
1.591318241974991332e-02
1.514989869387729782e-02
1.448004127994099478e-02
1.379995230850068928e-02
1.312260434524379141e-02
1.247979663117714834e-02
1.184831461665700365e-02
1.125645193014132399e-02
1.065511687347637376e-02
1.010878483442983512e-02
9.568221540577449141e-03
9.018133974962747046e-03
8.493515648517434291e-03
8.005650901456152352e-03
7.538250278178807925e-03
7.081628329716175771e-03
6.644753531453524188e-03
6.218414934307289754e-03
5.809439929425748612e-03
5.416783274020965308e-03
5.039939231667467552e-03
4.685154969173821460e-03
4.347349853655907599e-03
4.013713101732809159e-03
3.701862439365914519e-03
3.395921780893540465e-03
3.109619619434656444e-03
2.838344289106280605e-03
2.577366532229995958e-03
2.331803621780317685e-03
2.103750201406645419e-03
1.880816697021081259e-03
1.685344263278223086e-03
1.492237135686334988e-03
1.318310129689970189e-03
1.138968635694969722e-03
9.922103595894737459e-04
8.481382827360338210e-04
7.187188483228546974e-04
5.988568954496880726e-04
4.872669687481672764e-04
3.935123443652954441e-04
3.064512561508614375e-04
2.302442569895989262e-04
1.666160144985651278e-04
1.159360432851388561e-04
7.405841934071956639e-05
3.807056416607359193e-05
1.715977482660545022e-05
4.124933173189091682e-06
3.376472210811541607e-07
0.000000000000000000e+00
0.000000000000000000e+00
0.000000000000000000e+00
0.000000000000000000e+00
0.000000000000000000e+00
0.000000000000000000e+00
0.000000000000000000e+00
0.000000000000000000e+00
0.000000000000000000e+00
0.000000000000000000e+00
0.000000000000000000e+00
0.000000000000000000e+00
0.000000000000000000e+00
0.000000000000000000e+00
0.000000000000000000e+00
0.000000000000000000e+00
0.000000000000000000e+00
0.000000000000000000e+00
0.000000000000000000e+00
0.000000000000000000e+00
0.000000000000000000e+00
0.000000000000000000e+00
0.000000000000000000e+00
0.000000000000000000e+00
0.000000000000000000e+00
0.000000000000000000e+00
0.000000000000000000e+00
0.000000000000000000e+00
0.000000000000000000e+00
0.000000000000000000e+00
0.000000000000000000e+00
0.000000000000000000e+00
0.000000000000000000e+00
0.000000000000000000e+00
0.000000000000000000e+00
0.000000000000000000e+00
0.000000000000000000e+00
0.000000000000000000e+00
0.000000000000000000e+00
0.000000000000000000e+00
0.000000000000000000e+00
0.000000000000000000e+00
0.000000000000000000e+00
0.000000000000000000e+00
0.000000000000000000e+00
0.000000000000000000e+00
0.000000000000000000e+00
0.000000000000000000e+00
0.000000000000000000e+00
0.000000000000000000e+00
0.000000000000000000e+00
0.000000000000000000e+00
0.000000000000000000e+00
0.000000000000000000e+00
0.000000000000000000e+00
0.000000000000000000e+00
0.000000000000000000e+00
0.000000000000000000e+00
0.000000000000000000e+00
0.000000000000000000e+00
0.000000000000000000e+00
0.000000000000000000e+00
0.000000000000000000e+00
0.000000000000000000e+00
