0.000000000000000000e+00
0.000000000000000000e+00
0.000000000000000000e+00
0.000000000000000000e+00
0.000000000000000000e+00
0.000000000000000000e+00
0.000000000000000000e+00
0.000000000000000000e+00
0.000000000000000000e+00
0.000000000000000000e+00
0.000000000000000000e+00
0.000000000000000000e+00
0.000000000000000000e+00
0.000000000000000000e+00
0.000000000000000000e+00
0.000000000000000000e+00
0.000000000000000000e+00
0.000000000000000000e+00
0.000000000000000000e+00
0.000000000000000000e+00
0.000000000000000000e+00
0.000000000000000000e+00
0.000000000000000000e+00
0.000000000000000000e+00
0.000000000000000000e+00
0.000000000000000000e+00
0.000000000000000000e+00
0.000000000000000000e+00
0.000000000000000000e+00
0.000000000000000000e+00
0.000000000000000000e+00
9.679243997005449254e-03
1.318457197843916073e-01
5.220438586647466739e-01
1.351590820777591961e+00
2.210098312598456793e+00
2.816988739023662092e+00
3.498587290693627949e+00
3.515223035339279267e+00
3.461075677930072203e+00
3.516251408685376223e+00
3.412975989936187116e+00
3.302119011701779794e+00
3.121594551371754900e+00
2.999856110244774943e+00
2.773181714916800988e+00
2.687396512154553108e+00
2.567988585157819692e+00
2.514227518800021155e+00
2.336254276960251897e+00
2.312439832539318729e+00
2.057834096351041087e+00
1.999355303694544839e+00
1.778503315583461752e+00
1.614402800752809508e+00
1.459308645104633317e+00
1.350191117663623430e+00
1.325425310435305759e+00
1.369608783188233092e+00
1.333455066361023844e+00
1.299579539203348233e+00
1.337019043631657134e+00
1.403995857620757182e+00
1.373821140314740008e+00
1.382922083011949521e+00
1.326466654269909951e+00
1.367235347413443325e+00
1.344944018132741004e+00
1.336155618895918495e+00
1.337254920808425229e+00
1.292341519499932811e+00
1.235778717747492816e+00
1.289178747348893594e+00
1.275673534861088587e+00
1.284488315213862641e+00
1.238892998711912830e+00
1.237078583726465508e+00
1.232545954488594386e+00
1.201343947310540061e+00
1.164473264159276322e+00
1.198344526155575629e+00
1.171287127869677036e+00
1.167760566687545687e+00
1.193684193573539165e+00
1.185440228762377535e+00
1.168712771542397943e+00
1.149228256409592142e+00
1.143810177908528569e+00
1.089902049651527483e+00
1.138826937405277961e+00
1.095035138281750253e+00
1.112244636820609811e+00
1.125090318095296915e+00
1.098406436181817325e+00
1.091685118874675897e+00
1.080000536100740538e+00
1.080682637789902589e+00
1.102327723012100691e+00
1.095651297121054579e+00
1.039297866144074156e+00
1.089327342125410381e+00
1.091975826196448285e+00
1.060716731402768787e+00
1.065200545861568981e+00
1.035236523280222087e+00
1.091429115246568937e+00
1.097492631007567665e+00
1.064286468023844190e+00
1.073111323465806510e+00
1.054802348417068103e+00
1.071785824274627208e+00
1.041444819771210506e+00
1.014664627454947343e+00
1.024823863211966390e+00
1.042900211058145343e+00
1.021679623420775451e+00
1.036946214546862644e+00
1.016240638970007826e+00
1.044989753694721468e+00
1.000837579796900245e+00
1.016046647374367673e+00
1.023139058834684256e+00
1.017544151034028399e+00
1.024905271640651039e+00
1.017182470178455977e+00
1.002256719741942526e+00
1.013783817803131315e+00
1.020691452610670291e+00
1.003412876817776356e+00
1.034511166861582065e+00
9.905176224191843959e-01
1.004948949324554253e+00
1.012405018245970734e+00
1.014136421981667757e+00
1.004156466864349451e+00
1.020124240467972454e+00
1.017733146531277777e+00
1.003491683581128724e+00
1.012336827065975386e+00
1.029093421753533688e+00
1.030675021398631763e+00
1.009682545584599467e+00
1.016137144792590430e+00
1.019748982307736362e+00
9.972886309901940471e-01
9.973518633398087418e-01
9.979917361479768712e-01
9.880374265025216873e-01
9.872976281427749967e-01
9.827288388334716185e-01
1.023780044715409510e+00
9.935703478701202185e-01
1.003607845764985740e+00
1.001478630682697712e+00
9.975095467281860362e-01
9.991205506643765499e-01
1.002569880746785325e+00
1.002076124015003122e+00
1.002279634817250020e+00
9.931492671962341978e-01
9.947944750119617208e-01
9.811322499677777031e-01
1.001830558418378425e+00
9.631145889576675501e-01
9.960754449324012993e-01
1.004589022815042032e+00
9.935109616137326460e-01
9.770618893881272138e-01
9.989059748417222773e-01
1.000944849009547610e+00
1.004023731246006967e+00
9.949616884156055052e-01
9.903993475044934325e-01
1.003185842601836297e+00
9.888032328719688069e-01
9.873901805340752347e-01
9.948099169844732970e-01
9.961316761303142808e-01
9.816104691605176402e-01
9.888136664262299202e-01
9.959448262233333571e-01
9.781485645571189602e-01
9.986040693204270013e-01
1.007645979207649312e+00
1.001408360536749198e+00
9.997822167618127809e-01
1.013735579658461505e+00
9.974870752831737075e-01
9.898376761903699972e-01
1.005563892571970319e+00
9.937773322658999264e-01
1.007128892261472064e+00
1.008291659407222207e+00
1.012134340409523103e+00
1.002388311219646999e+00
9.818563621814421216e-01
9.998733750807891063e-01
1.002455244723124972e+00
9.950009111819219099e-01
9.995911512313249148e-01
1.015748076283230716e+00
1.006223515429660376e+00
9.853011128615861702e-01
1.006720882345214951e+00
9.967270381065778118e-01
1.000696793699850540e+00
1.002966365878384947e+00
1.003472704476055855e+00
1.007513581577794248e+00
1.009899871703953789e+00
1.002224147973034052e+00
1.003075951507074182e+00
1.003867369764258610e+00
9.950122963431684564e-01
1.005745037064790903e+00
9.972599511100411762e-01
9.951383895417043046e-01
9.981403315100871865e-01
1.002403754049828066e+00
9.973778528138032007e-01
1.010675229042745871e+00
9.939839394440977971e-01
9.967588283994113230e-01
9.987233036492551008e-01
9.951342742458172408e-01
1.002713899868699299e+00
1.012180635583067811e+00
1.009240534690171609e+00
9.922859860109021213e-01
9.997964519611385326e-01
1.008314600961476071e+00
9.967995085685867895e-01
9.934850699936896845e-01
1.007058714566778201e+00
1.009885123158150710e+00
1.017086888563150326e+00
1.000647463017373839e+00
1.007010755828655402e+00
1.002974244694717187e+00
1.020403605155736360e+00
9.996885590913433539e-01
1.004272445624975862e+00
1.011646045588665332e+00
9.986965674149208549e-01
1.009623809172597309e+00
1.004403641712562578e+00
9.970217219616958060e-01
1.010070963234965813e+00
1.010979381004249555e+00
1.004395984509641515e+00
9.966224730132628995e-01
9.975961944271052317e-01
1.003457119537094266e+00
1.010764092890418686e+00
1.002651204972121457e+00
9.980182235504191368e-01
1.006565989915015669e+00
9.980026848476061252e-01
9.957223206127312487e-01
9.982969619208694745e-01
9.998120103374946721e-01
9.962532576567217912e-01
1.003731630190995316e+00
9.937759161293668875e-01
1.000039339993908483e+00
1.005669405130407146e+00
1.003478303035278296e+00
1.000016606376240791e+00
9.959123836962230358e-01
9.948500125361247060e-01
1.001127194899557926e+00
9.992062047335744657e-01
9.999704035676760805e-01
1.000857237320020632e+00
1.004763951069893135e+00
9.990332980232060622e-01
9.904067066306280198e-01
9.949438086893791500e-01
9.986782655998760472e-01
1.007190497805220630e+00
