0.000000000000000000e+00
0.000000000000000000e+00
0.000000000000000000e+00
0.000000000000000000e+00
0.000000000000000000e+00
0.000000000000000000e+00
0.000000000000000000e+00
0.000000000000000000e+00
0.000000000000000000e+00
0.000000000000000000e+00
0.000000000000000000e+00
0.000000000000000000e+00
0.000000000000000000e+00
0.000000000000000000e+00
0.000000000000000000e+00
0.000000000000000000e+00
0.000000000000000000e+00
0.000000000000000000e+00
0.000000000000000000e+00
0.000000000000000000e+00
0.000000000000000000e+00
0.000000000000000000e+00
0.000000000000000000e+00
0.000000000000000000e+00
0.000000000000000000e+00
0.000000000000000000e+00
0.000000000000000000e+00
0.000000000000000000e+00
0.000000000000000000e+00
0.000000000000000000e+00
2.581047376370892293e-03
1.209893051301838725e-02
1.113857551735901869e-01
5.327359975156932270e-01
1.393939773220036038e+00
2.191023197981716741e+00
2.925096406843442409e+00
3.332929296038077638e+00
3.545965002224106488e+00
3.748818855387950233e+00
3.457660439593511992e+00
3.499379736965841925e+00
3.397797647050222025e+00
3.268758061284868344e+00
3.178068702095514730e+00
2.936689192063495213e+00
2.767323638478231373e+00
2.538164012035915018e+00
2.487661154215455639e+00
2.352889599933372988e+00
2.279462228945135394e+00
2.196328268165960385e+00
1.978426657339654282e+00
1.807007890058202948e+00
1.687142704038887997e+00
1.567649300985206606e+00
1.446457273299424307e+00
1.460494726323665837e+00
1.448177993713759326e+00
1.391770927664984780e+00
1.481938401858861054e+00
1.392872554950899788e+00
1.419963687636500049e+00
1.465513238220821801e+00
1.440048037215824861e+00
1.429435012268685190e+00
1.384053631323809430e+00
1.398685226838496831e+00
1.322325008150439185e+00
1.383970035554763500e+00
1.343055125230665503e+00
1.279917278138121395e+00
1.285054041398957292e+00
1.270771119101798741e+00
1.275389893371329242e+00
1.250253855276008297e+00
1.252247095186020953e+00
1.239729380560855354e+00
1.278874560095996316e+00
1.227148432290870117e+00
1.237239086284631862e+00
1.218632186467498491e+00
1.245716053485967478e+00
1.217090749429303287e+00
1.240243569527093470e+00
1.192022206576090371e+00
1.130923961934241273e+00
1.193037880500858128e+00
1.160710746866833842e+00
1.140314055895476963e+00
1.120530451968513530e+00
1.144068645710186738e+00
1.145845972873234198e+00
1.115973851875322387e+00
1.132006665953837921e+00
1.121061669620535550e+00
1.075772268494332051e+00
1.108883802675783015e+00
1.098114928374642085e+00
1.092403600432311217e+00
1.058647914981020399e+00
1.128790718301549090e+00
1.082646727003913067e+00
1.116073011465888554e+00
1.104490134961910730e+00
1.078257875798897203e+00
1.111242197104979512e+00
1.076327056396116699e+00
1.104104130310986642e+00
1.083829803646423340e+00
1.063121936272587442e+00
1.063259411403558508e+00
1.085042501983014107e+00
1.084646908700247492e+00
1.071644951407713098e+00
1.062528676236103253e+00
1.064535263393018738e+00
1.060232619680393285e+00
1.080204934787879267e+00
1.078848764205475375e+00
1.062836037805111156e+00
1.064444056279279627e+00
1.070018514004443144e+00
1.058428148658219214e+00
1.045986197968863829e+00
1.044934116123470869e+00
1.052787756864566493e+00
1.043428399161659526e+00
1.066078857428680582e+00
1.053114373355798161e+00
1.043804485972499529e+00
1.055067508186166680e+00
1.051922032359198012e+00
1.053602394723253344e+00
1.050736392336671043e+00
1.036984856673995647e+00
1.052905439795976505e+00
1.031295865704671577e+00
1.022340769433569996e+00
1.039324305592939091e+00
1.066305237868963696e+00
1.021305153994281234e+00
1.035283273795281955e+00
1.037696149393588563e+00
1.034078310072328089e+00
1.026605122130982872e+00
1.024497343466381327e+00
1.018268488508551561e+00
1.023547173209802930e+00
1.029883210367431801e+00
1.038505346736791957e+00
1.038755236872971777e+00
1.026828944043943093e+00
1.026130516179861285e+00
1.036228330088591498e+00
1.018574102975791096e+00
1.033148122689826254e+00
1.028685607144993908e+00
1.035244996570424014e+00
1.038067217351814397e+00
1.034307151975232930e+00
1.039490499842190108e+00
1.011550192531673220e+00
1.004244573773382498e+00
1.021976202196994699e+00
1.029651512168699101e+00
1.014981836777508306e+00
1.009061068227602664e+00
1.016233231753319144e+00
1.004695577231857317e+00
1.010951873052423178e+00
1.024668554095665485e+00
1.018875051247337682e+00
9.877800952919224553e-01
9.917107835538248040e-01
9.815329231676112043e-01
1.008365832645123916e+00
1.010525937565727395e+00
1.017774509993282450e+00
1.021594684949467480e+00
1.003820688942048900e+00
9.906759343528468431e-01
1.003712570507863999e+00
1.002358539305798990e+00
1.016423260684320429e+00
1.008843637659825321e+00
9.981920416084388847e-01
9.959058752758258581e-01
1.013885564522914340e+00
1.019729457803510764e+00
1.005280222783531352e+00
9.902251825513019856e-01
1.005818901820621614e+00
1.007442324641714348e+00
9.986965184967694364e-01
9.974271324950488848e-01
1.018084252325276440e+00
9.927799925576538120e-01
1.005899189323043341e+00
9.974089141315635176e-01
1.014901381726688090e+00
1.007809950979801306e+00
1.001335770811111026e+00
9.857784602807534435e-01
1.011645428973673821e+00
1.020189621259016022e+00
1.007629863531649184e+00
1.019579793946375545e+00
1.013413459242650916e+00
1.007974635740274794e+00
1.001400966968371664e+00
1.014016363752918259e+00
1.002740344728667798e+00
9.979520862675844706e-01
1.007404738062405158e+00
1.010072728075853687e+00
1.003632206127272664e+00
9.950337471918627719e-01
1.011698146440143553e+00
1.011671233864628983e+00
1.019357022196444973e+00
9.992595052203526729e-01
1.004412138743596472e+00
1.010922939023838785e+00
9.911220047530755473e-01
1.010778477909602957e+00
1.018676194339767083e+00
1.008905386034241847e+00
1.007636367610837080e+00
9.964125139336439396e-01
1.014767135948475341e+00
1.004316586597099992e+00
1.007956082445414125e+00
1.007004311968025645e+00
1.023455008728790361e+00
1.001056745192664632e+00
1.003470617701387901e+00
1.010618870337812281e+00
1.004272561375592732e+00
1.010262434481913774e+00
9.940737650273667736e-01
1.006855935275345004e+00
1.007225681539602347e+00
1.003829567053835525e+00
1.005074479105606766e+00
1.010289785697284781e+00
1.006772525866034274e+00
1.002534214378199007e+00
9.982147263093623657e-01
1.000759709629385652e+00
9.974158151803178551e-01
9.915118856989354468e-01
1.001187034466287873e+00
9.987965333231519915e-01
9.996750442755073518e-01
1.000509228336629031e+00
1.001555520489836759e+00
1.002374341478760700e+00
9.980837601323904185e-01
1.006951630969015410e+00
9.951662953263827882e-01
9.987361608756759601e-01
1.002919803627380535e+00
9.966361474657936537e-01
9.996515001335015693e-01
1.001196578055669972e+00
9.890312930328660768e-01
9.948720569073341569e-01
1.003396383928812918e+00
9.975838432294418245e-01
9.859882350714684884e-01
9.989353182406726095e-01
1.001512295954078313e+00
9.981504505401350702e-01
9.996229295101261014e-01
1.001237586757931064e+00
1.002363061955307222e+00
1.003602250791098438e+00
1.004952620757916470e+00
9.969752398325054665e-01
