0.000000000000000000e+00
0.000000000000000000e+00
0.000000000000000000e+00
0.000000000000000000e+00
0.000000000000000000e+00
0.000000000000000000e+00
0.000000000000000000e+00
0.000000000000000000e+00
0.000000000000000000e+00
0.000000000000000000e+00
0.000000000000000000e+00
0.000000000000000000e+00
0.000000000000000000e+00
0.000000000000000000e+00
0.000000000000000000e+00
0.000000000000000000e+00
0.000000000000000000e+00
0.000000000000000000e+00
0.000000000000000000e+00
0.000000000000000000e+00
0.000000000000000000e+00
0.000000000000000000e+00
0.000000000000000000e+00
0.000000000000000000e+00
0.000000000000000000e+00
0.000000000000000000e+00
0.000000000000000000e+00
0.000000000000000000e+00
0.000000000000000000e+00
0.000000000000000000e+00
0.000000000000000000e+00
9.679431616596087182e-03
1.068425680311227421e-01
5.755431148783172191e-01
1.228559350662798311e+00
2.141550564996691275e+00
2.939601850248398485e+00
3.251068483327975045e+00
3.422954031957937904e+00
3.519623613490770353e+00
3.507536087307739248e+00
3.435349611055884544e+00
3.246349006597401665e+00
3.053130923982363853e+00
3.073881425004527657e+00
2.979691309498328611e+00
2.756300592874578737e+00
2.565909859706192897e+00
2.579608645331828320e+00
2.285340008009745461e+00
2.304010567462364989e+00
2.199109506849678208e+00
1.985454927912096323e+00
1.755047667814515044e+00
1.675874750408577363e+00
1.508449232503079163e+00
1.452517875079705867e+00
1.381374140256032446e+00
1.455939196927256818e+00
1.361968298385136444e+00
1.380953031989045510e+00
1.456401300221635831e+00
1.474716002780379620e+00
1.428039424617891573e+00
1.464332776212907694e+00
1.441231157266566809e+00
1.405814506889808913e+00
1.337064699679074486e+00
1.363816065456885607e+00
1.349211971947320787e+00
1.279805249932696398e+00
1.293576798899041647e+00
1.299254226201619566e+00
1.267697367114116735e+00
1.258987352933534698e+00
1.259558608978914140e+00
1.308497536669029015e+00
1.230171072171881708e+00
1.223968368920149929e+00
1.229464445408400719e+00
1.243945748883683811e+00
1.189024085379799311e+00
1.229171201361000776e+00
1.224703771248152551e+00
1.178400872984611825e+00
1.154610742190986583e+00
1.163692385256065887e+00
1.100864147419882810e+00
1.135298318055622424e+00
1.098978804505386542e+00
1.113820382137301168e+00
1.108824423585593744e+00
1.083295786564156371e+00
1.081397840119936227e+00
1.092512959291834784e+00
1.069226521633959370e+00
1.054659428387628051e+00
1.057638781092903768e+00
1.045677989598829516e+00
1.072304534239957974e+00
1.055826385633274800e+00
1.078245056216861508e+00
1.027596394080078523e+00
1.055806359612571299e+00
1.065601834139308313e+00
1.065560958564840011e+00
1.027649014726044197e+00
1.044774714549495442e+00
1.055385974400193216e+00
1.045810638374322199e+00
1.048010526327231462e+00
1.031807504910341233e+00
1.021894094071207348e+00
1.054668209085496855e+00
1.044202555406551713e+00
1.050859981835666535e+00
1.040504844738371348e+00
1.053133038408596844e+00
1.013203126507015384e+00
1.016159060574637563e+00
1.013916462165127319e+00
1.015838994381412563e+00
1.016123699485508070e+00
1.043975205951025664e+00
1.015652990799168265e+00
1.031701047767657586e+00
1.034211590614932730e+00
1.001508276339850179e+00
1.019865348836427543e+00
1.022360263995012009e+00
1.018032150482569342e+00
1.005940486301066361e+00
1.012424642404132324e+00
1.022644432699536754e+00
1.019175518738247854e+00
1.014258568017168294e+00
1.008860263064938145e+00
9.833164418308667498e-01
1.011480167578941769e+00
1.006655499702924006e+00
1.008798965241132439e+00
1.017137861270032584e+00
1.000665563950067227e+00
1.000411217394991059e+00
1.009268297476074050e+00
9.863686930413180232e-01
1.010430277109737540e+00
9.951204323270699259e-01
9.953747165097686089e-01
9.809214185224592875e-01
9.899806737991387884e-01
1.015873968981035658e+00
1.004866345450012632e+00
9.948737047140423506e-01
9.885756681077418895e-01
9.824561377646719995e-01
9.933732575903011508e-01
9.968682334719697336e-01
9.961816547341826311e-01
9.778773852485039830e-01
9.911782877456152274e-01
9.907261700613847477e-01
9.810254659522326115e-01
1.014424909441738132e+00
9.802104798940313168e-01
1.004433155825367185e+00
9.930971200497006324e-01
9.920588544800720276e-01
9.949502724959243816e-01
1.010074563599167030e+00
9.909918704851220506e-01
9.860819077293013768e-01
9.931623103303509614e-01
9.936327185156951236e-01
9.935539845128109615e-01
1.001052954313995658e+00
9.895875771489045514e-01
1.000571547752249879e+00
9.921806003983695277e-01
9.888328332966351830e-01
9.916155866799735152e-01
9.947874066292929918e-01
1.004751719316262282e+00
9.907641150716587353e-01
9.823106310707293565e-01
9.857749248644807061e-01
1.006161040336728263e+00
9.944327463170039572e-01
9.895189586076609256e-01
9.937474844702455234e-01
9.850622488170538427e-01
1.012583257031184791e+00
9.897131758448168837e-01
9.918877920959163763e-01
9.849519326534433850e-01
1.000786610833677592e+00
1.004992346204846232e+00
1.005860582870017117e+00
1.007269788220753526e+00
1.005824909208832940e+00
1.008659481557212745e+00
9.999739613393279214e-01
1.005933115158075264e+00
1.007668160771487020e+00
9.900856879618401551e-01
9.943476351173543559e-01
1.002197429038901966e+00
9.935091012032750690e-01
9.990817641032128105e-01
1.001384454411865299e+00
9.934643242682944519e-01
1.009322466748215463e+00
9.933044850230940970e-01
9.963485989093965323e-01
1.005399198116911919e+00
1.009327089687253265e+00
9.992561404923546720e-01
9.992764159915531463e-01
1.002926156340607777e+00
9.864822354766775714e-01
9.896057516493148576e-01
9.932201029191549679e-01
9.843608643025212324e-01
9.935989648337181235e-01
1.000060961394973802e+00
9.985304885308844414e-01
9.982985917686771904e-01
9.966402866082468837e-01
9.877520955678363856e-01
9.967156275892363748e-01
9.935096904385257721e-01
9.997312779334344146e-01
1.004743164651537235e+00
9.971246060755322160e-01
9.956690028904189305e-01
9.933361583961666241e-01
9.951715204175380913e-01
9.923005153204601525e-01
9.958592976938951402e-01
1.004682699534883428e+00
1.008966029361130001e+00
9.944927372056622250e-01
9.955770064747291315e-01
9.945849840667785324e-01
1.003336874126455447e+00
9.977694551020924729e-01
9.840786053596957128e-01
1.006366453141133821e+00
1.006721509643820900e+00
9.932287078399747449e-01
1.001731384175987172e+00
1.006764832970086232e+00
1.009465114134667552e+00
1.002936566058350909e+00
1.011308919197643208e+00
9.901288972595251314e-01
1.002570692337648284e+00
1.000339810875546576e+00
1.006342645553496506e+00
9.915053962064206416e-01
1.000326794376908524e+00
9.975016244565467760e-01
9.954222139006949632e-01
1.008424563588700806e+00
1.011179641082337266e+00
9.985010267122870209e-01
1.007791696707085904e+00
1.002754209032733712e+00
1.000461678453365977e+00
9.923235207386887913e-01
9.980288882953489704e-01
1.008672820341755649e+00
1.002156436624479952e+00
1.004311553292368542e+00
1.006918619783478297e+00
9.947499471045035957e-01
9.963936499745780218e-01
9.996093946028788979e-01
9.965614051932472073e-01
1.002230376018853564e+00
