0.000000000000000000e+00
0.000000000000000000e+00
0.000000000000000000e+00
0.000000000000000000e+00
0.000000000000000000e+00
0.000000000000000000e+00
0.000000000000000000e+00
0.000000000000000000e+00
0.000000000000000000e+00
0.000000000000000000e+00
0.000000000000000000e+00
0.000000000000000000e+00
0.000000000000000000e+00
0.000000000000000000e+00
0.000000000000000000e+00
0.000000000000000000e+00
0.000000000000000000e+00
0.000000000000000000e+00
0.000000000000000000e+00
0.000000000000000000e+00
0.000000000000000000e+00
0.000000000000000000e+00
0.000000000000000000e+00
0.000000000000000000e+00
0.000000000000000000e+00
0.000000000000000000e+00
0.000000000000000000e+00
0.000000000000000000e+00
0.000000000000000000e+00
2.319655701093346900e-03
1.041625975301422591e-01
8.259953444525414135e-01
2.266693767171952700e+00
3.585044765031356384e+00
3.872099082657922242e+00
3.508066666983580717e+00
2.957849452440040050e+00
2.602667441920055058e+00
2.072897957300271266e+00
1.856708221751980803e+00
1.804309375761684597e+00
1.619943927063417499e+00
1.588200496682647289e+00
1.500019231282359256e+00
1.625021701847200850e+00
1.697726166945870308e+00
1.800087152235165133e+00
1.878993082385137958e+00
2.078664609340165725e+00
2.008712023491010967e+00
2.105687093788465969e+00
2.191405298650508815e+00
2.091874431919739319e+00
2.199906953522206443e+00
2.192644984928684426e+00
2.157601606865727106e+00
2.150837228977930948e+00
2.101712834396572749e+00
2.061740578480933284e+00
2.041493579445058160e+00
1.957467266659112415e+00
1.829209508138369467e+00
1.781997553596096795e+00
1.743838229878242219e+00
1.543149979413837913e+00
1.466275436779467034e+00
1.368640224963673324e+00
1.260596008936515799e+00
1.193942130685821779e+00
1.213748360171898133e+00
1.200275981494495880e+00
1.207612122757144135e+00
1.241359578090743154e+00
1.238081414869673713e+00
1.193064500427571728e+00
1.211253373580325698e+00
1.202561994073236606e+00
1.216433294171295421e+00
1.184001104694908379e+00
1.186664582410514646e+00
1.174500349984128000e+00
1.154061829276925355e+00
1.167484225277601428e+00
1.139977865706329085e+00
1.123900313539519136e+00
1.126485668871812562e+00
1.099781144069189809e+00
1.094036339262334900e+00
1.102445766228347557e+00
1.097606616863253226e+00
1.095175909037876982e+00
1.081737546900449765e+00
1.099294768189233995e+00
1.049580302992956238e+00
1.075637448664450435e+00
1.111668098408547856e+00
1.088964722826048614e+00
1.074811846871999377e+00
1.092426579058722425e+00
1.074657178457744555e+00
1.096751909906890088e+00
1.084065990509876842e+00
1.075314931151510223e+00
1.072163458669782132e+00
1.056548616287514397e+00
1.061464056184791005e+00
1.069213347064897013e+00
1.013775184439241306e+00
1.035303711856722986e+00
1.059079433811655813e+00
1.032391737763203254e+00
1.023700002899345707e+00
1.025042713120560833e+00
1.034642069933823683e+00
1.033279783086426873e+00
1.044975594075767233e+00
9.911158965518352959e-01
1.026374925723908982e+00
1.035579113611240221e+00
1.011816641802603112e+00
1.033467187559471867e+00
1.000935022901192850e+00
1.004840234446753300e+00
1.003723087453537222e+00
9.962601729201100431e-01
1.000314714217032108e+00
9.947811124492041968e-01
9.902908843222821833e-01
9.945001817470227046e-01
9.932853682964428721e-01
1.007638895347815478e+00
9.973921681427978525e-01
9.967683293054383498e-01
1.006812571567706094e+00
1.005735453048945294e+00
1.016675770133787182e+00
1.018520452514700025e+00
1.001837454037876718e+00
9.997366190545885489e-01
9.847287108731561656e-01
1.008499350426472985e+00
1.011638318040205320e+00
1.009221427336560728e+00
9.962831306684852839e-01
9.879560310547101931e-01
9.965468945780623367e-01
9.939002882828972263e-01
9.968940811865465434e-01
1.011893409707006697e+00
9.889171988076693731e-01
9.717190700595699226e-01
9.985152126235088410e-01
1.019752716889470889e+00
9.919433803757015111e-01
9.814278601971319071e-01
9.877983963778870224e-01
9.923603392496077591e-01
9.982734734693309298e-01
9.953601463025001372e-01
9.951393166475318575e-01
9.889688390117238326e-01
1.002689801456627672e+00
1.008736009582410942e+00
1.000588202801409032e+00
9.836852016332434667e-01
9.957886625493748145e-01
1.005055213145756410e+00
9.975517995449051378e-01
9.883064180843951219e-01
1.014484550478637503e+00
1.003036057567475270e+00
9.987861406026563582e-01
1.002437305227137809e+00
9.909151649409354556e-01
1.006375964123927380e+00
9.940878846032333849e-01
9.957518667547394786e-01
9.960978638971879073e-01
1.003977113084045580e+00
9.921326851260958701e-01
9.806123109816105021e-01
1.002256270204115562e+00
1.001546746569431212e+00
9.862236991183673807e-01
1.005393991389855968e+00
9.948180902913466017e-01
1.003855029947372524e+00
9.927738431451029744e-01
9.985751447027001459e-01
9.949789669384618840e-01
1.001305416676157467e+00
1.000619394659420625e+00
9.887793825102553225e-01
9.903942523264116504e-01
1.010281809342475468e+00
9.971205142826837786e-01
9.945266945560280458e-01
9.891909966032970125e-01
9.887283843012660833e-01
9.875151658711375235e-01
9.984302187200874146e-01
1.001970087823070621e+00
1.001108220168974716e+00
9.912935126972856059e-01
9.864016516646111343e-01
9.861472300433363758e-01
9.998180448915942042e-01
1.001270317128978515e+00
9.949861267071193893e-01
9.956757291705480295e-01
9.918878210803278028e-01
9.966117402558739569e-01
9.917695150308332153e-01
9.925104081679636536e-01
9.802501896986525187e-01
9.863457388024698957e-01
9.971972820865619980e-01
9.985898689459619115e-01
9.831273604530863519e-01
9.999180009231899424e-01
9.927791002329727776e-01
9.911597551645492388e-01
9.923839569363240853e-01
9.959311580916285767e-01
9.890412761085249915e-01
9.956932366924692301e-01
1.001244966165427241e+00
9.798628213818123545e-01
9.970957477725794771e-01
9.823692054365118498e-01
9.939271127416701157e-01
9.919889146411913217e-01
9.910929488404812693e-01
9.979888984347349279e-01
9.903765453026376342e-01
9.900284425744790839e-01
9.872685361746000865e-01
9.912845259736046133e-01
9.884905826720216115e-01
9.964083281510317525e-01
9.876507674693687511e-01
9.941655063019595451e-01
9.921970113681894965e-01
1.000646396065177468e+00
9.998400944492840114e-01
9.971378676429992760e-01
9.950445548656190464e-01
9.926228708260975697e-01
9.805307119210197042e-01
1.003269442920734278e+00
9.887763373671273337e-01
1.010612477267099241e+00
9.984436467596652376e-01
1.006101493688066117e+00
9.864595546995985620e-01
9.903192835031262575e-01
9.916034227086175656e-01
9.929291248722761365e-01
9.909417178147201799e-01
9.919234316351366321e-01
9.896478490022740937e-01
9.901531891298970267e-01
9.944895622068519181e-01
9.898923485908107667e-01
9.808920560677008016e-01
9.974030839367430401e-01
9.884537881011581373e-01
9.882718121079757667e-01
9.929378161231644517e-01
9.975352772851910910e-01
9.956641201991289769e-01
9.910819482609479758e-01
9.918417373964788508e-01
9.932386722760133679e-01
9.885605006296488417e-01
9.853071045803368788e-01
9.880428008141137752e-01
9.907397613772308542e-01
9.910039352721911055e-01
9.963559099200997027e-01
