0.000000000000000000e+00
0.000000000000000000e+00
0.000000000000000000e+00
0.000000000000000000e+00
0.000000000000000000e+00
0.000000000000000000e+00
0.000000000000000000e+00
0.000000000000000000e+00
0.000000000000000000e+00
0.000000000000000000e+00
0.000000000000000000e+00
0.000000000000000000e+00
0.000000000000000000e+00
0.000000000000000000e+00
0.000000000000000000e+00
0.000000000000000000e+00
0.000000000000000000e+00
0.000000000000000000e+00
0.000000000000000000e+00
0.000000000000000000e+00
0.000000000000000000e+00
0.000000000000000000e+00
0.000000000000000000e+00
0.000000000000000000e+00
0.000000000000000000e+00
0.000000000000000000e+00
0.000000000000000000e+00
0.000000000000000000e+00
0.000000000000000000e+00
6.959628264156741441e-03
1.085130144375567735e-01
7.650338835001871951e-01
2.293668589171760974e+00
3.479245014867581087e+00
3.687579142222401796e+00
3.312954850962812170e+00
2.892966738406690386e+00
2.315775752430390355e+00
1.945058815676077302e+00
1.771480871998106110e+00
1.638311013232837787e+00
1.487629633294512477e+00
1.546993893488043836e+00
1.472420490214567668e+00
1.497731292444634432e+00
1.738847415666977092e+00
1.823601772454343406e+00
1.770895524601109106e+00
1.840247870610608905e+00
2.035270748304163213e+00
2.091636787729635572e+00
2.107115724220617992e+00
2.116978810794991617e+00
2.093601852894410253e+00
2.075937381536532733e+00
2.077839281129425064e+00
2.047315961170784959e+00
1.971840648090087411e+00
2.051317046065026073e+00
1.950438933564931920e+00
1.900837721656188251e+00
1.843262483190973633e+00
1.685512217366179843e+00
1.638352222570821581e+00
1.512721847946810527e+00
1.377469820192853245e+00
1.258282464764645336e+00
1.257170705521315712e+00
1.220303273233279029e+00
1.209683705218923988e+00
1.184141083637018310e+00
1.216020598455999524e+00
1.214589081437618789e+00
1.184006812117305962e+00
1.200817100111132296e+00
1.216681472450830359e+00
1.170936082774939990e+00
1.204447246647180059e+00
1.196891799099303100e+00
1.198916636070841646e+00
1.175235073781778938e+00
1.149307965954964983e+00
1.160772308687199050e+00
1.148194482349827128e+00
1.128248629800598479e+00
1.113611606881883764e+00
1.117965205071592250e+00
1.108908143111501321e+00
1.095848073224649388e+00
1.093930034622993874e+00
1.080735391580520899e+00
1.052660053894687531e+00
1.086420683666052600e+00
1.092175318841728471e+00
1.090209449389384355e+00
1.069047247317453486e+00
1.087116837170944095e+00
1.065993515283647275e+00
1.083790125895149670e+00
1.085568054543929906e+00
1.070868996661821226e+00
1.079073470128764756e+00
1.061772596659858792e+00
1.046443500597481480e+00
1.064599287282977480e+00
1.051043584302664646e+00
1.038874969142685956e+00
1.068557315915410921e+00
1.026655096551344348e+00
1.050760500048466550e+00
1.063742318395984210e+00
1.054004479280359119e+00
1.031521302866492462e+00
1.044614444724121016e+00
1.037228094832734593e+00
1.017529093232959037e+00
1.015160956930315717e+00
1.041827847681088715e+00
1.019861241784604911e+00
1.023647963706452169e+00
1.012846790882845349e+00
1.014980806409934155e+00
1.006684821028831500e+00
1.018115217764951064e+00
1.000392870220981001e+00
1.008485843628069922e+00
1.014810989548797782e+00
1.004668174715511952e+00
1.033478501520565196e+00
1.016736382790305981e+00
1.012239796165507855e+00
1.015701602962823413e+00
1.024464222185275775e+00
1.014385268590126232e+00
1.036077367157244300e+00
1.003576096073851787e+00
1.007564140114478590e+00
9.938163633298605637e-01
1.009199432031063104e+00
1.009722957917508213e+00
1.014527477504717945e+00
9.980201012711875652e-01
1.011007627592639402e+00
9.960836378769256649e-01
1.007195900270753786e+00
1.009802966116048806e+00
1.004625173705762098e+00
9.994016874982751819e-01
1.009975274202150386e+00
1.005181504766794243e+00
9.985535873064630419e-01
1.003448307166611375e+00
1.006826920481784349e+00
9.995783775627080647e-01
1.001060174749389242e+00
1.018202860523549136e+00
9.972359465961563307e-01
9.953567715441614672e-01
9.899092291127996601e-01
9.888053192267280966e-01
1.012106183463252762e+00
1.010293954739726052e+00
9.982037120183552270e-01
1.007782989944294938e+00
1.008028039250168151e+00
1.005023872365446769e+00
1.015856966181744703e+00
1.009736644288334206e+00
1.004614091525071862e+00
9.944115974121209289e-01
1.002506263990373903e+00
1.008491599675890305e+00
1.004907410859813277e+00
1.008113024267701663e+00
9.939395849405795458e-01
1.000803221230972540e+00
1.006670185309037180e+00
9.972819369904950548e-01
1.003628920533065738e+00
1.007767699120377447e+00
1.013302702182330206e+00
9.927288206487491218e-01
9.990958171576067581e-01
9.945921753759958683e-01
1.009819428247103357e+00
9.934457029790249027e-01
9.937919010252627139e-01
9.908580779778857206e-01
1.010034683728907812e+00
1.014471190598001060e+00
9.999540013566557972e-01
1.006330267175106430e+00
9.861490058955630911e-01
9.979838773802615082e-01
1.009950821865254644e+00
9.941512832772732011e-01
9.886077538643872620e-01
9.868521404427226251e-01
9.923580393606562522e-01
9.940516808853970820e-01
9.951599968112024852e-01
1.010568740549484312e+00
9.907649004375416180e-01
9.882186077208838793e-01
9.983721293345462211e-01
9.948468641224432751e-01
1.002801315995777820e+00
1.000615149064139064e+00
9.972635662214434094e-01
9.985304773937986322e-01
9.976323011525823903e-01
9.980605248558199749e-01
9.940546680789582590e-01
9.874222002525824271e-01
1.005400440700554343e+00
9.859612079570061471e-01
9.954397628351350225e-01
9.846001259306077502e-01
1.006269297756233527e+00
9.934755994298666293e-01
9.968600322501504074e-01
1.004628670505250954e+00
9.966789921408960584e-01
9.874567732040711032e-01
9.886545167165455839e-01
1.001187857751018928e+00
9.912255465331145654e-01
9.927905303750222954e-01
9.933621227178534019e-01
9.971061335896631572e-01
1.002686028401168050e+00
9.925352562509315302e-01
9.841277462625148686e-01
9.848262963450161722e-01
9.920127423353354290e-01
9.840063665739052778e-01
9.814061057023657497e-01
9.947792327336369977e-01
9.911756673947544893e-01
9.908710462817664766e-01
9.953195453710405038e-01
9.902441472433836100e-01
9.806520015370192578e-01
9.832383655926695276e-01
9.949702002836717796e-01
9.869815568659046079e-01
9.778932935157046424e-01
9.832903534919619215e-01
9.936696470054897645e-01
9.924667319597416659e-01
9.979117837013092851e-01
9.901834154859031623e-01
9.879929070747704989e-01
9.921213194036153649e-01
9.823449636409855579e-01
9.964136281247488736e-01
9.821228334524627623e-01
9.974387938666396947e-01
9.883769079010676917e-01
9.982541376184647097e-01
9.898906401906065744e-01
9.947942857036567998e-01
9.990085880279474528e-01
9.811461939423516965e-01
9.855740124672562885e-01
9.899933392807901411e-01
9.962518501277032312e-01
9.819605728350888629e-01
9.898674010224449704e-01
9.959620993246742771e-01
9.916747980359797987e-01
9.949834791282137214e-01
9.879933508931092456e-01
9.831300577862117640e-01
9.914411758340768710e-01
9.899761813897449692e-01
9.938411184525522968e-01
9.833089012626956560e-01
9.917488770667534093e-01
9.852594351310570708e-01
