0.000000000000000000e+00
0.000000000000000000e+00
0.000000000000000000e+00
0.000000000000000000e+00
0.000000000000000000e+00
0.000000000000000000e+00
0.000000000000000000e+00
0.000000000000000000e+00
0.000000000000000000e+00
0.000000000000000000e+00
0.000000000000000000e+00
0.000000000000000000e+00
0.000000000000000000e+00
0.000000000000000000e+00
0.000000000000000000e+00
0.000000000000000000e+00
0.000000000000000000e+00
0.000000000000000000e+00
0.000000000000000000e+00
0.000000000000000000e+00
0.000000000000000000e+00
0.000000000000000000e+00
0.000000000000000000e+00
0.000000000000000000e+00
0.000000000000000000e+00
0.000000000000000000e+00
0.000000000000000000e+00
0.000000000000000000e+00
0.000000000000000000e+00
2.319957265508641210e-03
9.983546661812287004e-02
8.586584996112086587e-01
2.360649857683872810e+00
3.648477658524779343e+00
4.011697259556100903e+00
3.587023923016206872e+00
2.888521503373351340e+00
2.442202351939663618e+00
2.163068264300875398e+00
1.873772141104879552e+00
1.682681835088860156e+00
1.606086614231282850e+00
1.665535808481667823e+00
1.536492535696673434e+00
1.647664030821876846e+00
1.748660972065018360e+00
1.757367449806912507e+00
1.851496235999846807e+00
1.967348745812256716e+00
2.088903597512740351e+00
2.206508595898233782e+00
2.139162707161371912e+00
2.270154637118547480e+00
2.223471682846875463e+00
2.184093059616306842e+00
2.174269422134645247e+00
2.110637140894968233e+00
2.073894444515139046e+00
2.075578340548851486e+00
2.002406643769270911e+00
1.925727419640152149e+00
1.889236661605730339e+00
1.791533201174367207e+00
1.717025169299283727e+00
1.578779712446979788e+00
1.451876697727436216e+00
1.371557616221461773e+00
1.259430443363144025e+00
1.249606738110804249e+00
1.223520422748705316e+00
1.214650337101935706e+00
1.252793865098190906e+00
1.243057495586694872e+00
1.253939979633211355e+00
1.269978547538797242e+00
1.267022391626770883e+00
1.253090356115670989e+00
1.258612416082470542e+00
1.242150447403117308e+00
1.191291387536856039e+00
1.225440425740243366e+00
1.213183971756413237e+00
1.175052390057431673e+00
1.185012920382222168e+00
1.195306726687242360e+00
1.146794936886105232e+00
1.119353594118067008e+00
1.132945560249214001e+00
1.143320693866360926e+00
1.150935327153669085e+00
1.102221034834021562e+00
1.097071740402348006e+00
1.121147976336232643e+00
1.113230967536187332e+00
1.086856118700619600e+00
1.111812619657946977e+00
1.085420286778705279e+00
1.117006587960950093e+00
1.077792909212173411e+00
1.090092859035022954e+00
1.064109601034741504e+00
1.086166805739381402e+00
1.060272288285832643e+00
1.058354802242422510e+00
1.062417776707567540e+00
1.025320367500639707e+00
1.074870897858394958e+00
1.058810321228559115e+00
1.039726189753190644e+00
1.057869942341517877e+00
1.035998573689578928e+00
1.052092440312476729e+00
1.032036004913278182e+00
1.046218366370548880e+00
1.044656919847161802e+00
1.035576032865343388e+00
1.066224086938672988e+00
1.026069617239075304e+00
1.034132061584924545e+00
1.015341608873872259e+00
1.028873646183013912e+00
1.021718357513847097e+00
1.018695198686339953e+00
1.019209900724508344e+00
1.053315078946373440e+00
1.020187005741554076e+00
1.037432291774915472e+00
1.017248148655716777e+00
1.024465909215262815e+00
1.033507461178802433e+00
1.032549175625782967e+00
1.006045664722595712e+00
1.002188326605741198e+00
1.022351236917603545e+00
1.009326239506515455e+00
1.020986906075356471e+00
1.034149391816721275e+00
1.013074565391236526e+00
1.012287291735061157e+00
1.000108935487969086e+00
1.019268079021345308e+00
1.000273596490441230e+00
1.009750365363321523e+00
1.014356315577226830e+00
1.008488249145364390e+00
1.004401884296894920e+00
1.011622109166031569e+00
1.027649932392892262e+00
1.003143532085539302e+00
1.008288248919966712e+00
9.884261388891296685e-01
1.020637734604465274e+00
1.002434284856117852e+00
1.000727368987205601e+00
1.005662938770154113e+00
1.000702809558638107e+00
9.962815678190107826e-01
9.983218569757855709e-01
1.002481924790576295e+00
1.009634209639705738e+00
9.942705944641393456e-01
1.015980524585872180e+00
1.004202840013785236e+00
9.988299930083949230e-01
1.002765570264541495e+00
9.990142375185195878e-01
1.010429942333309183e+00
1.002071485267311157e+00
1.011049643807541365e+00
9.917055170267250475e-01
1.011779115681288310e+00
9.965819104986374244e-01
9.993105535507268433e-01
9.988918488518012673e-01
9.879402311217289068e-01
1.003722690472417689e+00
9.955572438119425493e-01
1.009172868878929652e+00
1.012155704103300469e+00
9.820470236561694710e-01
9.948079103113498523e-01
9.884730447474874282e-01
9.874911253849564252e-01
9.886905177640199494e-01
9.908736465581035047e-01
1.005157425955029771e+00
9.993414851838939850e-01
9.954299627345805090e-01
1.002057657181398609e+00
9.999438540958727195e-01
1.004050595215499664e+00
9.853880627275127813e-01
9.755038090439902554e-01
1.004543912436790309e+00
9.804172601478982063e-01
9.778091282151648578e-01
9.928780413439154406e-01
9.831596418160787332e-01
9.999256431869772976e-01
9.977898745348932064e-01
9.925830233649896028e-01
1.000210624646778346e+00
9.913904448351155141e-01
9.803545731612164360e-01
9.921305077082018808e-01
9.795816886277419755e-01
9.793979047762368939e-01
9.854092168752940362e-01
1.006494862377370403e+00
9.976453357336741989e-01
9.950242626959109327e-01
9.971475473489532781e-01
1.006520041778360630e+00
9.974677529088892269e-01
9.898127733522494864e-01
9.947782793344787100e-01
9.930191861826525024e-01
9.885186550978110054e-01
9.871460683872148589e-01
1.000383257343026910e+00
9.910809054449394306e-01
9.824815453569973878e-01
9.988347094429277373e-01
9.908058695756321033e-01
9.938571047109026058e-01
9.960609253416434772e-01
9.875999758890924296e-01
9.798731703768482904e-01
9.929328230122167476e-01
1.003274681928331802e+00
9.948924031692228942e-01
9.892545133341599239e-01
9.862539198496260706e-01
9.890084752487631192e-01
9.938466379588898336e-01
9.970744520419951851e-01
9.868192910228478221e-01
9.837171995857629803e-01
9.853533923100019631e-01
9.929473719830754774e-01
9.864875406875502906e-01
9.910750647053517826e-01
9.855619366091762368e-01
9.894365300188632251e-01
9.916611997163620185e-01
9.874516107242888863e-01
9.935788715885589539e-01
9.894557077573478132e-01
9.961894143786211853e-01
9.794947254606635179e-01
9.906424562632801800e-01
9.873131691041762137e-01
9.902760190756398906e-01
9.963977644900797737e-01
9.783579203488527165e-01
9.774573296527460098e-01
9.919471618228263843e-01
9.947330494103273635e-01
9.907079463179137013e-01
9.847962447194170688e-01
9.874854266902640676e-01
9.786777388358240959e-01
9.841871168625415667e-01
9.851354923217757742e-01
9.908323691776242947e-01
9.981915658819592307e-01
9.915105392407174145e-01
9.961883032401372962e-01
9.820038840494726973e-01
9.904925150870623751e-01
9.854454314148403116e-01
9.970179195702429942e-01
9.916715749779754230e-01
9.926929733156836244e-01
9.949594323565496001e-01
9.969806692348415211e-01
1.000953880314178868e+00
9.990493233374501125e-01
9.918356453573505815e-01
9.940041774259160690e-01
