0.000000000000000000e+00
0.000000000000000000e+00
0.000000000000000000e+00
0.000000000000000000e+00
0.000000000000000000e+00
0.000000000000000000e+00
0.000000000000000000e+00
0.000000000000000000e+00
0.000000000000000000e+00
0.000000000000000000e+00
0.000000000000000000e+00
0.000000000000000000e+00
0.000000000000000000e+00
0.000000000000000000e+00
0.000000000000000000e+00
0.000000000000000000e+00
0.000000000000000000e+00
0.000000000000000000e+00
0.000000000000000000e+00
0.000000000000000000e+00
0.000000000000000000e+00
0.000000000000000000e+00
0.000000000000000000e+00
0.000000000000000000e+00
0.000000000000000000e+00
0.000000000000000000e+00
0.000000000000000000e+00
0.000000000000000000e+00
0.000000000000000000e+00
0.000000000000000000e+00
0.000000000000000000e+00
0.000000000000000000e+00
1.911278142858394841e-02
3.957543497588400516e-01
1.960713397517302781e+00
4.667980171057669381e+00
6.694801361167182385e+00
7.251268318502448018e+00
6.552610598477515147e+00
5.270136955908433229e+00
4.248773253535342853e+00
3.392393307155930682e+00
2.684726097839678527e+00
2.358935036315315870e+00
1.968651553516396424e+00
1.774826854159914147e+00
1.577934381790324414e+00
1.409295861232277902e+00
1.436750869734779723e+00
1.416366304894661754e+00
1.289582155032806821e+00
1.276526506098091929e+00
1.238616177906465721e+00
1.206853846955038057e+00
1.165691992542000399e+00
1.223034763681880355e+00
1.212379984687781631e+00
1.224924076221890701e+00
1.217031442176265577e+00
1.252313491633677556e+00
1.256486887377119777e+00
1.302965321331387427e+00
1.293648912714372878e+00
1.328329145516035981e+00
1.350062502154172117e+00
1.305390052514054933e+00
1.339471608914095668e+00
1.348820124609142912e+00
1.380290126772470316e+00
1.350887329032462780e+00
1.367673646549297128e+00
1.389712557199808352e+00
1.352024753009593239e+00
1.377149194911872598e+00
1.340427421892782300e+00
1.365011580340570241e+00
1.307824918153266625e+00
1.297822349655761043e+00
1.229911775406084207e+00
1.235581393465013500e+00
1.230310317200887793e+00
1.188450148027717423e+00
1.142313164900332856e+00
1.151312213435964349e+00
1.123658274010097546e+00
1.097804054899685688e+00
1.106027038887607228e+00
1.082737029254783323e+00
1.084699516929577667e+00
1.062612428645171692e+00
1.109512791366523032e+00
1.057903371704782547e+00
1.072671183771440662e+00
1.047308932453092867e+00
1.100771008049084898e+00
1.099311779496774166e+00
1.073177511968186781e+00
1.066567995482138098e+00
1.053345459186576294e+00
1.041659908438801629e+00
1.080200841860574856e+00
1.070387370318409026e+00
1.079197178888221753e+00
1.081060358264424037e+00
1.071931895866926387e+00
1.063316421440461124e+00
1.096486233810338495e+00
1.049451685694783976e+00
1.062781101847522613e+00
1.066694952988238132e+00
1.049790612323614480e+00
1.052805762883831875e+00
1.039436705539360517e+00
1.044553044153421428e+00
1.055030734490725486e+00
1.082697495564209689e+00
1.047529787098406162e+00
1.043521411481429961e+00
1.027852737384593151e+00
1.049460249455280492e+00
1.021964077848969366e+00
1.032290098702856262e+00
1.028017454001249220e+00
1.028115472090753491e+00
1.026123931629647767e+00
1.020475898939532167e+00
1.036451854338123590e+00
1.013178541008251665e+00
1.024003040974734047e+00
1.030280464318320766e+00
1.028658755006757630e+00
1.032687966634206811e+00
1.035328835439596418e+00
1.031204639819707669e+00
1.042377875113200458e+00
1.027049067015277872e+00
1.028526207244491175e+00
1.003475547260128220e+00
1.014928880949277579e+00
1.019623298545951240e+00
1.028479549678790850e+00
1.020346752108717725e+00
1.021089500230736968e+00
1.023183171353731602e+00
1.016322373674164670e+00
1.019661758246727334e+00
1.015948509714021286e+00
1.015582615292968116e+00
1.028317967301349389e+00
1.018762530353793938e+00
1.012667424744803979e+00
1.016935565966819777e+00
1.029165436706630299e+00
1.023768578578999389e+00
1.031788363004672693e+00
1.019896415959025804e+00
1.014158279030698440e+00
1.019226444375447294e+00
1.005682874468451393e+00
1.011444181031223577e+00
1.006952367402853543e+00
1.012788991882811018e+00
1.019629432805292168e+00
1.014974108784349793e+00
1.012967598110011469e+00
1.004743668272805479e+00
1.007494926760548415e+00
1.025580556684816846e+00
1.010599296267948422e+00
1.018175459834939733e+00
1.020643348070994438e+00
1.014816108739806211e+00
1.023303357676470293e+00
1.018449533272022034e+00
1.027563059597191408e+00
1.022441284193196465e+00
1.010629163561804766e+00
1.029584054683376992e+00
1.012631079406532963e+00
1.009274980416163370e+00
1.012561491117301316e+00
1.005785952969949548e+00
1.014433938240075106e+00
9.880581835109174538e-01
1.008336622542323591e+00
1.018968602742894802e+00
1.013236668312851751e+00
1.016297728936555123e+00
1.015600494668267295e+00
1.012050242412703804e+00
1.010187364988052616e+00
1.008418210301470275e+00
1.006740166347844800e+00
1.011890886411300761e+00
1.000818819750214139e+00
1.009042010657399846e+00
1.028915683886718169e+00
1.011121081980021819e+00
1.014281357324420929e+00
1.006928607207288051e+00
1.009465035429510493e+00
1.001906934077182454e+00
1.010794544946413076e+00
1.007612692714405345e+00
1.011106766762125631e+00
1.011999260579781845e+00
1.023906065500004292e+00
1.012372821540495238e+00
1.017035729083610507e+00
1.007763746335980315e+00
1.012336330717234167e+00
1.009962356890900415e+00
1.006515083645546538e+00
1.015312608576750764e+00
1.001743161204257992e+00
1.008900998187667097e+00
1.010456913161697168e+00
1.021586887491086282e+00
1.008451436158883219e+00
1.019774796212143730e+00
1.004109793241000581e+00
1.013128955021577404e+00
9.993935570075676011e-01
1.014316765647828245e+00
1.017518428332362390e+00
1.011809307302840022e+00
1.000139972892285289e+00
1.012704625686506432e+00
1.008577596983853075e+00
1.005787167770398893e+00
1.016877050981942698e+00
1.010559623959404352e+00
1.016488781895971805e+00
9.927668298299741068e-01
1.009834432457355158e+00
1.007283132260632819e+00
1.002356430875923632e+00
9.911414703891795464e-01
1.009573970389889386e+00
1.003343154863591380e+00
9.970412236979250276e-01
1.003167334169890568e+00
9.940525563960200817e-01
9.948940212708831110e-01
1.009298913196371661e+00
1.008898353600441222e+00
1.001227585178103396e+00
9.983936923446770084e-01
1.004106098182857121e+00
1.004570661602708803e+00
1.002936664511915987e+00
1.005031354669271515e+00
1.006808132951132251e+00
1.003813061719325939e+00
1.003202868344919230e+00
9.963859880480591125e-01
9.937874092642918766e-01
1.000029209866550195e+00
9.987425232584429269e-01
9.973859684971861927e-01
9.957530049935352512e-01
1.007224631266405934e+00
1.001528256906927483e+00
9.971104497276401801e-01
9.997432982497158616e-01
1.002480113375199711e+00
9.848225207112495383e-01
1.006224002642918780e+00
1.002355464702400667e+00
1.001574262834757478e+00
1.006378455637674918e+00
9.961027459440573439e-01
9.959016213355483815e-01
9.984838041681431964e-01
9.922135187991065752e-01
9.956635865100814664e-01
1.001388182111393910e+00
9.980117998432076476e-01
1.005252208969083627e+00
9.944795419372912670e-01
