0.000000000000000000e+00
0.000000000000000000e+00
0.000000000000000000e+00
0.000000000000000000e+00
0.000000000000000000e+00
0.000000000000000000e+00
0.000000000000000000e+00
0.000000000000000000e+00
0.000000000000000000e+00
0.000000000000000000e+00
0.000000000000000000e+00
0.000000000000000000e+00
0.000000000000000000e+00
0.000000000000000000e+00
0.000000000000000000e+00
0.000000000000000000e+00
0.000000000000000000e+00
0.000000000000000000e+00
0.000000000000000000e+00
0.000000000000000000e+00
0.000000000000000000e+00
0.000000000000000000e+00
0.000000000000000000e+00
0.000000000000000000e+00
0.000000000000000000e+00
0.000000000000000000e+00
0.000000000000000000e+00
0.000000000000000000e+00
0.000000000000000000e+00
0.000000000000000000e+00
0.000000000000000000e+00
0.000000000000000000e+00
2.484863300134158501e-02
4.101787142109002970e-01
2.064344225560236890e+00
4.804532960872662350e+00
7.040871948978928430e+00
7.414094153831234379e+00
6.743838877119855191e+00
5.481490920227109598e+00
4.420215354456946244e+00
3.430182674266316400e+00
2.891736165024730632e+00
2.383667434995673240e+00
1.970850538730317680e+00
1.857867935973200213e+00
1.623816958999610094e+00
1.584803551766502450e+00
1.496951576277807616e+00
1.429665526380199836e+00
1.329272079974672449e+00
1.318499344974697118e+00
1.240181803606228206e+00
1.262678997647964207e+00
1.239200596322789449e+00
1.221167600901263084e+00
1.221333234446281502e+00
1.266549741313230504e+00
1.251939108542043710e+00
1.251274526162724055e+00
1.327747790805600570e+00
1.334033052688595511e+00
1.360431626002830185e+00
1.351470569507997599e+00
1.358422617945575173e+00
1.405267174817666609e+00
1.397564914336961728e+00
1.402106879084507707e+00
1.390729382437273953e+00
1.398231733475348015e+00
1.438469126930631115e+00
1.435244509476163222e+00
1.368267938795289851e+00
1.385857198810010349e+00
1.413292619787960724e+00
1.351308237028305381e+00
1.320351435168306553e+00
1.318769855923231704e+00
1.258517487822987002e+00
1.249099135905247460e+00
1.224490271022459442e+00
1.245086189403651789e+00
1.156941838208303208e+00
1.181812521583442077e+00
1.133363861016527530e+00
1.138770711064770236e+00
1.144165738236413876e+00
1.099702863665134700e+00
1.117784917769223396e+00
1.095466919160566377e+00
1.100728015159482931e+00
1.126480012894810034e+00
1.089040783955128822e+00
1.085040090440911431e+00
1.111034683173935722e+00
1.072170593695140894e+00
1.069578677302810199e+00
1.106585101652395320e+00
1.098798013010367836e+00
1.094565895490120289e+00
1.092282858015744429e+00
1.057147236226968712e+00
1.086395464879587713e+00
1.056079660513404628e+00
1.115099362386624993e+00
1.070477584718511066e+00
1.066134606657867634e+00
1.045343628827852145e+00
1.074530281020775968e+00
1.061729705065378671e+00
1.060458930779032194e+00
1.034214310708857276e+00
1.019898455327197251e+00
1.044167640420091914e+00
1.027240737752266320e+00
1.036925178684199311e+00
1.039730196555520791e+00
1.045068581112015726e+00
1.039007812881785231e+00
1.050111012719224135e+00
1.033866636512550841e+00
1.017739032809580113e+00
1.031330126128443769e+00
1.047923625203349696e+00
1.013832307738755434e+00
1.025942926407667599e+00
1.025432507813169414e+00
1.021085681988822103e+00
1.030689236583018920e+00
1.033012857379622451e+00
1.022932841614792032e+00
1.027167163573402986e+00
1.022762057972015581e+00
1.042164297042363907e+00
1.023488342531818640e+00
1.027572332239113928e+00
1.019940430048584590e+00
1.023420970335988445e+00
1.022800433122651675e+00
1.024063793772413300e+00
1.039302814889609516e+00
1.028597864959474029e+00
1.015504740269890238e+00
1.004734489626935012e+00
1.017661971742134686e+00
1.003721616285361717e+00
1.002013523774273107e+00
1.007219749805272846e+00
1.002215302087665627e+00
1.002674524757741548e+00
1.013195350240960524e+00
1.012355728682114320e+00
9.999907083574194333e-01
1.015282461296732608e+00
1.019776241490577995e+00
1.016806131978098549e+00
1.002699225195494037e+00
1.009785977811086699e+00
1.004317839060058670e+00
1.005811904553337355e+00
1.009934198363437563e+00
9.970789694552337767e-01
1.008625057402396497e+00
1.000705683344762953e+00
1.023197494560483367e+00
1.015808947927209882e+00
9.997107160760750899e-01
1.003138362964495212e+00
9.980229337360602138e-01
1.014884774661694244e+00
1.020031647271612218e+00
1.013250932936093252e+00
1.005404905422594641e+00
1.007129483521158608e+00
1.001322074563515852e+00
1.005480033263407957e+00
1.025294384785274238e+00
1.000828999715322576e+00
1.015121342330639997e+00
9.947558021048852339e-01
1.018717078004278243e+00
1.012671049632369424e+00
1.010515213807400947e+00
1.011164379124189328e+00
1.016841248016183474e+00
1.014063743040802823e+00
1.007049538366251218e+00
1.013968077356308450e+00
1.002442812654741555e+00
1.002573907320220892e+00
1.020840539099558963e+00
9.971030411667131110e-01
1.006603946995209276e+00
1.004800893781035764e+00
1.029721380693885413e+00
1.012716244944522836e+00
9.999772330984132429e-01
1.009753786111170948e+00
1.006677186071686103e+00
1.002393832542021634e+00
1.006031152417051544e+00
1.000198031158325174e+00
1.007676070354531328e+00
9.956029407671751486e-01
1.000808523662218397e+00
1.009738637524499660e+00
9.990357866875108073e-01
1.013252218543067462e+00
1.004392125227062449e+00
9.934464523787389645e-01
1.005036582538491485e+00
1.011127652227686857e+00
9.951053528980898788e-01
1.009282200651733685e+00
1.008977554665790866e+00
1.013504567184316363e+00
9.870190062939383502e-01
1.001054603699850887e+00
1.001301402949990704e+00
1.004770934793819404e+00
9.935601137128374782e-01
1.004239635178099554e+00
9.948659982466296903e-01
9.994434347433730492e-01
1.004100323859339339e+00
9.977954891003975035e-01
1.011319868415182066e+00
1.000888224320847009e+00
1.004289637811847768e+00
9.970134650101477591e-01
1.006850813695834956e+00
9.906360462958858637e-01
9.998002683829382287e-01
9.850335209534679670e-01
9.919248116165254592e-01
9.976444003361438773e-01
1.002943194397011739e+00
9.898616940794480179e-01
9.933276468550277238e-01
9.907172403078349232e-01
9.967730838327241161e-01
9.935205959391871788e-01
9.865109053042345755e-01
9.897646070578208777e-01
9.932023869253899795e-01
9.970204367416760638e-01
9.962247331354761037e-01
9.951785793326619611e-01
9.942804505224991374e-01
9.974840064196882627e-01
9.973549537368111562e-01
9.911313205836611573e-01
9.897251746332471622e-01
9.896927981065791746e-01
1.004437727573865180e+00
9.992196348852605547e-01
9.932849949321048699e-01
9.922539736580004988e-01
9.872810524807108523e-01
9.900309885617052386e-01
9.959826136504575933e-01
1.005771008629579022e+00
9.966867865647187630e-01
9.922186735287487069e-01
9.922340726395063593e-01
9.874089305751743151e-01
9.953360022331928514e-01
9.921689351644800148e-01
9.895534874662679226e-01
9.942052208049784179e-01
9.812110403359409760e-01
9.868704142084203657e-01
9.923932484604733872e-01
9.940570979362234327e-01
9.929639782150325722e-01
9.930310008172144043e-01
9.945764529854655978e-01
9.825705464882932283e-01
9.934892119643536912e-01
9.963695088994320992e-01
