0.000000000000000000e+00
0.000000000000000000e+00
0.000000000000000000e+00
0.000000000000000000e+00
0.000000000000000000e+00
0.000000000000000000e+00
0.000000000000000000e+00
0.000000000000000000e+00
0.000000000000000000e+00
0.000000000000000000e+00
0.000000000000000000e+00
0.000000000000000000e+00
0.000000000000000000e+00
0.000000000000000000e+00
0.000000000000000000e+00
0.000000000000000000e+00
0.000000000000000000e+00
0.000000000000000000e+00
0.000000000000000000e+00
0.000000000000000000e+00
0.000000000000000000e+00
0.000000000000000000e+00
0.000000000000000000e+00
0.000000000000000000e+00
0.000000000000000000e+00
0.000000000000000000e+00
3.110873958161665300e-05
3.033204936685303822e-03
4.688013016915362763e-02
2.277168911533464235e-01
5.812491325284989685e-01
9.664143751772170665e-01
1.250940041896890342e+00
1.375144629619649450e+00
1.372191658561954464e+00
1.307247126955505712e+00
1.238521461694187975e+00
1.187784456642553943e+00
1.178930953938122306e+00
1.164035138139605241e+00
1.102016523592342256e+00
1.024977838049507373e+00
9.803976284089099824e-01
9.652955585561522334e-01
9.736814046764068475e-01
9.938610304576348531e-01
1.004471214509762511e+00
1.022225011380104576e+00
1.020464855568072871e+00
1.019161381880069772e+00
1.019927008962918880e+00
1.025491487874334640e+00
1.032630717364833473e+00
1.044654077622591437e+00
1.045486635585027635e+00
1.044879254359449394e+00
1.042194852345541989e+00
1.031477374037333306e+00
1.019057894483691662e+00
9.949790300132040910e-01
9.803683548500763401e-01
9.643371699215890214e-01
9.472557315119227717e-01
9.420553914420292108e-01
9.439827336779952338e-01
9.450536638219382279e-01
9.511177434190564162e-01
9.679332657464581047e-01
9.759093302500387868e-01
9.907771698409140182e-01
9.948186658766060564e-01
1.005718516880800717e+00
1.016390827604135128e+00
1.021705668105937326e+00
1.026705422209576613e+00
1.032524738109269480e+00
1.035551699271435977e+00
1.031324584469630379e+00
1.034676277993411775e+00
1.027820180042795073e+00
1.024752691327839305e+00
1.017624229380207357e+00
1.014396659728736605e+00
1.004970434865894102e+00
1.000100720947902033e+00
9.989842304567979614e-01
9.918116694557929103e-01
9.914217198597611302e-01
9.899898538371370016e-01
9.911998452905388390e-01
9.883882400825219072e-01
9.921244830896359668e-01
9.924813932263721883e-01
9.930085115549822650e-01
9.966576475552165748e-01
9.991464354750633214e-01
9.971704433666451761e-01
9.992869295417656783e-01
1.001067313312365092e+00
1.000116166534331663e+00
1.000611695944451984e+00
1.002195782494872400e+00
1.001824703598299893e+00
1.000442516814996186e+00
1.001574477462687351e+00
1.002833367008231003e+00
1.002088689857367099e+00
1.005574836204748079e+00
1.000635662951985472e+00
1.003039043629331495e+00
1.004248924847022773e+00
1.004577634655505092e+00
1.000634310775858848e+00
1.002395757538595111e+00
1.001253517806856008e+00
1.001060036282973575e+00
1.002739482385391012e+00
9.999109664522527474e-01
1.000540188719829082e+00
1.001426083194093319e+00
9.996139796098725272e-01
1.000442950918003726e+00
9.990064125713555843e-01
9.984361961598899882e-01
9.982063853336892167e-01
9.987074345343098791e-01
9.995307973151146275e-01
9.981263742421017104e-01
9.979967182698283867e-01
9.986222997913648536e-01
9.991551972864097797e-01
1.001464319002781878e+00
9.992531196894672840e-01
9.997636630263194712e-01
1.000826156718190862e+00
1.000472821788815470e+00
1.000838519745208099e+00
9.980635025005279992e-01
1.000675386162424907e+00
9.998867131857939183e-01
9.991418850778985838e-01
1.000081566760478768e+00
9.982507833343491344e-01
9.993031757914326851e-01
9.992640682967658394e-01
9.981800821291650916e-01
1.001121789043886823e+00
1.000964855337961978e+00
9.993481376198983801e-01
9.981375697440163508e-01
1.000109983504395839e+00
9.990011436747312512e-01
9.995780081832811303e-01
1.000073638408098597e+00
9.997139374483441365e-01
9.999611322581873907e-01
1.001030298627496595e+00
9.990244581396213741e-01
9.992114502416841182e-01
1.000873131140517902e+00
9.996407943375595906e-01
9.999562471166606459e-01
9.989330748138859351e-01
9.981534607810667037e-01
1.000151300227828832e+00
1.000108101595659660e+00
9.999173344662247720e-01
9.993280715012955451e-01
9.988062137576628752e-01
9.993312787442256706e-01
9.997798546047484969e-01
1.000106217719123780e+00
9.986279348995025229e-01
1.000265770671497911e+00
9.998553849181194275e-01
9.987630043436186433e-01
9.991453344513833157e-01
9.990638614957242369e-01
1.000371109180452356e+00
9.993142914579926650e-01
1.000062255983695803e+00
1.000730458408396695e+00
1.000108448987238052e+00
1.000339196213394510e+00
9.987860427052259737e-01
9.988653573890811099e-01
1.001081575567583926e+00
1.000263572177167548e+00
9.996211320773027431e-01
1.000384556814352122e+00
9.987409378145849503e-01
9.999010077827332754e-01
9.999690056495570412e-01
9.996997630628478015e-01
1.000694203606663724e+00
1.000798575749727970e+00
1.000503828628445557e+00
9.984732421801020275e-01
1.000380747251180980e+00
1.001089386728257757e+00
1.000024317075110858e+00
9.991199040164788769e-01
9.983465127519639548e-01
1.000385322813283295e+00
1.000040473741862002e+00
1.000469283420286182e+00
9.997233722024329028e-01
1.000165229617366203e+00
1.000133980538961742e+00
1.000387296087291711e+00
9.998520277968308001e-01
9.993246247154967676e-01
9.976451578944930398e-01
1.000058645495936593e+00
1.000580327276896497e+00
9.998505265813576459e-01
1.000211600204771623e+00
1.000344577299643545e+00
1.000198914555723961e+00
1.000366727331038375e+00
9.999690859288343781e-01
1.000049954014999853e+00
9.985019458354714716e-01
9.990195853012875382e-01
1.000403091227116903e+00
9.988659627585777523e-01
1.000370062871455357e+00
1.000117217357031407e+00
9.994592961681439958e-01
9.993215732107405547e-01
9.996976021100117960e-01
9.992222335209753892e-01
9.994722457988765019e-01
9.998680706278919583e-01
1.000645143921563340e+00
9.999449138005890303e-01
9.996922086102497662e-01
1.000069880548446033e+00
1.000615802699576395e+00
1.000177688646304741e+00
1.000836406156913494e+00
1.000544106724150062e+00
9.999034304551052132e-01
9.997248104378685385e-01
9.995284459718719594e-01
9.992930369224529707e-01
1.000432327039955771e+00
9.992860356927243393e-01
9.999620404113870320e-01
9.995660464504284581e-01
1.000009382732279795e+00
1.000876595455595153e+00
9.999002866703372572e-01
9.993899722616105263e-01
9.992963230109163097e-01
9.997143783960643626e-01
1.000118463753327802e+00
9.990504478757622486e-01
9.998788075613446180e-01
9.997643973775317550e-01
1.000677997645206929e+00
9.994648975771414090e-01
9.991927550778187950e-01
1.000212866334741602e+00
1.000277407641974259e+00
1.000797986403118012e+00
9.998275014497449709e-01
1.000621804218521316e+00
1.000221878575716428e+00
9.997326392550275331e-01
9.996801405032527121e-01
9.994634602121751366e-01
1.000703318598715308e+00
1.000500723257116142e+00
1.000871544369920541e+00
1.000143241166826069e+00
1.000395222495263026e+00
1.000596323142965538e+00
1.000574940498918597e+00
1.000037128220400140e+00
