0.000000000000000000e+00
0.000000000000000000e+00
0.000000000000000000e+00
0.000000000000000000e+00
0.000000000000000000e+00
0.000000000000000000e+00
0.000000000000000000e+00
0.000000000000000000e+00
0.000000000000000000e+00
0.000000000000000000e+00
0.000000000000000000e+00
0.000000000000000000e+00
0.000000000000000000e+00
0.000000000000000000e+00
0.000000000000000000e+00
0.000000000000000000e+00
0.000000000000000000e+00
0.000000000000000000e+00
0.000000000000000000e+00
0.000000000000000000e+00
0.000000000000000000e+00
0.000000000000000000e+00
0.000000000000000000e+00
0.000000000000000000e+00
0.000000000000000000e+00
0.000000000000000000e+00
3.110653641794805486e-05
1.502052250372876759e-03
2.571097556601632111e-02
1.743086875462616370e-01
6.929290547846408410e-01
1.473373176427070552e+00
1.994361437884223376e+00
2.057052295272276066e+00
1.861150224104240580e+00
1.603087900574558189e+00
1.385889762176675255e+00
1.230467739068227706e+00
1.133814411540156941e+00
1.066291565450737666e+00
9.980656989830510861e-01
9.421951316490095873e-01
9.107652173457472244e-01
9.030799790346544231e-01
9.150873655531166495e-01
9.233053333120498918e-01
9.415966555755660439e-01
9.559236796627764710e-01
9.688472864336247214e-01
9.722579447441184186e-01
9.800938635919479447e-01
9.872858655947653883e-01
9.912107365807213410e-01
1.000642806618392777e+00
9.992114079768280588e-01
9.982751356940950949e-01
9.937160272102560921e-01
9.882991924210317025e-01
9.781619467477693508e-01
9.719928070396192110e-01
9.638135812879434772e-01
9.606097112299185614e-01
9.589110558166630272e-01
9.614555258751082967e-01
9.676675083125356736e-01
9.766728352115213729e-01
9.883191611095610840e-01
9.960563231079111457e-01
1.008112767030380219e+00
1.014391213865359243e+00
1.020275144588192795e+00
1.027025083748865253e+00
1.029633710416708814e+00
1.029329084274702488e+00
1.027441596227409715e+00
1.026802345405809058e+00
1.023933847753251358e+00
1.017616925151827667e+00
1.014098911186141594e+00
1.007175157405740595e+00
1.003587569173532978e+00
9.966336189904060339e-01
9.930709445101078003e-01
9.886509799731951764e-01
9.888100344196633085e-01
9.861315341544355517e-01
9.859368016801985934e-01
9.848798242222049915e-01
9.856673698412153906e-01
9.885809181891596076e-01
9.924234189528083894e-01
9.932754405166471789e-01
9.957036255994269336e-01
9.968653757660350667e-01
1.000942876086702293e+00
9.999667760348474044e-01
1.000137951266857783e+00
1.000060735654140220e+00
1.000332152279360454e+00
1.001822841256170049e+00
1.001235158584981466e+00
1.001413343357318020e+00
1.004017209721984383e+00
1.003193228866141817e+00
1.003258065846968083e+00
1.002898762938195354e+00
1.001969566540829026e+00
1.002250083029170513e+00
1.001664361140582438e+00
1.000320547707743479e+00
1.000950916992621398e+00
1.002460130280778516e+00
9.998669293211737141e-01
9.994247763909557269e-01
1.000677686193746752e+00
1.001226603004812699e+00
1.001819359092015249e+00
9.979428524341916740e-01
9.992729136752759311e-01
9.990603449145070147e-01
9.977647594555407728e-01
9.975180613415036701e-01
9.961673390911155446e-01
9.981706816769757573e-01
9.990490234739468622e-01
9.991880736721893141e-01
9.990163034932479924e-01
9.998007613613154598e-01
9.989051188418728300e-01
9.988525058066163309e-01
1.000319167242049501e+00
1.000042817872718537e+00
9.997896199733924405e-01
1.000375032989651469e+00
1.000686439630672719e+00
1.001439569075003755e+00
1.000507921361206476e+00
1.001691146555273360e+00
1.001253132322500239e+00
1.000033132751444009e+00
1.000798171764761824e+00
9.994089762137149391e-01
1.000105909235960322e+00
1.000234458262640125e+00
1.000012554366963791e+00
9.986485941799352339e-01
9.998059595805741662e-01
9.998084528849738861e-01
9.996280687798091424e-01
9.977047213843152074e-01
1.000137055173544676e+00
9.993430196184984737e-01
1.001384151459294269e+00
9.993454221463449194e-01
9.995836455338441562e-01
1.000606796556973821e+00
9.994916185502453754e-01
9.992535872201304681e-01
9.997055099854535998e-01
9.995407285229263028e-01
1.001370923809187241e+00
9.988459389310085923e-01
9.992317387055130729e-01
1.000259122670834833e+00
9.990305095939624458e-01
9.997409556546467124e-01
1.000013195890802509e+00
1.000817011729026262e+00
9.988897564321082001e-01
1.000765758692899077e+00
9.993934072363499510e-01
1.000085898474438295e+00
9.995513201128183312e-01
1.000111830621024822e+00
1.000753156369063035e+00
9.995633101521647079e-01
1.000839397160219635e+00
9.993581926481541755e-01
1.000126443293748224e+00
9.996720493933217710e-01
1.000796776045159042e+00
1.001538980530540801e+00
9.998815047759257446e-01
1.000243046983260609e+00
9.991790093228319902e-01
9.996552247711638639e-01
9.999227897795820441e-01
9.992419461002026715e-01
1.000737311016549169e+00
1.000458807027288177e+00
9.996099438148375871e-01
1.000428911614287486e+00
1.000888657495757839e+00
1.000922264413370399e+00
1.000219946735278587e+00
9.993549743518617134e-01
1.000110178252133109e+00
1.000179142559752155e+00
9.996997117815406009e-01
9.997353901437692203e-01
9.996249741497685859e-01
1.001347807359506792e+00
9.998981089622063223e-01
9.996895888598866797e-01
1.000426492803483836e+00
9.998704901857945471e-01
1.000098814155191640e+00
9.999140127549961399e-01
1.000372722407940396e+00
1.000041679927768490e+00
1.000275498341400393e+00
1.000023321351076522e+00
1.000569055127909834e+00
9.988801807349833028e-01
9.999482139239843637e-01
9.998982654093099276e-01
9.998317400709009206e-01
9.992988229628980701e-01
9.997267590143589233e-01
9.997410893634139928e-01
9.999018614805290639e-01
1.000087335519578069e+00
1.000079486999991385e+00
1.000154416472615049e+00
1.001005857537728971e+00
1.000058138085215376e+00
9.997843612547102632e-01
1.000527388445816346e+00
9.995602782158975463e-01
1.000143221788467596e+00
1.000028955096294636e+00
9.999543428250051713e-01
1.000164305062822390e+00
9.998164922491490358e-01
9.999817175242994294e-01
1.001250860775234397e+00
1.000242462694026280e+00
9.989693707745840312e-01
9.997773611831365370e-01
1.000002304307448631e+00
9.996709076829956020e-01
9.998971222652697222e-01
1.000708822918000562e+00
9.993548148666104858e-01
9.993215251613408734e-01
1.000222727222489505e+00
9.999934746049239376e-01
9.995658532151585618e-01
1.000762775388575276e+00
9.999923856535749556e-01
1.000554107612415589e+00
9.996971607735560816e-01
1.000358892048101245e+00
1.000067974312653485e+00
1.000738856510326569e+00
9.998624493092241883e-01
1.000145094292314019e+00
1.000317251281830133e+00
9.999590428742801684e-01
9.997625338534051886e-01
9.994672891616338539e-01
1.000250494726397932e+00
9.998723035889451882e-01
1.000343723062695700e+00
1.000684822227403847e+00
1.000013181871224788e+00
1.000268862414165794e+00
1.000480105937001873e+00
1.000154526495687701e+00
1.000103259869543626e+00
9.993607743957730882e-01
1.000268639797488035e+00
1.000069324279247107e+00
1.001126149825418921e+00
9.997136721442186902e-01
9.999477748975025282e-01
9.998528661393623063e-01
1.000444177773111898e+00
1.000255220969048953e+00
1.000175769796874947e+00
