0.000000000000000000e+00
0.000000000000000000e+00
0.000000000000000000e+00
0.000000000000000000e+00
0.000000000000000000e+00
0.000000000000000000e+00
0.000000000000000000e+00
0.000000000000000000e+00
0.000000000000000000e+00
0.000000000000000000e+00
0.000000000000000000e+00
0.000000000000000000e+00
0.000000000000000000e+00
0.000000000000000000e+00
0.000000000000000000e+00
0.000000000000000000e+00
0.000000000000000000e+00
0.000000000000000000e+00
0.000000000000000000e+00
0.000000000000000000e+00
0.000000000000000000e+00
0.000000000000000000e+00
0.000000000000000000e+00
0.000000000000000000e+00
0.000000000000000000e+00
0.000000000000000000e+00
0.000000000000000000e+00
0.000000000000000000e+00
0.000000000000000000e+00
6.170704682811580660e-03
2.119282216584165157e-01
1.276257276302318333e+00
2.753461114451772662e+00
3.134082539251871857e+00
2.471865060739937725e+00
1.639900652638760947e+00
1.035786837518564152e+00
7.017684310557763538e-01
5.463581702540361018e-01
5.051830027041663840e-01
5.148093284285867322e-01
5.759244400892329363e-01
6.601302660100524244e-01
7.541162358051930470e-01
8.547458334582616057e-01
9.571724052680518069e-01
1.054365089132163202e+00
1.130841915076846282e+00
1.184502171013512628e+00
1.219887623534208654e+00
1.224444244497709944e+00
1.210858682448032964e+00
1.189313822069795634e+00
1.150244281678420633e+00
1.114597395675695823e+00
1.069680056454473505e+00
1.026862010190399355e+00
9.877129414702744414e-01
9.529824684058056938e-01
9.168155494286505114e-01
8.879902627660597458e-01
8.730003081800364884e-01
8.611199445637082173e-01
8.667490649562697991e-01
8.792023172724093838e-01
9.058996744150336067e-01
9.395708384269751967e-01
9.670991757528428767e-01
9.982747555280965246e-01
1.025272796308057455e+00
1.046229662802794946e+00
1.057997019052140386e+00
1.069264960950847110e+00
1.070802646953899595e+00
1.069696573148060326e+00
1.064817591552425613e+00
1.055713449459321218e+00
1.045153734965053260e+00
1.028634719140028242e+00
1.019646450233645529e+00
1.006073776135784081e+00
9.967397995388377341e-01
9.910877986431212427e-01
9.866885713511963640e-01
9.793560173653703682e-01
9.803833294105340768e-01
9.804653850620003164e-01
9.862023718947766637e-01
9.871175712063406937e-01
9.895455071616801046e-01
9.949169980721688233e-01
9.982353392427648631e-01
1.001720880198715413e+00
1.002496691912140525e+00
1.001124716271736270e+00
1.005222538504449981e+00
1.007602419047403108e+00
1.008069607666078227e+00
1.007482216731476310e+00
1.004478705429169505e+00
1.006010759633945595e+00
1.002272603046212351e+00
1.002843710848189351e+00
1.001367002378618087e+00
1.000912675532323215e+00
1.000410506348221151e+00
1.001016339086993501e+00
1.001212899536561007e+00
1.003029193323357937e+00
1.003959807603281629e+00
1.003920137216513631e+00
1.002789396202932393e+00
1.004552723310768947e+00
1.004724246897358730e+00
1.003469045082827416e+00
1.004278873715882980e+00
1.004365086084485492e+00
1.004722059606947937e+00
1.004205689887323283e+00
1.002076076656824410e+00
1.004218573194092023e+00
1.003858373711872920e+00
1.000074764968057250e+00
1.002948341054167747e+00
1.000561115619037045e+00
1.001307329112702149e+00
1.001301631119625446e+00
1.002045971050599560e+00
1.002486482264249190e+00
1.002339743290061591e+00
1.000853284702150736e+00
1.000861721457184439e+00
1.001519379673148968e+00
1.000889817996040154e+00
1.001155850285845972e+00
1.001984851827488976e+00
1.001528429534207287e+00
1.002498698058408078e+00
1.001801803397551316e+00
1.002705162168154418e+00
1.003659253102090698e+00
1.001363411428653372e+00
1.002782510369726765e+00
1.003470358482464686e+00
1.002177183025537044e+00
1.001465522114565632e+00
1.001318240829588424e+00
1.001907537800944326e+00
1.001646097191154938e+00
1.002241169306037127e+00
1.002359623622021578e+00
1.003085703290413244e+00
1.001670455360307521e+00
1.000487790168777202e+00
9.998263454249313176e-01
1.001197722608588858e+00
1.001480050870685590e+00
1.000809710178109047e+00
1.000279030223544696e+00
9.990180465182378899e-01
1.001232404527543807e+00
1.001881539367151186e+00
1.000913829489953777e+00
1.000571486823449208e+00
1.000162917042404009e+00
1.001113629003990591e+00
1.001319005729985001e+00
1.000846292103953816e+00
9.999338251839837710e-01
9.999280022876174678e-01
1.001989080373761665e+00
9.999297696292456239e-01
1.000987964386744311e+00
1.000133733428236971e+00
9.997071886320381129e-01
1.001642869056911467e+00
1.001288201579938697e+00
1.001173982612760360e+00
9.999699227958983583e-01
1.001016473315140320e+00
9.996862642220447626e-01
1.001157435010191499e+00
9.995147000316002561e-01
1.000117370915021953e+00
9.997200168035368373e-01
1.000153320930945000e+00
1.000243140659078378e+00
9.995738140151525508e-01
1.000286306833945593e+00
9.998485162863791631e-01
9.999513939078781277e-01
1.000496981273674368e+00
1.000954809776090526e+00
1.000781576098016545e+00
1.000755604730215076e+00
1.000695310170021557e+00
1.001076418437847559e+00
1.001039623019283065e+00
1.000139480059116348e+00
9.994331790498491852e-01
1.000204760952077887e+00
9.985334945954134067e-01
9.997647057305012464e-01
9.998867879495126898e-01
1.000219073196532138e+00
9.996608860811335706e-01
1.000493130733980385e+00
9.999803568498328854e-01
9.994553229008146245e-01
1.000582049043515998e+00
1.000637758178404946e+00
9.995139263306925814e-01
1.000954410391657223e+00
9.990515542260289816e-01
9.997893810984317398e-01
9.998423230413278073e-01
9.995250321553302841e-01
9.995798024365387668e-01
1.000129848887144846e+00
9.990869920660307990e-01
1.000133142678909515e+00
9.996793979434309696e-01
9.991432034044510635e-01
9.997330028540655222e-01
9.999931379201477677e-01
9.999059604361979492e-01
9.991772953092108445e-01
9.998904517134206138e-01
1.000302138209165248e+00
1.000926577239512394e+00
9.993781272255884973e-01
1.000018400583962075e+00
1.000030836108878329e+00
9.998134646535460357e-01
9.997717355298383346e-01
1.000144236245820384e+00
9.994488129032708112e-01
1.000187337369959462e+00
9.998405756280637213e-01
9.999009614092561060e-01
9.994591994323686057e-01
1.000137550202170988e+00
1.001117075140885770e+00
9.995158968314120651e-01
9.995617871934739940e-01
1.000781535180925053e+00
1.000023468766183088e+00
1.000233408248087486e+00
1.000172937996555822e+00
1.000129096516837457e+00
1.000510694265875022e+00
9.999573248979594098e-01
9.998741337736583024e-01
1.000612599795891233e+00
1.000369416143431334e+00
1.000433011569925812e+00
1.000074246780446430e+00
1.000198834049207397e+00
9.995297112253939131e-01
9.997374551461095660e-01
1.000244468913708218e+00
1.000727773270184029e+00
9.995582465309758025e-01
9.990979730536787562e-01
1.000270898823757193e+00
9.996220720310911023e-01
9.998131986212808187e-01
1.001125743093573828e+00
1.000153685461594666e+00
1.000402156478872095e+00
9.999098354393359811e-01
1.000028109449394575e+00
9.998552665573220422e-01
1.000477011031273733e+00
9.996781543268069559e-01
1.000173244739470668e+00
1.000106330830641710e+00
9.932971546878158753e-01
9.822771666821139558e-01
9.731034815051298192e-01
