0.000000000000000000e+00
0.000000000000000000e+00
0.000000000000000000e+00
0.000000000000000000e+00
0.000000000000000000e+00
0.000000000000000000e+00
0.000000000000000000e+00
0.000000000000000000e+00
0.000000000000000000e+00
0.000000000000000000e+00
0.000000000000000000e+00
0.000000000000000000e+00
0.000000000000000000e+00
0.000000000000000000e+00
0.000000000000000000e+00
0.000000000000000000e+00
0.000000000000000000e+00
0.000000000000000000e+00
0.000000000000000000e+00
0.000000000000000000e+00
0.000000000000000000e+00
0.000000000000000000e+00
0.000000000000000000e+00
0.000000000000000000e+00
0.000000000000000000e+00
0.000000000000000000e+00
0.000000000000000000e+00
0.000000000000000000e+00
1.895259518003989145e-03
6.160585988619937670e-02
4.774904994313228790e-01
1.553081082414578873e+00
2.663558453265405745e+00
2.875096046841590702e+00
2.372653693728099533e+00
1.740143832504965848e+00
1.266603895099619681e+00
9.725393466467274761e-01
8.123370693957181476e-01
7.370942573025391908e-01
7.141815664515057671e-01
7.282251955679154287e-01
7.614347532644089034e-01
8.085428612895214640e-01
8.688504871276174768e-01
9.233995831491733641e-01
9.754441672505460570e-01
1.023480967018296495e+00
1.062198815017722175e+00
1.077054228398528712e+00
1.084227761262824608e+00
1.080399461111133608e+00
1.070579463428832367e+00
1.050275764389169142e+00
1.024983599506721132e+00
1.002972085564761917e+00
9.771217190545513631e-01
9.561476865555517124e-01
9.374696705543504871e-01
9.247927553693672253e-01
9.129245045320101282e-01
9.056628956053400792e-01
9.070085185350336143e-01
9.163184097410075335e-01
9.322977492072808126e-01
9.559152015876576369e-01
9.787505910995971670e-01
1.004557079114526408e+00
1.024812778617793407e+00
1.040478745426810958e+00
1.049717164982861384e+00
1.055148935227860907e+00
1.054835040830673254e+00
1.051114532156387060e+00
1.048936955537934868e+00
1.040328432532662051e+00
1.032586388907547725e+00
1.022470364245461338e+00
1.014545778247190277e+00
1.004908686765614068e+00
9.979524549885826490e-01
9.907384694856500307e-01
9.857916981424295066e-01
9.821915674372824201e-01
9.811700536560608032e-01
9.819601192946413315e-01
9.829486090760780614e-01
9.834909170604516637e-01
9.887394652163090658e-01
9.918063292540320042e-01
9.914484777893447509e-01
9.958618097194272822e-01
9.981724518529819790e-01
9.999051234524233278e-01
1.002625545911263183e+00
1.001442294602222116e+00
1.002804029257803986e+00
1.003333832226421807e+00
1.000940993635279108e+00
1.003092900419774169e+00
1.000329610325220608e+00
1.000675226204166268e+00
9.999922748261730332e-01
1.002423092382977998e+00
1.001811629017986593e+00
1.002455079542720284e+00
1.003392908569808339e+00
1.001768887688247123e+00
1.003120902810697546e+00
1.002668692572165066e+00
1.003319609791763378e+00
1.003619667977152519e+00
1.002936062588757338e+00
1.001572148270495122e+00
1.001468184193962108e+00
1.000884804364474245e+00
1.000546431596846420e+00
9.998741398261664637e-01
9.997164683343574554e-01
9.987750657023035661e-01
9.985599530281255021e-01
9.975983888079136275e-01
9.987276784816456754e-01
9.970394225706683544e-01
9.988179836893730235e-01
9.977180558618135020e-01
9.986863842851060324e-01
9.983400617287960799e-01
1.001031547671055399e+00
9.994582818482176112e-01
9.998956230250475308e-01
1.000374869621363905e+00
9.999560388090743546e-01
1.000826703972026444e+00
1.000501933049368075e+00
9.995154278938226389e-01
1.001639355156102029e+00
1.001077492683921433e+00
1.001169095633239525e+00
9.998519205352226491e-01
1.000386937859693459e+00
9.998612609071624302e-01
1.000358992001942671e+00
1.001049180955360107e+00
1.000088217117949041e+00
1.000693006715069000e+00
9.993078089389623164e-01
9.994228317560753805e-01
9.991163094780316500e-01
1.000266274434235436e+00
1.000584345617431925e+00
1.001488029608175845e+00
1.000177693315098981e+00
9.986714975122634730e-01
1.000457426665160465e+00
9.988735920441854654e-01
1.000073459471694459e+00
9.996294041783204687e-01
1.000050365585365197e+00
9.996469452808096623e-01
9.999984764175673391e-01
1.000382159962527551e+00
9.993515372709477207e-01
1.000224622956808807e+00
1.000600298339572536e+00
1.000021968630867564e+00
1.000427606343764708e+00
1.000546585613344641e+00
9.997733967142197198e-01
1.000484402399570039e+00
1.000771250290618308e+00
1.001170269189533224e+00
1.000571732025854033e+00
9.998433483517535914e-01
1.001488399909722826e+00
1.000265012023011435e+00
1.000281089614331709e+00
9.993648203570795197e-01
1.000435904715803792e+00
1.000927397149551146e+00
9.991349908648020639e-01
1.000135961793779504e+00
1.000583428964006316e+00
1.000449540394718895e+00
1.000247522930975519e+00
9.992150953048484219e-01
1.000049491540703661e+00
1.000255643969531372e+00
9.998428897999462883e-01
1.000387628108031501e+00
9.998698133203027805e-01
9.998947609531486647e-01
9.997568429974715842e-01
1.000634069802885495e+00
1.000193388144747564e+00
1.000335943796104798e+00
1.000875689923390155e+00
1.000070750159505639e+00
1.000766752184732988e+00
1.000856835881279050e+00
9.996897912093737348e-01
9.998845219483398772e-01
1.000375808129120969e+00
9.992378640774303156e-01
1.000705697653660575e+00
9.997836689647848774e-01
1.000008798215574091e+00
1.000300275802731731e+00
1.000504068659825441e+00
9.995492911253792689e-01
9.996625237185748913e-01
1.000479966315727332e+00
1.000392831779334468e+00
9.998990731628067952e-01
1.000581292919340948e+00
9.993988800659221461e-01
1.000032898490689659e+00
1.000369651746190636e+00
9.998038740905964561e-01
9.997150431082032496e-01
1.000123322089736089e+00
1.000412393909976272e+00
1.000507143866029569e+00
1.000024427022381479e+00
9.996618489962895149e-01
1.000336719484618220e+00
1.000256869178516084e+00
9.999430332278446132e-01
9.998416613669702802e-01
1.000150872173932948e+00
1.000690487497395864e+00
1.000233796520290319e+00
9.997239810826320516e-01
1.000041094631674676e+00
9.999462636337571597e-01
9.999245301296045829e-01
1.000818444359598658e+00
1.000345811144287111e+00
1.000671087912119006e+00
1.000142289935501250e+00
1.000243982733517445e+00
1.000574823543809222e+00
1.000732767905070375e+00
1.000115785098682153e+00
1.000079556471713094e+00
1.001020050076997014e+00
9.998728878722200619e-01
9.998213019907341570e-01
9.996935977984180433e-01
1.000006321864817860e+00
9.999670369574139572e-01
1.000886360825582022e+00
9.999351558594482547e-01
1.000533021663394972e+00
9.999443968846624120e-01
1.000156685647885624e+00
1.000097197292497908e+00
1.001049291021126386e+00
9.998553271301796608e-01
1.000196381435738857e+00
1.000630865037978712e+00
1.000466930292839507e+00
1.000459508092799599e+00
9.998198653917824696e-01
1.000111915390777817e+00
9.998052381809522382e-01
1.000444821943438756e+00
1.000204581862373265e+00
1.000151240576331313e+00
1.001062617369428365e+00
9.997873198305150533e-01
1.000094308475207860e+00
1.000992973381872098e+00
9.997452553665205910e-01
1.000544885108233251e+00
1.000794086264802374e+00
1.000454714642136089e+00
9.938923676862693180e-01
9.831444478454881564e-01
9.723846697206994794e-01
