0.000000000000000000e+00
0.000000000000000000e+00
0.000000000000000000e+00
0.000000000000000000e+00
0.000000000000000000e+00
0.000000000000000000e+00
0.000000000000000000e+00
0.000000000000000000e+00
0.000000000000000000e+00
0.000000000000000000e+00
0.000000000000000000e+00
0.000000000000000000e+00
0.000000000000000000e+00
0.000000000000000000e+00
0.000000000000000000e+00
0.000000000000000000e+00
0.000000000000000000e+00
0.000000000000000000e+00
0.000000000000000000e+00
0.000000000000000000e+00
0.000000000000000000e+00
0.000000000000000000e+00
0.000000000000000000e+00
0.000000000000000000e+00
0.000000000000000000e+00
0.000000000000000000e+00
0.000000000000000000e+00
0.000000000000000000e+00
2.390392212148321777e-03
6.250481843422783790e-02
4.761063822266414225e-01
1.550810661674561830e+00
2.647405149123139623e+00
2.866704958776954637e+00
2.359371541733992217e+00
1.730642665682633696e+00
1.257156072073610353e+00
9.639753691628238919e-01
8.088216308611061445e-01
7.318989033997472804e-01
7.118423804535729538e-01
7.229319065091636132e-01
7.614985183411063785e-01
8.085063728688536289e-01
8.686604158857581526e-01
9.238060729907275892e-01
9.795629097261470131e-01
1.022835202533838972e+00
1.058956342557444641e+00
1.080277084522596187e+00
1.085337876316682992e+00
1.079349244633461158e+00
1.067915467478679936e+00
1.044547781569239220e+00
1.025654391530166354e+00
9.986792499295170655e-01
9.784939994013109876e-01
9.547672572894845278e-01
9.384097088030834977e-01
9.216974707733307515e-01
9.102004646445249758e-01
9.040306443629663180e-01
9.065855589887483745e-01
9.147649692796774312e-01
9.357106033918339838e-01
9.569945618410580224e-01
9.793118155294979754e-01
1.004967958959839480e+00
1.023932775269534412e+00
1.039538796800095088e+00
1.050900367896326015e+00
1.055404475636869455e+00
1.057451637866192007e+00
1.052526195342578852e+00
1.048647219480703718e+00
1.041819203075579070e+00
1.033085696935984288e+00
1.024074099990449849e+00
1.014265917945774254e+00
1.008296695238666274e+00
9.986905114041040310e-01
9.925400449430638039e-01
9.880966157734676347e-01
9.849544206732070428e-01
9.831607986544091959e-01
9.837752810314576157e-01
9.829960172298277676e-01
9.841611582261077240e-01
9.886951874851559463e-01
9.913563141991222905e-01
9.938570672999295086e-01
9.982284991272541985e-01
9.987641701624490054e-01
1.000595820360492105e+00
1.000682083114898369e+00
1.002795959887366362e+00
1.002549730913661952e+00
1.002304492932978297e+00
1.003111632181741708e+00
1.001859432682303597e+00
1.002227489106693570e+00
1.001938165593570851e+00
1.001698725657923505e+00
1.001250179144213659e+00
1.002595312757542656e+00
1.002561414709313592e+00
1.002331005740101144e+00
1.004228794452366236e+00
1.003222246081137969e+00
1.002712102946123673e+00
1.003456204414591602e+00
1.003372707250302920e+00
1.003317588027246021e+00
1.002921510695933716e+00
1.002142136456885879e+00
1.001179046241450488e+00
1.000662524346995319e+00
1.001126397572712490e+00
1.001116918465088323e+00
9.999052579429676957e-01
9.991849887670178898e-01
9.989596517455379132e-01
9.985519553218855648e-01
9.997092703364890420e-01
9.991143800783648388e-01
1.000126097375585221e+00
1.000613326240200607e+00
1.000151774057218557e+00
9.994103216301453152e-01
1.000412584995713505e+00
1.000462185743284937e+00
1.001893528708125203e+00
1.002483042331379748e+00
1.000626130080785936e+00
1.001211809518437912e+00
1.001922901408244249e+00
1.001564619251179344e+00
1.002705235793707406e+00
1.002530709454746649e+00
1.000046087932023431e+00
1.001931261191652656e+00
1.000830911106814325e+00
1.000967702435464624e+00
1.001308419605724254e+00
1.001101683071669468e+00
9.991926132609506572e-01
1.001287211290404322e+00
1.000954172920436092e+00
1.000586159588138235e+00
1.000752874355047117e+00
1.000541715105350615e+00
1.001040466073810586e+00
1.000927644732581223e+00
1.000649110225154681e+00
1.000247460030210700e+00
1.000221326386993015e+00
9.998070772405552864e-01
9.997968408415099928e-01
1.000562530790078730e+00
1.000412518382276739e+00
9.999497050763891393e-01
1.000310142231085608e+00
1.001333465916071752e+00
1.001113701579375181e+00
1.000427151662665493e+00
1.001011463902208298e+00
1.001134157066033259e+00
1.000192674740442822e+00
1.000764692061670624e+00
1.000979650951499211e+00
1.001685301171726161e+00
1.001263818861894306e+00
1.000553982724774027e+00
1.000744484099633125e+00
1.000273154891060834e+00
1.000973422476877595e+00
1.000888647460624226e+00
1.000156379105181070e+00
1.000846358122908564e+00
1.001321533783359641e+00
1.000434573258032200e+00
1.000628758512728256e+00
1.000625939367231876e+00
1.000662953788991061e+00
1.000652616615391288e+00
1.001243779018580859e+00
1.000314752196116874e+00
1.000372567628798226e+00
1.001225876981964191e+00
1.000118116099037779e+00
1.000712132841404589e+00
1.000492860876481593e+00
1.000424693052309744e+00
1.000060285422409434e+00
1.000840864099646677e+00
1.001485246368352122e+00
1.000943884170388820e+00
1.000873466096595443e+00
1.000957390619524379e+00
1.000682404845111506e+00
1.000308682680920880e+00
1.000930920450057604e+00
1.000463757374108864e+00
1.001017184549769290e+00
1.001277673400288393e+00
1.001186027125103406e+00
1.000928107587400584e+00
1.001760435621730672e+00
1.000938846472790633e+00
1.000628841047116024e+00
1.000607615936496275e+00
1.000811489271363319e+00
1.001131973686645305e+00
1.000702679440131027e+00
1.001031958492838658e+00
1.000554128467564752e+00
1.000586821212196886e+00
1.001123123458219855e+00
1.001095335433243916e+00
1.001154043167493679e+00
1.000411381584458193e+00
1.001034409438996464e+00
1.000604829141767294e+00
1.001424158722922009e+00
1.000474967086062206e+00
1.000567435044493747e+00
1.000762114537975700e+00
1.000759610840644243e+00
1.000568772706258214e+00
1.000326161010035131e+00
1.000650813401419592e+00
1.000390296239066501e+00
1.000492642866295245e+00
1.000292640066862138e+00
1.000174382398616446e+00
1.000102947268977305e+00
1.000404511434866972e+00
1.000611468875868937e+00
1.000466145733375445e+00
1.000703666204275644e+00
1.000298746612219292e+00
1.000830714766995699e+00
1.000688980518862792e+00
1.000402379298232836e+00
1.000399230409257934e+00
1.000141729322321149e+00
1.000151778327798224e+00
1.000500295915016435e+00
1.001189606911695895e+00
1.000468018584125929e+00
9.998282201231281086e-01
1.000151316535059731e+00
1.000590456609023127e+00
1.000415005569691429e+00
1.000449524765197440e+00
1.000542775051817213e+00
1.000302915237072376e+00
1.000285350785001359e+00
9.994452843897372318e-01
1.000182895734930355e+00
1.000521242227319751e+00
1.000712891434079710e+00
9.997359838044667102e-01
1.000616251388415812e+00
1.000165981030494811e+00
1.000165556305042225e+00
1.000062074454076022e+00
9.998888262971701302e-01
1.000412594263117683e+00
9.996459430894183429e-01
1.000137697693012973e+00
1.000073993158759666e+00
1.000108722010293105e+00
1.000181748800471393e+00
1.000410225300983003e+00
1.000236359482504556e+00
9.998820618065861199e-01
9.942407879473590393e-01
9.834723051435027008e-01
9.725971618648570072e-01
