0.000000000000000000e+00
0.000000000000000000e+00
0.000000000000000000e+00
0.000000000000000000e+00
0.000000000000000000e+00
0.000000000000000000e+00
0.000000000000000000e+00
0.000000000000000000e+00
0.000000000000000000e+00
0.000000000000000000e+00
0.000000000000000000e+00
0.000000000000000000e+00
0.000000000000000000e+00
0.000000000000000000e+00
0.000000000000000000e+00
0.000000000000000000e+00
0.000000000000000000e+00
0.000000000000000000e+00
0.000000000000000000e+00
0.000000000000000000e+00
0.000000000000000000e+00
0.000000000000000000e+00
0.000000000000000000e+00
0.000000000000000000e+00
2.354592305932214861e-03
1.769901020356473217e-02
8.625576126484349460e-02
2.669911693624578697e-01
6.386162546881855029e-01
1.219262570683400160e+00
1.842153260260252168e+00
2.237217930244500774e+00
2.328585009705053999e+00
2.109604913720840358e+00
1.788738853223284409e+00
1.375193555636496923e+00
1.069135377283269683e+00
8.207560412723416965e-01
7.341291138147827411e-01
7.579978542941613329e-01
7.941546263241886505e-01
8.414646540516950157e-01
9.172565627865726379e-01
9.993561302006704894e-01
1.093014974488291324e+00
1.147719122356461563e+00
1.220477713450127677e+00
1.293853366847157682e+00
1.400205772157548267e+00
1.465019627028880889e+00
1.555324481476427323e+00
1.609789852414804434e+00
1.675793564172802341e+00
1.716382938595813590e+00
1.707819126993905146e+00
1.696195852396402026e+00
1.634029669785657779e+00
1.550083597956779746e+00
1.478484937274039179e+00
1.393158589416956028e+00
1.305888529631341166e+00
1.243051942727401160e+00
1.191755398543892008e+00
1.161426992185582874e+00
1.125062646097779062e+00
1.106645891750423161e+00
1.090874560401056570e+00
1.106790357895735211e+00
1.090806827473518759e+00
1.087945367227085125e+00
1.095775717437947661e+00
1.099862001214495510e+00
1.095239817378843350e+00
1.097973483278033457e+00
1.086996284548594316e+00
1.087441293720311064e+00
1.082212458872308769e+00
1.077057757464207954e+00
1.068699737197061239e+00
1.064093016832137861e+00
1.066956096025117207e+00
1.037103542402292522e+00
1.044571758229222436e+00
1.031345007530849456e+00
1.022973007230650655e+00
1.017442913985595387e+00
1.020826706740111556e+00
1.012370627483594854e+00
1.010556792307815588e+00
1.009201033212310916e+00
9.992260183122522177e-01
1.007026528765748941e+00
1.005879780984942684e+00
9.995621852719190903e-01
1.002036225409326242e+00
9.963278953543686089e-01
9.902060534550556348e-01
9.904333590256557684e-01
9.917377675629488465e-01
9.875479638158062290e-01
9.874862203390791793e-01
9.930762330460525256e-01
9.783297894631617364e-01
9.818731975151165914e-01
9.846216655765119841e-01
9.785084909624720551e-01
9.810137503406958226e-01
9.795873582067075036e-01
9.848736568757446852e-01
9.804910266436048794e-01
9.769153679701593207e-01
9.821294468159638136e-01
9.857441248801912526e-01
9.848314946621319343e-01
9.848014050863664881e-01
9.928744401111101459e-01
9.840857528180294578e-01
9.888780112410194834e-01
9.913989149885366059e-01
9.900489874495296272e-01
9.930990934108190338e-01
9.948344234360683158e-01
9.907022759912895715e-01
9.878174900788739832e-01
9.915934441701025337e-01
9.915983320197655493e-01
1.000817235361670887e+00
9.892541653502175958e-01
9.902188614575301306e-01
9.943833418908675226e-01
9.965376337552908081e-01
9.982780831437069180e-01
9.909500559858602786e-01
9.941187310962624757e-01
9.995620524806430041e-01
9.933426451020952452e-01
9.951199936619109510e-01
9.952027135502887756e-01
9.966109847082286199e-01
9.925327321912799095e-01
9.961924955065478704e-01
9.914707228845007769e-01
9.902037831543997193e-01
9.951027324432702992e-01
1.002692345799469642e+00
9.975226699981674106e-01
9.960508317678307133e-01
9.970609588747305629e-01
9.989059669080353476e-01
1.002184637011921620e+00
1.000233283684664354e+00
9.975509126004131755e-01
1.003040701637889054e+00
9.931939339900132113e-01
9.972979785021647281e-01
9.921870178488930714e-01
9.990385653602934513e-01
9.967473096423571377e-01
1.001354913383283529e+00
9.964264539229988893e-01
1.002289914538083471e+00
9.979525139788963939e-01
9.965133357960250793e-01
9.987435788186216357e-01
9.977790691750334506e-01
9.986374802735221712e-01
9.983762784588928740e-01
1.001008263464351788e+00
9.990055511313465919e-01
1.003088140351005464e+00
9.938847414159704963e-01
9.971097834647256741e-01
9.965695925924269449e-01
9.974111396993760037e-01
9.982011542221345124e-01
9.929422710714590483e-01
9.980253297444880989e-01
1.001617220739915659e+00
9.926189326206711350e-01
9.931217695332509310e-01
9.944574748563496103e-01
9.958322583630421221e-01
1.000494334361864857e+00
9.972477381470431501e-01
1.000484593439526559e+00
9.976902460289427399e-01
9.994091378905003431e-01
9.968818637955627615e-01
9.979606007254494537e-01
1.001480342203822982e+00
9.958403351395727077e-01
9.954668033877077660e-01
9.949164804802276274e-01
9.964061095955334402e-01
9.968944657892234718e-01
9.992385993223769081e-01
9.961281975752063200e-01
9.984807384140346187e-01
9.962869886072437398e-01
9.970296757550152211e-01
9.966280290399258668e-01
9.938576416696353055e-01
1.000966789917311583e+00
9.990187601811015838e-01
1.000455387503567994e+00
9.952036651089805064e-01
9.986962106411876317e-01
9.966349612031530913e-01
9.997511718229916688e-01
9.975774157407322207e-01
9.988678283878501540e-01
9.977644370347475977e-01
9.972188722387674842e-01
1.001038816152525657e+00
9.970111189530334039e-01
9.998242617300819868e-01
1.000018416267685284e+00
1.001993721632785439e+00
1.000130879555852337e+00
9.999493748215424471e-01
9.974249390954824657e-01
9.997290288523216217e-01
9.995816197005721326e-01
1.001644467929489801e+00
9.954494866680437815e-01
9.977833049187528891e-01
9.981832591625791062e-01
1.001171243373838449e+00
9.974784786319108587e-01
9.995359750377480479e-01
9.950210386954801978e-01
9.968090108081731904e-01
9.964076377084728486e-01
9.994802599036861634e-01
9.966806619139271239e-01
9.984255892850635306e-01
9.954011645256120033e-01
1.000260995220869642e+00
9.966051069489338943e-01
9.959183715695842931e-01
9.958649262492759169e-01
9.941301172611279879e-01
9.967819371835300313e-01
9.941732141593841998e-01
1.001626480686483411e+00
9.993029982690622148e-01
9.963128581229506731e-01
9.961601622356148766e-01
9.966970661891357830e-01
9.993019146043534695e-01
9.977529848983139882e-01
1.000570795942298030e+00
9.981532546515681226e-01
9.958903346260967737e-01
9.960888357027292139e-01
9.982922356386891849e-01
9.981751496232469378e-01
9.971648522919676072e-01
9.982375216643569749e-01
9.979176507758120707e-01
1.000087757223208973e+00
9.984895073298751811e-01
9.984983472586782538e-01
9.958113242935993092e-01
9.979652819616485759e-01
9.960680553954329719e-01
1.000426300933078272e+00
9.985114063496716152e-01
1.000437473153074075e+00
9.967997301508201291e-01
9.978220125589553069e-01
9.993610720949542836e-01
9.981747948998093145e-01
1.001085165245944264e+00
9.978405666865585166e-01
9.973223605360327371e-01
9.970390996449556287e-01
9.967130336222878029e-01
9.991516888448668254e-01
9.981385821116406376e-01
