0.000000000000000000e+00
0.000000000000000000e+00
0.000000000000000000e+00
0.000000000000000000e+00
0.000000000000000000e+00
0.000000000000000000e+00
0.000000000000000000e+00
0.000000000000000000e+00
0.000000000000000000e+00
0.000000000000000000e+00
0.000000000000000000e+00
0.000000000000000000e+00
0.000000000000000000e+00
0.000000000000000000e+00
0.000000000000000000e+00
0.000000000000000000e+00
0.000000000000000000e+00
0.000000000000000000e+00
0.000000000000000000e+00
0.000000000000000000e+00
0.000000000000000000e+00
0.000000000000000000e+00
0.000000000000000000e+00
0.000000000000000000e+00
2.262455166532666585e-03
1.723020219279037049e-02
8.146462692274786255e-02
2.599427871421074454e-01
6.602338768880388065e-01
1.244369729733277863e+00
1.820540361301287380e+00
2.292949482680099127e+00
2.388041239929027615e+00
2.182562680430009561e+00
1.803426074953651037e+00
1.419834226954285183e+00
1.048361483542993078e+00
8.379463753536595672e-01
7.469944458517836505e-01
7.356580683895039829e-01
7.905511899034688428e-01
8.284213631796180088e-01
9.165966154740690097e-01
1.009698530692481722e+00
1.082455222977764198e+00
1.135282044259910306e+00
1.198237210226520633e+00
1.275031066945083502e+00
1.378821033124797424e+00
1.462251458236025758e+00
1.552437239002395719e+00
1.585807556185126810e+00
1.659143000221745767e+00
1.670182963421269040e+00
1.695935954864623563e+00
1.670097011362307482e+00
1.627405002880799145e+00
1.548288691835240760e+00
1.469268646338066198e+00
1.383563733539109109e+00
1.306757229322367486e+00
1.261869365189710157e+00
1.199691105055932239e+00
1.144730589742393390e+00
1.124732632075730709e+00
1.116493192384656385e+00
1.111845729105981562e+00
1.092002190264851791e+00
1.100912319360594527e+00
1.085733553668172258e+00
1.098942571083926012e+00
1.093657654309845739e+00
1.106267440121385448e+00
1.093026403994439288e+00
1.094408472672200761e+00
1.095989556295993594e+00
1.087570088215498609e+00
1.081535277394370054e+00
1.080136705535292396e+00
1.072502397995547030e+00
1.063837555555905645e+00
1.052026310727729452e+00
1.046857362571048666e+00
1.033621522763020995e+00
1.019455092213386704e+00
1.021619942760307431e+00
1.027156711820957469e+00
1.023194117809682391e+00
1.014270087642628049e+00
1.017271573745351487e+00
1.019851998598813703e+00
1.011005163701666598e+00
1.013253456578274925e+00
1.013931894729915184e+00
1.003271180484673009e+00
1.005341831697035504e+00
1.003392387622463300e+00
1.002614743853895041e+00
9.991243693998487219e-01
9.889001972977539134e-01
9.943475430373885926e-01
9.912978111917352120e-01
9.935745411560708007e-01
9.916005642976087886e-01
9.844359479330304641e-01
9.831599002424235012e-01
9.848414912553171696e-01
9.880389254953750866e-01
9.898989189919866760e-01
9.817138647538364848e-01
9.921406798235908875e-01
9.867149352507381677e-01
9.890914622320473581e-01
9.917454030710260993e-01
9.854537689880545903e-01
9.951387723410315411e-01
9.934644936218731681e-01
9.963265363293568599e-01
9.944411373424669742e-01
9.926217128465492090e-01
9.912165443057986414e-01
9.908615431090038728e-01
9.900126251270083833e-01
1.001105236114050223e+00
9.943433592661343745e-01
9.886607193452013886e-01
9.952868733454103278e-01
1.003213568082740981e+00
9.954435929282582363e-01
9.961653763662522421e-01
9.907268357507318379e-01
9.934967489949629860e-01
9.987008697630531673e-01
9.973508917034425991e-01
9.990369460941445068e-01
9.955713777488656158e-01
9.976307582204727575e-01
1.003458360563425522e+00
9.979065340163731923e-01
9.958475865386625658e-01
9.903831160503130393e-01
9.971411111143555495e-01
9.968485946015135379e-01
1.001059676982378521e+00
9.954319837745608801e-01
1.001259804963286149e+00
9.963152842758109529e-01
9.980766554053175366e-01
1.003942469285220795e+00
9.992620557768747691e-01
1.004188891089440538e+00
9.993494750967945039e-01
1.000412367329515551e+00
1.001975293891828045e+00
9.979160829744068151e-01
9.985613132951945969e-01
1.001118867825692149e+00
9.992261925278368428e-01
9.951118179197177005e-01
1.000685108138305468e+00
9.993333502669120572e-01
9.997543378268153313e-01
9.955372494802984251e-01
9.977500774635739145e-01
9.983863727034456570e-01
1.001420071625002128e+00
9.974682969029443624e-01
1.001502787727514221e+00
9.997147036691710342e-01
1.000900938381738658e+00
9.982178359837624582e-01
1.003223618836926567e+00
9.992256770828560342e-01
1.000097782377217026e+00
9.965130659411124414e-01
9.949513291012417326e-01
9.981296077417884938e-01
1.002353433216683687e+00
1.000846610085407207e+00
9.972349510746825185e-01
9.988683717012283303e-01
9.992715116598622771e-01
1.003250558242328339e+00
1.001789573981481052e+00
9.954632945033226044e-01
1.002176288346861899e+00
1.000400227550502175e+00
1.002362091863560734e+00
9.991182963854426946e-01
9.985581959861470347e-01
9.989418919184573920e-01
1.001138125763928022e+00
9.981813896168910683e-01
1.000895602227965364e+00
9.983358053335704696e-01
1.001937061459634570e+00
9.963952397767134039e-01
1.001194807374426343e+00
1.001305807753104737e+00
9.996921019422143617e-01
1.001312641104488144e+00
9.960736460556200988e-01
1.001231506989318509e+00
9.977660359886507679e-01
1.001672434861764716e+00
1.005323058662530800e+00
1.000515017277651131e+00
9.997274540071712234e-01
9.981669008362169526e-01
1.004029144860234535e+00
1.001255926149510644e+00
1.000843307533448856e+00
9.966004615581420811e-01
1.000009923699754166e+00
9.993348072465656484e-01
9.974592577696556051e-01
1.000519868144289726e+00
9.986730046857963394e-01
9.989018581951819575e-01
1.000431191075371817e+00
9.997023190037116480e-01
9.994787089820741377e-01
9.995136538393329939e-01
9.999532012779667189e-01
9.990045700488946467e-01
9.991619092116466039e-01
9.963884500499506913e-01
9.978501163404116525e-01
1.001156827697543994e+00
9.980953730383466116e-01
9.981872323010367865e-01
1.000378633581261223e+00
9.990406382081800096e-01
9.993111727498512620e-01
9.973980959472539265e-01
1.001695761386082850e+00
9.998143782373847266e-01
9.989645092483362410e-01
9.982369771892047883e-01
9.990850623879877768e-01
1.001939260658428088e+00
9.999088123171608888e-01
9.987900272078887864e-01
9.998864529488231678e-01
9.961347387761041450e-01
9.980419271285572158e-01
1.000720889672931158e+00
9.972791854565136171e-01
9.994662709683106439e-01
9.995762658981248716e-01
9.971120776713122691e-01
9.979515268688986529e-01
9.942886870177062297e-01
9.991542925936106601e-01
9.971291115149153450e-01
1.001900745488000455e+00
9.967386025529489935e-01
9.986907348482589875e-01
1.000293241279045287e+00
9.959821655365990178e-01
9.982926266480378619e-01
9.964743702480868270e-01
1.001011657887822981e+00
9.999203729017679398e-01
9.975622977464985164e-01
9.981256386348873466e-01
9.994150158268693129e-01
9.954991016853274033e-01
9.965686385688515836e-01
1.001683325729257668e+00
9.966343832338292463e-01
9.958589869498599700e-01
9.951938597080292048e-01
9.976961965634671969e-01
9.987477575238817851e-01
9.976215877634523332e-01
9.999609630094298263e-01
9.980716180519081382e-01
9.995238806348938354e-01
9.977807423717203195e-01
