0.000000000000000000e+00
0.000000000000000000e+00
0.000000000000000000e+00
0.000000000000000000e+00
0.000000000000000000e+00
0.000000000000000000e+00
0.000000000000000000e+00
0.000000000000000000e+00
0.000000000000000000e+00
0.000000000000000000e+00
0.000000000000000000e+00
0.000000000000000000e+00
0.000000000000000000e+00
0.000000000000000000e+00
0.000000000000000000e+00
0.000000000000000000e+00
0.000000000000000000e+00
0.000000000000000000e+00
0.000000000000000000e+00
0.000000000000000000e+00
0.000000000000000000e+00
0.000000000000000000e+00
0.000000000000000000e+00
0.000000000000000000e+00
5.655374750578823174e-04
1.827199115339499247e-02
8.918810495057950816e-02
2.771900056931178025e-01
6.405013586900716316e-01
1.238350434677448542e+00
1.881786232975594997e+00
2.290074096684304727e+00
2.419216735608709090e+00
2.177730624763289935e+00
1.828995467632152039e+00
1.394186062706668672e+00
1.054590640427624404e+00
8.231069538276695186e-01
7.237607952665667810e-01
7.213067443709030302e-01
7.591910214957697800e-01
8.044577400263067668e-01
8.848023736052409438e-01
9.848928770061260440e-01
1.060107517187975024e+00
1.121845790087689254e+00
1.220135638250859245e+00
1.301642731911186290e+00
1.401439047462729404e+00
1.474593575503281961e+00
1.552094649128403558e+00
1.606842359664107711e+00
1.667726140165282755e+00
1.703228660410118112e+00
1.695307075068493763e+00
1.685963631748561342e+00
1.628461645857098405e+00
1.577653079744703701e+00
1.473038583842691596e+00
1.384815523899880718e+00
1.317433144531400924e+00
1.241098653555738895e+00
1.185014769803029999e+00
1.160826185722911186e+00
1.126865862353223058e+00
1.122119325209673280e+00
1.092809820070043347e+00
1.093829472863199648e+00
1.096639575337592820e+00
1.105618934046759261e+00
1.101014287498408795e+00
1.099154956000461203e+00
1.104632585394781596e+00
1.106453499558845088e+00
1.094811332723760744e+00
1.090689750693376370e+00
1.098996924954221965e+00
1.091761778410115236e+00
1.078338129348043850e+00
1.075070410156885314e+00
1.062829564012086614e+00
1.056586779550453103e+00
1.047439396869349393e+00
1.040372264328162766e+00
1.028256628122986349e+00
1.017418369815947132e+00
1.026405557920384570e+00
1.015850192019751352e+00
1.011142267157497221e+00
1.016456170281531568e+00
1.009061062710525425e+00
1.013808738343652927e+00
1.002462796545328994e+00
1.009503789057125900e+00
1.013191501576391929e+00
1.002116448968740414e+00
1.000249200626690094e+00
1.001497323815957685e+00
9.988495896752748182e-01
9.878237136036339683e-01
9.871208582745893967e-01
9.840787833793371853e-01
9.845377291447088286e-01
9.926711224001781853e-01
9.825310022429692980e-01
9.815935941181824775e-01
9.891536722684187710e-01
9.833959693272111835e-01
9.899672330540955079e-01
9.845403635839016232e-01
9.876691990228927409e-01
9.883022495493691828e-01
9.933573700046268717e-01
9.818207908905582926e-01
9.886484975642094719e-01
9.867587130451429545e-01
9.927801199250624320e-01
9.857040603236790766e-01
9.859898395417252548e-01
9.883747539506746449e-01
9.868390123804147152e-01
9.934646663907192865e-01
9.881482703723157845e-01
9.819048036837954019e-01
9.860282515846939821e-01
9.894326658140542019e-01
9.915564120792235148e-01
9.905368582202787042e-01
9.899634063469602285e-01
9.954337469961205276e-01
9.876626173857894209e-01
9.916545750369615275e-01
9.853289988019046097e-01
9.875199992951854133e-01
9.834470824315283410e-01
9.840000254282936787e-01
9.884855677664043938e-01
9.864428912421416840e-01
9.869842574710310235e-01
9.865713536486880875e-01
9.846340626663314666e-01
9.891895703397809436e-01
9.888893839211411185e-01
9.889960798737759129e-01
9.892408806057525483e-01
9.871724209146794937e-01
9.928509711548476613e-01
9.906231692752625051e-01
9.925989443908506127e-01
9.877344117608463092e-01
9.930063382789082738e-01
9.919295740865137212e-01
9.941824496214559659e-01
9.940880278486656785e-01
9.922344141027654718e-01
9.898476573365687647e-01
9.938726200300346258e-01
9.923097268301501739e-01
9.915516729077085145e-01
9.963529656709679827e-01
9.941836738102055593e-01
9.934494356799477011e-01
9.972672158119791908e-01
9.954563881237619150e-01
9.937474894831886951e-01
9.983782585984801727e-01
9.947190110232441151e-01
9.941493836490314928e-01
9.977741812203324567e-01
1.002514829761312454e+00
1.001534279450180698e+00
9.958045287558073833e-01
1.000180481421246936e+00
9.948029005998120233e-01
9.956817553920073172e-01
9.977326575504407158e-01
9.994880156964773832e-01
9.991847558419134634e-01
9.999496963249627779e-01
9.990708471711307048e-01
9.992390029969783205e-01
1.000486798016969159e+00
1.001433250837921340e+00
9.955896085487003777e-01
9.980219018218167149e-01
9.998852282838822658e-01
1.001070530565726147e+00
9.977024578724348336e-01
9.983433041891364157e-01
1.001340148857332579e+00
9.983112708768677734e-01
9.976146318101827282e-01
9.964525158985514386e-01
9.967572220015628037e-01
1.000126148267541426e+00
9.968496038517301594e-01
1.000164807789430510e+00
9.989577039482421261e-01
9.979912086382889402e-01
1.000380395798579736e+00
1.002009416489632043e+00
9.970931854009088546e-01
9.988361165735173408e-01
9.992874682984208556e-01
9.991504950718227418e-01
1.000090366939071274e+00
9.991140898542660853e-01
9.999828848518094171e-01
9.986218624000640087e-01
9.987031946246527347e-01
9.970139344990681662e-01
1.000704471825648145e+00
9.996801813907747469e-01
9.950596679277742274e-01
9.934517163313399957e-01
9.965022206702025542e-01
9.994432402595441189e-01
9.957859303819154295e-01
9.973945946484130687e-01
9.982350543808929944e-01
9.978077409905999895e-01
9.977972339030999338e-01
9.962447181774463090e-01
9.991284155904091024e-01
9.952389198658668779e-01
9.989102535267684324e-01
1.001985065922623042e+00
9.958820163806599846e-01
1.001733768983769535e+00
1.001270704800985678e+00
9.978256994293789317e-01
9.966516727613339288e-01
9.955174091366003619e-01
9.948579087433684354e-01
9.982667970167273808e-01
9.973182740369795907e-01
9.978493619290120797e-01
9.989741785017340892e-01
9.993497368633417199e-01
1.000361920309705166e+00
9.979593551578704869e-01
9.979751201616452461e-01
1.000234281442789808e+00
9.991989772234634026e-01
9.987661568825775271e-01
9.986283057555821463e-01
9.979792854404669900e-01
9.972721022248878242e-01
9.970002868491429915e-01
1.000592182200266356e+00
9.987116072037717229e-01
9.973042738197415158e-01
9.978608236590640335e-01
9.987368282984939727e-01
9.993035702445388635e-01
9.982420092277231038e-01
9.993107154276539283e-01
9.992651516435757664e-01
9.975848488528463731e-01
9.996668823321268604e-01
9.982629947924643865e-01
1.000272114541985280e+00
9.984007076529710645e-01
9.960765348845832534e-01
1.001210540727925036e+00
9.983521959739745100e-01
9.983719028929129991e-01
9.965889061453271358e-01
9.953745615347859843e-01
9.975000485837841602e-01
1.000091277225559683e+00
9.963786552485043302e-01
9.969753114835511187e-01
9.957755722456624881e-01
9.969481188076402267e-01
9.975988095704872993e-01
9.966930432535328066e-01
9.974475665449505923e-01
9.994393564344448144e-01
1.002787433240845072e+00
