0.000000000000000000e+00
0.000000000000000000e+00
0.000000000000000000e+00
0.000000000000000000e+00
0.000000000000000000e+00
0.000000000000000000e+00
0.000000000000000000e+00
0.000000000000000000e+00
0.000000000000000000e+00
0.000000000000000000e+00
0.000000000000000000e+00
0.000000000000000000e+00
0.000000000000000000e+00
0.000000000000000000e+00
0.000000000000000000e+00
0.000000000000000000e+00
0.000000000000000000e+00
0.000000000000000000e+00
0.000000000000000000e+00
0.000000000000000000e+00
0.000000000000000000e+00
0.000000000000000000e+00
0.000000000000000000e+00
0.000000000000000000e+00
1.131009579234047973e-03
1.879296183475621940e-02
8.483256247299277020e-02
2.542818829598048613e-01
6.183145135680526705e-01
1.191860471964514057e+00
1.789719223023550354e+00
2.222716290652798854e+00
2.320089844215143859e+00
2.140852577212532637e+00
1.800511665659742855e+00
1.420234020064440328e+00
1.069181244212333404e+00
8.458718506412207239e-01
7.489117140426928554e-01
7.470478342160306040e-01
7.757043333923561157e-01
8.355548326957669136e-01
9.174536716291603611e-01
9.938061337911567872e-01
1.077275106617408884e+00
1.139080746571481617e+00
1.221399639894708677e+00
1.319923810195683833e+00
1.394574958269351850e+00
1.483929686790482316e+00
1.554001692340141627e+00
1.612701363805486787e+00
1.666767579084749151e+00
1.693760307182341274e+00
1.703723999631185926e+00
1.677214506113383630e+00
1.625017634319206650e+00
1.551481403909174883e+00
1.485204501409669531e+00
1.383872455589486572e+00
1.310725466719685928e+00
1.243091337747913583e+00
1.186510624335163300e+00
1.148424924945903092e+00
1.106889855258956556e+00
1.116515415995234628e+00
1.109865808253146735e+00
1.086874100331006510e+00
1.092126655784853462e+00
1.086402857235167829e+00
1.096066950676082730e+00
1.102976201177690685e+00
1.099692416009013129e+00
1.094889535327008501e+00
1.093280075065524271e+00
1.094527658585495944e+00
1.093277474371964875e+00
1.090172579341738501e+00
1.086098780710962997e+00
1.063325446984901168e+00
1.057188820775852633e+00
1.037972689813174476e+00
1.029896359063525058e+00
1.033422328840283955e+00
1.019472583532131216e+00
1.008698520631101880e+00
1.013437790376239489e+00
1.012909299471953739e+00
1.011213862401836305e+00
1.002856477418643255e+00
1.008277364266364939e+00
1.003795317578215052e+00
9.973063382520966913e-01
1.000009015833716486e+00
1.001500190924124567e+00
9.987270216853707527e-01
9.996445493335762711e-01
9.919400163596515663e-01
9.896417943619607582e-01
9.819714592798276520e-01
9.836185877099079544e-01
9.864768964615591162e-01
9.762086939184347889e-01
9.842788501858245054e-01
9.784172318821293679e-01
9.760160989812319832e-01
9.761960909188864832e-01
9.795935553917393124e-01
9.780575706813540160e-01
9.823882437585146343e-01
9.777001285046212908e-01
9.905116222761789491e-01
9.853601039066057776e-01
9.910799207523405263e-01
9.892387319234746679e-01
9.896791566171988519e-01
9.925226339513031348e-01
9.826225778771205954e-01
9.851229485429862098e-01
9.888049841714308119e-01
9.888511441262661794e-01
9.924988619046687388e-01
9.928194101137309824e-01
9.870898894195040407e-01
9.945021699914281532e-01
9.858297574312597789e-01
9.950102065996258016e-01
9.842458439399056624e-01
9.963208695269328841e-01
9.921979754437866283e-01
9.936955283287827179e-01
9.915776295264902007e-01
9.853010572490341623e-01
9.953776389605960562e-01
9.909906568869838450e-01
1.001259489267246838e+00
9.945414326706857322e-01
9.924192598830914314e-01
9.951745416386733600e-01
9.948793563027177322e-01
9.983096420008433780e-01
9.936341208605037334e-01
1.002449446609999573e+00
9.971985565560528286e-01
9.969229462955637722e-01
9.968012224863338488e-01
1.000686775318268884e+00
9.990156199909778767e-01
9.969213988523454306e-01
1.000892228724215682e+00
1.003021125791079271e+00
9.986761735640548032e-01
9.965482258092646095e-01
9.989797991007624001e-01
1.001066013794232434e+00
9.932442836028887445e-01
9.981606425366980062e-01
9.972134325287679291e-01
9.974808590882114911e-01
9.981436098450522376e-01
9.913454788444346910e-01
9.961514411888753306e-01
9.990544771842868599e-01
1.000142176014525264e+00
9.984950663964453632e-01
9.963560177892308856e-01
9.972883163662176198e-01
9.969476083760100416e-01
9.984518792007978094e-01
9.996741082953284341e-01
9.960051231233798541e-01
9.993540020039592964e-01
9.982287739985830077e-01
1.000113690283642942e+00
9.957245507884641134e-01
1.003753807105806750e+00
9.986565073203507170e-01
1.001141995715552513e+00
9.959655570334753349e-01
9.978172063061390151e-01
9.988946979898220002e-01
1.002417960391859708e+00
1.001191898688029047e+00
9.993532238744100571e-01
9.987770373619179187e-01
1.000577253409442369e+00
1.001583659913239943e+00
9.986732254036781997e-01
9.955530361210385148e-01
9.967964180018669129e-01
9.997269652520589522e-01
9.959322962280461322e-01
1.002954555270136661e+00
9.989935768117830239e-01
1.000081806696588416e+00
1.004275480609892801e+00
1.001434640820236366e+00
9.996354140454252191e-01
9.962620210888287753e-01
9.975930224186063677e-01
9.953179660869173606e-01
1.000555697338108896e+00
9.974247722149853779e-01
9.972007505581327313e-01
9.979643670549138701e-01
9.965998959093121945e-01
9.981527302505283084e-01
9.997082579730685037e-01
9.973927417454193645e-01
9.947431707731345663e-01
9.958568613520427659e-01
9.986164724199001475e-01
9.972842647710103980e-01
9.962869159848353195e-01
1.001355797807699455e+00
9.969965528522584108e-01
1.002865687990053045e+00
1.000920537698113177e+00
9.961032072043185526e-01
9.976876456414326411e-01
9.970273838023652191e-01
9.993656701956756816e-01
1.000569104229347195e+00
9.979085021682332357e-01
9.991623138799304860e-01
1.001456272743456832e+00
1.000186762643922700e+00
1.001888640086654014e+00
1.000967141259379023e+00
9.990567861373429448e-01
9.996785752729152597e-01
9.986021709476433639e-01
9.992312083886446539e-01
1.004383221777495949e+00
9.988851171100799897e-01
9.978819493481145830e-01
1.002914500944497078e+00
1.002729272898938095e+00
9.985190829959662562e-01
1.000031849632056380e+00
1.002036710512820950e+00
1.001279040349821958e+00
9.979596247874774617e-01
1.000624189975217071e+00
1.000471756426053016e+00
9.962188912295008025e-01
9.990166982850675614e-01
1.000656135495705534e+00
9.980064559367772814e-01
1.000267123888860299e+00
1.003214678486860301e+00
9.985213572233591073e-01
1.000500176256568396e+00
1.000707738916092771e+00
1.000653148241347434e+00
1.000254120581548944e+00
1.000785493157902328e+00
9.986339537756183660e-01
9.981978200884873420e-01
9.986260279596783640e-01
1.000991856960933291e+00
9.994720947878245054e-01
9.954238443218269561e-01
9.992411655918496116e-01
9.991145722289116460e-01
9.972662497754268829e-01
9.964451961855947948e-01
9.987398229287824947e-01
9.978929215888445725e-01
9.982814232132294352e-01
9.960896969765826725e-01
9.990222683307031781e-01
9.962113347915908523e-01
9.970682287095458118e-01
9.977285239413534734e-01
9.975143158450907599e-01
9.956962600232528438e-01
9.980666413058286723e-01
1.000948564290188525e+00
9.972994631682197131e-01
