0.000000000000000000e+00
0.000000000000000000e+00
0.000000000000000000e+00
0.000000000000000000e+00
0.000000000000000000e+00
0.000000000000000000e+00
0.000000000000000000e+00
0.000000000000000000e+00
0.000000000000000000e+00
0.000000000000000000e+00
0.000000000000000000e+00
0.000000000000000000e+00
0.000000000000000000e+00
0.000000000000000000e+00
0.000000000000000000e+00
0.000000000000000000e+00
0.000000000000000000e+00
0.000000000000000000e+00
0.000000000000000000e+00
0.000000000000000000e+00
0.000000000000000000e+00
0.000000000000000000e+00
3.118378894075510971e-02
1.507410932872200737e+00
6.579219624276994693e+00
7.374004411175103080e+00
4.119160957755559238e+00
1.725319742637511089e+00
7.072590817945942909e-01
3.146525120018462407e-01
1.620529110701226239e-01
1.072734909446666357e-01
8.646965857328151039e-02
7.427490130933842027e-02
8.843120582657890139e-02
1.072284672348777085e-01
1.462889246514350594e-01
2.286515537991400671e-01
3.560879687447401354e-01
5.440453101534565850e-01
7.820639946203994386e-01
1.049820028303537711e+00
1.332787121351753479e+00
1.586053903108378460e+00
1.744993949666514554e+00
1.907526410829946117e+00
2.037419393759778874e+00
2.113639579255673695e+00
2.125610251599581613e+00
2.030550665042881509e+00
1.846281920518543895e+00
1.630871272967008068e+00
1.401303209646744818e+00
1.227636081892535147e+00
1.130242916365915118e+00
1.046339119623182157e+00
1.014734884149204319e+00
1.000698130355703430e+00
9.866230488696174916e-01
1.001262597225851980e+00
1.031008401426102505e+00
1.063692314559638641e+00
1.097858831058683871e+00
1.124857379562960835e+00
1.160889270514796845e+00
1.188870949840938218e+00
1.194156327607525769e+00
1.197677417576362036e+00
1.210363128381063191e+00
1.199544018115486832e+00
1.202510700995851334e+00
1.176515538662544103e+00
1.159820474157042591e+00
1.138312518087480907e+00
1.107898162885416538e+00
1.089049897439072767e+00
1.062505120992628171e+00
1.041594622254590430e+00
1.032170425613421649e+00
1.029737687841539184e+00
1.024512821012010244e+00
1.017673596579716344e+00
1.025430311616785106e+00
1.031210843090161644e+00
1.026398086660647468e+00
1.030166537111981473e+00
1.036573298270672350e+00
1.027407348323830849e+00
1.025758689007219449e+00
1.031959656098162537e+00
1.024184384779572410e+00
1.016135625560149469e+00
1.018789493284146808e+00
1.005950166924245881e+00
1.014354844136279077e+00
1.008376137488366409e+00
9.998554640960668483e-01
9.940600410215322258e-01
9.944522113770145610e-01
9.931873864442950506e-01
9.839258461954786261e-01
9.975435823160626603e-01
9.927665599076719305e-01
9.931537538142978239e-01
9.927691391536890286e-01
9.919307591905009991e-01
9.951847667889133220e-01
9.956049827215228687e-01
9.943985250865611247e-01
9.977425397509711580e-01
9.973826709704571858e-01
9.927509747970723053e-01
9.919219221147451693e-01
9.849581327014419463e-01
9.888337108215813354e-01
9.953805796214080237e-01
9.923386697708304061e-01
9.917397033101290615e-01
9.936552568083969472e-01
9.895305815229322732e-01
9.945488952049793552e-01
9.973364844801256845e-01
9.994483205656223834e-01
9.983558032582399155e-01
9.954058206385451024e-01
9.961092524255950043e-01
9.945972491393826331e-01
9.974276854210383236e-01
1.002085709966234361e+00
9.990810119763040564e-01
9.984828554149876023e-01
9.963145527993068074e-01
9.974050236411409198e-01
1.003314268128581599e+00
9.962777458860498925e-01
9.967180084781794847e-01
9.946693480143107280e-01
9.993994117252357201e-01
9.998714047950267858e-01
1.001335191289883131e+00
1.000824225729479711e+00
9.990744260795673126e-01
9.977432066022379198e-01
9.963436864765726764e-01
1.003132059647220631e+00
9.990223260036883435e-01
1.000143980226437357e+00
9.956341187698327655e-01
1.000162316123672568e+00
9.997178299362750042e-01
1.001280588560943707e+00
1.001028594065033195e+00
9.936595820249641831e-01
9.963189759380026711e-01
9.995235142290553876e-01
1.000857292351625905e+00
1.007017914761198174e+00
1.001169932732621337e+00
1.002748433386476457e+00
9.982292262614097522e-01
9.966575295727898576e-01
9.988169949051869390e-01
9.998964218850235897e-01
9.963210910381805618e-01
1.001617518389915640e+00
1.001860163635260870e+00
9.960107262053236044e-01
1.000964218485589585e+00
1.000115345388150390e+00
9.976389615965771673e-01
9.976396498980943939e-01
9.999795557649330258e-01
9.975824577886183153e-01
1.000295183826471090e+00
1.002294947064276798e+00
1.000684044419693830e+00
9.964292258716013206e-01
9.989531589499254238e-01
9.978786362271766519e-01
1.003347332019056903e+00
1.001734460350322431e+00
1.003203865898845581e+00
9.999524879360843777e-01
9.982399536756568770e-01
1.001293759064367350e+00
9.976814720141504722e-01
1.000927393675943966e+00
9.989961108843359305e-01
1.000914876425045064e+00
9.998158021380556537e-01
9.982869247489521980e-01
9.994205424233110202e-01
9.963716457885806177e-01
9.967511633085585077e-01
9.989641100512238747e-01
1.002661123178585356e+00
1.000669123192404752e+00
9.968074010462183443e-01
1.000978335804135755e+00
1.003126033413386020e+00
1.001346427571888187e+00
1.000271865864359677e+00
1.000780214596185269e+00
9.988770564129052509e-01
9.978603675979587084e-01
1.000792185970507786e+00
1.002250930381557659e+00
1.001005040820373226e+00
9.993932076741355308e-01
9.991358194317229158e-01
9.968189612276679989e-01
9.988848660392821710e-01
9.985104357325861324e-01
1.001611524790288144e+00
1.001179810250838909e+00
1.002928393708753196e+00
9.995672439047370572e-01
9.979946997621419458e-01
9.971735743058892654e-01
9.996876668761054407e-01
9.984487190438027238e-01
9.983644397827852179e-01
1.001269520983033345e+00
9.997288799284259619e-01
9.989843584675148769e-01
9.996560496136506213e-01
1.000859409014539958e+00
1.000913954549503826e+00
1.001254378445968429e+00
1.001621790376291621e+00
9.997050986121754912e-01
9.998084006531321455e-01
9.994834865079817998e-01
9.979752993211774559e-01
9.989942935117473999e-01
1.001095754756746281e+00
1.002415737516730410e+00
9.974535306932000855e-01
9.971087492512965555e-01
9.980639115887643964e-01
9.987280485861945722e-01
9.969919543393456207e-01
9.957124032340323172e-01
1.001057588647764396e+00
9.970066303811763175e-01
9.990841979592328670e-01
9.981083696901190683e-01
9.969770804284030508e-01
1.000620995443680439e+00
9.969689199148981107e-01
9.972500641690607015e-01
9.992935991491457282e-01
9.982378064794029671e-01
9.959786586884328274e-01
9.979390738062112742e-01
9.984339339040398942e-01
9.988933364285795813e-01
9.982452051192255427e-01
9.972621343302544572e-01
9.970435904743676359e-01
9.970066603606438926e-01
9.965935437701444188e-01
9.954851272010588614e-01
9.977245514209479582e-01
9.995255635612546596e-01
9.953052446239961659e-01
9.948802501844342672e-01
9.970958976951521668e-01
9.971526818762892486e-01
9.998436590259943690e-01
9.975694711948169813e-01
9.998597433860879624e-01
9.998672262374092012e-01
9.975146210442130679e-01
9.997954895710969847e-01
9.980331699715377924e-01
9.964233731192170263e-01
9.968149202260218056e-01
9.987840227823039374e-01
9.971982997349760902e-01
