0.000000000000000000e+00
0.000000000000000000e+00
0.000000000000000000e+00
0.000000000000000000e+00
0.000000000000000000e+00
0.000000000000000000e+00
0.000000000000000000e+00
0.000000000000000000e+00
0.000000000000000000e+00
0.000000000000000000e+00
0.000000000000000000e+00
0.000000000000000000e+00
0.000000000000000000e+00
0.000000000000000000e+00
0.000000000000000000e+00
0.000000000000000000e+00
0.000000000000000000e+00
0.000000000000000000e+00
0.000000000000000000e+00
0.000000000000000000e+00
0.000000000000000000e+00
0.000000000000000000e+00
0.000000000000000000e+00
0.000000000000000000e+00
0.000000000000000000e+00
2.532372971894325531e-02
3.969372183604134574e-01
1.352944247206200545e+00
2.179509157347996773e+00
2.076986085315559283e+00
1.537163873014541826e+00
1.058215391804716132e+00
7.208641254590628655e-01
5.001185203554276981e-01
3.664269931469139596e-01
3.255990865329594919e-01
2.980638304460273558e-01
3.223405486227681749e-01
3.735053905885534764e-01
4.809465713179826851e-01
6.085038073551173321e-01
7.817140730239930946e-01
9.604172506685795252e-01
1.132279554728027327e+00
1.333422639095140028e+00
1.491381880256743120e+00
1.624380675943713825e+00
1.709986109493538020e+00
1.793358218204288201e+00
1.822519009991848016e+00
1.791666255463496116e+00
1.779159565357110395e+00
1.715602219166042053e+00
1.609657867082896043e+00
1.521065640284283926e+00
1.440346176313197946e+00
1.369602944496603358e+00
1.304612718997305132e+00
1.273291478785940622e+00
1.246869908305678676e+00
1.244862721403834360e+00
1.217412757814414936e+00
1.217189584690503867e+00
1.222650205036770465e+00
1.224618660135122772e+00
1.225422990262797551e+00
1.197599327443448658e+00
1.197480031165240044e+00
1.203985227480209197e+00
1.183050148518247413e+00
1.162365894605924765e+00
1.156913980006738285e+00
1.141725264764273495e+00
1.149494192231008904e+00
1.120005257046098768e+00
1.115313940971302653e+00
1.110860703803270733e+00
1.108271415738013799e+00
1.094790223579998001e+00
1.070538001202382183e+00
1.068864942578906296e+00
1.074465975092689707e+00
1.063044437682885590e+00
1.063668702195838422e+00
1.060874706509156384e+00
1.071343674574574134e+00
1.054771509957800557e+00
1.057677037283498711e+00
1.046352669642686140e+00
1.045462489526112426e+00
1.042967045991387343e+00
1.018672436136919712e+00
1.018196643601122053e+00
1.013915226087548138e+00
1.007551773518785554e+00
9.935800278182788103e-01
9.892298624605686541e-01
9.918850120571681694e-01
9.905016620056663612e-01
9.917514293478907339e-01
9.755930134013043320e-01
9.876279762250169680e-01
9.816863646693859691e-01
9.822395109176869088e-01
9.868517657787019282e-01
9.847830701868812708e-01
9.940239873921224989e-01
9.895884682285325251e-01
9.921127298958430929e-01
9.925251893361234368e-01
9.940117130754618779e-01
9.905057058901299838e-01
9.918228803743029953e-01
9.912267330141882882e-01
9.877675135446546406e-01
9.907824539205826175e-01
9.865685053902749635e-01
9.888714997729222134e-01
9.929878142825444565e-01
9.905509156808722793e-01
9.939158520285655829e-01
9.934249401738762808e-01
9.902492413776889935e-01
9.907413917081093757e-01
9.897317944744945528e-01
9.879385478073752225e-01
9.893459109745943447e-01
9.894806795293921153e-01
9.901083665388118460e-01
9.905987367871313953e-01
9.893029387643440531e-01
9.878336522687406474e-01
9.902221597950269238e-01
9.855695309688725647e-01
9.957739591181014038e-01
9.949550904999018286e-01
9.909550849381316695e-01
9.934314921486581129e-01
9.972556831297925140e-01
9.922050642832526135e-01
9.947137609169708350e-01
1.000122309987789393e+00
9.939607509101618943e-01
9.995562582189891909e-01
1.000177977834971754e+00
9.961410003054613771e-01
1.002989971989725504e+00
1.002663705626533730e+00
1.004595746047526328e+00
9.983039718358953651e-01
9.989113279456597327e-01
9.989644850500528639e-01
9.994048784157532062e-01
1.000123734037060563e+00
9.952635365831827841e-01
9.981407956398017367e-01
1.002277616828304074e+00
1.002184250656041664e+00
1.001770145800935596e+00
1.002215255975226205e+00
1.000218603205809353e+00
9.991643105126829516e-01
1.000516240341373875e+00
1.002338401699041537e+00
9.979062689648439122e-01
1.000629952238996090e+00
1.002781574406212739e+00
1.000169158901883959e+00
9.997844043615845555e-01
1.005804079314017052e+00
1.000441492564251744e+00
1.002899208572171519e+00
1.001421417946954939e+00
1.002753609518991063e+00
9.965348577565823485e-01
1.003081748921291094e+00
1.000031705977511676e+00
1.002175966221818149e+00
9.992645834402075211e-01
9.972040645849170604e-01
9.981658604151150138e-01
9.979894222786140912e-01
9.980219769895188886e-01
9.955894254388365505e-01
9.965973148848469298e-01
9.987887791912108959e-01
9.999827896593973531e-01
9.972504161401745115e-01
1.000951099228281294e+00
9.985138412797478491e-01
9.976724876198401759e-01
1.000243336945944916e+00
1.001172179043818611e+00
9.949727653291595697e-01
9.975901908929273310e-01
9.933988648677134492e-01
9.970853875395692123e-01
9.968291992982282190e-01
1.000866648260975378e+00
9.963780711857159744e-01
1.001575271721888871e+00
9.984663871125226686e-01
9.965623426955430020e-01
9.998828509679321686e-01
9.977603949265889671e-01
9.995878545112190094e-01
9.956555296226157203e-01
1.000447272321967063e+00
1.002762094135899895e+00
1.002851919966535554e+00
9.978446545777441834e-01
9.981589938079976632e-01
1.002299664875833773e+00
9.992980191602176543e-01
1.000585459639781849e+00
9.965159075344184325e-01
9.978685458209195502e-01
9.967675542670138000e-01
9.992971050817829326e-01
9.957381058534928719e-01
9.991829208323846911e-01
9.984416407086317280e-01
1.001377154388235491e+00
9.975958504663272608e-01
9.994037074516141095e-01
1.000415798112438193e+00
9.994284506451758254e-01
9.997056879427775877e-01
1.001929878251977657e+00
1.000421992448981445e+00
9.973654281608889116e-01
9.961616858039331612e-01
9.950453550727632601e-01
1.000569280646662618e+00
1.000195560870498435e+00
9.977777409316552770e-01
1.000507085854923650e+00
9.990405343708435026e-01
9.992378195501192550e-01
1.000208001474985675e+00
9.981334635355821883e-01
1.002029581177216855e+00
9.977263041635644480e-01
9.975201803135707035e-01
1.001558392342693171e+00
9.984412316894264450e-01
1.000935573313758153e+00
9.983597705796969368e-01
1.000128738522721994e+00
9.987580827288758956e-01
1.001124755821084289e+00
9.997261348679099546e-01
9.973595472944195572e-01
9.978709862150446641e-01
9.978062404296248467e-01
9.959381780779595905e-01
9.994648429930214073e-01
9.983028828167196389e-01
9.981783037821461146e-01
9.990950037726439303e-01
9.967457443548636276e-01
9.991875554447958718e-01
9.970271569035176196e-01
9.998786617151184108e-01
1.002010657816402972e+00
1.000153818906054148e+00
9.978399867099617682e-01
9.998629227381505835e-01
9.998121602952816378e-01
9.987434660792354757e-01
9.989881478055059327e-01
1.003099327997338364e+00
9.985812518168678542e-01
9.999264747983551693e-01
1.000089994779840508e+00
9.989072572595830701e-01
9.981640295469523805e-01
1.001387387124138328e+00
9.996683209708975282e-01
1.001490721494891600e+00
