0.000000000000000000e+00
0.000000000000000000e+00
0.000000000000000000e+00
0.000000000000000000e+00
0.000000000000000000e+00
0.000000000000000000e+00
0.000000000000000000e+00
0.000000000000000000e+00
0.000000000000000000e+00
0.000000000000000000e+00
0.000000000000000000e+00
0.000000000000000000e+00
0.000000000000000000e+00
0.000000000000000000e+00
0.000000000000000000e+00
0.000000000000000000e+00
0.000000000000000000e+00
0.000000000000000000e+00
0.000000000000000000e+00
0.000000000000000000e+00
0.000000000000000000e+00
0.000000000000000000e+00
0.000000000000000000e+00
0.000000000000000000e+00
2.827891327397776444e-04
2.506053813130528982e-02
3.993208033992830530e-01
1.406924915604794712e+00
2.167203313511380181e+00
2.084807698794202580e+00
1.572252458976120426e+00
1.065824357017410629e+00
7.158209459761982751e-01
4.846473248346138685e-01
3.865056701356370805e-01
3.232816046956945022e-01
2.951078999742335895e-01
3.243654358399809534e-01
3.779403311473629179e-01
4.606686322632794206e-01
6.062788681164210658e-01
7.660740639667251717e-01
9.486818202770700426e-01
1.135413361702005908e+00
1.300219165132439958e+00
1.451157499123270744e+00
1.613958140792142837e+00
1.716086279463956865e+00
1.762461971455184573e+00
1.812803559012847510e+00
1.810885507288233498e+00
1.748029553655541468e+00
1.686323990950970186e+00
1.625772770987726767e+00
1.511734977253030188e+00
1.441987843206946840e+00
1.377889384895797154e+00
1.336799026379194455e+00
1.274225384171488340e+00
1.246860233135202112e+00
1.229590918788243226e+00
1.216008024563242085e+00
1.226691092699378816e+00
1.224230740320315203e+00
1.226269634369163697e+00
1.210915809589380165e+00
1.217882332881673024e+00
1.203302930012281946e+00
1.206343505956469331e+00
1.189662891915663323e+00
1.172480176364079529e+00
1.160136765707487472e+00
1.154870665603185742e+00
1.147762763116056739e+00
1.127067764561574537e+00
1.120401581181243111e+00
1.124429670571849726e+00
1.091981847662895300e+00
1.090537582243028547e+00
1.085354967374913215e+00
1.068433869316193885e+00
1.078643254579179755e+00
1.072831698197919570e+00
1.080476681424457519e+00
1.075668579622186094e+00
1.069929247338481826e+00
1.070564597183937039e+00
1.065370377413354275e+00
1.058055401742034718e+00
1.058196087439244426e+00
1.053843747557981825e+00
1.029779210783436483e+00
1.035173840733988992e+00
1.021519312506064425e+00
1.014139050709127465e+00
9.992290700530757075e-01
9.920994262541178443e-01
9.938011619815737552e-01
9.881780947859107878e-01
9.842939495007310136e-01
9.796956289952827301e-01
9.821888117755496195e-01
9.874203388608726595e-01
9.884004022751559093e-01
9.804254259975470065e-01
9.893212535925632878e-01
9.871145822682928506e-01
9.903567198349370049e-01
9.948119569836170184e-01
9.944658427498502817e-01
9.985435433472463762e-01
9.942589843309791453e-01
9.835699781676017217e-01
1.000051356247332102e+00
9.913225858601498741e-01
9.925183619398519896e-01
9.895245000599695029e-01
9.952802477789338687e-01
1.000411442046574839e+00
9.920006200275645059e-01
9.928729696391646042e-01
9.919148131558598314e-01
9.875181318495820371e-01
9.842128775566835186e-01
9.953761568507166757e-01
9.943652134054182801e-01
9.908853043188973198e-01
9.894073373100052970e-01
9.906208416023448704e-01
9.913753201247678115e-01
9.906546397325947106e-01
9.947793471109590557e-01
9.906604854608065391e-01
9.949068576581470147e-01
9.897774403262515897e-01
9.889161334164104922e-01
9.940510739143628705e-01
9.874209607731974092e-01
9.945515762239260926e-01
9.985504769347693932e-01
9.954723367539288770e-01
9.951876818280933623e-01
1.004770102241606455e+00
9.997024578453107546e-01
1.003020269953499133e+00
1.003065374174556768e+00
1.002477900954132473e+00
9.994263348677149272e-01
1.000361241706736903e+00
9.985156739146884286e-01
1.000880416270958806e+00
1.004486470326580116e+00
9.980646784943008054e-01
9.975316907250256770e-01
1.003543068701600705e+00
9.990392031735919609e-01
1.001749134100665017e+00
1.008361398651254515e+00
1.003036848243788581e+00
1.001503114014072437e+00
9.983347628337426727e-01
1.000973799990737989e+00
1.001813767105791841e+00
9.981129025423403078e-01
1.003894687736917257e+00
1.002491422930020581e+00
1.000094021407742062e+00
1.004084152818024656e+00
9.994725311277220525e-01
1.005435279377570934e+00
1.000169902356804696e+00
1.000695966009070847e+00
9.999103054115594524e-01
9.986081254708543131e-01
1.000509245607752673e+00
1.001591282428889729e+00
1.003042399724638267e+00
1.001051150665930534e+00
9.994357214620875896e-01
9.992008655703261688e-01
1.000134372320573561e+00
1.000193062684845202e+00
9.992933131715284745e-01
1.001671192330826354e+00
9.995850745143428639e-01
9.978654890666296406e-01
9.989512279053895938e-01
1.003129710867555424e+00
9.996049932543724648e-01
9.992802492214089005e-01
1.000516463541815781e+00
9.967098013504033238e-01
9.980957872187832258e-01
9.992049897591714913e-01
9.978781903593332281e-01
1.001087928194285270e+00
9.984210998086500144e-01
9.975630263634973627e-01
9.983346305342344351e-01
9.979060552459733113e-01
9.999194901484055320e-01
9.993226178613277000e-01
9.983409743626295851e-01
9.983674771051131991e-01
9.951225115216050243e-01
9.948399637628522196e-01
9.953681800633503718e-01
1.002002813665072933e+00
9.953119948590484212e-01
1.000109687389882707e+00
9.993539964238651319e-01
9.978771236421900559e-01
9.988913469305011894e-01
9.985988732115914646e-01
9.996926733765751916e-01
9.969798679098825778e-01
9.966177926130617148e-01
9.970133112836181422e-01
9.983199534713262935e-01
9.995755463191501322e-01
9.970626512928882912e-01
9.976373653660973728e-01
9.977534142292749930e-01
9.975079793152782370e-01
9.994470804550619203e-01
9.988687901394657231e-01
9.966170732514606501e-01
1.002904451525402640e+00
9.966264014691086359e-01
9.984517005414743629e-01
9.973544671841756415e-01
9.991278892356323382e-01
9.970150317939040496e-01
9.998898341701456527e-01
1.001524818987103327e+00
9.984095424259967766e-01
1.001736623285510497e+00
1.000653426295149417e+00
9.984757168054200216e-01
1.000587976154409420e+00
9.964082189478487006e-01
9.973776047323015259e-01
9.970009297463955367e-01
9.969031528982195134e-01
9.997469497270226046e-01
9.992158027835305045e-01
1.000417753617239836e+00
9.976073183032591052e-01
9.960605022734362324e-01
1.000118916125982471e+00
9.982127916426823955e-01
9.975855563347515442e-01
9.986331017758446338e-01
9.980797293158814032e-01
9.986784415387922609e-01
9.989953652803332806e-01
9.981390602061628314e-01
1.000159099374369420e+00
9.969225727387690528e-01
9.983297231983241371e-01
1.000506491716275814e+00
9.970771254839344566e-01
9.994631452474549427e-01
9.955860098801456726e-01
9.979024612847414710e-01
1.000329235149033380e+00
9.957834604439728121e-01
9.942764196362011697e-01
9.975092168465423681e-01
9.995494541487283113e-01
9.961286319035413950e-01
9.962202096986946254e-01
9.966974255430216534e-01
9.986457512895606792e-01
9.961503498778255805e-01
9.953937829262854420e-01
9.981439054038013792e-01
9.984123700618359187e-01
9.974802447061598132e-01
9.957578843105825417e-01
