0.000000000000000000e+00
0.000000000000000000e+00
0.000000000000000000e+00
0.000000000000000000e+00
0.000000000000000000e+00
0.000000000000000000e+00
0.000000000000000000e+00
0.000000000000000000e+00
0.000000000000000000e+00
0.000000000000000000e+00
0.000000000000000000e+00
0.000000000000000000e+00
0.000000000000000000e+00
0.000000000000000000e+00
0.000000000000000000e+00
0.000000000000000000e+00
0.000000000000000000e+00
0.000000000000000000e+00
0.000000000000000000e+00
0.000000000000000000e+00
0.000000000000000000e+00
0.000000000000000000e+00
0.000000000000000000e+00
0.000000000000000000e+00
8.408662981849142695e-04
1.117753097060320347e-02
4.585606689766483918e-02
1.376242053173196978e-01
3.460065790101284344e-01
6.518126955826399893e-01
9.752715603468206096e-01
1.232885566700034019e+00
1.324490881262484043e+00
1.255688294274438288e+00
1.104736076420004265e+00
9.486129174447794909e-01
8.036891945632789191e-01
6.994454220493635521e-01
6.325949667529675580e-01
5.920428052866444357e-01
5.935734833583129477e-01
6.208249487246655374e-01
6.444934025152542212e-01
6.947514336399542856e-01
7.248014706780719907e-01
7.545424035259760132e-01
7.990579643802393495e-01
8.401800151370608649e-01
8.684678505975034213e-01
9.336912801220563773e-01
9.805300909391073683e-01
1.042399134347238077e+00
1.091086062350668850e+00
1.132228869623758571e+00
1.171412604584476158e+00
1.184807984836463435e+00
1.186377671845110227e+00
1.187305637553306426e+00
1.160071561001113638e+00
1.140626670197444348e+00
1.117437308540135232e+00
1.089428569428193772e+00
1.072240314415022544e+00
1.047073100615981467e+00
1.023764143342205779e+00
1.004132873335981335e+00
9.904385077002815230e-01
9.863266696542603018e-01
9.790833450156545270e-01
9.580924837035348363e-01
9.701667560481381791e-01
9.736121067957580477e-01
9.708717998935849636e-01
9.803655241661604069e-01
9.924591853651557605e-01
9.918475617793192090e-01
1.006385654089211101e+00
1.005879759695687881e+00
1.009414456744175181e+00
1.016287851033595757e+00
1.019425573634411109e+00
1.016161244278010134e+00
1.010247853742437307e+00
1.010420673782155720e+00
1.003826547912683997e+00
1.008877381164742237e+00
1.012645082525736262e+00
1.001934400511157008e+00
1.006927575945623765e+00
1.003357091780569421e+00
9.941999428209259415e-01
9.964520601748902973e-01
1.000864610399321952e+00
9.959691669653817359e-01
1.000676492636245030e+00
1.002223977060943572e+00
1.002137543524164842e+00
9.984983925703693197e-01
9.999193232546156329e-01
1.000072142426520427e+00
1.000160852216635643e+00
9.975138102470553214e-01
1.001486562135168734e+00
9.989659863725540712e-01
9.982902470821445329e-01
9.952291088997758939e-01
9.951772762775347170e-01
9.971741531291054006e-01
9.943404997039942961e-01
9.941127328717848100e-01
9.972361097822470821e-01
9.982770869421191406e-01
1.001748073936281180e+00
9.939938755962043349e-01
9.941497699560000179e-01
9.962854517769234031e-01
9.960816051628208490e-01
9.984606278367740284e-01
1.001768167157052636e+00
1.003249040923970492e+00
9.983339425256712030e-01
1.000467753069766985e+00
9.940566125344610926e-01
9.955318824899402896e-01
9.998278504370742281e-01
9.973612630014589975e-01
9.990303220345252422e-01
1.002667143385145287e+00
9.944348354626905140e-01
9.960949199718381886e-01
1.000095180173945275e+00
9.963741536668236920e-01
9.958657090884487362e-01
9.935158703813379288e-01
9.961762541343754940e-01
9.939431858502119077e-01
9.959598680369982082e-01
9.986620143861760779e-01
9.942509571445364847e-01
9.922860835988916994e-01
9.926032704759033543e-01
9.915719817059224228e-01
9.973180122017862859e-01
9.940321231660158574e-01
9.966886130534152732e-01
9.939182765653646889e-01
9.999082123934436295e-01
9.974637112292676910e-01
9.963447175211616047e-01
1.000121629661257172e+00
9.950365519972809158e-01
9.935258854100943449e-01
9.953205353372903685e-01
9.957202223355461346e-01
9.928413736987502514e-01
9.941793808845215130e-01
9.938110923128615770e-01
9.914753852118106670e-01
9.937489028495459786e-01
9.946970875363839726e-01
9.913314169202640525e-01
9.893002658005335404e-01
9.942864413836163262e-01
9.901866364858655789e-01
9.923545667148542249e-01
9.938487465000022114e-01
9.939426960502424357e-01
9.976915821529662720e-01
9.919688475493346758e-01
9.930442440044743302e-01
9.932864993363080819e-01
9.938160154641657584e-01
9.947856396466646656e-01
9.955797434713590244e-01
9.949210305847512315e-01
9.982280525748721267e-01
9.972967916327862836e-01
9.943940206819450456e-01
9.938446401307413636e-01
9.959467560497015093e-01
9.950037433458690517e-01
9.941987454093735854e-01
9.978075401722089621e-01
9.958968701057605566e-01
9.973737324849480945e-01
9.977369841282803797e-01
9.962383924488635856e-01
9.973023673474160633e-01
9.980547582327399248e-01
9.968886444777239619e-01
9.964375260997553330e-01
9.965526111310040180e-01
9.994177673219333258e-01
9.972550554897926522e-01
9.974884209071995800e-01
9.945610459410165749e-01
9.973153611386891271e-01
9.987672455673087812e-01
9.971773228566875868e-01
9.997494292654018899e-01
9.952389855111331007e-01
9.960052997369689409e-01
9.962130996864229093e-01
9.986676831691733147e-01
9.970047779772099883e-01
9.971533597234544244e-01
9.957299419008600605e-01
9.951551678296890469e-01
9.950936699880211789e-01
9.974147905544291648e-01
9.945067534567476608e-01
9.969490061364278954e-01
9.967324269210887655e-01
9.968150318095631013e-01
9.964951041471781235e-01
9.969360201341541661e-01
9.951400439525545094e-01
9.952364234247060848e-01
9.958582049647063394e-01
9.978334228778301673e-01
9.949393689621154335e-01
9.970489839094430762e-01
9.930094628451603400e-01
9.962196003851567783e-01
9.939788132949243238e-01
1.000579643947922426e+00
9.957727192825666096e-01
9.975111248519091811e-01
9.968335796354360623e-01
9.970921882808893022e-01
9.950646196059050874e-01
9.969701649463543758e-01
9.935337165605896415e-01
9.970467183733354721e-01
9.963622568615146946e-01
9.976285754581342147e-01
9.970960321740096610e-01
9.953271139805122125e-01
9.980858175902848073e-01
9.969989814165723940e-01
9.963529918487484816e-01
9.965265213201263128e-01
9.961431113470397003e-01
9.972699558814644982e-01
9.982065905764894165e-01
9.987866802980706060e-01
9.998711716990875686e-01
9.971494130518425703e-01
9.983938610521934098e-01
9.988159877457096769e-01
9.973621841672075661e-01
9.971177348230757520e-01
9.989582914959518334e-01
9.969415772189975655e-01
9.987149446876710801e-01
9.988061710492939227e-01
9.993827530330723352e-01
9.977398625982645264e-01
9.959111285454099738e-01
9.995291714801299854e-01
9.990677734564913370e-01
9.996663909014298355e-01
1.001615894421776121e+00
9.991608262351636682e-01
9.986421681805649486e-01
1.000683881055352664e+00
9.981222696692215735e-01
9.996879764243377098e-01
9.956570223818449472e-01
9.996983244060856366e-01
9.988000249366146832e-01
9.977850877125820084e-01
9.977601560319060425e-01
9.996646122245191890e-01
1.000268800554397597e+00
9.998934734758400111e-01
9.993204438857630212e-01
9.977306615547736346e-01
1.000122293722721656e+00
9.994533440414046233e-01
