0.000000000000000000e+00
0.000000000000000000e+00
0.000000000000000000e+00
0.000000000000000000e+00
0.000000000000000000e+00
0.000000000000000000e+00
0.000000000000000000e+00
0.000000000000000000e+00
0.000000000000000000e+00
0.000000000000000000e+00
0.000000000000000000e+00
0.000000000000000000e+00
0.000000000000000000e+00
0.000000000000000000e+00
0.000000000000000000e+00
0.000000000000000000e+00
0.000000000000000000e+00
0.000000000000000000e+00
0.000000000000000000e+00
0.000000000000000000e+00
2.609393366383162455e-05
3.471534175364141689e-02
1.047324754329466812e+00
3.438194026412181081e+00
3.402988851864548359e+00
1.891013645773218732e+00
8.533293668864279091e-01
3.935144101145734985e-01
2.229185372507241636e-01
2.366280720312342045e-01
3.875517836647952019e-01
5.821961872994972920e-01
7.396873368065822740e-01
8.211583941986666524e-01
8.487247318108602778e-01
8.675948884427514551e-01
8.813842983318292967e-01
9.166139466095181154e-01
9.769274828025243940e-01
1.052103573830192262e+00
1.101014157131996241e+00
1.132491748463091863e+00
1.165939252818535499e+00
1.195491654097091683e+00
1.213561840306238926e+00
1.219825702513206878e+00
1.208003006093045784e+00
1.179553330662012067e+00
1.136045148710323804e+00
1.084880005169451378e+00
1.034757731523108015e+00
9.981499055929388131e-01
9.730668480299490275e-01
9.600343754292808285e-01
9.571941901752231141e-01
9.581315899203977082e-01
9.573235512892659393e-01
9.600133522446552270e-01
9.621472376791909698e-01
9.602599420546915621e-01
9.642932692935195504e-01
9.672232297145457736e-01
9.700902462630436318e-01
9.754028395752570857e-01
9.817078748308901703e-01
9.853294879872424028e-01
9.891639451666942584e-01
9.934228045706886556e-01
9.957151120787398613e-01
9.980607883465665298e-01
9.991660367993804304e-01
9.991643633040223627e-01
1.001163477907397237e+00
1.001287141127821911e+00
1.002507101012240831e+00
1.004179328036893581e+00
1.006608427159233932e+00
1.008433720116687304e+00
1.007698717810317390e+00
1.007901903184553305e+00
1.009992803050888677e+00
1.010237794604642136e+00
1.008079298526177503e+00
1.006364609873122484e+00
1.004409844618216363e+00
1.003995084584385911e+00
1.002488041142347575e+00
9.995256243813835928e-01
9.983859353532817948e-01
9.963220918414069649e-01
9.955822581018978212e-01
9.938505581236851683e-01
9.953417836626564652e-01
9.943240535731137086e-01
9.925506491815584420e-01
9.928013835519907682e-01
9.936240233612914086e-01
9.954272149547485071e-01
9.943760241675985156e-01
9.963878063824976872e-01
9.965509674046971744e-01
9.982315452068422079e-01
9.987972833258575989e-01
1.000840199889952320e+00
1.000301249956359495e+00
1.002643830060723662e+00
1.002413558350982337e+00
1.002241647709555261e+00
1.002530287645071461e+00
1.002819937979139597e+00
1.002157938898253331e+00
1.001494120596013504e+00
1.002611806469265732e+00
1.000035780811061592e+00
9.989223686053447793e-01
1.000762781971583415e+00
9.996925905649001187e-01
9.992482863227502010e-01
9.995596718866482933e-01
1.000308808495454560e+00
9.994499869635308231e-01
9.997669312718868717e-01
9.987124505601950863e-01
9.984691273268087031e-01
9.991633075447824419e-01
9.985269140746865224e-01
9.991752402515449161e-01
9.993741450534132653e-01
9.988779356120602859e-01
9.994868770898334143e-01
9.992394577973918723e-01
9.996753048417091891e-01
9.998221955880952638e-01
9.998112864273753786e-01
1.000773417995258541e+00
9.998183400943293497e-01
1.000375858874310353e+00
1.000494894383158195e+00
1.000757978206398002e+00
9.997673329946156207e-01
1.000676409828732849e+00
1.000525657036770655e+00
9.995510213843825653e-01
9.990596893037367865e-01
9.999476912811545715e-01
1.000217715214400727e+00
1.000119253766846406e+00
1.000397831898225620e+00
1.000579719476319296e+00
9.998846740908592379e-01
9.998331339796887596e-01
9.989493957069546237e-01
1.000185906262168745e+00
9.990760969759590049e-01
9.992617166022343955e-01
9.993811092938185148e-01
9.997548617918172731e-01
9.992861836913440321e-01
9.996797865879065714e-01
9.997589332854956989e-01
9.993703333060429683e-01
9.994596607770390717e-01
9.996211881006122901e-01
1.000214271002034527e+00
9.999776262317124909e-01
9.999362038914521023e-01
1.000033849677147479e+00
9.996226511048008634e-01
9.999816868202154874e-01
9.998930152758855883e-01
9.999109255926578177e-01
9.991502832424273839e-01
9.991198534973446677e-01
1.000134315456311374e+00
1.000084190583282018e+00
9.994222163498863720e-01
9.998727462888999939e-01
9.996894598772315677e-01
9.999359775010858709e-01
1.000091248396790977e+00
1.000068815360501517e+00
1.000420546435449420e+00
1.000262271701892525e+00
9.994649568256828154e-01
9.997941245547622424e-01
9.993585816594469096e-01
9.994538248704588623e-01
9.995453062396804089e-01
9.996108011933905191e-01
9.997858103927707019e-01
1.000153623782979118e+00
9.996622869038318537e-01
9.992770204080542173e-01
9.995296185218730534e-01
9.995285029974583235e-01
9.993642399915972918e-01
1.000033445788957920e+00
9.998141013566856916e-01
1.000241158325932966e+00
9.997023173625506631e-01
9.999687771598828601e-01
9.996639468963092190e-01
1.000127156147357255e+00
1.000081519554542941e+00
1.000064564426796698e+00
1.000301679805991162e+00
1.000032213483029286e+00
9.994100877586610254e-01
9.997630683006334396e-01
1.000082360040519092e+00
1.000278854630862746e+00
1.000120842483650963e+00
9.999146937529622692e-01
1.000206869772928497e+00
9.999162434020579804e-01
9.997954451153805433e-01
1.000146591115845363e+00
9.997214681032391415e-01
1.000175107892388615e+00
9.994411406690925093e-01
1.000051340082970031e+00
9.999857111089449635e-01
1.000275735123628884e+00
9.999345772224054185e-01
1.000242249251773963e+00
9.998603637416806356e-01
1.000100067875617338e+00
1.000236320650578881e+00
9.998270906712790618e-01
9.999903417651975213e-01
9.995237471256718242e-01
9.993252482003620596e-01
9.999739746848735900e-01
9.996951796017351510e-01
9.997759604926691468e-01
9.999155014453999790e-01
1.000048640120700494e+00
9.997319851095365362e-01
9.994140696112840949e-01
9.998521055067829399e-01
1.000228276086861934e+00
9.995941118701454631e-01
9.998157779586468452e-01
9.999667955426383426e-01
1.000218463870428787e+00
9.998819960956049080e-01
1.000003263126941100e+00
9.996659301448391766e-01
1.000250981582653464e+00
9.999200438986102224e-01
9.997656060921282783e-01
9.999419876248722971e-01
1.000052105751260800e+00
1.000450072600117091e+00
9.999943073219489387e-01
1.000112309857049020e+00
1.000098329946928155e+00
9.996669953217897087e-01
9.995420349452739384e-01
1.000142773195044521e+00
9.999299460400581374e-01
1.000013402656710682e+00
9.998339066394711372e-01
1.000209597773922932e+00
1.000337035051842127e+00
9.997119954871883651e-01
1.000149691766443416e+00
1.000284009239554184e+00
1.000242173388398603e+00
9.999124113892914334e-01
9.999077920765067073e-01
1.000031702292654812e+00
9.997415977026609113e-01
9.999837833905139695e-01
9.999453012137773378e-01
1.000083866869946103e+00
1.000185617271268423e+00
9.997610859605284839e-01
9.999622493992703642e-01
9.999342174617358303e-01
