0.000000000000000000e+00
0.000000000000000000e+00
0.000000000000000000e+00
0.000000000000000000e+00
0.000000000000000000e+00
0.000000000000000000e+00
0.000000000000000000e+00
0.000000000000000000e+00
0.000000000000000000e+00
0.000000000000000000e+00
0.000000000000000000e+00
0.000000000000000000e+00
0.000000000000000000e+00
0.000000000000000000e+00
0.000000000000000000e+00
0.000000000000000000e+00
0.000000000000000000e+00
0.000000000000000000e+00
0.000000000000000000e+00
0.000000000000000000e+00
0.000000000000000000e+00
0.000000000000000000e+00
0.000000000000000000e+00
1.916750938190551286e-04
1.587146404288484417e-03
1.986052635361208393e-02
8.697600796125588840e-02
3.078073077908872190e-01
7.148407398699597737e-01
1.378318421570878582e+00
2.062103772673795632e+00
2.522281597343676740e+00
2.633951900937605117e+00
2.392276921309694160e+00
1.942099284985906893e+00
1.502515713304780620e+00
1.115394104263543795e+00
8.636102850476803372e-01
7.514119267034959915e-01
7.405143881265755512e-01
7.698435196311930184e-01
8.266228988584362058e-01
9.199368842353734532e-01
9.859369430270206180e-01
1.044179965344055550e+00
1.109446427052092288e+00
1.157079368678590070e+00
1.227959366925824192e+00
1.309487519315716941e+00
1.399650986082509263e+00
1.451288778780314370e+00
1.494826047588113660e+00
1.550271913962125270e+00
1.578337611335929980e+00
1.575945523099378853e+00
1.582494713647457418e+00
1.514737096290809548e+00
1.455881924152877538e+00
1.393263854115676770e+00
1.308220612116015147e+00
1.237045152053189101e+00
1.167362335761751968e+00
1.118110580269850551e+00
1.089368671486361961e+00
1.058473375443296005e+00
1.043772866346847294e+00
1.032200344348010113e+00
1.040670200962813929e+00
1.026459342025612953e+00
1.030448465667729296e+00
1.020700275739779395e+00
1.034636011537538813e+00
1.035657398576911525e+00
1.028284237761539321e+00
1.027454500646205027e+00
1.024710429501154652e+00
1.029174661276210934e+00
1.035977075874308095e+00
1.019578154963012295e+00
1.019668010574906969e+00
1.013590151253358718e+00
1.004489368613712852e+00
1.006277420875705042e+00
9.964104164998105473e-01
9.967339763573460631e-01
9.969147047321020860e-01
9.831526365387895927e-01
9.813846667468304474e-01
9.897314326683532837e-01
9.919641543855107768e-01
9.851707594725556127e-01
9.838604802893945456e-01
9.797284284911395025e-01
9.802336430944017520e-01
9.820037474899296903e-01
9.770427219642865424e-01
9.774754664707622220e-01
9.738317174439703461e-01
9.712030351654280524e-01
9.747705077285382380e-01
9.711912905756383552e-01
9.754758493827477839e-01
9.765876862046548590e-01
9.744801313149089594e-01
9.714596564723825267e-01
9.708891473078739009e-01
9.681058684424515004e-01
9.777167184126607236e-01
9.735007815705674084e-01
9.807534017514769609e-01
9.810130506453607069e-01
9.807650287357995156e-01
9.806635332085207324e-01
9.855660940907980949e-01
9.868054016742454637e-01
9.900762910647321613e-01
9.856172370796693061e-01
9.896085042801499032e-01
9.911840918255770960e-01
9.885578111578818827e-01
9.925385569638318639e-01
9.895781635701687007e-01
9.969666067259802533e-01
9.965391167445408760e-01
9.943915988560547703e-01
9.966556232923230452e-01
9.981418684459655299e-01
9.935392356353202059e-01
9.939337314764313813e-01
9.934463727529283528e-01
9.917319888803084460e-01
9.943871870895940601e-01
9.971390046454640110e-01
9.967566831806669025e-01
9.966558436282521027e-01
9.957055585982094170e-01
9.984715998692726968e-01
9.950437299874181907e-01
9.943423360296256286e-01
9.989336576065855899e-01
9.984779632531085580e-01
1.001578426395175692e+00
9.991134162430913568e-01
1.002228609559822070e+00
9.978559363348474820e-01
9.993893156231921093e-01
9.972117330991419060e-01
1.000217593795169391e+00
1.001381647299289135e+00
1.003424616178251849e+00
1.002366379807174690e+00
9.999109193887764091e-01
1.001257337900993916e+00
1.001095535245008605e+00
1.000241965825219292e+00
9.968406105713505383e-01
1.001103736208255102e+00
1.001329007922954428e+00
9.991932890444802373e-01
9.981808014074673441e-01
9.997255838869039124e-01
1.004179648385249424e+00
9.990270492490307408e-01
1.001770383376633822e+00
1.001998601140216216e+00
9.983873527672523229e-01
9.996899480946850325e-01
9.996828625787695932e-01
1.002055328396246336e+00
9.965419718471603128e-01
9.962672907163078184e-01
9.978533460170447844e-01
1.001918766672255545e+00
1.000228958038307026e+00
1.001484597422108269e+00
1.003224209159711888e+00
9.994839202482369567e-01
1.001123565624848499e+00
9.992447892517638541e-01
9.996456583569629517e-01
9.994824100310704118e-01
9.996412818323475724e-01
9.983285299707869154e-01
9.983148875371528064e-01
9.982335541723823535e-01
9.978190472841961256e-01
9.976634261016348315e-01
9.980927606246259298e-01
9.946222386259253589e-01
9.991527435796514478e-01
9.965087792727894689e-01
9.971968631701177976e-01
9.956570395158198528e-01
9.942512117848730790e-01
9.978784897535799558e-01
9.965101368097375456e-01
9.961570348576259670e-01
9.958088259018769151e-01
9.958630714279060880e-01
1.002220911227787337e+00
1.000478409106792421e+00
9.984368320224112914e-01
1.000414233273935416e+00
1.003887085275418034e+00
1.000634561835687775e+00
1.002093132562001943e+00
9.985285462089034114e-01
9.975210229181370458e-01
9.991145415324192980e-01
1.002190478951480834e+00
9.989844038234295676e-01
9.991500093091812973e-01
9.987641940468712232e-01
9.984996862108271864e-01
9.979412766134693191e-01
1.001813796474506635e+00
9.982859239008615715e-01
9.969668915695312217e-01
1.002222753723173154e+00
9.987962177755665971e-01
1.000635960560221971e+00
1.000047638923327487e+00
9.977742582375062064e-01
9.997063057379081963e-01
1.001564411999689375e+00
1.000254432196837628e+00
1.001415152644595574e+00
9.976423863919305912e-01
9.990372629744478372e-01
1.000761952815276468e+00
9.987527509836251483e-01
9.980387085029200911e-01
1.000071228835385018e+00
1.000896473538270381e+00
9.987969440639604679e-01
9.985809953563857810e-01
9.983235128723531027e-01
9.991066559044704531e-01
9.967966920608751780e-01
9.988277279090314043e-01
9.988632191701876106e-01
1.001051225920679411e+00
9.987117232082097784e-01
9.974374140118089649e-01
9.997667961317840968e-01
9.999594872909286503e-01
9.975061276646441932e-01
9.996673037425696240e-01
9.992035625572647239e-01
9.959821140863848177e-01
9.976205584065300780e-01
9.965285259653350325e-01
9.993180393668713579e-01
9.978645779885001454e-01
9.979460475054023894e-01
9.989411540971534498e-01
1.000374785192944982e+00
9.976478572048214088e-01
9.986737025603283913e-01
9.974248388582891423e-01
9.977382569411331614e-01
1.000852445860923812e+00
1.000520959312638958e+00
9.992889212410049904e-01
1.003388703802925885e+00
9.993829102250920693e-01
9.991384473474900219e-01
1.001569812079669886e+00
1.003332277116584681e+00
1.001277437198842879e+00
1.000714339751551440e+00
1.000737012657864300e+00
9.988647106516294061e-01
9.995872490911448249e-01
1.000123833513826277e+00
1.000207851012116622e+00
1.001469237806173140e+00
1.001058731105324062e+00
1.000596892380995362e+00
1.000919655286264920e+00
