0.000000000000000000e+00
0.000000000000000000e+00
0.000000000000000000e+00
0.000000000000000000e+00
0.000000000000000000e+00
0.000000000000000000e+00
0.000000000000000000e+00
0.000000000000000000e+00
0.000000000000000000e+00
0.000000000000000000e+00
0.000000000000000000e+00
0.000000000000000000e+00
0.000000000000000000e+00
0.000000000000000000e+00
0.000000000000000000e+00
0.000000000000000000e+00
0.000000000000000000e+00
0.000000000000000000e+00
0.000000000000000000e+00
0.000000000000000000e+00
0.000000000000000000e+00
0.000000000000000000e+00
0.000000000000000000e+00
0.000000000000000000e+00
1.482631625197462907e-03
1.724488283852176548e-02
8.807795880880585349e-02
2.964426207154784443e-01
7.191075483161257775e-01
1.378675980377475963e+00
2.057341503164153096e+00
2.575322268056021713e+00
2.667775998534676063e+00
2.404783713285527202e+00
1.956042380035180717e+00
1.526071790711312604e+00
1.111645069506073114e+00
8.467614944973651525e-01
7.601749402153098467e-01
7.290195671483105100e-01
7.725241989988481661e-01
8.213237743195935803e-01
9.033117718872285540e-01
9.756625730218296821e-01
1.037614689319217964e+00
1.098268053495851326e+00
1.158480949771279134e+00
1.239882861507736411e+00
1.311385424483983320e+00
1.384002657332594088e+00
1.448954454936148162e+00
1.506121954717204225e+00
1.545911486894834930e+00
1.596347865111885644e+00
1.601082944103150663e+00
1.572802951044398601e+00
1.526767805374360298e+00
1.466184473751332762e+00
1.391754739969847776e+00
1.319094997793616386e+00
1.250390309074774109e+00
1.177584003268422830e+00
1.134005948727440760e+00
1.089476950267775912e+00
1.074677259724794443e+00
1.045516158756862657e+00
1.040856292976959141e+00
1.032085081966185980e+00
1.018807220326981788e+00
1.025890577705748541e+00
1.026255397836816963e+00
1.023917861156598885e+00
1.030902191825614933e+00
1.025333335531409373e+00
1.031188085835838208e+00
1.029785685061864298e+00
1.022917508477550808e+00
1.031944499081304700e+00
1.021116686321753564e+00
1.016840900331132502e+00
1.021333914186927982e+00
1.007104387233367815e+00
9.986613296828409370e-01
9.948249742121068051e-01
9.945417913922910413e-01
9.900060298100952227e-01
9.826650641221511551e-01
9.862572012519735809e-01
9.864936770752600337e-01
9.882845817359714458e-01
9.898210804969679311e-01
9.796474975363655968e-01
9.926488410351763658e-01
9.835534384493617166e-01
9.879044913155995422e-01
9.822262254006668414e-01
9.808328049461096931e-01
9.830722416800694585e-01
9.779093150617397256e-01
9.843518376277223814e-01
9.768363013489487212e-01
9.765692808208683573e-01
9.735682009856242436e-01
9.785764331561543905e-01
9.769803651202352279e-01
9.814902139079948462e-01
9.796952137176063724e-01
9.835656576928676342e-01
9.853206186405210065e-01
9.857119466036124988e-01
9.864015997693394988e-01
9.867648639812380829e-01
9.889707272247285630e-01
9.897921516671900344e-01
9.935774883541195202e-01
9.948687892391252507e-01
9.883491397033014048e-01
9.939942102753425157e-01
9.980600836569667456e-01
9.956869209134781018e-01
9.967793952851771166e-01
9.962541113151452965e-01
9.948182650779973102e-01
9.979899638450937527e-01
9.942248216493896340e-01
1.000014205761100117e+00
9.972594522658870808e-01
9.992585869030529144e-01
9.996411103661082542e-01
9.996910120931874477e-01
9.962718729528083905e-01
9.989761972326013373e-01
9.997264707515276516e-01
1.001545833570473221e+00
9.978131900558860901e-01
1.000286419905721758e+00
1.001409960695291756e+00
9.987042020817642474e-01
9.975773593660490768e-01
1.003387105344717423e+00
1.002979211990694619e+00
1.001060053001602279e+00
9.988240308071426599e-01
9.989172195412652222e-01
1.003652327153101709e+00
9.995444374929325360e-01
1.003446338898515089e+00
1.003035253922580194e+00
1.000546286648664518e+00
1.000929118807341478e+00
9.992918760305300463e-01
1.000549963454236080e+00
9.968937047757225889e-01
9.989666584287482110e-01
1.002099531189162507e+00
1.001105033365068619e+00
1.002394396371007357e+00
1.001715362311690560e+00
1.004243757860924013e+00
1.003418415563272159e+00
1.002103709129567033e+00
1.002481510750967031e+00
9.992989707253728815e-01
9.981933766906060379e-01
1.002287029210743086e+00
9.975457505977648465e-01
9.977965813612115209e-01
9.971137682962130100e-01
1.000536851269628880e+00
1.001027952816968991e+00
1.001297888705985795e+00
9.987456976875267456e-01
1.001641175872532097e+00
1.002783395521415377e+00
9.987242579849120450e-01
9.978363780782391057e-01
9.987473149347672052e-01
1.001944665873974794e+00
1.001309287521115143e+00
1.001012579350691878e+00
1.002089762553930896e+00
9.999509808483134643e-01
1.000580725814815386e+00
9.996042524206811830e-01
1.000909396358953707e+00
1.002304265747245626e+00
1.000113619324896730e+00
1.000272160319605641e+00
9.996796819612815410e-01
9.994157571419691743e-01
1.000247651446273700e+00
9.991170008731933283e-01
1.002192831089341984e+00
9.999268237828338179e-01
9.975060881261919032e-01
9.982519203714353973e-01
1.002543115243553995e+00
1.000551364415439126e+00
9.998476486935728991e-01
9.994364714968789754e-01
9.993047772477020585e-01
9.981728652522351419e-01
1.000635036675670886e+00
1.000982536115963883e+00
9.992449777726409854e-01
9.993843261753466711e-01
9.987331242377852636e-01
1.000001554934840442e+00
1.000366450527388373e+00
9.979776007054159681e-01
9.987566449562623738e-01
1.000324014933245076e+00
9.995332190144344819e-01
9.997443238530905329e-01
9.974260803156999033e-01
1.002270028054707218e+00
1.000347263502735728e+00
9.972395801903903845e-01
9.991711128539570996e-01
9.994355378512662647e-01
9.990920632108658550e-01
9.981262453462663720e-01
9.982556815762002600e-01
9.991856560273308929e-01
9.992930378092516053e-01
9.983615043463784922e-01
9.977509498368201113e-01
9.984556426003483587e-01
9.976471591470351674e-01
9.974519131009850215e-01
9.971839621416366262e-01
9.985392467098035407e-01
9.973068917290006663e-01
9.987460570924006076e-01
9.982468788298671791e-01
9.978437205272940869e-01
9.994247159163034411e-01
9.983937652850419786e-01
9.970648364685452680e-01
9.988608278912795013e-01
9.956174475543914104e-01
9.985192992964331271e-01
1.000095371333673766e+00
1.000579126503837513e+00
9.988655882540343756e-01
9.986102195061368203e-01
9.967777687272817433e-01
9.985080058995579044e-01
9.993104666866822194e-01
1.000385429753935185e+00
9.985461713693470909e-01
9.968212716435472798e-01
9.986089804749771481e-01
9.970202894686019945e-01
9.992267176565045039e-01
9.979908269415835864e-01
1.000132691968186771e+00
9.983304695489095826e-01
9.994219134995168119e-01
9.986349654946832244e-01
9.976968369122145575e-01
9.973894233728141101e-01
9.994977761706886898e-01
9.975009687011828774e-01
9.972105487563240889e-01
1.000988566980337335e+00
9.997441781544944561e-01
1.000471881553438136e+00
9.992745152154802746e-01
9.974987132366990306e-01
9.970830049195783529e-01
1.000076840311980853e+00
1.000228677319003445e+00
1.000537182994985397e+00
9.996369498087850358e-01
9.996638937314350493e-01
9.981694397849938394e-01
9.996745644203463010e-01
9.986238088064692819e-01
9.997158644055006427e-01
