0.000000000000000000e+00
0.000000000000000000e+00
0.000000000000000000e+00
0.000000000000000000e+00
0.000000000000000000e+00
0.000000000000000000e+00
0.000000000000000000e+00
0.000000000000000000e+00
0.000000000000000000e+00
0.000000000000000000e+00
0.000000000000000000e+00
0.000000000000000000e+00
0.000000000000000000e+00
0.000000000000000000e+00
0.000000000000000000e+00
0.000000000000000000e+00
0.000000000000000000e+00
0.000000000000000000e+00
0.000000000000000000e+00
0.000000000000000000e+00
0.000000000000000000e+00
0.000000000000000000e+00
0.000000000000000000e+00
0.000000000000000000e+00
1.631059083728211238e-03
2.285861550886180565e-02
9.176239740653344135e-02
3.163628573872204752e-01
7.469039797500465205e-01
1.425453810114762021e+00
2.119168058113051867e+00
2.625277730327846282e+00
2.705713048385847141e+00
2.472363208092298592e+00
2.029451649067064434e+00
1.562811431956995900e+00
1.153514758343808788e+00
8.748872433833884132e-01
7.490819479889762045e-01
7.491744434060600977e-01
7.675009068135417722e-01
8.269366531786054297e-01
9.062117369644049347e-01
9.790066548055690321e-01
1.048776955904659136e+00
1.102549315720799505e+00
1.165596006291208075e+00
1.228527309539498624e+00
1.303495093431172869e+00
1.378293235646401049e+00
1.441247070795673491e+00
1.508220248137782660e+00
1.541352125213147684e+00
1.581892055502582606e+00
1.593362534599260361e+00
1.579463504242248906e+00
1.510302511952880566e+00
1.465120643609685303e+00
1.396056610286269706e+00
1.302582902241824492e+00
1.231693232060852239e+00
1.176620034151411032e+00
1.126326800719211985e+00
1.089432174568892853e+00
1.056662745429069572e+00
1.037923937004048724e+00
1.041806558437779362e+00
1.030782402637477002e+00
1.028755585808868611e+00
1.024832923859215983e+00
1.035116537967060601e+00
1.018536209661361269e+00
1.033563237751682573e+00
1.029127559940629100e+00
1.018172877745831872e+00
1.031357327481530417e+00
1.023963601295347914e+00
1.024475230637636791e+00
1.019890592805418050e+00
1.008112598195678888e+00
1.013826851720564859e+00
1.006669788416511224e+00
9.950738119319111341e-01
9.905077855945380039e-01
9.917123103994949229e-01
9.919322790871798468e-01
9.826212952610706708e-01
9.874610731803231678e-01
9.841495313766750463e-01
9.838612798474578591e-01
9.810521340105716748e-01
9.830953286229187071e-01
9.826573918477194969e-01
9.807098623617167554e-01
9.782056092364564970e-01
9.784796555373218574e-01
9.793543843227973111e-01
9.800718277006493784e-01
9.778977326927191793e-01
9.797126169104795057e-01
9.786709085749942805e-01
9.740064168867474947e-01
9.819948742894044624e-01
9.769549066771529011e-01
9.733780386834175458e-01
9.803014706416618429e-01
9.844478584450152558e-01
9.809071345185813584e-01
9.828036069110196449e-01
9.825224131607097622e-01
9.867707086217032408e-01
9.833988001672709922e-01
9.907302239828975621e-01
9.846610306299430349e-01
9.928152790303579334e-01
9.933408688767457750e-01
9.955976424173862416e-01
9.922245710806981700e-01
9.934823443781795049e-01
9.931753947793231507e-01
9.912827030203226197e-01
9.967584810983789456e-01
9.945032488591285524e-01
9.984523480616478430e-01
9.957032666894376494e-01
9.988376609784149762e-01
9.945896880977928012e-01
9.959314067916007485e-01
9.960382678986763327e-01
9.998713401873335904e-01
9.971196875394525705e-01
9.951851490475235318e-01
9.983567892504573438e-01
1.000348120562530196e+00
9.984303783064548687e-01
1.000329009035062722e+00
9.992224119946729877e-01
9.973876194743751533e-01
9.997846579011120394e-01
9.972397710091287504e-01
9.977456780972252526e-01
9.980399130818379261e-01
9.946681075684736806e-01
1.001914118015561739e+00
1.000108429674903654e+00
9.996072885087520232e-01
9.950366356370455856e-01
9.992616382262723418e-01
9.993715182233248173e-01
1.000448467470379521e+00
1.000453650155875618e+00
1.001104521033503225e+00
1.002237963891536188e+00
9.994866417158441152e-01
9.985123435477224474e-01
1.000344448438180933e+00
1.003062352371190791e+00
1.002182296807644368e+00
9.985728686305619384e-01
9.991212291207273166e-01
9.977539041898523253e-01
9.996474101720423944e-01
1.000741305972346007e+00
9.980675005558908852e-01
9.978878967409142708e-01
1.001997880805988395e+00
1.001031030709157443e+00
1.002385831996035925e+00
9.992706880958452942e-01
1.000214786443743620e+00
9.999228267634910905e-01
9.994637161443471474e-01
1.001960461026913496e+00
1.000749373322169955e+00
9.996872507640508498e-01
9.985958445028855213e-01
1.002248295957213653e+00
1.001734813543860181e+00
9.975687144985537769e-01
9.985109235419202811e-01
9.999994811281668339e-01
1.003783433450535778e+00
1.003690931847198264e+00
1.000849632497803787e+00
1.000455842702801412e+00
9.997691808358426524e-01
1.000971905152330255e+00
9.991803495173571248e-01
9.986705773664422692e-01
1.000686454696456895e+00
1.000657480642791031e+00
1.000176451702272873e+00
9.995649060439117939e-01
9.999538560786448427e-01
9.976842270056303086e-01
1.000141178750323601e+00
1.000829773421322066e+00
9.986005534282879070e-01
9.994920222606868965e-01
9.990137968295802473e-01
1.002177772006165757e+00
9.980914523376293035e-01
9.998327903175074916e-01
9.995937634513809567e-01
9.972575429994100515e-01
9.998833924203951451e-01
1.001098684452523813e+00
9.974911211213755013e-01
9.989765353317814345e-01
9.989279326250986024e-01
1.001071098548146798e+00
9.999909725291624696e-01
1.000193758506007446e+00
9.989779644532054137e-01
9.988034641548290127e-01
9.966110478507200776e-01
9.963459345000801326e-01
9.981510542186886603e-01
9.970567256156493974e-01
9.997874895901450731e-01
9.955035592427079472e-01
9.957792371142861754e-01
9.948176267038968401e-01
9.973599452319965586e-01
9.994714185036540632e-01
9.967185266965167267e-01
9.974003289235390257e-01
9.990550009993046654e-01
9.991422619426763019e-01
9.980695560847134828e-01
9.990168154172266446e-01
9.963759111157738380e-01
9.967173795834091132e-01
9.980434031800252681e-01
9.981030088928606325e-01
9.977018814309179806e-01
9.990527223840253157e-01
9.993623124144674907e-01
9.987912321674157212e-01
9.990499100205074701e-01
9.988219092781841502e-01
9.990487749662758654e-01
9.982176895380424630e-01
9.955124091099341044e-01
9.975143838269836527e-01
9.990106402026391885e-01
9.979842522929586179e-01
9.989893277271997274e-01
9.985909207875895977e-01
9.966681809313742146e-01
9.984439079571519882e-01
9.984444116517923185e-01
9.974250805782151064e-01
9.979781688638634796e-01
9.978101111728019390e-01
9.981445447491156253e-01
9.983744386260735570e-01
9.973731507704962640e-01
9.988738459271514492e-01
9.987157394798997778e-01
9.972004951349044966e-01
9.975627978398494689e-01
9.994072723510709633e-01
9.983245375137078659e-01
9.982958313935919037e-01
9.969296921272270406e-01
1.000037909042770679e+00
9.987663766985979130e-01
1.000124677506585291e+00
9.969606595199228538e-01
9.981883315017217040e-01
9.993310481595153449e-01
9.966636006520614988e-01
9.988231961549515203e-01
9.998971373770623172e-01
9.966554937996241481e-01
9.974188647804140828e-01
9.993140431654229383e-01
9.981597542841114112e-01
9.972801008579711413e-01
