0.000000000000000000e+00
0.000000000000000000e+00
0.000000000000000000e+00
0.000000000000000000e+00
0.000000000000000000e+00
0.000000000000000000e+00
0.000000000000000000e+00
0.000000000000000000e+00
0.000000000000000000e+00
0.000000000000000000e+00
0.000000000000000000e+00
0.000000000000000000e+00
0.000000000000000000e+00
0.000000000000000000e+00
0.000000000000000000e+00
0.000000000000000000e+00
0.000000000000000000e+00
0.000000000000000000e+00
0.000000000000000000e+00
0.000000000000000000e+00
0.000000000000000000e+00
0.000000000000000000e+00
0.000000000000000000e+00
1.611718830689258639e-04
2.075994082972199267e-03
1.834253335359204221e-02
9.518909325778469877e-02
3.074329873779138578e-01
7.569125660088931173e-01
1.419692809729416805e+00
2.120610476049563875e+00
2.632222921133666294e+00
2.758767882671880667e+00
2.459792355011713116e+00
2.040468896872106086e+00
1.552292357513619381e+00
1.152301220787812275e+00
8.733471903183578355e-01
7.540427455450535721e-01
7.338637182619363042e-01
7.711742173510330867e-01
8.133316520260572835e-01
9.037915737381239101e-01
9.735971859846501708e-01
1.037949368551064788e+00
1.091423269916947936e+00
1.150502443211441683e+00
1.243303121030777225e+00
1.308969952468690412e+00
1.372837938450002682e+00
1.444947156830567625e+00
1.496445629206099248e+00
1.552956836840085231e+00
1.575997458060526046e+00
1.581511808623012882e+00
1.562084727559146735e+00
1.527023569909959022e+00
1.460883835275227138e+00
1.396930696153570128e+00
1.314790979748778899e+00
1.242064812952652808e+00
1.177900979760466482e+00
1.122666867473331553e+00
1.079947890681585587e+00
1.063283028179232259e+00
1.049116560455152669e+00
1.041937616650506326e+00
1.035130716848450483e+00
1.031689159831262748e+00
1.030264052041817813e+00
1.021733960771151528e+00
1.022677653876987947e+00
1.035628746052038585e+00
1.026145499438509079e+00
1.029706040451184856e+00
1.029314716979824684e+00
1.019875847429562610e+00
1.027592901366952471e+00
1.022569227025335703e+00
1.018330725211149090e+00
1.002803978596799483e+00
1.008112431798810160e+00
1.000327559282251588e+00
9.950117605789520203e-01
9.883693165963057803e-01
9.827012459522203036e-01
9.807772704314212664e-01
9.825442237263889433e-01
9.804465649735040200e-01
9.803194376160133672e-01
9.826648595608400427e-01
9.816544399840265722e-01
9.770140408546049704e-01
9.746885452652408466e-01
9.779839177838512976e-01
9.761259966880887484e-01
9.744309899250137574e-01
9.752124541795441637e-01
9.689076244100830460e-01
9.770806238946746491e-01
9.757305642327414041e-01
9.777087335958021264e-01
9.714342632892362106e-01
9.819385014840957826e-01
9.751045333753992628e-01
9.767819101442608565e-01
9.731858883582151787e-01
9.756472230698021164e-01
9.814825890921285989e-01
9.832011472842757671e-01
9.801549734153142124e-01
9.813341848970655867e-01
9.878452405880674414e-01
9.839970381058555926e-01
9.878115997775954726e-01
9.914538746906141897e-01
9.911727184916678812e-01
9.907961565832059669e-01
9.898600004063368152e-01
9.886105698974730904e-01
9.926734264473596747e-01
9.939243739708317760e-01
9.961472556031049086e-01
9.941409008649334522e-01
9.918921783540094461e-01
9.893512216539878112e-01
9.987100354052924622e-01
9.974637318002189668e-01
9.948735760952531759e-01
9.974727559576995750e-01
9.966976126972577621e-01
9.966388252954475613e-01
9.968941909177866378e-01
9.970250973728865818e-01
9.978095716574452156e-01
9.994272243758308694e-01
1.000450989171621341e+00
9.979916075834064371e-01
1.000886610961737366e+00
1.002013569914221414e+00
9.976407540419433007e-01
9.991998453541593994e-01
1.000257588900320016e+00
1.002701954435068377e+00
1.002169256960936838e+00
1.004806867956179683e+00
1.004176795349606133e+00
1.001703763678939652e+00
1.005959595953349606e+00
1.005654940373783557e+00
1.004440255221529021e+00
1.003422007577715824e+00
1.003676075032833070e+00
1.005357163691638522e+00
1.005124421857928274e+00
1.004737180621319892e+00
1.000639462596158324e+00
1.002370870018160609e+00
1.004439712260232875e+00
1.003183270386906356e+00
1.003417857818091230e+00
9.977299807475318305e-01
1.006345563861426928e+00
1.001619153902940207e+00
1.002301748215582045e+00
1.000301199129259411e+00
1.001464929875864440e+00
1.001501619192313397e+00
9.994445787126019498e-01
1.000508088452381816e+00
1.000173442472038987e+00
1.000017650351532561e+00
1.002293274109184340e+00
1.001478091837179063e+00
9.962217369468200356e-01
1.000173228614033683e+00
9.988077983606027388e-01
1.000548672719692833e+00
9.981116302535892881e-01
9.985013420367954140e-01
1.000569869376663590e+00
9.997651420075409634e-01
9.984047469254794249e-01
9.976886948585613757e-01
1.004094977811406553e+00
1.000808513568799851e+00
9.996358481372092930e-01
9.993782167647318193e-01
9.986062835487646838e-01
9.990170734829206811e-01
9.999333249378284938e-01
9.982999958985960820e-01
1.000350903486027621e+00
9.982239657634607299e-01
9.980526546293714274e-01
9.988061859520966923e-01
1.000880630179756148e+00
9.978890209648546561e-01
9.973557922352134231e-01
9.985903205491302170e-01
9.975362375500841372e-01
9.968134084457803690e-01
9.958455921827600310e-01
9.975850724933689184e-01
9.972676053759689241e-01
9.985870079621874673e-01
9.975231560926984820e-01
9.995946431501289142e-01
9.970304852150592145e-01
9.988364423219533439e-01
9.974973879774551300e-01
9.964374511875478957e-01
9.987913381650067590e-01
9.994287362281041309e-01
9.965514448158865335e-01
9.977424323544901164e-01
9.992658801929299450e-01
1.000167828280252857e+00
1.001259434248398694e+00
9.994720023789108732e-01
1.000737056165447170e+00
1.000855353408363069e+00
9.980288602344429272e-01
9.995343866088232110e-01
9.982958786687633479e-01
1.000747832798467796e+00
1.002857380498358042e+00
9.999755033251223058e-01
9.989656749440116723e-01
1.000800236660576159e+00
1.001216638370481471e+00
1.000716450534973045e+00
9.985047645279493400e-01
9.995694458000190519e-01
1.000369239977118463e+00
1.000390706712419142e+00
1.001329394942092055e+00
9.989641612453411534e-01
9.994484678398394273e-01
9.994615321943661757e-01
1.000524868620062957e+00
9.985935425764146389e-01
1.000087206811596241e+00
9.986460480253447347e-01
1.000850770180004901e+00
1.001063421960930899e+00
9.990142572521486519e-01
1.001335373750149804e+00
9.971833729604500096e-01
9.994951022980225197e-01
1.000704014928444519e+00
9.987715101105605342e-01
9.981073700354174960e-01
1.001546549734509961e+00
9.983368085301005390e-01
9.985311550388040747e-01
1.000363150728150963e+00
9.991091393303944690e-01
9.979831024554990382e-01
9.985354907099616151e-01
9.992100425793627450e-01
9.981657604193664435e-01
9.982904541118319264e-01
9.980255126451670344e-01
9.996230659086303705e-01
9.986412628784425705e-01
1.000359666807004944e+00
1.002940141544839570e+00
9.984889086284519655e-01
1.000384510029757923e+00
1.000918188492456506e+00
9.992937817326674743e-01
9.997677634735425700e-01
9.979445793952733679e-01
9.989237126550933876e-01
1.000933182301209978e+00
1.000188438289725701e+00
9.982839573640915898e-01
9.997139975535868084e-01
1.000179588464550573e+00
