0.000000000000000000e+00
0.000000000000000000e+00
0.000000000000000000e+00
0.000000000000000000e+00
0.000000000000000000e+00
0.000000000000000000e+00
0.000000000000000000e+00
0.000000000000000000e+00
0.000000000000000000e+00
0.000000000000000000e+00
0.000000000000000000e+00
0.000000000000000000e+00
0.000000000000000000e+00
0.000000000000000000e+00
0.000000000000000000e+00
0.000000000000000000e+00
0.000000000000000000e+00
0.000000000000000000e+00
0.000000000000000000e+00
0.000000000000000000e+00
0.000000000000000000e+00
0.000000000000000000e+00
0.000000000000000000e+00
0.000000000000000000e+00
4.448537013670401745e-04
2.723989778169245285e-02
4.229619869376249341e-01
1.457592463074877775e+00
2.241138447138554035e+00
2.126153475866247700e+00
1.592985773446272457e+00
1.079276096847551880e+00
7.454771949057971137e-01
5.161160405570135445e-01
3.912799115616344414e-01
3.174919258704385627e-01
3.037420709259140428e-01
3.319424722093491376e-01
4.010411637006301433e-01
5.149515320713921041e-01
6.519402258114611604e-01
8.294536463046565666e-01
1.019304748648548919e+00
1.211909941833508420e+00
1.414418246425322989e+00
1.537651059919001195e+00
1.667615213769885196e+00
1.746486540402087950e+00
1.793055661861678640e+00
1.797199855938871105e+00
1.765580248791366103e+00
1.707784302579411939e+00
1.637598612367326290e+00
1.530396337382152305e+00
1.439417463051154478e+00
1.352035351589831569e+00
1.298437747974420686e+00
1.263792021612742955e+00
1.208782384908479557e+00
1.188307355625706885e+00
1.165668884729579302e+00
1.155418553844684393e+00
1.144925919546518456e+00
1.156923682303371059e+00
1.153938466071169566e+00
1.152897981613123513e+00
1.154880177514346018e+00
1.151081771556144551e+00
1.123353960751644287e+00
1.118277855662055176e+00
1.108540199882276145e+00
1.093978177705248855e+00
1.082637444821583861e+00
1.087982780817235318e+00
1.077031232825120588e+00
1.069506971022303299e+00
1.055388679460630863e+00
1.054384339517244751e+00
1.032401857441309190e+00
1.037326046161734183e+00
1.027443209708414518e+00
1.020276469846604694e+00
1.029449648809343643e+00
1.027270698616474798e+00
1.025653968405126903e+00
1.029396414318268116e+00
1.026351343976934727e+00
1.020059743943693364e+00
1.012095326370700654e+00
1.013698600117024062e+00
1.003800129219340143e+00
1.002085614951464754e+00
9.878398404892184681e-01
9.863836541109122225e-01
9.821458853457878391e-01
9.737103525798282977e-01
9.783168980866363551e-01
9.717148049733244086e-01
9.645538787870788777e-01
9.696937188307818145e-01
9.671237357400356283e-01
9.647946351806897525e-01
9.682351956638353130e-01
9.693771980564243052e-01
9.705103161957978619e-01
9.707706556377478924e-01
9.778980747567290743e-01
9.785465436085660773e-01
9.741201507631837009e-01
9.785041680391414198e-01
9.803470295221501374e-01
9.843439079846586504e-01
9.832474431538319459e-01
9.885115350650784949e-01
9.895110825962385448e-01
9.815329386428532921e-01
9.855927736090658309e-01
9.834150578642179008e-01
9.884414745886270781e-01
9.893849595492040239e-01
9.884445068430698367e-01
9.830530550443853377e-01
9.890356449543545869e-01
9.940426595940713428e-01
9.888549682393633633e-01
9.894368189797921875e-01
9.904497390210728058e-01
9.927768525948651446e-01
9.927769559537309441e-01
9.915651715499834706e-01
9.919412602188377726e-01
9.922993769193140245e-01
9.920570912593648094e-01
9.884590254480158933e-01
9.954033120960240621e-01
9.968720275532418906e-01
9.947844966315783077e-01
9.954912348863627081e-01
9.954984654657221821e-01
9.954534985415035564e-01
9.984746572892982952e-01
1.000053049715845077e+00
9.981966702619531340e-01
9.970858320504487615e-01
9.979223271661705752e-01
9.949413534775275458e-01
9.981535189007810782e-01
9.977217468347336915e-01
9.993908949885302873e-01
9.968556822247296445e-01
9.990863556607963991e-01
9.976342910270431519e-01
9.985304601952853520e-01
9.984119350967965989e-01
1.002971421148755038e+00
1.000693653690565510e+00
9.995805355432576533e-01
9.981278282081945674e-01
9.994137113254930593e-01
9.994412503733531850e-01
9.967227060708518938e-01
9.958240399870523785e-01
1.001347948051851455e+00
9.983774455300022943e-01
9.979347190877371210e-01
9.969975029406833444e-01
1.001437558792811489e+00
9.993486670664348814e-01
9.983579964653939154e-01
1.001033038913655027e+00
9.999633859572989447e-01
9.997797139928958909e-01
9.994014465517052637e-01
1.001150858231782959e+00
9.985000875090268568e-01
1.000223256235315494e+00
1.001549049003338299e+00
9.997554782080069202e-01
1.000112773598614169e+00
1.001427854493570191e+00
1.000641485809130593e+00
9.982118375195866422e-01
1.006730892825278056e+00
1.002082967654319479e+00
1.000661625938100929e+00
9.994143947141300721e-01
9.989194646103060071e-01
1.001323068716079234e+00
1.001314675180180691e+00
9.989923606533055445e-01
1.000804160097681361e+00
1.001703254693629086e+00
1.001030669286368857e+00
1.002643666709118975e+00
1.000146781355020886e+00
1.000005466606267879e+00
9.990912942464695856e-01
1.000761996738938064e+00
1.002438775718668129e+00
1.001759274653353016e+00
1.001745392862402495e+00
9.968348479061714951e-01
9.994856479271750915e-01
1.000692826693673876e+00
9.989273242576054423e-01
1.001708244631187794e+00
1.000019227955725176e+00
1.000743439696283987e+00
1.000867179709349131e+00
1.000153975086188973e+00
1.000351343990713238e+00
9.969997506166261569e-01
9.999239427697605986e-01
9.990117798952553585e-01
9.988006018765942517e-01
9.990697833555020058e-01
9.992040216536950403e-01
1.000055679955141441e+00
1.000378181951576240e+00
9.986781744206320033e-01
9.994230554378791265e-01
9.992682803100317868e-01
9.985382568402682013e-01
9.980164980483403614e-01
9.997022439582813336e-01
9.995069977014431339e-01
9.989517352003306483e-01
9.976847560810576665e-01
9.997314379198735113e-01
9.980353502841673441e-01
9.996451487581944351e-01
9.968711865731525457e-01
9.984768306051651221e-01
1.000287860659854200e+00
1.001177006381932966e+00
9.998288441997068565e-01
9.988575705021983664e-01
1.000130300693552021e+00
9.976344584421344974e-01
9.993293892354387919e-01
9.984699423702996235e-01
9.997288453200479097e-01
1.000469849469314720e+00
9.981096810688826482e-01
9.984781771585551358e-01
1.000306730304463265e+00
1.003425052268247519e+00
9.982772235074719447e-01
1.001101006427578044e+00
1.001998500545195903e+00
1.000527470003029107e+00
1.000327416301789452e+00
9.999246074984986521e-01
9.998128492238501641e-01
9.986219285006219248e-01
9.993949275522727715e-01
1.001433935936585362e+00
1.000367605780305924e+00
1.000160356597965983e+00
1.001253817105292709e+00
1.001473287712725702e+00
1.001602844418929328e+00
9.992635456272769279e-01
1.001305412451474641e+00
1.000450356055524237e+00
1.000913339204159369e+00
9.993959197156633278e-01
9.991844088803206736e-01
9.998670146609613951e-01
9.996184866804053160e-01
1.001329380561938764e+00
9.985993196760033497e-01
1.000597259140872275e+00
9.981503462192726772e-01
1.001191878339455998e+00
1.000959958879230394e+00
1.000000742498696082e+00
1.001162171207560014e+00
1.000154429971026770e+00
1.000442490272728246e+00
