0.000000000000000000e+00
0.000000000000000000e+00
0.000000000000000000e+00
0.000000000000000000e+00
0.000000000000000000e+00
0.000000000000000000e+00
0.000000000000000000e+00
0.000000000000000000e+00
0.000000000000000000e+00
0.000000000000000000e+00
0.000000000000000000e+00
0.000000000000000000e+00
0.000000000000000000e+00
0.000000000000000000e+00
0.000000000000000000e+00
0.000000000000000000e+00
0.000000000000000000e+00
0.000000000000000000e+00
0.000000000000000000e+00
0.000000000000000000e+00
0.000000000000000000e+00
0.000000000000000000e+00
0.000000000000000000e+00
0.000000000000000000e+00
1.482551438531356440e-04
2.559221175441620325e-02
4.232582330448606545e-01
1.464481495248718623e+00
2.243104159109389428e+00
2.120925255461040049e+00
1.630458281066597959e+00
1.098345319925267072e+00
7.313427649763459826e-01
5.116520584618109435e-01
3.864916942808516165e-01
3.237845681180906987e-01
3.117648406827658869e-01
3.326360497752635648e-01
4.007814608681463109e-01
5.064073296299452798e-01
6.476871968231998622e-01
8.243282106824394440e-01
1.027281723757785370e+00
1.229777253943389548e+00
1.383216674099423615e+00
1.542891592386600674e+00
1.660739814718599883e+00
1.732531250317587146e+00
1.778208749710672443e+00
1.777991812568546992e+00
1.767114427255183084e+00
1.720163275951139825e+00
1.633883203824232799e+00
1.537586417109241710e+00
1.455492088027331876e+00
1.373090691925753060e+00
1.312677747249136662e+00
1.253500544472830880e+00
1.214211924111973318e+00
1.194607858162475944e+00
1.168160913524014299e+00
1.166390099400065106e+00
1.164179191006567970e+00
1.152632833987386585e+00
1.160555294551615102e+00
1.160344828880630397e+00
1.154208256008076638e+00
1.142688240443519243e+00
1.134815128213553459e+00
1.119143081233907377e+00
1.117416866312721302e+00
1.097225570506636716e+00
1.092192636227399261e+00
1.089694453246139449e+00
1.075807285573201932e+00
1.067998829195120791e+00
1.060395621501797558e+00
1.053360127967986948e+00
1.047795430514701254e+00
1.040978664801362585e+00
1.036056727128288335e+00
1.034598845015316737e+00
1.033782900268512828e+00
1.034470618802346031e+00
1.034200711599640110e+00
1.029240856561603801e+00
1.031417184738862236e+00
1.026913526329779947e+00
1.021757996168532134e+00
1.015252989534351169e+00
1.014239522978137575e+00
1.002322629295443246e+00
9.981809988150148749e-01
9.897816957271862170e-01
9.789710758463952001e-01
9.806702644229826626e-01
9.768516304197728539e-01
9.725424993876367052e-01
9.718754281329697875e-01
9.714790748286876720e-01
9.632661100821804379e-01
9.688881715806708650e-01
9.716857415356057182e-01
9.731230384466836858e-01
9.747758828770805017e-01
9.755677794978536710e-01
9.795716054931098427e-01
9.776746334566235319e-01
9.840123168733746484e-01
9.855621382333275005e-01
9.849195849813003889e-01
9.874202322427220180e-01
9.900353675282976829e-01
9.906782275179819575e-01
9.908014712281535408e-01
9.837266419128596340e-01
9.911154719272312619e-01
9.930637273088263051e-01
9.917123152723129609e-01
9.915258375713283945e-01
9.909514885727627176e-01
9.947773795490545412e-01
9.963480372779244254e-01
9.925499725140183305e-01
9.916101297597623709e-01
9.984569993806360344e-01
9.924000820131361200e-01
9.932532795274505721e-01
9.950647835300924227e-01
9.998280018282089676e-01
1.001282097385431946e+00
9.966214889309186198e-01
9.945116115178009863e-01
1.000452939956053333e+00
9.999731761746054604e-01
1.001657498035163130e+00
9.972573256061071367e-01
9.958021205553373445e-01
1.001708520768746391e+00
1.000954600236564795e+00
1.002586817148388487e+00
1.001481543935420992e+00
1.003744706771803497e+00
1.003258788597066076e+00
1.000145417355805089e+00
1.003799595451271065e+00
1.002376073947216506e+00
1.003058732433598443e+00
1.005585564309011692e+00
1.000584287187557653e+00
1.006695855389869498e+00
1.007095713023254735e+00
1.000705081218927761e+00
1.005738249978989751e+00
1.005628501310592116e+00
1.007569552240715760e+00
1.000784876900742582e+00
1.002342885464207578e+00
1.001989387723561498e+00
1.003210213537300666e+00
1.004195079672592916e+00
1.004583908743266862e+00
1.001203184208340646e+00
1.000889470897996736e+00
1.004202956156283078e+00
1.001855760955529862e+00
1.000908167866347176e+00
1.002148175193073198e+00
1.002231921604049170e+00
1.003703026467307247e+00
1.001519280889856978e+00
1.004731630719712276e+00
1.003570065325293248e+00
1.004911179480433514e+00
1.003314690648927421e+00
1.002122681060959586e+00
1.000621779921439414e+00
1.003209708895057561e+00
1.003419975442360057e+00
1.000325871899366614e+00
1.002822319942491047e+00
1.002398735605845248e+00
1.000409031850356012e+00
1.001167824454495481e+00
1.001223924452403491e+00
1.001104235326165659e+00
9.982581042119760273e-01
9.991826286815161939e-01
1.001291328163024907e+00
1.000553846398704705e+00
1.002155564229417317e+00
9.986188298468905433e-01
1.001019382093896626e+00
1.000110449279664859e+00
9.996589487705719312e-01
1.000237844930663922e+00
1.000769342894475278e+00
9.979006248134123513e-01
1.001119496181426261e+00
9.985102901711131462e-01
1.001125967065241706e+00
9.991951785431247846e-01
9.982824038013261569e-01
9.991101937851010195e-01
1.000284835188120391e+00
1.002365146291408715e+00
9.990589766963711149e-01
9.975992252384016101e-01
9.978944420206278254e-01
1.000419895182075303e+00
1.002233777506429835e+00
1.001589063466743479e+00
1.000906154174399765e+00
9.991650134719221032e-01
1.000668357404062681e+00
9.981624417208755373e-01
9.982785040718653580e-01
9.971386102782163752e-01
9.988523535632042316e-01
9.995791431914754499e-01
9.984760459590796833e-01
1.000053227062761785e+00
9.992983501337864283e-01
1.000113359589209772e+00
9.977097130784847723e-01
9.968740266794288152e-01
9.994925703607479006e-01
1.000227904793032252e+00
1.000653006186140281e+00
9.981296517422572068e-01
9.976962389372135975e-01
9.995912892355592883e-01
9.978440385822652248e-01
9.982463944584384352e-01
9.993436515407336795e-01
1.000874170479568948e+00
9.981199379989954545e-01
9.984991341672648790e-01
9.999337286927977297e-01
9.999813958762958643e-01
9.997121028131926712e-01
1.000351486976865489e+00
9.984854195614296657e-01
9.973862539848821207e-01
9.981118174534486798e-01
9.975047848610347767e-01
9.998379481699869453e-01
9.996105522775926566e-01
9.985948716917727452e-01
9.986213421558228776e-01
9.988396639597523219e-01
9.996645832178512325e-01
9.994595661100275086e-01
9.966921391596450519e-01
9.996041505735641097e-01
9.977950591120772206e-01
9.993873305727707379e-01
9.981516426145646825e-01
9.973433309232410116e-01
9.991995024734194875e-01
9.978907612072501765e-01
9.965740782608789594e-01
9.965323520220493725e-01
9.961395230307815707e-01
9.990610769402116231e-01
9.977526271022990612e-01
9.983354396221788551e-01
9.989363939488532518e-01
9.993760253394056159e-01
9.985341609460767209e-01
9.972322131598788664e-01
9.982200587077456611e-01
9.995680970835240098e-01
1.000086854561859750e+00
9.999502332294188944e-01
9.995429883656323788e-01
9.987708750628959686e-01
9.994563770195012964e-01
9.988451983806063694e-01
9.990317627978431148e-01
