0.000000000000000000e+00
0.000000000000000000e+00
0.000000000000000000e+00
0.000000000000000000e+00
0.000000000000000000e+00
0.000000000000000000e+00
0.000000000000000000e+00
0.000000000000000000e+00
0.000000000000000000e+00
0.000000000000000000e+00
0.000000000000000000e+00
0.000000000000000000e+00
0.000000000000000000e+00
0.000000000000000000e+00
0.000000000000000000e+00
0.000000000000000000e+00
0.000000000000000000e+00
0.000000000000000000e+00
0.000000000000000000e+00
0.000000000000000000e+00
0.000000000000000000e+00
0.000000000000000000e+00
0.000000000000000000e+00
0.000000000000000000e+00
0.000000000000000000e+00
0.000000000000000000e+00
8.186484725220989221e-05
3.664160880710256966e-03
5.030994949955577833e-02
2.399522760188538273e-01
6.183779180065900327e-01
1.038846390980684653e+00
1.357793441062238760e+00
1.510994412027393707e+00
1.541051944763258685e+00
1.487052443457605566e+00
1.419944141160056406e+00
1.367893994567638272e+00
1.334062837057724327e+00
1.304930242006573815e+00
1.224151285661587263e+00
1.142525015674785482e+00
1.093414310046086468e+00
1.074811190683367501e+00
1.074235420171983479e+00
1.082294260548084086e+00
1.084658671046599077e+00
1.081832900027358324e+00
1.070420714068328616e+00
1.054096697805966487e+00
1.037437856795503599e+00
1.033049441530623724e+00
1.033153976721308931e+00
1.035684653463063709e+00
1.035601275925819076e+00
1.036983020310527692e+00
1.029492541464152922e+00
1.021420061528002687e+00
1.011529145953856901e+00
9.988752263506917028e-01
9.913143625826488226e-01
9.874647567386509728e-01
9.858527258828202466e-01
9.860674895727241651e-01
9.916050974859709211e-01
9.987637192776215311e-01
1.003860814189941220e+00
1.010333379138784959e+00
1.011498576040936959e+00
1.019531471239516263e+00
1.022081127894925556e+00
1.023946337886538105e+00
1.026291794926460499e+00
1.027553494099102238e+00
1.026445087539803014e+00
1.025906972987236987e+00
1.023957471689360244e+00
1.021550946672916682e+00
1.017812434679644218e+00
1.016105407732081689e+00
1.008553179179381809e+00
1.005193189641457208e+00
9.982842879426461202e-01
9.961510913944425782e-01
9.906475140652691858e-01
9.884189121774932252e-01
9.881741956590561760e-01
9.879122011183641971e-01
9.880747350530217910e-01
9.882475284163981799e-01
9.911332004671516982e-01
9.925303937102655238e-01
9.931298254589556729e-01
9.945519910860189938e-01
9.961245167103995879e-01
9.964154723348896958e-01
9.980129354472917491e-01
9.975102130530471012e-01
9.965305144555239858e-01
9.973955719145661813e-01
9.984981086902827707e-01
9.993833181392668408e-01
9.983656457446663524e-01
9.995777093097768518e-01
9.985626579153982219e-01
9.979249362658731970e-01
9.988610351083591077e-01
9.986190743032954398e-01
9.969591472603654969e-01
9.995561889805729683e-01
9.986138216103960241e-01
9.985164319331407690e-01
9.973788201886876204e-01
9.966875729347698387e-01
9.983982577937420277e-01
9.975270308753102499e-01
9.985549427270805634e-01
9.975236549295883881e-01
9.975591149644921218e-01
9.971988244959426595e-01
9.976245693584936403e-01
9.968087624250682177e-01
9.990520904873412267e-01
9.974990870190694192e-01
9.986989724378296795e-01
9.992051474052735527e-01
9.985253568195334717e-01
9.978354828018413114e-01
9.989374945625175695e-01
9.991361090494150776e-01
9.998595609675520191e-01
9.991241909737145210e-01
9.997596341761388894e-01
9.994597251365578972e-01
9.998314515258084345e-01
1.001206036159946411e+00
1.000225863663789738e+00
1.000151687136731082e+00
1.000208254081329295e+00
1.000044302524196516e+00
9.997032767240884299e-01
1.000901317977979765e+00
1.000625277607501307e+00
1.000155547497662001e+00
9.996439603219756664e-01
1.000398171846968554e+00
9.994613447641700343e-01
9.997433035820837421e-01
9.998097214531247445e-01
1.000106985053786701e+00
9.999651494769620230e-01
9.995983654196705093e-01
9.997517389565279133e-01
1.001283563861993020e+00
1.000516557606743850e+00
1.000195728327211375e+00
9.999917569742974299e-01
9.998040943771061562e-01
1.000032459991935463e+00
1.000579935444952051e+00
9.998755411127231429e-01
9.996862860752881996e-01
1.000057818652030805e+00
1.000017712457132335e+00
1.000223377650278911e+00
9.998361459302859133e-01
1.000127072955101282e+00
1.000205364350016835e+00
1.001135390828382654e+00
1.000245833142318297e+00
1.000897597458072052e+00
1.000646524745834487e+00
9.997054261673630204e-01
9.999713135912270401e-01
1.000242500959426240e+00
1.000734738355609998e+00
1.000389196210327292e+00
9.998241980707345267e-01
1.000259084702335599e+00
9.997992452706162547e-01
9.997858271197880287e-01
9.998718793819997286e-01
1.000005289157354316e+00
9.997333682845522818e-01
9.994355976578496170e-01
9.997090375851931388e-01
9.997245983761203769e-01
1.000705766063671343e+00
1.000390626171437258e+00
9.995897643310004410e-01
1.000522631661133532e+00
1.000156595109384483e+00
1.000348801112507680e+00
1.000005741880819254e+00
9.998370598153427657e-01
1.000321417212052477e+00
1.000031930058432605e+00
9.998324640095438420e-01
1.000001831222286697e+00
1.000014278276405211e+00
9.998422834781601765e-01
1.000092735297893665e+00
1.000190636374590492e+00
1.000183616057408464e+00
9.996126462647884070e-01
1.000742255035194095e+00
1.000463440479682609e+00
9.995232201148276374e-01
1.000369967584409103e+00
1.000232537065096183e+00
9.996673060461830351e-01
1.000146550576296534e+00
9.994455441103655691e-01
1.000546535121522584e+00
1.000319586195152821e+00
9.998763349302944858e-01
1.000391920582625938e+00
1.000195443414364060e+00
9.999832878498756683e-01
1.000328121354477240e+00
9.997003450717429907e-01
1.000362784768832780e+00
9.996935626538772102e-01
9.999302953783535397e-01
1.000449986987830275e+00
9.997265689227385899e-01
1.000052243030862709e+00
9.997426807504268265e-01
1.000237904112066367e+00
9.999822342882276338e-01
1.000056950770042086e+00
1.000031157625161926e+00
1.000283856530323146e+00
1.000065086019003457e+00
9.998523450890660635e-01
9.997701169362531726e-01
1.000118472382701240e+00
1.000397085110050988e+00
9.996396303003224348e-01
9.997298774644038932e-01
9.999400283349829666e-01
9.995501989507786789e-01
9.999108519754842384e-01
1.000358423935888474e+00
1.000075532784541865e+00
1.000051383117320558e+00
1.000335830361325451e+00
1.000205619362825482e+00
9.998216423904305872e-01
9.998351594228870320e-01
1.000341068825587154e+00
1.000141763524320604e+00
1.000389936503888411e+00
9.996902871748498676e-01
1.000341947395927189e+00
1.000146636772783149e+00
9.999772652700714692e-01
1.000080553666079730e+00
1.000466893233620702e+00
1.000340558567881510e+00
1.000688854301361674e+00
1.000148818872538703e+00
9.995081819875718532e-01
1.000284189555153080e+00
9.997706267262982394e-01
1.000110389592074656e+00
1.000164651691151319e+00
1.000358567047787473e+00
1.000840947301333994e+00
9.995441969387771630e-01
1.000266250423727632e+00
1.000082491445308364e+00
1.000204334256818983e+00
1.000180210111671242e+00
1.000323551987828630e+00
1.000531182438313405e+00
1.000234046065074489e+00
1.000262240031571714e+00
1.000179804770910508e+00
1.000083610880117435e+00
