0.000000000000000000e+00
0.000000000000000000e+00
0.000000000000000000e+00
0.000000000000000000e+00
0.000000000000000000e+00
0.000000000000000000e+00
0.000000000000000000e+00
0.000000000000000000e+00
0.000000000000000000e+00
0.000000000000000000e+00
0.000000000000000000e+00
0.000000000000000000e+00
0.000000000000000000e+00
0.000000000000000000e+00
0.000000000000000000e+00
0.000000000000000000e+00
0.000000000000000000e+00
0.000000000000000000e+00
0.000000000000000000e+00
0.000000000000000000e+00
0.000000000000000000e+00
0.000000000000000000e+00
0.000000000000000000e+00
0.000000000000000000e+00
0.000000000000000000e+00
0.000000000000000000e+00
0.000000000000000000e+00
0.000000000000000000e+00
0.000000000000000000e+00
5.550150214125901260e-03
1.978137121428443779e-01
1.212169259595340165e+00
2.706978932240303060e+00
3.139433320021062901e+00
2.543843197721925797e+00
1.713730623013227206e+00
1.079613480456588892e+00
7.275039618474675729e-01
5.604092413608345868e-01
4.923428461336503692e-01
5.031692338142956800e-01
5.493788717981344938e-01
6.260950188598435329e-01
7.207841475978282730e-01
8.259175987914543215e-01
9.300469751599977908e-01
1.029737616618283003e+00
1.119552067970026155e+00
1.181523814801044736e+00
1.216415015969034563e+00
1.233911521070437223e+00
1.223306519629274947e+00
1.208319098731263530e+00
1.160497903869567082e+00
1.130209130238888804e+00
1.090352940496264189e+00
1.048126917336027253e+00
9.971436720892029593e-01
9.526839329525039757e-01
9.232332405942207387e-01
8.854839219142854878e-01
8.589293392852160869e-01
8.552363111169856147e-01
8.564178970592271067e-01
8.657200712499385498e-01
8.848759593911958987e-01
9.191932450873370186e-01
9.505167198374149251e-01
9.829507940534456534e-01
1.003852061305759324e+00
1.032334942188163351e+00
1.046475177548839897e+00
1.065536120096446382e+00
1.076593037522053820e+00
1.078983462995669829e+00
1.073879277664284704e+00
1.062893735653553717e+00
1.056357696965990023e+00
1.035599933810313900e+00
1.020813778387930082e+00
1.006711024670928101e+00
9.979235607798478958e-01
9.848597867804577133e-01
9.790103980473572332e-01
9.742295252251432780e-01
9.722409553833485374e-01
9.761184671562455062e-01
9.814528717293128368e-01
9.868103954459499505e-01
9.889872825319908634e-01
9.924810021812370264e-01
9.982550042951441327e-01
1.001512270790164250e+00
1.005497774187246618e+00
1.006845448305843993e+00
1.003665179862291534e+00
1.008592788096033477e+00
1.009038519243896870e+00
1.006217783757079598e+00
1.005209758442779933e+00
1.001890285774711620e+00
1.001017659078216271e+00
9.992985458195929871e-01
9.964923873353654926e-01
9.915366503632589978e-01
9.968458046590789046e-01
9.952907755129770662e-01
9.992114919073340484e-01
9.999396419931873004e-01
9.982049347893664493e-01
1.000314415134828883e+00
1.004716967437992992e+00
1.003131747301292398e+00
1.007402150877870106e+00
1.004426399750961929e+00
1.007984614315856620e+00
1.002505799007476828e+00
1.001596306243458079e+00
1.001818508048027523e+00
1.004475287773438863e+00
9.992340495515982246e-01
9.967281021464055035e-01
1.001028009533810215e+00
9.979892206761836748e-01
9.980849655627224148e-01
9.955234849301846101e-01
1.001962986731210536e+00
9.992121990831359657e-01
9.958898975595624758e-01
9.936462246680833887e-01
9.991516673389904124e-01
9.990154772899367819e-01
9.994942645275112225e-01
9.999773293205199698e-01
9.984044542186154558e-01
1.000506245622117651e+00
1.000455757640839272e+00
9.988295152243431563e-01
1.000262023398378775e+00
1.002705625646205689e+00
1.001812744931971144e+00
9.997419783146203054e-01
1.002492147037549852e+00
1.001001433259333995e+00
1.001494513401938180e+00
1.002148435472700605e+00
1.002807791222755096e+00
1.002272840904068207e+00
1.001895995853785637e+00
9.991740522138161662e-01
9.990444105838957034e-01
1.000067550650791004e+00
9.997948438604060684e-01
1.003130827046573970e+00
9.994563486024148347e-01
9.989412606769242364e-01
1.001289630996698099e+00
1.001422073902432208e+00
1.000850000760545866e+00
9.998117132909434268e-01
9.998884704262610557e-01
9.998469805475204142e-01
9.966389532799097006e-01
9.980808867942422280e-01
9.997760013382743782e-01
1.001092856211257986e+00
1.000546477834870496e+00
1.000622742172268431e+00
1.000362407212389115e+00
9.996001980754183336e-01
9.992009242314752182e-01
1.000490874386134266e+00
1.001075086031929517e+00
1.002155362854030285e+00
1.001095692370168821e+00
1.003211488915917604e+00
9.987483677850292896e-01
9.997892784419970535e-01
1.000399065787511921e+00
1.000297420389723024e+00
9.994786898880546611e-01
1.001422916050586531e+00
1.002031857423884675e+00
9.997373965913394223e-01
1.000896398277275834e+00
1.001457228624044626e+00
1.002040269011960749e+00
1.000045155684633702e+00
9.986039253035754459e-01
9.995994455991925598e-01
1.000380034541012986e+00
1.002589337558646765e+00
9.997488591203019803e-01
9.996410585284336570e-01
1.000273824617356366e+00
9.999250758493013480e-01
9.998700427407111180e-01
1.001831404317401697e+00
1.001368930005854807e+00
9.995844980036072691e-01
1.002559980722465216e+00
9.998749939799422837e-01
9.993080758323020785e-01
1.001507595438141385e+00
1.001225854962905615e+00
9.991629025758872462e-01
1.001643231288295022e+00
1.000325183589951816e+00
1.001175864139630667e+00
9.981756199516804706e-01
1.001389224388760990e+00
9.995003059232074882e-01
1.001066693857154855e+00
9.992132948131150494e-01
1.000498593736249386e+00
1.001274996079635216e+00
9.994179936308998924e-01
1.002161387901069345e+00
1.001064699446044814e+00
1.001247918435172801e+00
1.000877468330875431e+00
1.000728687384322413e+00
1.000480286512937411e+00
1.001033760690168251e+00
1.000138568529379768e+00
1.000671901002665454e+00
1.001120696010021405e+00
9.996179924211550105e-01
1.000546604630131453e+00
9.992953656726426548e-01
1.001126632414402140e+00
1.000388625086912064e+00
1.001142177913597164e+00
9.994580063478336607e-01
1.000536261401108851e+00
9.993780843511692602e-01
9.998106453669637350e-01
1.000911596182156860e+00
1.000148339426331523e+00
1.000069691401656247e+00
1.000994234720426812e+00
9.999908750366152121e-01
1.001218630037581159e+00
1.001075931658119256e+00
1.000030539270073238e+00
1.000397973469739243e+00
1.000428423916885023e+00
1.001583226276593575e+00
1.001036002784129630e+00
9.998909942973895904e-01
1.000262292355265092e+00
1.000742680975423626e+00
9.999055672494990832e-01
9.993424385310237801e-01
9.996728532229376407e-01
1.000323593801927258e+00
1.000145862268305263e+00
1.001209751345251364e+00
1.000207072207363712e+00
1.000114918026937305e+00
1.000826009834904218e+00
1.000590667095343722e+00
1.001038387055112056e+00
9.995348126588902149e-01
9.993482868623024817e-01
1.000122503676503349e+00
9.999582295581209701e-01
1.000404336115697124e+00
9.997314395023058076e-01
9.982357448990918369e-01
9.985272782500491662e-01
9.991858947359242293e-01
1.000728561053535692e+00
1.000875684528340415e+00
1.001447433796215369e+00
1.001704383172958845e+00
1.000702742244071519e+00
1.000778282242943851e+00
1.000407110285848500e+00
1.001719362627250476e+00
