0.000000000000000000e+00
0.000000000000000000e+00
0.000000000000000000e+00
0.000000000000000000e+00
0.000000000000000000e+00
0.000000000000000000e+00
0.000000000000000000e+00
0.000000000000000000e+00
0.000000000000000000e+00
0.000000000000000000e+00
0.000000000000000000e+00
0.000000000000000000e+00
0.000000000000000000e+00
0.000000000000000000e+00
0.000000000000000000e+00
0.000000000000000000e+00
0.000000000000000000e+00
0.000000000000000000e+00
0.000000000000000000e+00
0.000000000000000000e+00
0.000000000000000000e+00
0.000000000000000000e+00
0.000000000000000000e+00
0.000000000000000000e+00
0.000000000000000000e+00
0.000000000000000000e+00
0.000000000000000000e+00
0.000000000000000000e+00
0.000000000000000000e+00
5.699169054417363434e-03
1.920771344280215176e-01
1.231847386768452290e+00
2.709882862866424880e+00
3.140627588583219332e+00
2.538167394359664986e+00
1.695254197642876326e+00
1.085734362927732066e+00
7.407678530403354333e-01
5.582326644142934224e-01
5.043704108155512289e-01
4.977312139846346573e-01
5.522428394320146872e-01
6.298827979655923226e-01
7.276440442735331304e-01
8.307605528106611903e-01
9.360839352082147569e-01
1.030260380581865753e+00
1.123865375195770566e+00
1.181120498692275644e+00
1.220028700146224443e+00
1.233734507258108293e+00
1.230960575310158012e+00
1.203637091273914494e+00
1.173499056222293779e+00
1.133067373687197454e+00
1.086696059966507866e+00
1.043422621483985013e+00
9.923919304642871975e-01
9.617039254644424995e-01
9.152498097546021283e-01
8.910301087715515322e-01
8.628599118927455791e-01
8.581823381305191401e-01
8.568882762168238409e-01
8.641565443972488714e-01
8.938180519736325103e-01
9.153588270357039258e-01
9.553941675256157895e-01
9.783699060756794186e-01
1.006646832808236525e+00
1.034195409329893955e+00
1.055010795487306918e+00
1.063985802593490071e+00
1.077809622012549262e+00
1.082446459999923727e+00
1.072856418281798563e+00
1.066445812044159114e+00
1.051425301893931907e+00
1.037939051995412587e+00
1.022085112324706335e+00
1.011798726573627016e+00
9.915959667690947832e-01
9.868664519025389659e-01
9.778711148705511169e-01
9.764525986382249778e-01
9.772161812680850712e-01
9.814767024737774959e-01
9.804322229708506420e-01
9.893222879831410355e-01
9.863456945651429830e-01
9.902676706830387809e-01
9.979461077026784421e-01
1.005597171885758367e+00
1.005071816527334683e+00
1.007371673272895674e+00
1.007056907635406118e+00
1.007969965965483716e+00
1.009010473355159476e+00
1.006009129187222850e+00
1.008112733358408342e+00
1.000154721456289364e+00
1.001561319954495044e+00
1.001125930559014110e+00
1.001337650241185262e+00
1.000899789383567162e+00
9.979230402610151929e-01
9.950788215938966008e-01
9.954404830307586050e-01
1.001980249203198392e+00
1.001371367838793658e+00
1.004442381197246936e+00
1.002406369174421163e+00
1.004639042847784491e+00
1.003222642114915963e+00
1.005696212260334566e+00
1.001580845631655725e+00
1.007293677906033746e+00
1.006835128018849224e+00
1.002092695336930017e+00
1.001870710232090511e+00
1.002786420743452700e+00
1.001979078001388412e+00
1.001029850283011058e+00
1.001645484344930059e+00
1.001004762256116676e+00
9.964835643519186492e-01
9.981385426705917663e-01
9.990275348560618829e-01
1.000308771857913559e+00
1.000410392097013323e+00
9.982766681363896000e-01
1.000199979591082755e+00
1.001055002396155302e+00
1.000351657997574417e+00
1.001484958369410760e+00
9.995559109117133634e-01
1.000300321590544605e+00
1.001973683110063185e+00
1.000960508640973634e+00
9.996494486499879484e-01
1.001555988570576039e+00
1.001187090396669532e+00
9.997612925464508526e-01
9.979469195267868242e-01
1.001135344815337724e+00
9.989121900743787030e-01
1.000741872914667541e+00
1.002654301084266120e+00
1.002457002154723220e+00
1.001320335485046176e+00
1.001174506448393897e+00
1.000761101426447253e+00
1.001754257212749133e+00
9.984685144381549859e-01
9.984035764332512830e-01
1.000080723598089971e+00
1.000712589854646950e+00
1.002843999655281815e+00
1.000824628965728325e+00
9.998043256455242389e-01
1.001400592058518280e+00
1.001551216727370130e+00
9.996083236417281359e-01
1.001618330510678723e+00
9.979349846032752325e-01
1.002740798396613009e+00
9.994448672865993144e-01
1.002569689243839601e+00
9.988628884057494384e-01
1.000109687682758208e+00
9.984336163020215427e-01
1.001998969316496124e+00
9.983730817790753553e-01
1.001900974224963159e+00
9.999963915100765766e-01
1.000354045759283217e+00
1.000973093716386098e+00
1.000904157660682081e+00
1.000060532168547622e+00
1.000380993529666362e+00
9.991992364017556749e-01
9.999519298691635916e-01
9.984952922536143305e-01
1.001433985764575096e+00
9.992214175395683906e-01
1.001706220840914652e+00
9.999336774590317223e-01
1.002621135037440325e+00
1.001030612034944589e+00
1.000689700146870642e+00
1.000102276123994161e+00
9.998359440766262374e-01
1.000078689734315907e+00
1.000518758198320590e+00
9.984536024538158694e-01
9.995369324390956933e-01
9.985794212186172025e-01
1.000544616771406492e+00
9.992210422068339426e-01
1.001884467042941207e+00
1.002435586860637384e+00
1.000432155463613304e+00
9.985244921660733075e-01
1.001432343989432816e+00
1.000172131798048980e+00
9.999981490410507767e-01
9.998281580971418725e-01
9.995568836056470952e-01
1.000031593870750468e+00
1.001152394572095927e+00
9.994326015110038819e-01
1.002440618515120008e+00
1.001419267947672331e+00
9.997257938340100569e-01
1.000562635747580753e+00
1.000374086255571005e+00
1.000200611068616352e+00
1.000034525143148167e+00
9.994365796760794618e-01
1.000747934301358777e+00
1.001733629599363962e+00
1.000164931108642019e+00
9.995440097442731542e-01
1.001111503399746416e+00
9.986106602269068100e-01
9.994693916056189842e-01
9.992122050207283834e-01
9.992734221905285041e-01
9.989764252271661205e-01
1.000480176086564477e+00
1.000704997157222165e+00
9.984966919162847621e-01
1.000924319380905203e+00
1.000364990970486589e+00
9.987442143924645244e-01
1.000802727133574654e+00
1.000147297579831784e+00
1.000286354767567554e+00
1.000406117569054620e+00
1.000803321199444262e+00
1.001227199671668844e+00
1.001145318131804185e+00
9.986095880853221862e-01
1.000139351269157650e+00
1.001006106093515147e+00
1.000914566914639758e+00
1.000580027433354502e+00
1.000285799950420218e+00
9.997990545302769538e-01
9.991348331286448170e-01
1.000795285343513807e+00
9.990550995113606225e-01
1.001730689748142833e+00
1.000144851871502594e+00
1.000467482942736908e+00
1.000026318791323643e+00
9.997831932723952875e-01
9.995891307765308875e-01
1.000089134421820125e+00
1.001522767062759556e+00
1.000523363379695496e+00
9.998637750724044260e-01
1.001647668695204718e+00
1.000821943534247138e+00
9.991107536051948568e-01
1.000590939025885362e+00
1.000296685310556821e+00
9.996382921545511335e-01
9.995871496311672377e-01
9.993399890165399757e-01
1.000443217033673227e+00
9.982924480649311150e-01
1.000653661297056907e+00
1.000884250111566454e+00
1.000967578967675076e+00
1.001847319733351060e+00
1.000767178731073681e+00
1.000749168916719389e+00
1.001202204030343212e+00
1.000411238250603851e+00
