0.000000000000000000e+00
0.000000000000000000e+00
0.000000000000000000e+00
0.000000000000000000e+00
0.000000000000000000e+00
0.000000000000000000e+00
0.000000000000000000e+00
0.000000000000000000e+00
0.000000000000000000e+00
0.000000000000000000e+00
0.000000000000000000e+00
0.000000000000000000e+00
0.000000000000000000e+00
0.000000000000000000e+00
0.000000000000000000e+00
0.000000000000000000e+00
0.000000000000000000e+00
0.000000000000000000e+00
0.000000000000000000e+00
0.000000000000000000e+00
0.000000000000000000e+00
0.000000000000000000e+00
0.000000000000000000e+00
0.000000000000000000e+00
0.000000000000000000e+00
0.000000000000000000e+00
0.000000000000000000e+00
2.851568984092399181e-05
2.548790161637040988e-03
6.447907500882621434e-02
4.925798015377838568e-01
1.562695905276254793e+00
2.687087002738435260e+00
2.908750462844951201e+00
2.415973886673047133e+00
1.787530279771484709e+00
1.298784991063938188e+00
9.902074446269452102e-01
8.202486178639121217e-01
7.316686551129151228e-01
6.999817949724205235e-01
7.112848264654405561e-01
7.431488137297526109e-01
7.866827140374995642e-01
8.416282789339900594e-01
9.050272682880855513e-01
9.609663250494226983e-01
1.013841478064185786e+00
1.050425807486773611e+00
1.081636742675290641e+00
1.093829977351223448e+00
1.095552842347041533e+00
1.081109576141179307e+00
1.070391400626584000e+00
1.046066903678718685e+00
1.009376569441051030e+00
9.938599314438990584e-01
9.704858424089369828e-01
9.482352116659960028e-01
9.332125068310653804e-01
9.176726984053420466e-01
9.108529824344815395e-01
9.166121666736156692e-01
9.166442870697946166e-01
9.294686613295726207e-01
9.479704730530910117e-01
9.712874263663294760e-01
9.937350808388483170e-01
1.010363030393394812e+00
1.030210495656967318e+00
1.042809881031047992e+00
1.050564335699389229e+00
1.059355846826191438e+00
1.056380455655124395e+00
1.054864557708899087e+00
1.047329540742768295e+00
1.040308206254255463e+00
1.026350036860417037e+00
1.019883173320526248e+00
1.004962398283232305e+00
9.933857459255693856e-01
9.899353152021181934e-01
9.840682769502037130e-01
9.799165098149189568e-01
9.765362549283758131e-01
9.830582976648752913e-01
9.808045150642072940e-01
9.829823410862267297e-01
9.863841654004756876e-01
9.918421909095528344e-01
9.939149496766584990e-01
9.987055241373302694e-01
1.001099206790906582e+00
1.003993938927759011e+00
1.007957820318265751e+00
1.006371751949550530e+00
1.006487408319967525e+00
1.006434261071007308e+00
1.005431114616740285e+00
1.004099217373024766e+00
1.004769102342933262e+00
9.995047805808014996e-01
1.001916712997183323e+00
9.993199821707121622e-01
1.000549122907589572e+00
1.003400891490777491e+00
1.000645447417169764e+00
1.000433059886598919e+00
1.000908532482050139e+00
1.001133289383649538e+00
1.000942250370889575e+00
1.002919851636478343e+00
1.003933117341201831e+00
1.003419129095970641e+00
1.002146386718391735e+00
1.004296361278198990e+00
1.002447943638155481e+00
1.003662840662915778e+00
1.001434985092491292e+00
1.001462131244562626e+00
1.000420633078876298e+00
9.978312405718038347e-01
9.994698806103878841e-01
9.969556169284555791e-01
9.981023541785268849e-01
9.988930177854634662e-01
9.984436935447906780e-01
9.989694360050875854e-01
1.002437814269067529e+00
1.000464150339912761e+00
1.000480809265002380e+00
1.001654664474034062e+00
1.001647330829738891e+00
1.000979622096082711e+00
1.003529324500041175e+00
1.003168586456204325e+00
1.001496419272680072e+00
1.001718420266620280e+00
1.000315135125800392e+00
1.001986514942730944e+00
1.001851729801613855e+00
1.001984736413906063e+00
1.000149238228290827e+00
1.001279585693724217e+00
9.996934646932328361e-01
1.003103114152363196e+00
9.995779604382672989e-01
1.000221370325799608e+00
1.000551470891929418e+00
9.995616149033553777e-01
1.000550170311056641e+00
1.000287685512379010e+00
1.001802624439861678e+00
9.999328952519701552e-01
9.997658553809622983e-01
1.001537064851052872e+00
1.000365426683683889e+00
1.001659700771778017e+00
1.000229378852481865e+00
1.000271020732964811e+00
9.990074271021460728e-01
1.000039273329422551e+00
1.000480901153546265e+00
1.000454520758147225e+00
1.000465619860968047e+00
1.003211296687582355e+00
9.998550522898395077e-01
1.000843533307552491e+00
1.000183246380239588e+00
1.000979197649393804e+00
1.000429451677471659e+00
1.000685291448956127e+00
1.000037354580364912e+00
9.978203472838129695e-01
1.000329558049186662e+00
1.000144998412672681e+00
1.002015423730342247e+00
1.001031898140116949e+00
9.987816021163227198e-01
9.993934559041358634e-01
9.996054465330227456e-01
1.000476201654347141e+00
1.000346441853399382e+00
9.998026757304862011e-01
1.000740727498588667e+00
9.993930115413391935e-01
1.001214264396179443e+00
1.000825281171866754e+00
9.994291489862471289e-01
1.000724335731471459e+00
1.000868766288906642e+00
1.001321415807999937e+00
9.994256717760777731e-01
1.000584539768092585e+00
9.992848888153835762e-01
9.999626332444873089e-01
1.000032493288015134e+00
9.987143693542005485e-01
9.987557129387090171e-01
1.000378213391697857e+00
1.000170828702947601e+00
9.988197823139677300e-01
9.993657752057133470e-01
1.000381953118705924e+00
1.000166541625837402e+00
1.000530488420056319e+00
1.001048871647468586e+00
1.000218461700669526e+00
1.000678057648576980e+00
9.993609917742891646e-01
9.994664079606595530e-01
1.000843331426154448e+00
9.996660519734075212e-01
1.000137563223680859e+00
9.996704410599587254e-01
1.000344319646485625e+00
1.000486426883952173e+00
9.996399035596807980e-01
1.000303315020147021e+00
9.997300605124158634e-01
1.000261174180969048e+00
1.001424649864247840e+00
1.000340326226190291e+00
1.000123830080081211e+00
1.000153059039342152e+00
1.000670481806748224e+00
9.991113791231608365e-01
1.000585024864084405e+00
9.999350903854422601e-01
1.000980731173283900e+00
9.996896861984235771e-01
9.997445762473613495e-01
9.986607526912927302e-01
9.998534811705684922e-01
9.997917991155089723e-01
9.998133252452514608e-01
1.000523661280192655e+00
9.996552680523503875e-01
9.988075579774783330e-01
1.000657962091848319e+00
1.000894929622492713e+00
1.000545997707385615e+00
1.000314369838266826e+00
1.000534389633666699e+00
9.997674252249577620e-01
9.994409908518206986e-01
1.000044580540583317e+00
1.000752622503876088e+00
1.001356130949806023e+00
1.000934225547564393e+00
9.998420009291431043e-01
1.000008659079443474e+00
1.000085501981028857e+00
1.001183505778764582e+00
9.998758912720457914e-01
1.000916953473177662e+00
1.000017660761795213e+00
1.000979570045285927e+00
9.995773621949335386e-01
9.989378975240589265e-01
1.000521946290928499e+00
1.000180101735863358e+00
1.000734309794493848e+00
1.000746546177271989e+00
1.000450379342862295e+00
1.000446942977376352e+00
9.991676043684714070e-01
1.000665576567959736e+00
1.000352681008661593e+00
9.999803413927251805e-01
9.999165754640640946e-01
1.000927332504762735e+00
9.999419453647273581e-01
1.000766970743167006e+00
1.001032519908064522e+00
1.000329290054796427e+00
1.000990353764398044e+00
1.000555850438468841e+00
9.995998580308506076e-01
1.000528568095779836e+00
