0.000000000000000000e+00
0.000000000000000000e+00
0.000000000000000000e+00
0.000000000000000000e+00
0.000000000000000000e+00
0.000000000000000000e+00
0.000000000000000000e+00
0.000000000000000000e+00
0.000000000000000000e+00
0.000000000000000000e+00
0.000000000000000000e+00
0.000000000000000000e+00
0.000000000000000000e+00
0.000000000000000000e+00
0.000000000000000000e+00
0.000000000000000000e+00
0.000000000000000000e+00
0.000000000000000000e+00
0.000000000000000000e+00
0.000000000000000000e+00
0.000000000000000000e+00
0.000000000000000000e+00
0.000000000000000000e+00
0.000000000000000000e+00
9.459267388385133018e-04
1.091500548851975609e-02
5.649740493986257078e-02
1.846082442390334089e-01
4.659248127845742049e-01
9.010689437882469788e-01
1.341267981987552371e+00
1.601966610624603327e+00
1.645487433147034828e+00
1.446895558878082744e+00
1.181104032692995576e+00
9.407387459731023638e-01
7.813736475732417919e-01
7.047244447416932678e-01
6.980910084837234075e-01
7.033640496111196461e-01
7.200807229888611660e-01
7.497616343754486268e-01
8.002097489279971221e-01
8.534200150344015690e-01
8.860384587250854649e-01
8.838646507473246761e-01
8.847001469606132762e-01
8.912262263773464976e-01
9.286652011008078578e-01
9.564144007658663682e-01
9.832631972815571997e-01
1.031572888863635296e+00
1.062312248106433543e+00
1.090376482512903200e+00
1.119986202150048182e+00
1.132094034208342981e+00
1.142361545373021592e+00
1.132987506445892745e+00
1.118292289352320612e+00
1.093971732403224983e+00
1.071294141213889217e+00
1.065884819195960898e+00
1.042971162165903243e+00
1.032860911235405021e+00
1.025191833664789609e+00
1.014693365707550976e+00
1.007600331574881602e+00
9.905240116476187184e-01
9.927209742791611724e-01
9.895180845387165913e-01
9.764561421194886126e-01
9.710916697195965952e-01
9.742249164551923801e-01
9.815332390762814274e-01
9.821538127916659144e-01
9.891092956520337598e-01
9.917533388099754044e-01
9.981988045027044842e-01
1.003581375232693640e+00
1.013399237642243822e+00
1.014776846844297031e+00
1.019533119927765075e+00
1.017556686744601535e+00
1.017733678269425068e+00
1.019237750174533774e+00
1.016499689481856983e+00
1.006158393215079272e+00
1.014276730578764107e+00
1.003493352461841903e+00
1.003702749189870236e+00
1.003103223976004044e+00
9.948714050006438603e-01
1.000920545865638722e+00
9.933391165415401680e-01
9.938649508559729284e-01
9.949838319227378713e-01
9.981756305172188037e-01
9.921047443658556064e-01
9.953722301381051629e-01
9.919632839188371465e-01
9.936928744581566830e-01
9.933499780026466830e-01
1.001688743451006003e+00
9.940951410850952241e-01
9.960065881386580555e-01
9.932540356104767598e-01
9.920496569551269239e-01
9.915042163391271091e-01
9.901108041874717713e-01
9.934808349657021642e-01
9.972067279324342559e-01
9.982987898981393604e-01
9.949152754119482411e-01
9.912971240755289459e-01
9.983572103411165743e-01
9.962881522345730101e-01
9.942734640361161613e-01
9.992110427984240983e-01
9.953284347153351641e-01
9.961276864574227785e-01
9.932534170521203354e-01
9.967673241382389859e-01
9.924472389358901525e-01
9.949678343115644363e-01
9.904012946043748711e-01
9.945785826312820710e-01
9.919665189918781545e-01
9.946234305232021233e-01
9.961277661306526809e-01
9.933403083875951278e-01
9.945640242729765212e-01
9.938542284711890940e-01
9.914271098810037985e-01
9.922029629586428534e-01
9.912138943404544822e-01
9.888004118938966691e-01
9.922141522702816463e-01
9.946659355144883419e-01
9.932099258092672578e-01
9.917990717117031174e-01
9.928770943825148132e-01
9.937618671753900568e-01
9.917730217501710133e-01
9.955960864382740194e-01
9.916444762538810798e-01
9.970485024227252469e-01
9.925390117299575099e-01
9.943828121216540250e-01
9.958038367195570784e-01
9.958053678872995640e-01
9.944340303772448708e-01
9.919512238615884048e-01
9.931104953949286829e-01
9.949327095265984022e-01
9.930829786027379757e-01
9.922992353571219448e-01
9.962161250492614917e-01
9.936098518254696810e-01
9.944341568277422772e-01
9.946100697858890616e-01
1.002273904987284858e+00
9.929892506499955473e-01
9.961950883613550634e-01
9.965479453998989934e-01
9.927107327820982041e-01
9.963776647866415814e-01
9.968355555172145888e-01
9.947194182833116738e-01
9.979708821135674368e-01
9.969851240194717024e-01
9.967009558496324750e-01
9.991479139112288133e-01
9.980958133584915126e-01
9.966124309931021497e-01
9.980999037975432087e-01
9.965504304893594290e-01
9.967902227295348805e-01
9.955622501557942483e-01
9.941833022058210734e-01
9.955006110912001382e-01
9.982986468961912996e-01
9.959196039722215676e-01
9.958897707200483618e-01
9.977345403311681515e-01
1.000204506226897383e+00
9.963231939532819492e-01
9.984591914321880868e-01
1.001415788665348527e+00
9.971516917426488380e-01
9.989366862967575811e-01
9.981530480450836462e-01
9.953743385984852310e-01
9.971507353694110121e-01
9.965661451475973376e-01
9.995059432920774256e-01
9.981399740699835599e-01
9.976985698021311189e-01
9.998408829247181773e-01
9.992448683104439011e-01
9.979720378283416515e-01
9.987884319560732527e-01
9.986426381451857237e-01
9.994515488042643447e-01
9.953301053777035001e-01
9.978473849229851922e-01
9.966833407264431566e-01
9.990989238723405608e-01
9.976826666103365548e-01
9.984208767357697356e-01
9.976811895416412002e-01
9.975640644539260915e-01
9.972014245534266408e-01
9.967463934787863522e-01
9.989937912678268361e-01
9.973716057314069294e-01
9.985687430666255748e-01
9.969950063289991782e-01
9.984509749962530156e-01
9.966166615124147921e-01
9.965746209278028012e-01
9.969931129040976447e-01
9.988290591492009485e-01
9.975850442171925181e-01
9.966202483194978035e-01
9.971484581012409754e-01
9.976672071864591818e-01
9.963544310445591190e-01
9.986235834123921018e-01
9.958553912365687433e-01
9.984518419113593835e-01
9.969537360383474711e-01
9.969952070075829287e-01
9.979655565886822455e-01
9.985780969551317776e-01
9.996718701561055909e-01
9.969904126105916253e-01
9.985534640248080462e-01
9.993791138810614871e-01
9.986071821371442780e-01
9.981696727385710455e-01
9.968016470955674002e-01
9.988980320577729444e-01
9.972287231674727970e-01
9.981414007923066212e-01
9.998429403968571716e-01
9.966289686801206305e-01
9.987448738856944397e-01
9.962388642203705569e-01
9.987927896067586575e-01
9.980296976217981619e-01
9.979754329512150468e-01
9.985492238908363349e-01
9.977766627950076517e-01
9.988298660633579962e-01
9.996384710340338042e-01
9.995219827638083254e-01
9.980671247141480462e-01
9.989502381507345818e-01
9.996347479345704112e-01
9.977418225153932285e-01
9.971235558841851088e-01
9.970990315381457192e-01
9.964103356795930289e-01
9.996710807594839654e-01
9.969581018586132215e-01
9.975524672062158205e-01
9.974062345270779950e-01
9.978552951348753641e-01
9.966562075523474062e-01
9.971792380769136654e-01
9.964245843079954090e-01
9.982184031498189114e-01
9.965454725932506586e-01
9.974523766277829662e-01
9.978928889222363763e-01
9.968894786766454574e-01
9.974816396537898866e-01
9.977840525292671625e-01
9.986814806437634973e-01
9.976550981003178276e-01
9.990114268994487734e-01
9.992564599097595313e-01
9.980018397326037016e-01
9.987448623593910835e-01
9.982390413360076042e-01
9.984760476951780594e-01
1.000092440071941757e+00
9.984872992831304028e-01
9.996051694867443826e-01
1.000519483491970174e+00
9.984384160151825727e-01
9.984925178339175700e-01
9.994152710570796128e-01
1.000121000741774901e+00
1.000168823548904795e+00
9.992346675869888672e-01
9.980174243643347154e-01
9.982953228683417723e-01
9.988880708989619217e-01
9.992813093481823783e-01
1.000537048866622536e+00
9.986439206719931461e-01
9.991276401670484697e-01
9.974656386908353767e-01
1.000532809237335119e+00
9.989287180729883309e-01
9.989518134827884976e-01
9.995885766910375114e-01
9.993898448600421203e-01
9.989534608166227292e-01
9.977899854880393216e-01
9.990707943794988610e-01
9.994011189294931263e-01
1.000221865559433931e+00
9.989738294531363971e-01
9.988731786042404082e-01
1.000393594753063109e+00
9.981747009194233966e-01
9.985767601995951814e-01
9.983117123494339440e-01
1.000644040119462064e+00
9.988748890555791959e-01
9.989450019910408596e-01
9.981859680901612464e-01
1.000287659655363592e+00
9.983918773107651745e-01
1.000402550644384991e+00
9.995858283137923905e-01
9.994972222372429105e-01
9.988734623285684400e-01
9.992046246392130016e-01
1.000173769211938568e+00
9.997167136534093057e-01
1.000335305663262009e+00
1.000846803543025576e+00
9.992426383813244328e-01
9.926372747738395619e-01
9.842217556288233027e-01
9.761558327887709385e-01
9.660436327774332144e-01
9.571407633400654813e-01
9.485762236219913435e-01
9.388952982927161184e-01
9.310145876875649540e-01
9.223026900500814751e-01
9.147998029976298628e-01
9.063499501889552556e-01
8.988361843525459749e-01
8.899751285559013292e-01
8.806671572688058447e-01
8.731067687162350488e-01
8.659891808898131371e-01
8.569216088850619695e-01
8.484669382926025571e-01
8.398877262933025500e-01
8.332640870218481766e-01
8.238004795234091793e-01
8.174526250883439316e-01
8.090760592789244532e-01
8.010633237401956208e-01
7.934082119792580379e-01
7.861491619440509337e-01
7.770463057904313242e-01
7.701385518643221184e-01
7.628160918107066424e-01
7.563607554626374796e-01
7.475863508877592656e-01
7.420149555255991514e-01
7.337595427202826537e-01
7.269041270942344646e-01
7.192752487515090554e-01
7.108285902432580627e-01
7.043068751445414888e-01
6.961238339097460814e-01
6.894437831551596396e-01
6.834688105981898687e-01
6.742710317544737819e-01
6.681900022795962402e-01
6.608556665968482458e-01
6.539805973458452382e-01
6.463846090985719828e-01
6.400277503247888689e-01
6.331244048311825967e-01
6.255631918580798478e-01
6.208903880854426127e-01
6.120833934852818459e-01
6.060743089382840676e-01
5.990525343378686474e-01
5.927942723036593309e-01
5.865193090952622867e-01
5.796062421394976294e-01
5.726481556105795789e-01
5.666919448689283767e-01
5.595927703527802111e-01
5.528505674246659840e-01
5.472003514235825872e-01
5.399370970088211985e-01
5.337475753623075470e-01
5.283222385819139610e-01
5.206490577259573760e-01
5.142876030822061129e-01
5.084352165038326099e-01
5.020281622179812997e-01
4.969417861265216230e-01
4.905186184372971048e-01
4.837179707714225341e-01
4.778274919434812307e-01
4.717692178243924617e-01
4.660732912100493675e-01
4.602275085379355368e-01
4.540147923171487521e-01
4.487402097931329492e-01
4.421146950176234602e-01
4.359041475146726019e-01
4.299805059201240454e-01
4.246798827026726508e-01
4.185179632220196733e-01
4.121625367115705485e-01
4.079243221983888668e-01
4.020078988542124532e-01
3.961948610640392276e-01
3.899996913768487561e-01
3.852926093320159784e-01
3.788651588779876622e-01
3.733581789137716545e-01
3.681359231236877028e-01
3.626685410423872713e-01
3.564282990895349390e-01
3.516955076642631628e-01
3.457611328233701209e-01
3.403828490288100528e-01
3.341337684439111277e-01
3.287284720721896369e-01
3.238287577121012339e-01
3.186660609929174437e-01
3.127894195133284483e-01
3.079553397003250148e-01
3.024115286205041886e-01
2.978276034072954159e-01
2.921650583727445349e-01
2.874126773966597104e-01
2.819264556360602247e-01
2.767496628657348245e-01
2.722770663055248952e-01
2.660476964187866722e-01
2.614351193940219198e-01
2.566161834569147815e-01
2.516476692623300648e-01
2.462568208743839415e-01
2.413263066774245513e-01
2.363702910854319217e-01
2.318729248156021494e-01
2.264065637603031866e-01
2.217737369784771873e-01
2.166090191767674478e-01
2.119072537234713560e-01
2.066947917322954076e-01
2.019660307896981311e-01
1.978812637429550048e-01
1.926715819014696573e-01
1.879182994564452258e-01
1.828370810365795018e-01
1.781945594837769931e-01
1.736713092506914358e-01
1.686204336478258903e-01
1.638854965789159068e-01
1.598722594474299707e-01
1.551574838035931492e-01
1.503100604214112068e-01
1.458509141442755064e-01
1.410101428577577587e-01
1.363032758263160171e-01
1.322810203615341351e-01
1.274423533665227926e-01
1.231133306263068744e-01
1.190650667962721149e-01
1.145850944056358012e-01
1.112165697800134162e-01
1.073121694656933162e-01
1.044257392271916163e-01
1.008079031857848640e-01
9.806453412626497945e-02
9.458227933382104546e-02
9.189588398187303886e-02
8.893298112702227587e-02
8.651949059773247908e-02
8.378707082663516825e-02
8.097178073329613923e-02
7.894061610248344352e-02
7.628338858035033088e-02
7.387846411790781331e-02
7.148452658850765196e-02
6.936664194972561037e-02
6.712862230948554720e-02
6.496966109973817405e-02
6.321873830796274907e-02
6.107594276407230655e-02
5.922115693089421290e-02
5.747244020037350909e-02
5.541432608033431545e-02
5.376606742611955703e-02
5.174806695933709816e-02
5.013053802377324258e-02
4.862063897821861796e-02
4.687715871482441704e-02
4.550348565095994197e-02
4.392999676009681082e-02
4.245591109686369657e-02
4.101997300345238545e-02
3.944266067513450130e-02
3.812415277326433594e-02
3.665150059698920465e-02
3.547272643871064030e-02
3.416959241933552327e-02
3.297874776465415519e-02
3.186632786202969747e-02
3.063614349693699959e-02
2.939719676295827339e-02
2.832731230348529972e-02
2.724124202287084989e-02
2.613526586176607991e-02
2.515684421310513882e-02
2.415607329208590767e-02
2.319073196298596790e-02
2.227514480812507400e-02
2.126224784624722308e-02
2.043382434225858579e-02
1.956662588077902332e-02
1.871219181618173633e-02
1.780355691215268488e-02
1.696191563328356550e-02
1.626317129762559766e-02
1.548869315105779257e-02
1.482664391347478586e-02
1.415378287460392764e-02
1.347098752657483085e-02
1.281463537388597383e-02
1.208862318714995672e-02
1.144991411829086175e-02
1.097364379391799205e-02
1.034798279658585493e-02
9.753977580503350731e-03
9.176819678157397547e-03
8.725673597225397371e-03
8.208344386829108039e-03
7.733867865775211244e-03
7.169162946105210425e-03
6.781633103427177865e-03
6.342376361930695747e-03
5.938475903458465509e-03
5.552456524390011333e-03
5.258114176377629012e-03
4.797506467612196353e-03
4.429162623735109945e-03
4.074292922532279058e-03
3.781756329698804115e-03
3.484876403850179459e-03
3.188958380430202081e-03
2.928815734721167130e-03
2.644660637804704516e-03
2.431653062190087915e-03
2.152826726953458412e-03
1.936538951625942995e-03
1.697851867085825020e-03
1.578681064198069351e-03
1.380210602081759219e-03
1.185342316673961829e-03
1.065233765492987639e-03
8.780954218281343407e-04
7.745562582899000225e-04
6.294263081180312934e-04
5.198625923881361076e-04
4.188565877645558330e-04
3.215727850828280698e-04
2.567935577045789221e-04
1.901046884321455676e-04
1.319926402162178959e-04
7.917696079149134513e-05
4.602702155165524763e-05
2.219434250408466885e-05
6.319412025459687222e-06
1.049615975723359264e-06
0.000000000000000000e+00
0.000000000000000000e+00
0.000000000000000000e+00
0.000000000000000000e+00
0.000000000000000000e+00
0.000000000000000000e+00
0.000000000000000000e+00
0.000000000000000000e+00
0.000000000000000000e+00
0.000000000000000000e+00
0.000000000000000000e+00
0.000000000000000000e+00
0.000000000000000000e+00
0.000000000000000000e+00
0.000000000000000000e+00
0.000000000000000000e+00
0.000000000000000000e+00
0.000000000000000000e+00
0.000000000000000000e+00
0.000000000000000000e+00
0.000000000000000000e+00
0.000000000000000000e+00
0.000000000000000000e+00
0.000000000000000000e+00
0.000000000000000000e+00
0.000000000000000000e+00
0.000000000000000000e+00
0.000000000000000000e+00
0.000000000000000000e+00
0.000000000000000000e+00
0.000000000000000000e+00
0.000000000000000000e+00
0.000000000000000000e+00
0.000000000000000000e+00
0.000000000000000000e+00
0.000000000000000000e+00
0.000000000000000000e+00
0.000000000000000000e+00
0.000000000000000000e+00
0.000000000000000000e+00
0.000000000000000000e+00
0.000000000000000000e+00
0.000000000000000000e+00
0.000000000000000000e+00
0.000000000000000000e+00
0.000000000000000000e+00
0.000000000000000000e+00
0.000000000000000000e+00
0.000000000000000000e+00
0.000000000000000000e+00
0.000000000000000000e+00
0.000000000000000000e+00
0.000000000000000000e+00
0.000000000000000000e+00
0.000000000000000000e+00
0.000000000000000000e+00
0.000000000000000000e+00
0.000000000000000000e+00
0.000000000000000000e+00
0.000000000000000000e+00
0.000000000000000000e+00
0.000000000000000000e+00
0.000000000000000000e+00
0.000000000000000000e+00
0.000000000000000000e+00
0.000000000000000000e+00
0.000000000000000000e+00
0.000000000000000000e+00
