0.000000000000000000e+00
0.000000000000000000e+00
0.000000000000000000e+00
0.000000000000000000e+00
0.000000000000000000e+00
0.000000000000000000e+00
0.000000000000000000e+00
0.000000000000000000e+00
0.000000000000000000e+00
0.000000000000000000e+00
0.000000000000000000e+00
0.000000000000000000e+00
0.000000000000000000e+00
0.000000000000000000e+00
0.000000000000000000e+00
0.000000000000000000e+00
0.000000000000000000e+00
0.000000000000000000e+00
0.000000000000000000e+00
0.000000000000000000e+00
0.000000000000000000e+00
0.000000000000000000e+00
0.000000000000000000e+00
0.000000000000000000e+00
0.000000000000000000e+00
0.000000000000000000e+00
0.000000000000000000e+00
0.000000000000000000e+00
0.000000000000000000e+00
0.000000000000000000e+00
0.000000000000000000e+00
4.684635867862770725e-03
5.468545190239282316e-02
2.251625945416641517e-01
5.651296783210140173e-01
9.178280422586950760e-01
1.195694102942901127e+00
1.360644687041670853e+00
1.421828044048565776e+00
1.458837372813795108e+00
1.435867197475729995e+00
1.423345843453224457e+00
1.388376251999410949e+00
1.340703630523764511e+00
1.300752998028666951e+00
1.253299642887182319e+00
1.208716390973645582e+00
1.186056465045532082e+00
1.176205280398371134e+00
1.165551979846711106e+00
1.181555933448984019e+00
1.175682026390786561e+00
1.148823543638102462e+00
1.100768182747414059e+00
1.059975044053149906e+00
1.030707791064057854e+00
9.960742126940611563e-01
9.833735420713843878e-01
9.921731547417166341e-01
9.826745881347418443e-01
9.853115415651557685e-01
9.744644422088034608e-01
9.751947570620933536e-01
9.730525847020928820e-01
9.804834003974801648e-01
9.837596954894480827e-01
9.825885660344968464e-01
9.852192364019521920e-01
9.841115997132299231e-01
9.931826308987504737e-01
9.983414528831765500e-01
1.008907122916599564e+00
1.006639820302219546e+00
1.015011850672885796e+00
1.015022925167726520e+00
1.025372601715163423e+00
1.020904346744531788e+00
1.027463879100545263e+00
1.028462699500488409e+00
1.022985267938012921e+00
1.028150715818141547e+00
1.025780504263633874e+00
1.013805966485588073e+00
1.016283756794262860e+00
1.007026295489442003e+00
1.003540303834885128e+00
9.948121011208804765e-01
9.965702763604853409e-01
9.875162089355365991e-01
9.894804406208593806e-01
9.862880588762417133e-01
9.891877502014441159e-01
9.863881801037399644e-01
9.855909963431261911e-01
9.867654884596359643e-01
9.894045845782332149e-01
9.916492767891583737e-01
9.934258464633018981e-01
1.000393066802661046e+00
1.004925739057635381e+00
1.006787088768456240e+00
1.008927753306423813e+00
1.006514022276097986e+00
1.010756030417639950e+00
1.007261778679856334e+00
1.004286054238699322e+00
1.010321254141594016e+00
1.005750802712402248e+00
1.006860183810994513e+00
1.007094102391896451e+00
1.004439700555718407e+00
1.005972210748964146e+00
1.006418649609656102e+00
1.007474123414743961e+00
1.007653437964755039e+00
1.003505299942805129e+00
1.006930726617304872e+00
1.005303463878542747e+00
1.003614619437487532e+00
1.002497675666950805e+00
1.003562473428551760e+00
1.000636393305776028e+00
1.006299959411309342e+00
1.003625217953576954e+00
1.006560283678878731e+00
1.002108863437544795e+00
1.001767452006228742e+00
9.982193881638279365e-01
1.001305962484446033e+00
1.000674907198745300e+00
1.000446714971695128e+00
1.001987113256786133e+00
9.995473108505920079e-01
1.003071417585728042e+00
1.004598644366804683e+00
1.001148556443097970e+00
1.005994314431451597e+00
1.004555503738909339e+00
1.003279661806505629e+00
1.003992980833540161e+00
1.002839448228020736e+00
1.001161380495137365e+00
1.002114834741343996e+00
1.002563383739323521e+00
1.001494759330987971e+00
1.003172125566997419e+00
1.000971527924017890e+00
9.975892610051392273e-01
1.002525129303407869e+00
9.988589996024664908e-01
1.001705167701351318e+00
1.003024758574870168e+00
1.000245557280059039e+00
1.000678038162586603e+00
1.000737795241106731e+00
9.996070145765764137e-01
9.978725846780639452e-01
1.000347168458366687e+00
9.973471700840432774e-01
9.997924863905914838e-01
9.991146248079901815e-01
1.002692400755452073e+00
9.982048546324254756e-01
1.000009247802063683e+00
9.994177801539534389e-01
9.991042055195059612e-01
1.000345197075879655e+00
1.000350020103953019e+00
1.000244001258604465e+00
9.983254644937775701e-01
9.990438350531611889e-01
1.000675165061568395e+00
1.001889176066692810e+00
1.000925247396549977e+00
1.000670863783831521e+00
1.000921402072183275e+00
9.978019511386685414e-01
9.991856705395376625e-01
1.000884835968738784e+00
1.000871132985468037e+00
1.001397439476319651e+00
9.983743857115143783e-01
9.966981084398314206e-01
1.000593698443889457e+00
1.000930135076594452e+00
9.978747021409111184e-01
9.986766805999355290e-01
9.983578268926074362e-01
1.002051695316150237e+00
9.981420891902328396e-01
9.992465581403452424e-01
9.986589033400183890e-01
1.000538498374432983e+00
9.998408240018537008e-01
9.962983910875378157e-01
9.972881875958043985e-01
9.979161502043972787e-01
1.000604015763743693e+00
9.981546419873205123e-01
1.000412396340764287e+00
9.992049734818189144e-01
9.993010614814614723e-01
9.973505385460474937e-01
9.983380603347729032e-01
9.996686305698965214e-01
9.997368578222081137e-01
9.983932799468503427e-01
9.979300174064480444e-01
9.988163395457544391e-01
1.000062236248063119e+00
9.999563997375159330e-01
9.995625204218713256e-01
9.991688777180309788e-01
9.984946397507444837e-01
9.991294883799408666e-01
9.991861008461733196e-01
9.971943346051862500e-01
1.000330995124610434e+00
1.000062765040875101e+00
9.993845978699589239e-01
9.983107909923217838e-01
9.984147401907994546e-01
9.997203046113593006e-01
9.987199120471643710e-01
9.975449144791898037e-01
9.986773884409898550e-01
9.977708748968435737e-01
9.981683494956777869e-01
9.988957758992698110e-01
1.000607180119908790e+00
9.975294036969902800e-01
9.985442370326487183e-01
9.989521004563925999e-01
9.989138114080230446e-01
1.000175804661464607e+00
9.978612931496742000e-01
9.992969917950926817e-01
9.978075746397581103e-01
9.971988879435446096e-01
9.979353343596808479e-01
1.000611968017819153e+00
9.998898689992437028e-01
9.975049859666138552e-01
9.986253479110360765e-01
9.979832517938209691e-01
9.995716992362444486e-01
9.970793331104403912e-01
9.966535032021692775e-01
9.965662804330971403e-01
9.969491411809388026e-01
9.961185286888816215e-01
9.985599778112929092e-01
9.998725355508540913e-01
9.988753970548747141e-01
9.993114154258598836e-01
9.982881201853825992e-01
9.992623745276494329e-01
9.981605288174648649e-01
9.984919014822793981e-01
9.986674398153067012e-01
9.970443491811262771e-01
9.991647174995853531e-01
9.990230120473595488e-01
9.975682922109799788e-01
9.993770809104296493e-01
9.992794882734375994e-01
9.987184951013081680e-01
9.976235430682978134e-01
9.982603177209212753e-01
9.966997490262584636e-01
9.993895468966946805e-01
9.976208917415851918e-01
9.995243253380491355e-01
9.993550576941327979e-01
9.986327653903431800e-01
9.997199897619895026e-01
1.001086363042256844e+00
9.999330123202402332e-01
9.978173140572653699e-01
9.993322756610225621e-01
9.986723286867010829e-01
9.973387074730413193e-01
1.000578696828931413e+00
9.974835198217139043e-01
1.000528008866485630e+00
1.000910941440467106e+00
9.986060343400268158e-01
1.000172992195850430e+00
9.998950887735513771e-01
1.000524634443623162e+00
9.996164485105470954e-01
1.000691777012519657e+00
9.996073129227677212e-01
9.996370307821661472e-01
9.997733399486816719e-01
9.999704404207342412e-01
9.993957668384323423e-01
9.981767815792894627e-01
9.978463068477673170e-01
9.988870627025852045e-01
9.984107635850636431e-01
1.000241880776738368e+00
1.000117341308021102e+00
9.999363195307497953e-01
9.982476051589721511e-01
9.996967080483414314e-01
1.000053516794675135e+00
9.976313906611063986e-01
9.987084381385301635e-01
9.994460530312514468e-01
9.992396911032705997e-01
9.989564700772473049e-01
9.991987644686022296e-01
9.995037138772988605e-01
9.993669861049153669e-01
9.988352292437682189e-01
1.000031641488560830e+00
1.000047863559633932e+00
9.985048551753930024e-01
9.978857754260352930e-01
9.976333393724752252e-01
9.999437885161636119e-01
9.983874540678288056e-01
9.983539039430270323e-01
9.974593876662755099e-01
9.994463708478348307e-01
9.994401254773969123e-01
9.986195293398062445e-01
9.991265319678404033e-01
1.000062438647136620e+00
9.990842901107430674e-01
9.980629710621379269e-01
9.991706658226170434e-01
1.000454760489601469e+00
9.989628723471689620e-01
9.986862660699540317e-01
9.993483060993297862e-01
9.999568762244332998e-01
9.969300029060095270e-01
9.996201514541267485e-01
9.994114585189319833e-01
9.988064404263905516e-01
9.986078667955844423e-01
9.984799278905193143e-01
9.931854548028192786e-01
9.844477661811296132e-01
9.741864555280579374e-01
9.656663667110819693e-01
9.577693993275769868e-01
9.512757601040351396e-01
9.414714829769892379e-01
9.311507249796365793e-01
9.247140884226870972e-01
9.168405318538744853e-01
9.084569958435020354e-01
8.990399920241376464e-01
8.918015208109109082e-01
8.837992374864651612e-01
8.758437760418135154e-01
8.687614382635510113e-01
8.595181280287121917e-01
8.523213212903160141e-01
8.431678857807823890e-01
8.357856961025447173e-01
8.289552581872795534e-01
8.210026729095966092e-01
8.132895218030747886e-01
8.061852382627043845e-01
7.972591865470418648e-01
7.913192435627772747e-01
7.824715544203539874e-01
7.748433814922440765e-01
7.691163023892710893e-01
7.603156886099258216e-01
7.533346066722270695e-01
7.446269213011890153e-01
7.379815787996373277e-01
7.306950194625377870e-01
7.232867498012843788e-01
7.162193566473209483e-01
7.093677657367118972e-01
7.028985309754930411e-01
6.941457922861338226e-01
6.885292837233837338e-01
6.801168114216079585e-01
6.741616765034964542e-01
6.675952724966632834e-01
6.611545774465691361e-01
6.530186920181106913e-01
6.463449686151104823e-01
6.404486087178072884e-01
6.340565535253630536e-01
6.272666322252899995e-01
6.200649724543344510e-01
6.131460858253862112e-01
6.061400743391109902e-01
6.002536049495006409e-01
5.932128407430364847e-01
5.868724019966773398e-01
5.808176093797013939e-01
5.746581579493055258e-01
5.679074835723838532e-01
5.619801857230526387e-01
5.558120502095985627e-01
5.486066790691992434e-01
5.434904367255921631e-01
5.365735278034478029e-01
5.296733693381024954e-01
5.238079210247694739e-01
5.175275578197663373e-01
5.125209097854965812e-01
5.049626516494288841e-01
4.994780464582065926e-01
4.952131888319995512e-01
4.874280311393012211e-01
4.816149960751733294e-01
4.762826278240887001e-01
4.701038517690027674e-01
4.641335266592868658e-01
4.575201045473050177e-01
4.520594240505875772e-01
4.458642322772201627e-01
4.408428058459759047e-01
4.350870445710929846e-01
4.287432368306129393e-01
4.237603178713504892e-01
4.177271527353621505e-01
4.117219660509585655e-01
4.062642078357519004e-01
4.011555730836616207e-01
3.957424987752715673e-01
3.906339140174473479e-01
3.850651396286030037e-01
3.787186806618486057e-01
3.735834117239631436e-01
3.686427461896703006e-01
3.625874493802178633e-01
3.571983444429857046e-01
3.515989343562412328e-01
3.459417831103571150e-01
3.414076578847012322e-01
3.357936273365647595e-01
3.310141594094418993e-01
3.245005871866963321e-01
3.201589846181096544e-01
3.150559087642160749e-01
3.099700568579151772e-01
3.045695072406833792e-01
2.996432355383566448e-01
2.941697207239283296e-01
2.898506599340482937e-01
2.841597940934474931e-01
2.792782230971978530e-01
2.744368981047493605e-01
2.694594539581908199e-01
2.641009928492809578e-01
2.593803736231630741e-01
2.546161721620334717e-01
2.490126497357404434e-01
2.441534954235144439e-01
2.396823857911185018e-01
2.345037944055899937e-01
2.299099451954109141e-01
2.249654349397749997e-01
2.206451816504053087e-01
2.153428387354910101e-01
2.108266309851193898e-01
2.058023979962693151e-01
2.015721791293610676e-01
1.965999395912043091e-01
1.920832812122494626e-01
1.873751692721595807e-01
1.829847170093441555e-01
1.779335085369009029e-01
1.734075736735012918e-01
1.689956208229913270e-01
1.643570007629964747e-01
1.598345954963234783e-01
1.549947076926677936e-01
1.507051988646450069e-01
1.459928608375087589e-01
1.419704867572940954e-01
1.372436385396693104e-01
1.332245595282891548e-01
1.284235597781026583e-01
1.242442030264964692e-01
1.201901765500589525e-01
1.158819785932463375e-01
1.126337837662933078e-01
1.092479768828081566e-01
1.056594849576170669e-01
1.022371231070638292e-01
9.922433983667409974e-02
9.603328050703015262e-02
9.314892993862809722e-02
9.008964608916419925e-02
8.766603024026307922e-02
8.538277580301163738e-02
8.274941955606895938e-02
7.997547639569767275e-02
7.768787598627586999e-02
7.531332790415280753e-02
7.314265970904874903e-02
7.103732379732313751e-02
6.851452858841743099e-02
6.657270015402173835e-02
6.463228999568342015e-02
6.256076755436200398e-02
6.081507828100087693e-02
5.854741638056055325e-02
5.713278427307948854e-02
5.523474381935078448e-02
5.363831180168985441e-02
5.178047486001479544e-02
5.017906923131211505e-02
4.862926326611712730e-02
4.699023077057472991e-02
4.559598199174780958e-02
4.425209844209048587e-02
4.230404029284701162e-02
4.105050171434542622e-02
3.941199204804018974e-02
3.850981707178731395e-02
3.699523475153534274e-02
3.582322906712968186e-02
3.450505023370180335e-02
3.338493843727601690e-02
3.198768253526004107e-02
3.100728951503897365e-02
2.984570052312907756e-02
2.862331911634939663e-02
2.764947479538917494e-02
2.663194138472933792e-02
2.570189384505374222e-02
2.451426203695575290e-02
2.389526362025578762e-02
2.275779064297383386e-02
2.179479246763516356e-02
2.093444455049456310e-02
2.011069217309978743e-02
1.931114745392769477e-02
1.858208139546078941e-02
1.765498458984284327e-02
1.691156060004718811e-02
1.608196611881580751e-02
1.537870379407823423e-02
1.470599307548587330e-02
1.399207351857847600e-02
1.334557174707864773e-02
1.271049358956514823e-02
1.209326571068459859e-02
1.158866900518749042e-02
1.090764225972378453e-02
1.035981353121703114e-02
9.868903460178723303e-03
9.272299454760719872e-03
8.798279731598584660e-03
8.295232431967700798e-03
7.798171527388358254e-03
7.392735638824098759e-03
6.962729545124907854e-03
6.539846252085084778e-03
6.131243700657387774e-03
5.652297105385908037e-03
5.347697092118927284e-03
4.969194189518391126e-03
4.609238474398797900e-03
4.277579581895004507e-03
3.985951574973649152e-03
3.652403946246306817e-03
3.350671172520768449e-03
3.074125743152997942e-03
2.783214267985874377e-03
2.528835497493447156e-03
2.316386002750855672e-03
2.081466388875965415e-03
1.903881395167883071e-03
1.664444949273391179e-03
1.498837765979934471e-03
1.285118446385766265e-03
1.124650259651943434e-03
9.747430578481127220e-04
8.624677060592358252e-04
6.952215226112006159e-04
5.944723513842510923e-04
5.008536827944567137e-04
3.925827054583591992e-04
3.102159057278070149e-04
2.451295884899767105e-04
1.660090409674681898e-04
1.228287386565820097e-04
8.189960887628727607e-05
4.623878088919216277e-05
1.882267256706721494e-05
6.684385026582968313e-06
1.289410495244610779e-06
0.000000000000000000e+00
0.000000000000000000e+00
0.000000000000000000e+00
0.000000000000000000e+00
0.000000000000000000e+00
0.000000000000000000e+00
0.000000000000000000e+00
0.000000000000000000e+00
0.000000000000000000e+00
0.000000000000000000e+00
0.000000000000000000e+00
0.000000000000000000e+00
0.000000000000000000e+00
0.000000000000000000e+00
0.000000000000000000e+00
0.000000000000000000e+00
0.000000000000000000e+00
0.000000000000000000e+00
0.000000000000000000e+00
0.000000000000000000e+00
0.000000000000000000e+00
0.000000000000000000e+00
0.000000000000000000e+00
0.000000000000000000e+00
0.000000000000000000e+00
0.000000000000000000e+00
0.000000000000000000e+00
0.000000000000000000e+00
0.000000000000000000e+00
0.000000000000000000e+00
0.000000000000000000e+00
0.000000000000000000e+00
0.000000000000000000e+00
0.000000000000000000e+00
0.000000000000000000e+00
0.000000000000000000e+00
0.000000000000000000e+00
0.000000000000000000e+00
0.000000000000000000e+00
0.000000000000000000e+00
0.000000000000000000e+00
0.000000000000000000e+00
0.000000000000000000e+00
0.000000000000000000e+00
0.000000000000000000e+00
0.000000000000000000e+00
0.000000000000000000e+00
0.000000000000000000e+00
0.000000000000000000e+00
0.000000000000000000e+00
0.000000000000000000e+00
0.000000000000000000e+00
0.000000000000000000e+00
0.000000000000000000e+00
