0.000000000000000000e+00
0.000000000000000000e+00
0.000000000000000000e+00
0.000000000000000000e+00
0.000000000000000000e+00
0.000000000000000000e+00
0.000000000000000000e+00
0.000000000000000000e+00
0.000000000000000000e+00
0.000000000000000000e+00
0.000000000000000000e+00
0.000000000000000000e+00
0.000000000000000000e+00
0.000000000000000000e+00
0.000000000000000000e+00
0.000000000000000000e+00
0.000000000000000000e+00
0.000000000000000000e+00
0.000000000000000000e+00
0.000000000000000000e+00
0.000000000000000000e+00
0.000000000000000000e+00
0.000000000000000000e+00
0.000000000000000000e+00
0.000000000000000000e+00
0.000000000000000000e+00
0.000000000000000000e+00
0.000000000000000000e+00
0.000000000000000000e+00
0.000000000000000000e+00
1.638454122436559877e-04
5.606710753570564448e-03
5.346383342835040603e-02
2.264053084254817605e-01
5.566009659279997912e-01
9.104729656351125966e-01
1.171433168404343084e+00
1.344834619384955632e+00
1.417843404170754606e+00
1.441433776952679935e+00
1.441200993553513277e+00
1.413518074628204779e+00
1.376307948331286779e+00
1.347027407667519050e+00
1.301447965078623259e+00
1.243988866524756709e+00
1.204173156075481588e+00
1.194169254218389042e+00
1.171613698485947763e+00
1.175704049114247640e+00
1.174102047473168264e+00
1.161593179728813041e+00
1.142097672167596611e+00
1.108509721946531856e+00
1.064458604705206257e+00
1.027386558261442984e+00
1.001512216466621918e+00
9.941122250398312099e-01
9.789454425954934313e-01
9.840551525583148829e-01
9.727409093656839145e-01
9.771116959255308210e-01
9.746391254162396489e-01
9.748984131627849159e-01
9.789966202776263504e-01
9.786614726171021239e-01
9.854866337868609660e-01
9.891222037005684697e-01
9.954079833358326912e-01
9.984162723815569462e-01
1.000823883857437480e+00
1.006642907826206246e+00
1.010515317585355399e+00
1.016359275871572487e+00
1.019014549106833423e+00
1.025973436771847602e+00
1.027703592335601490e+00
1.029980462958066889e+00
1.030151206409548159e+00
1.029107197185372469e+00
1.029419832540250379e+00
1.022499889937308781e+00
1.018063234383989935e+00
1.015621449099888052e+00
1.010308903027054672e+00
1.007478178122494405e+00
1.001268379842312983e+00
9.939727016394735992e-01
9.954778206699893550e-01
9.842893312685264684e-01
9.882104751448614888e-01
9.827502100126548346e-01
9.853728869222823095e-01
9.933171035561279005e-01
9.894577629798410046e-01
9.877893362230659724e-01
9.965104657579687553e-01
9.968829974573725217e-01
9.988339410987376876e-01
1.004077462483017102e+00
9.966233828747076418e-01
1.002886185134897357e+00
1.006351179876069812e+00
1.008919376574270776e+00
1.006620083947398214e+00
1.008225227119318168e+00
1.005003413259134337e+00
1.009343799136516617e+00
1.004775968800232011e+00
1.007185210738944514e+00
1.005910024046068107e+00
1.008509255161422091e+00
9.985246311995077395e-01
1.002116377036119221e+00
9.995302829253638333e-01
1.003984578327229205e+00
1.001681480635236543e+00
1.000492363098891113e+00
1.000481450085184409e+00
9.996209461498019033e-01
9.987508124113612107e-01
1.000948919156024131e+00
9.966446177751516755e-01
9.987890018619500765e-01
9.981203168029257888e-01
1.000438134926642020e+00
9.966618970040957981e-01
1.002894902585730552e+00
1.000344175230010846e+00
9.986885262612266168e-01
9.985904773464803208e-01
9.973926199738897269e-01
1.003167126045044766e+00
9.960205742021294162e-01
1.000729262794801011e+00
1.001741408992627314e+00
1.001679862601584592e+00
1.000312830297940714e+00
1.000839490781110896e+00
1.002344904792182412e+00
1.006659799666436372e+00
1.003212310237389326e+00
1.000798011347879601e+00
1.000462998252783731e+00
1.001972272331648872e+00
1.003421283729124536e+00
9.970528624785093275e-01
1.000292849957353569e+00
9.993428823650380988e-01
1.001309107333167026e+00
1.005904294645728836e+00
9.977959041296167175e-01
1.000136137469521236e+00
1.001599865914793552e+00
1.000595247353462947e+00
9.978157259463096285e-01
9.983207166377673358e-01
1.000489897538919593e+00
1.001727149863491650e+00
1.000131589740867355e+00
1.002687324694663484e+00
1.002359405072382526e+00
1.005383802256009984e+00
1.000367714628579652e+00
1.001088250455703932e+00
1.000763958560282774e+00
9.999545773892790645e-01
1.001516257908874996e+00
1.000562661040454326e+00
9.985059742941426730e-01
9.990162359400557301e-01
1.002957910789975315e+00
1.002261558492647087e+00
1.000911990685785735e+00
1.002871371315963156e+00
9.999974070038235574e-01
9.996635136927805032e-01
1.001634638073329864e+00
9.989134590267326752e-01
1.000772442767094317e+00
1.001492711081201969e+00
1.001338197994012580e+00
1.001852320189293488e+00
9.987376573053464712e-01
9.992026388316527230e-01
1.001041471610513156e+00
1.002270773512317525e+00
1.000334218127173047e+00
1.001934286399718710e+00
1.001921086587782117e+00
1.000290428158766565e+00
1.000509552836989613e+00
1.003862216627114723e+00
1.002176478470864440e+00
9.991848769141568054e-01
1.001125335397739402e+00
1.001768609559497980e+00
9.993170203125564255e-01
9.997459483856242501e-01
1.000709714208815271e+00
1.004478732358894177e+00
9.994909521427063348e-01
1.001596652451485880e+00
1.000543000758347123e+00
1.001792920233292916e+00
1.000715240266262462e+00
1.000653405620414604e+00
1.001114488697652627e+00
1.001106957221863158e+00
1.000227377809574936e+00
9.981479412279140595e-01
9.986834791739485073e-01
1.000135243789390005e+00
1.002298568032652160e+00
9.994832573011919186e-01
1.001130990149754263e+00
1.000086182490869113e+00
9.995079956517354258e-01
1.003125717056335242e+00
1.000696218819807193e+00
9.984638072540201748e-01
1.003253931492427142e+00
1.001260962945859756e+00
1.000967691757011391e+00
1.000361656981911596e+00
1.000855589634995102e+00
1.002263011753864008e+00
9.991215831793613944e-01
1.000756783792574156e+00
9.997296401754763862e-01
9.997355331785057198e-01
9.986502153654096547e-01
9.989621064483418245e-01
9.993620357946410016e-01
9.984548131261180570e-01
9.982951245042079869e-01
9.994282738514377318e-01
9.987153101428556390e-01
1.001051480366857760e+00
1.000422612512082310e+00
9.988340105435581373e-01
1.000231230542524052e+00
9.996520440266041252e-01
9.972940179651321735e-01
9.985605571534922342e-01
1.000972210728125589e+00
9.989619590723488596e-01
9.985452755814918646e-01
9.996531012693263829e-01
1.001290231926010854e+00
9.993301198084486581e-01
9.999564717686018067e-01
1.000378995810176974e+00
1.001440953526989697e+00
1.001596370182124218e+00
1.000535989864153041e+00
9.991732186302845209e-01
9.999186723774260432e-01
1.000377485865890925e+00
9.997277337859168389e-01
9.998154402577906774e-01
9.986733142066261948e-01
1.000220569150058081e+00
9.995663301755817187e-01
1.002236769075020462e+00
1.001964813098722651e+00
9.971444379717272488e-01
9.990622249336599259e-01
9.997746642719562704e-01
9.991625217872786013e-01
9.991674732982682716e-01
1.000369447964681635e+00
1.000598023607843112e+00
9.999049857576673972e-01
9.984156180704812922e-01
9.999761159756476170e-01
1.001001473275277664e+00
9.993029498988148518e-01
9.998640084450663990e-01
1.000028539176498255e+00
1.002238269752317112e+00
9.999488541783863038e-01
1.000511639972365030e+00
9.993660067097358546e-01
9.989132407094826194e-01
1.000492828643601895e+00
9.990928545891933910e-01
9.990666197179585151e-01
1.000512986120650982e+00
9.996684841004427335e-01
1.000192764208466256e+00
1.000915950818659805e+00
9.980942652011308702e-01
9.987949258410452336e-01
9.976941196990036786e-01
9.983466747927649543e-01
1.000475366446569980e+00
9.986278965133105201e-01
9.991289637545760494e-01
9.992671650762674496e-01
9.990851492695280722e-01
9.972159175187697011e-01
9.990509234390021476e-01
9.997148436631795310e-01
9.990234549897281102e-01
9.999316889326503865e-01
9.978439524256040860e-01
9.983882313588104962e-01
9.996764810128401235e-01
9.993319878499151709e-01
9.979553542704228120e-01
9.981679077986812532e-01
9.985516377633780749e-01
9.972902013839676227e-01
9.987076495980466984e-01
9.983122857332716871e-01
9.998953796881965284e-01
1.000738644426892643e+00
9.986763287982625137e-01
9.959228401834884226e-01
9.991199797164208585e-01
9.994642694164265206e-01
9.981392230057464232e-01
9.979977905059275178e-01
9.976726688487322914e-01
9.968989290818466298e-01
9.983601669240981247e-01
9.988448833805834148e-01
9.961637070713010855e-01
9.993996742499541286e-01
9.972174861358424902e-01
9.971330557451973942e-01
9.984717162362838350e-01
9.980297048748681954e-01
9.971902674834851599e-01
9.995810172705049679e-01
9.981490754194175530e-01
9.969460320443792600e-01
9.980684816932224868e-01
9.982736962911505918e-01
9.983974941944766535e-01
9.976250424729270483e-01
9.989132623531071786e-01
9.973610658861268297e-01
9.916942310070576694e-01
9.834220418497778837e-01
9.737204074871113058e-01
9.663735170574104805e-01
9.562275956542135580e-01
9.487655722165913019e-01
9.408804268561754558e-01
9.337351271406598707e-01
9.246180259749072761e-01
9.160195928301916313e-01
9.074505652202887740e-01
9.003310713900447571e-01
8.920387169386158055e-01
8.832160669502951977e-01
8.753792176313358597e-01
8.679802224575374758e-01
8.592035496723621213e-01
8.494992840937658496e-01
8.432812841643086976e-01
8.363573644924754413e-01
8.283550640413325228e-01
8.218003605073554985e-01
8.132127344755036846e-01
8.061238621491221279e-01
7.979178333149425928e-01
7.888910744008750253e-01
7.845178196156599171e-01
7.761957716686852526e-01
7.678533398649058928e-01
7.612405833896856988e-01
7.526381604285357074e-01
7.467072324408181583e-01
7.385628879182043471e-01
7.312601112179211160e-01
7.245906768437873069e-01
7.170245000319858120e-01
7.099373040726931761e-01
7.023588577268465860e-01
6.964324413705300643e-01
6.882790875859297053e-01
6.809670928822577629e-01
6.745760220970588028e-01
6.672408719139958366e-01
6.617595241187247401e-01
6.541270839760340294e-01
6.469836839366238657e-01
6.400792146684566308e-01
6.332949355664881930e-01
6.263467929551366220e-01
6.192803676365506993e-01
6.126104619416397057e-01
6.062090399302985100e-01
6.006545347623152287e-01
5.944034215748573713e-01
5.870949127761598829e-01
5.810535290293100674e-01
5.749653048877299000e-01
5.683995038066607108e-01
5.616984199784555987e-01
5.543971225014054927e-01
5.488156154753900395e-01
5.423404990283069438e-01
5.367216963677184927e-01
5.313212680140434463e-01
5.238370389719683162e-01
5.179834276621273492e-01
5.121276505730973927e-01
5.062744475955152090e-01
4.997445020979850439e-01
4.937616053540429539e-01
4.876624323802872252e-01
4.811363078314993547e-01
4.765519817815656589e-01
4.704030461337410096e-01
4.639031033276899141e-01
4.578339087944301999e-01
4.532244547556614211e-01
4.465973874784611719e-01
4.410445059863560835e-01
4.350227180786450099e-01
4.293479285823544322e-01
4.235835421096345033e-01
4.179497180687326563e-01
4.122208686691275492e-01
4.069613674551114113e-01
4.015566829105266522e-01
3.952992045221205841e-01
3.899488200830285578e-01
3.841355495891452532e-01
3.775569198219175249e-01
3.736143826046379179e-01
3.673813282103350342e-01
3.624626462713780306e-01
3.568710965119971101e-01
3.520516898730250976e-01
3.463502889461899659e-01
3.413619515003507576e-01
3.357043581903560447e-01
3.301313401139206460e-01
3.255672422856132897e-01
3.200324934784780639e-01
3.147288136512044199e-01
3.093378735785909939e-01
3.046568131239320576e-01
3.001731356511511128e-01
2.943385414525905852e-01
2.890687254159487463e-01
2.840617482135912586e-01
2.795454346834724269e-01
2.738821301604887348e-01
2.692502816972397461e-01
2.643375738995823454e-01
2.586844470574095056e-01
2.543886826424106018e-01
2.493683575211256553e-01
2.444748276676206034e-01
2.395930130635818278e-01
2.345425437391656376e-01
2.298452316884846691e-01
2.252231259193812341e-01
2.201727245255263032e-01
2.153848304679976400e-01
2.109304566873709541e-01
2.062408776453342474e-01
2.011636628357810486e-01
1.961914064089985421e-01
1.919911743485094302e-01
1.874274319909629005e-01
1.822956369081932537e-01
1.779713617544543269e-01
1.737722640866865842e-01
1.689724813884532495e-01
1.643500508070471211e-01
1.598062687655263658e-01
1.554897313039409756e-01
1.506886673999218440e-01
1.463031654294387196e-01
1.420007534629625645e-01
1.373418272580489985e-01
1.327488797813970167e-01
1.284325803790889453e-01
1.243246385003771021e-01
1.200480922913214898e-01
1.161082904143849043e-01
1.121773528742770615e-01
1.087928261785103268e-01
1.054235351836086965e-01
1.020125886330267018e-01
9.913842266256478464e-02
9.588799922942507770e-02
9.349023195967805233e-02
9.022972642540624810e-02
8.768323633193250699e-02
8.526547919898802563e-02
8.243763192318373512e-02
8.020845548365621025e-02
7.741347031491724318e-02
7.525135102059264669e-02
7.328389539379254192e-02
7.114416337032446191e-02
6.863541517503778111e-02
6.632758471711845683e-02
6.465982441726639274e-02
6.268272278672840092e-02
6.085270828049715169e-02
5.864695819637581048e-02
5.662558093525903169e-02
5.513720052640573577e-02
5.335734519053492858e-02
5.174845085307770709e-02
5.012688850081726405e-02
4.848767928811643924e-02
4.695077053640381304e-02
4.544528909088424440e-02
4.377472747615451104e-02
4.249877284536839744e-02
4.113017192804254568e-02
3.977454825269714778e-02
3.817019988451106349e-02
3.693767650846195572e-02
3.563780160187627472e-02
3.428268590464547683e-02
3.333077007652478913e-02
3.197277261411653887e-02
3.087693500782092218e-02
2.968366648770845440e-02
2.876212827983559012e-02
2.761204627619711152e-02
2.668891385049712225e-02
2.561397802828154283e-02
2.454929324911723360e-02
2.358752479389200282e-02
2.257926196965411719e-02
2.187142146170900289e-02
2.075814115646136895e-02
2.001614910512554066e-02
1.908435802752696600e-02
1.835347008321797438e-02
1.757474842270255466e-02
1.683542824885651476e-02
1.616696789951536581e-02
1.537932667538548411e-02
1.460014398077964445e-02
1.392240137149547419e-02
1.342885853648534411e-02
1.277676536445381331e-02
1.213837124528004477e-02
1.149599932556107096e-02
1.101549070676885456e-02
1.022964609113318282e-02
9.781055600880534870e-03
9.303764713430627900e-03
8.808673599529725715e-03
8.232961750584291347e-03
7.760515459464887092e-03
7.394621776167969833e-03
6.856615260945772734e-03
6.398779972496704965e-03
6.041228126990303739e-03
5.616804828763598094e-03
5.285277987768921028e-03
4.829506074017173370e-03
4.561207763798027712e-03
4.184488837255726651e-03
3.954004742070972925e-03
3.635344869582387856e-03
3.304608614155713810e-03
2.980363260443469938e-03
2.767188476554722620e-03
2.555944559864107863e-03
2.253554231747338394e-03
2.031488792941065370e-03
1.882268122110911535e-03
1.651340921213737293e-03
1.472783458458338645e-03
1.274567916739534216e-03
1.127013720180189632e-03
9.867771483381465505e-04
8.144767757769862289e-04
6.977467892878822962e-04
5.914029170596469577e-04
5.120152603589660451e-04
4.003730956379938726e-04
3.111272267499190980e-04
2.482326664106260412e-04
1.719456571212051954e-04
1.175940206342448411e-04
7.515404581974077542e-05
4.168379849285001345e-05
1.904074752056960433e-05
5.822410418670650866e-06
2.149211906311327693e-07
0.000000000000000000e+00
0.000000000000000000e+00
0.000000000000000000e+00
0.000000000000000000e+00
0.000000000000000000e+00
0.000000000000000000e+00
0.000000000000000000e+00
0.000000000000000000e+00
0.000000000000000000e+00
0.000000000000000000e+00
0.000000000000000000e+00
0.000000000000000000e+00
0.000000000000000000e+00
0.000000000000000000e+00
0.000000000000000000e+00
0.000000000000000000e+00
0.000000000000000000e+00
0.000000000000000000e+00
0.000000000000000000e+00
0.000000000000000000e+00
0.000000000000000000e+00
0.000000000000000000e+00
0.000000000000000000e+00
0.000000000000000000e+00
0.000000000000000000e+00
0.000000000000000000e+00
0.000000000000000000e+00
0.000000000000000000e+00
0.000000000000000000e+00
0.000000000000000000e+00
0.000000000000000000e+00
0.000000000000000000e+00
0.000000000000000000e+00
0.000000000000000000e+00
0.000000000000000000e+00
0.000000000000000000e+00
0.000000000000000000e+00
0.000000000000000000e+00
0.000000000000000000e+00
0.000000000000000000e+00
0.000000000000000000e+00
0.000000000000000000e+00
0.000000000000000000e+00
0.000000000000000000e+00
0.000000000000000000e+00
0.000000000000000000e+00
0.000000000000000000e+00
0.000000000000000000e+00
0.000000000000000000e+00
0.000000000000000000e+00
0.000000000000000000e+00
0.000000000000000000e+00
0.000000000000000000e+00
0.000000000000000000e+00
