0.000000000000000000e+00
0.000000000000000000e+00
0.000000000000000000e+00
0.000000000000000000e+00
0.000000000000000000e+00
0.000000000000000000e+00
0.000000000000000000e+00
0.000000000000000000e+00
0.000000000000000000e+00
0.000000000000000000e+00
0.000000000000000000e+00
0.000000000000000000e+00
0.000000000000000000e+00
0.000000000000000000e+00
0.000000000000000000e+00
0.000000000000000000e+00
0.000000000000000000e+00
0.000000000000000000e+00
0.000000000000000000e+00
0.000000000000000000e+00
0.000000000000000000e+00
4.396711238570095949e-05
5.118666275226018553e-02
2.430830730993238209e+00
1.089702057129587054e+01
1.255827661955256858e+01
7.107414470791755257e+00
2.953493274182222628e+00
1.180836175647764330e+00
5.089261457344680384e-01
2.556191045141661955e-01
1.522203903377913059e-01
1.119966803394098487e-01
9.818399418737197570e-02
1.012160725784482240e-01
1.167713479301044077e-01
1.532874708228632032e-01
2.098898342800384620e-01
3.034171908774522808e-01
4.319444462822120134e-01
5.951513952849594169e-01
7.863151558305271349e-01
9.854636360677537787e-01
1.155743486262632791e+00
1.291264277161997542e+00
1.389850505802965985e+00
1.476352797608627254e+00
1.519064090170943127e+00
1.521154908973994413e+00
1.471806665173016393e+00
1.380954912999619255e+00
1.269264382222608845e+00
1.150516136827690383e+00
1.065164197140054947e+00
1.009408684464455863e+00
9.707820230251182902e-01
9.318454806262741474e-01
8.946685784829405685e-01
8.675927724263144958e-01
8.538911886291556952e-01
8.434073193655973188e-01
8.493786935587828157e-01
8.588374219284382605e-01
8.654689427784441058e-01
8.783349425340586381e-01
8.947320726982207484e-01
9.117664040255554214e-01
9.247649195162036539e-01
9.392595552971594319e-01
9.499591919573322496e-01
9.609459513581799506e-01
9.690700164766161695e-01
9.721873750465143127e-01
9.813622363826242090e-01
9.804719347479322611e-01
9.879139218367081199e-01
9.889587373856062458e-01
9.942169491034026363e-01
9.941939701317983324e-01
9.951214979703775221e-01
9.995515082157560016e-01
9.970912185339275702e-01
9.990759734382904655e-01
9.962807990039370676e-01
9.991648189039206152e-01
9.942289298540583076e-01
9.919071379491526397e-01
9.908993708606342876e-01
9.848121818373966052e-01
9.877644058692455209e-01
9.880655336189221316e-01
9.851725278814783548e-01
9.835532862465292681e-01
9.850095604341766453e-01
9.856402294937067765e-01
9.884803062238992633e-01
9.945823800674116200e-01
9.960727049151518742e-01
9.952466841725481350e-01
1.001837040190184824e+00
1.001899467092562945e+00
1.005405315111683073e+00
1.008789381920081718e+00
1.010014938232825621e+00
1.013696962089163378e+00
1.014974735074450907e+00
1.011541971251405103e+00
1.013179343871180915e+00
1.015990326212869554e+00
1.012111609905143261e+00
1.013040756043376289e+00
1.011455401978521795e+00
1.011070241962731320e+00
1.006257477465956729e+00
1.006414790639149404e+00
1.004288651466476168e+00
1.003244627393005350e+00
1.001797517375894842e+00
1.000667273912907440e+00
1.003182366038427809e+00
9.998669640863410146e-01
1.000896266933166245e+00
1.000665682049260763e+00
9.998315022428394538e-01
9.992398039461248826e-01
9.989619571718559854e-01
9.996845516209023064e-01
1.001362045555485691e+00
1.000733037057777164e+00
1.001920304988182187e+00
9.986616001989505609e-01
1.001733562958829982e+00
1.000508714987725423e+00
1.000442102870954697e+00
1.002004036884093896e+00
9.999457052813284230e-01
1.002223463189586994e+00
9.996717988667050969e-01
1.000864768541483762e+00
1.001022593987718645e+00
1.000745021542636559e+00
9.995803448581491724e-01
9.984788154116422954e-01
9.987638669419293125e-01
9.986767248583953149e-01
9.994232346311938686e-01
1.001046111476944001e+00
1.001825035728038493e+00
9.990106877051864176e-01
9.993786067163845654e-01
9.976427752522345482e-01
9.976208747145265399e-01
1.000102721026303154e+00
9.972790074826796136e-01
9.984689281187217880e-01
9.980494751383049978e-01
9.976015030844179732e-01
9.962313608836562695e-01
1.000592711594183726e+00
1.000670908910362478e+00
1.000326220490857398e+00
9.987770078777149507e-01
9.987912216211727312e-01
9.984748675697271425e-01
1.000001888936236538e+00
9.983608490695190518e-01
9.990795728343125903e-01
9.983877613672801354e-01
9.974801427633409601e-01
9.984700759035467499e-01
9.973473920944622151e-01
9.974317767056226636e-01
9.991666156576103353e-01
9.971575784574900903e-01
9.995601069852387832e-01
9.974650067355376182e-01
9.979533651334112632e-01
9.989268076351625059e-01
9.985979562464334380e-01
9.980901214219453088e-01
9.990445863123166292e-01
9.994867686977458865e-01
9.972446915262432876e-01
9.982573180250812195e-01
9.986950112375314603e-01
9.988514241546728734e-01
9.989330398956957069e-01
9.981448783538094949e-01
9.994109962274184689e-01
9.998035141282576310e-01
9.982159535155619157e-01
9.986789125727257854e-01
9.996351851188847171e-01
9.980058524418158328e-01
1.000242006173690301e+00
1.000498617493150277e+00
9.999011637680463860e-01
9.999716570018221118e-01
9.998357273335441997e-01
1.000605810870130785e+00
9.992315773490084707e-01
9.988716086328109922e-01
9.998307355131376140e-01
1.000928484193264634e+00
1.000181397226064917e+00
1.000200931441981300e+00
1.000192722498334019e+00
9.994083243637416070e-01
9.995435447595378831e-01
1.001549446154529122e+00
1.000508666646704015e+00
9.988678978705296529e-01
9.991542572564288127e-01
1.000665963553048821e+00
1.000440077854497067e+00
9.999240341782711372e-01
9.997850735065678673e-01
9.988221883213636021e-01
1.000132911662532154e+00
9.997928278523932066e-01
1.000210867241173585e+00
9.999239226471795527e-01
1.000310418835212545e+00
9.988061458684538430e-01
9.991962209637060832e-01
9.994461665279018581e-01
9.990857511439757976e-01
9.989793546116566558e-01
1.000447175618370155e+00
1.000202424849351512e+00
9.998293682012815431e-01
9.991777356446490677e-01
9.994671021713342762e-01
9.997726586045954100e-01
9.990068041270677712e-01
9.999812164308393703e-01
9.997055973452440014e-01
9.987223689166757623e-01
1.000064726707617480e+00
9.987136425877092272e-01
9.997008398513932415e-01
9.981949280741799768e-01
9.988322790599906131e-01
1.000297682588291881e+00
9.988616839701451866e-01
9.983264739601689364e-01
9.992607769616066449e-01
9.990264512550238729e-01
9.996434170160006794e-01
9.992436810123477287e-01
9.983529497970847766e-01
1.000343206105731797e+00
9.986867050139958124e-01
9.996351136709581420e-01
9.987464141728914502e-01
9.995722875666972485e-01
9.990196040415265655e-01
1.000185424323528194e+00
1.000262969460604889e+00
9.996403890160570072e-01
9.992066552489614617e-01
9.993320480546129536e-01
9.994749120952394206e-01
9.994012117915372917e-01
9.993308503603650639e-01
9.998436755167096068e-01
9.992751432833981706e-01
9.989558871509562898e-01
9.992145220520406435e-01
9.997622750070258579e-01
9.994156420736794999e-01
9.992251263765610236e-01
9.992089508184734958e-01
9.996019086800842501e-01
1.000770598317183069e+00
9.995226091427007464e-01
9.994600149738361861e-01
9.997382261620080257e-01
9.999772420429928754e-01
9.999728379877406148e-01
