0.000000000000000000e+00
0.000000000000000000e+00
0.000000000000000000e+00
0.000000000000000000e+00
0.000000000000000000e+00
0.000000000000000000e+00
0.000000000000000000e+00
0.000000000000000000e+00
0.000000000000000000e+00
0.000000000000000000e+00
0.000000000000000000e+00
0.000000000000000000e+00
0.000000000000000000e+00
0.000000000000000000e+00
0.000000000000000000e+00
0.000000000000000000e+00
0.000000000000000000e+00
0.000000000000000000e+00
0.000000000000000000e+00
0.000000000000000000e+00
0.000000000000000000e+00
0.000000000000000000e+00
5.055074281385662366e-02
2.440415114599069124e+00
1.103586160575404662e+01
1.277100888378135224e+01
7.191307008511270027e+00
3.008031243937684174e+00
1.197979368148449408e+00
5.201797347646537339e-01
2.560449289209092427e-01
1.526494747174678701e-01
1.114527814086653107e-01
9.895726178464814282e-02
1.020316602497967629e-01
1.186734762405872862e-01
1.542530051591345652e-01
2.100176967201320966e-01
2.980383619377940940e-01
4.273609026949288237e-01
5.927606431001557485e-01
7.845264653669117294e-01
9.794999716162520187e-01
1.144427162720113023e+00
1.272302849783086609e+00
1.385647524865559532e+00
1.461845221049081101e+00
1.513896035613513380e+00
1.514287273195352723e+00
1.468757911741608080e+00
1.381823908906738785e+00
1.268559522215110702e+00
1.168260884962962987e+00
1.079568692509992545e+00
1.022986123223311283e+00
9.776835251974221874e-01
9.406694851614453290e-01
9.003653884715403510e-01
8.720573310594381677e-01
8.521965730454718058e-01
8.473746233307528630e-01
8.518999965861389079e-01
8.567659161196818918e-01
8.636680891146908401e-01
8.827076982629892266e-01
8.984328607268871059e-01
9.072759340893423730e-01
9.245968626936379442e-01
9.415495408332440475e-01
9.502777150038058673e-01
9.620701736003434146e-01
9.699686028941681970e-01
9.787274610933210939e-01
9.834400340093389925e-01
9.842337311510062081e-01
9.882284754171334340e-01
9.923914926371768530e-01
9.981274514633897699e-01
9.966725446529722809e-01
1.000204740018145300e+00
9.986652051004966113e-01
1.002421068421566197e+00
1.002533350147102542e+00
1.001755000500154758e+00
9.977457431498488738e-01
9.958736897327135074e-01
9.948915368522777136e-01
9.923317004365636018e-01
9.910423019761410712e-01
9.885802475966783964e-01
9.873893332031654646e-01
9.894014380217509563e-01
9.856788743855512402e-01
9.870509105592619736e-01
9.884722487076300634e-01
9.887418835740329204e-01
9.899211517773535141e-01
9.947920875471879532e-01
9.960960518186162682e-01
1.000602889156459119e+00
1.006159072507514018e+00
1.009205461194438991e+00
1.008333187057445235e+00
1.010949849497568831e+00
1.014440119865319678e+00
1.015100051399090653e+00
1.015117297524569251e+00
1.015888849698573404e+00
1.013922764422770406e+00
1.015224359273909860e+00
1.011409588599949227e+00
1.012548725094018831e+00
1.009825316832469122e+00
1.011197068904984508e+00
1.009802219826138048e+00
1.007080133345713113e+00
1.007080915177843483e+00
1.005603156980175772e+00
1.002300104320667185e+00
1.003734081563192992e+00
1.002599616037624042e+00
9.999630368716890816e-01
1.001852258936116513e+00
1.000581018169744096e+00
1.000884280795650838e+00
1.001595565608930594e+00
1.000984196600907872e+00
1.002308423177109331e+00
1.002394276536149098e+00
1.002995604816973252e+00
1.002626418892999860e+00
1.000902680364124775e+00
1.003525029331315821e+00
1.005705825294815892e+00
1.002996689600947899e+00
1.003865201743581403e+00
1.002864728168215702e+00
1.004106489218795861e+00
1.004426859524261806e+00
1.001272019453058881e+00
1.002264571695332007e+00
1.002940291144540641e+00
1.002952758796433752e+00
1.001629443488605054e+00
1.000307905782069184e+00
1.001500613909230175e+00
1.000382363138917929e+00
1.000001218115504464e+00
1.000111154947054715e+00
1.000123218291770977e+00
1.000698282271061723e+00
1.000582926917227278e+00
1.000424741146203500e+00
1.000810414759733202e+00
1.000417557968943827e+00
1.000359767774838371e+00
1.001266799990860878e+00
1.000467175186122271e+00
1.001793717523054683e+00
1.001167257227878471e+00
1.001234636162918301e+00
1.001193182876155552e+00
1.003183340480553687e+00
1.001585957822902717e+00
1.001778779448631029e+00
1.003238006857120057e+00
1.003136520296411760e+00
1.001844229806076125e+00
1.001873771181325701e+00
1.001481898701259032e+00
1.002381389874264173e+00
1.001357396997137439e+00
1.001212734050839215e+00
1.002010484040194660e+00
1.002561333929868459e+00
1.000480170474352448e+00
1.003075179919925786e+00
1.002411715185471008e+00
1.001811135496650795e+00
1.002495548902587519e+00
1.002181695181610932e+00
1.001445442795966478e+00
1.001744283249813794e+00
1.002694413610784041e+00
1.001895278224495867e+00
1.002784947805361648e+00
1.001423662288752015e+00
1.002440496990971042e+00
1.000472319071650240e+00
1.001047537283608957e+00
1.000693975957623438e+00
1.001490625654838817e+00
1.000546191039932031e+00
1.003300106295521132e+00
1.001564282526099303e+00
1.002146498141870179e+00
1.000740068630022961e+00
1.001763949407312282e+00
1.001673697845958166e+00
1.001174286416895098e+00
1.001842128944210542e+00
1.001258742401742730e+00
1.002504593046990689e+00
1.002226998263631597e+00
1.002136329039415186e+00
1.001708703388954236e+00
1.002748892157281135e+00
1.001744613977503473e+00
1.000939768461464041e+00
1.001690142489074065e+00
1.001897985489748510e+00
1.001837151664149328e+00
1.001806020390481278e+00
1.002214093437843179e+00
1.002099564748170302e+00
1.002235548389718955e+00
1.002848914169534478e+00
1.001218631536157977e+00
1.001046926180191754e+00
1.000194562370057882e+00
1.001904726490949527e+00
1.001403074600773380e+00
1.002062488436631149e+00
1.001612268639232584e+00
1.001205718995453742e+00
1.001511001127523892e+00
1.001458019208347761e+00
1.001469001772470557e+00
1.001529429702746832e+00
1.000367343884518423e+00
1.001505359202131684e+00
1.001580395255838862e+00
1.001831460289642317e+00
1.000038778917881288e+00
1.001350848353889100e+00
1.000670231100724061e+00
1.000416368550484991e+00
1.001144436100078972e+00
9.995020094234228214e-01
1.001056068249491338e+00
1.000633473469096479e+00
9.997216657545591190e-01
9.990511566497437546e-01
1.000342153407496104e+00
1.000313894374839530e+00
9.998609404579533733e-01
1.000725747124116216e+00
1.000127807880455633e+00
1.000623444890768265e+00
1.000291622114640289e+00
9.994864224813464482e-01
9.995343652581909488e-01
1.001145827118384624e+00
1.001327800555242842e+00
9.996457776170287746e-01
9.993744817020118187e-01
9.991910425571512988e-01
9.991845041028207808e-01
1.000084003789933895e+00
1.000372115583869848e+00
1.000543651225263231e+00
9.996947884357568759e-01
9.993537843345063898e-01
9.988459696926073050e-01
9.992454078327660527e-01
9.997549923658669568e-01
9.987194148547309247e-01
9.996388291508717661e-01
1.000794071337102409e+00
9.997504754631835189e-01
1.000039144273429326e+00
9.995548093648537469e-01
9.996784181597220265e-01
1.000260261582655241e+00
9.989559621484039864e-01
9.990311451883738814e-01
1.000002110838482894e+00
1.000351028425278788e+00
1.000044282049494804e+00
9.997150060293473750e-01
