0.000000000000000000e+00
0.000000000000000000e+00
0.000000000000000000e+00
0.000000000000000000e+00
0.000000000000000000e+00
0.000000000000000000e+00
0.000000000000000000e+00
0.000000000000000000e+00
0.000000000000000000e+00
0.000000000000000000e+00
0.000000000000000000e+00
0.000000000000000000e+00
0.000000000000000000e+00
0.000000000000000000e+00
0.000000000000000000e+00
0.000000000000000000e+00
0.000000000000000000e+00
0.000000000000000000e+00
0.000000000000000000e+00
0.000000000000000000e+00
0.000000000000000000e+00
0.000000000000000000e+00
0.000000000000000000e+00
0.000000000000000000e+00
3.044833132132283350e-04
3.569633766341471365e-02
4.910298007544944277e-01
1.699823833369650261e+00
2.537078769193625405e+00
2.388494038438854439e+00
1.776633658951509043e+00
1.193128369108386044e+00
7.944421226325159013e-01
5.563549484061289796e-01
4.187670448707883075e-01
3.561396244627904051e-01
3.458419114694410434e-01
3.886033979217486944e-01
4.849776860666690781e-01
6.357936307164688827e-01
8.314703254963208279e-01
1.078223288181766604e+00
1.317072391577046364e+00
1.546713670584076938e+00
1.730411674756421103e+00
1.851262847487068930e+00
1.902398994827797729e+00
1.913104097754790844e+00
1.860430657702807355e+00
1.782542285930827752e+00
1.674262627396416292e+00
1.557720971062689808e+00
1.436261948633556829e+00
1.321113890599569629e+00
1.220770586751881215e+00
1.151501282808722104e+00
1.106603894235274277e+00
1.067410852060160398e+00
1.033515776937910413e+00
1.021998462181222589e+00
1.007963825762722365e+00
1.002960931707669534e+00
9.980455491637548748e-01
9.969391337973043665e-01
9.942103076596233713e-01
9.893027419848512416e-01
9.856163022922210804e-01
9.861789251624081265e-01
9.846527134191112030e-01
9.883976483844435501e-01
9.812706724862836349e-01
9.894918373835344116e-01
9.886319460030023043e-01
9.863807498159170573e-01
9.871464583079814226e-01
9.880281703980476893e-01
9.883740311514787047e-01
9.882108509993949852e-01
9.866409292660363040e-01
9.903286012857250853e-01
9.920378295053852158e-01
9.906258119695040554e-01
9.929083405455957356e-01
9.971283956295179385e-01
9.911438124862165244e-01
9.946720493382540385e-01
9.908106697280105735e-01
9.852786389153685986e-01
9.820734359843841244e-01
9.788458145401817134e-01
9.793787742443829103e-01
9.690682517161476328e-01
9.702140915077070993e-01
9.645798797780457123e-01
9.641373387555258745e-01
9.646619336171143866e-01
9.619764077506854916e-01
9.625454162226417809e-01
9.648357455499014801e-01
9.661609835572660954e-01
9.708963865010045158e-01
9.729046634134094207e-01
9.800300460677948688e-01
9.791348582741595807e-01
9.831177352133944058e-01
9.858765985800793663e-01
9.933298243962455087e-01
9.938547608512844356e-01
9.962136651552008226e-01
9.969371189825555479e-01
9.993176558115414165e-01
1.000676810693490904e+00
1.003840682556103481e+00
1.001965848262570624e+00
9.996188918942260360e-01
1.001206724867483633e+00
1.002576511022772898e+00
1.003879870463029844e+00
1.001788617137225890e+00
1.003398274176207305e+00
1.003431984220858553e+00
1.001412145482770022e+00
1.000476033671196863e+00
9.996492001390578919e-01
1.000613124571263501e+00
1.000434328651344629e+00
1.002178248704631125e+00
1.001008471075783168e+00
1.003936808380303969e+00
1.003402713529129464e+00
1.003556519760842924e+00
1.002368114346467554e+00
1.005192928335669089e+00
1.005934914046042961e+00
1.003520331952931777e+00
1.004209897339112922e+00
1.003557296541882637e+00
1.004974479212694227e+00
1.004211242261555892e+00
1.004491603484869655e+00
1.004883475522386993e+00
1.004338270307421732e+00
1.003125232729253025e+00
1.001902591577577883e+00
1.003238030975034389e+00
1.003422422595694474e+00
1.001827650101439593e+00
1.003434284472283444e+00
1.002114461979580540e+00
1.003159960552287400e+00
1.002325503478425084e+00
1.000654858596111918e+00
1.002657658305724508e+00
1.000425667481373182e+00
1.000807466386999245e+00
1.000487768095084995e+00
1.001324262260484543e+00
1.000803773275008801e+00
1.000430901714735921e+00
9.997100508807282848e-01
9.998258794376084779e-01
9.991177582781193278e-01
9.987366269797840479e-01
1.001859395424026022e+00
1.002039094342360714e+00
1.000301626423910850e+00
1.000322561095118967e+00
9.980290280450324625e-01
1.000028521561442840e+00
1.000064300442238929e+00
9.992325765500461587e-01
9.983363095552931776e-01
9.990105635722413835e-01
9.991489123798327210e-01
9.999861923763839755e-01
9.990956457984179195e-01
9.991187580483803510e-01
1.000583157653083699e+00
9.983104530174284896e-01
9.979058544854035873e-01
9.985504395429112279e-01
9.995512323323081372e-01
9.992975452501527966e-01
9.984628325740471100e-01
9.988147640428796104e-01
9.977016485159617698e-01
9.991469395429271039e-01
9.988981105241276914e-01
9.995271535802894292e-01
9.994776256496774591e-01
9.996936144581785033e-01
9.991932011776947231e-01
1.000334577064434072e+00
9.992683486648590296e-01
1.000319680333735084e+00
9.987354023501603395e-01
9.996562883083356388e-01
9.990244398039092033e-01
9.997282406362676399e-01
9.990486347104545750e-01
1.000896321360573493e+00
1.000726353193639229e+00
9.992642640632420914e-01
9.999669222450884298e-01
1.000764461914323666e+00
9.995292364064668478e-01
9.998126965565873325e-01
9.992843495666708931e-01
1.001382208005677787e+00
9.996278031731641311e-01
1.001023238147712435e+00
1.000998250633571729e+00
1.000028498258754173e+00
1.000342484611545402e+00
1.000439859150979993e+00
9.997681164755423122e-01
1.000028445635759988e+00
1.000038655857969250e+00
9.992474263194417450e-01
1.000022087819216310e+00
9.993205073358243373e-01
9.998534004538616182e-01
1.000196877279692975e+00
9.991865919623307279e-01
1.000578079499170991e+00
1.000000850591138413e+00
1.000436772721495782e+00
1.000449289910422479e+00
9.998751772872906951e-01
1.000782334447457123e+00
9.991020729306190340e-01
9.997373091582906213e-01
1.000973922860926457e+00
9.989204481395645985e-01
9.999358492272991672e-01
9.989219446850257089e-01
9.991225536358109283e-01
9.999036906973810535e-01
9.996779302482990959e-01
9.996621972010362178e-01
1.000687706119164799e+00
9.987646278405453160e-01
1.000401356665720165e+00
1.000330275963851934e+00
9.993870329269488595e-01
9.987528072185702932e-01
9.992367725414392776e-01
1.000203193551539638e+00
9.994529030918840595e-01
9.997265334141298698e-01
9.992450854852714670e-01
9.994261752146327282e-01
9.998425571876891071e-01
9.990070100829046007e-01
1.000328631637925625e+00
9.995107436900494413e-01
9.988440362762355251e-01
9.998569142342058624e-01
9.990413255973314977e-01
1.000000724234322069e+00
1.000016298855221697e+00
9.999979332211665906e-01
9.997017574982590693e-01
1.000970511263196139e+00
1.000417162014870520e+00
9.985621448767042496e-01
1.000056583636912855e+00
1.000029976623316275e+00
1.000019407028249541e+00
1.000926351595817554e+00
1.000204576082415864e+00
9.992929471073324077e-01
9.998132588015697930e-01
1.000190649390589659e+00
1.000337898759412480e+00
9.997710933248845633e-01
1.000110261942983580e+00
1.000064900216429242e+00
9.998582351434508464e-01
1.000245345173054634e+00
