0.000000000000000000e+00
0.000000000000000000e+00
0.000000000000000000e+00
0.000000000000000000e+00
0.000000000000000000e+00
0.000000000000000000e+00
0.000000000000000000e+00
0.000000000000000000e+00
0.000000000000000000e+00
0.000000000000000000e+00
0.000000000000000000e+00
0.000000000000000000e+00
0.000000000000000000e+00
0.000000000000000000e+00
0.000000000000000000e+00
0.000000000000000000e+00
0.000000000000000000e+00
0.000000000000000000e+00
0.000000000000000000e+00
0.000000000000000000e+00
0.000000000000000000e+00
0.000000000000000000e+00
0.000000000000000000e+00
0.000000000000000000e+00
1.311732612576738382e-03
1.273155744559215444e-02
6.525555355082637843e-02
2.207295073923091766e-01
5.442771614175733186e-01
1.047628094200742987e+00
1.609383817112441273e+00
2.013649136863433498e+00
2.152950172610934132e+00
2.021973427470463935e+00
1.758653058819827697e+00
1.469639348256924327e+00
1.254986813153377012e+00
1.089199380098894387e+00
9.689842846632096274e-01
8.790603144882878084e-01
8.321828718732888763e-01
8.186762994672928118e-01
8.341653243810916996e-01
8.450033017099969346e-01
8.457645247838642133e-01
8.257666196955874005e-01
8.116409684040437611e-01
8.201771341190171594e-01
8.323575222059453882e-01
8.592384042577503322e-01
8.991236352650293639e-01
9.415026897360498914e-01
9.810843045895436543e-01
1.028552745455722395e+00
1.055282302604556133e+00
1.085095739793079828e+00
1.085169570296548480e+00
1.087712199188707318e+00
1.083708957623345626e+00
1.079326329161376830e+00
1.068971573505260508e+00
1.061652663562426602e+00
1.053064605142300270e+00
1.038466155779471878e+00
1.030689944880383679e+00
1.016833355392090743e+00
1.002218547502473633e+00
9.887824284224615567e-01
9.789777082477701953e-01
9.685785454358935009e-01
9.586972075457466103e-01
9.590201401754495647e-01
9.564950765973994073e-01
9.584076395237212109e-01
9.605464557517199298e-01
9.637678898607032751e-01
9.687965850511439658e-01
9.722538226140439166e-01
9.754625674497068299e-01
9.831620732306300958e-01
9.850106021342817098e-01
9.881022083424764180e-01
9.921669007541308316e-01
9.983006702284666911e-01
1.000839769473307550e+00
1.000257696756936987e+00
1.003719831647258864e+00
1.005711275455770437e+00
1.004961151148219045e+00
1.005647637653057647e+00
1.006445883851081469e+00
1.008111315007941267e+00
1.005160027411338586e+00
1.003725067145442296e+00
1.002200995438702780e+00
9.964794655606126206e-01
9.972078124601818638e-01
9.986008940337085527e-01
9.934894866429823113e-01
9.924805391374558194e-01
9.937518010537695901e-01
9.939528394158637647e-01
9.908367298392434241e-01
9.945418474206211279e-01
9.921904961601145656e-01
9.928076077883812856e-01
9.935698702434354601e-01
9.948037708666328527e-01
9.986732006149714458e-01
9.971751905847275887e-01
1.000229480669117210e+00
1.000592838341368029e+00
1.003151411188016873e+00
1.003456362896907761e+00
1.001483375226527528e+00
1.002559931393178783e+00
1.003133820741922921e+00
1.002355018058056269e+00
1.003949417667281629e+00
1.003588827648500326e+00
1.002677311289948747e+00
1.003272216363063629e+00
1.001070835405410753e+00
1.002685578356149021e+00
1.002473437828570235e+00
1.001006481010274118e+00
1.002046076214634374e+00
9.998616259075532309e-01
1.000713865981776474e+00
9.997087408424625288e-01
1.001023889150114199e+00
9.981266799899242148e-01
9.977707959525976555e-01
9.990948065491750407e-01
1.000450861441973371e+00
9.994548747210569850e-01
9.984530312619547265e-01
9.978564663944251567e-01
9.990355638026189311e-01
9.981707497705470944e-01
9.999453109233912285e-01
9.988137138450041697e-01
1.000092762466027629e+00
1.001361646263193350e+00
9.991927722349485119e-01
1.001442815261233799e+00
1.000756287908075803e+00
1.000693273060739630e+00
9.994770461522477500e-01
9.993915720848502993e-01
1.001304123375947430e+00
9.998247857718056686e-01
1.000512505707775501e+00
1.002919418779823157e+00
1.002054844795012167e+00
9.991391871816320824e-01
1.000299287251057212e+00
1.002363488615169551e+00
1.000557034076446250e+00
1.000191227865955934e+00
1.000452935813286315e+00
1.000497779739657034e+00
1.001258149705939626e+00
1.001130601245462159e+00
1.001988916968438170e+00
1.002616270225168194e+00
1.001648364204854813e+00
1.001347357079997558e+00
1.001073255265235495e+00
1.000404635868351821e+00
1.002326638692481620e+00
1.000740248724330428e+00
1.003175968287131292e+00
1.001026310995875468e+00
1.000545298765761260e+00
1.002864972679921252e+00
9.994396041252161522e-01
1.001004972244121882e+00
1.001803202784521618e+00
1.001843514421647985e+00
1.002845568419598932e+00
1.000253515500390433e+00
1.001073365432893159e+00
1.000764927204926380e+00
1.001838626621513351e+00
1.000194075837865570e+00
9.995258495943510901e-01
1.001015830975861665e+00
1.000687462675075690e+00
1.000793320473649661e+00
1.000326607717246796e+00
9.993628709604761573e-01
1.001342659312511651e+00
9.999406873301458498e-01
1.001768970247889801e+00
1.001487285479744305e+00
9.993594768335568590e-01
1.000235418320811753e+00
1.000925398025814372e+00
1.000465929502386109e+00
1.001040393997274736e+00
9.998435746716808348e-01
1.000060700625208687e+00
9.992663567894618515e-01
9.998029775802834695e-01
1.000543447411777809e+00
1.001369924780322274e+00
1.000674534059691645e+00
1.000626968101575587e+00
1.001344658789625086e+00
1.002240706892234545e+00
1.000303171469939523e+00
1.001378049199483256e+00
1.001056725607785580e+00
1.000510073313979342e+00
9.996818952069570496e-01
1.000304252650493497e+00
9.994632202799444975e-01
9.994043372563534700e-01
1.000080226137593176e+00
1.000055376013518238e+00
1.001753013479800281e+00
1.000584330051458526e+00
9.993864983183452511e-01
1.000325981601536629e+00
9.998772770700837809e-01
9.992290734517763617e-01
1.000011208656270911e+00
1.000201032951190783e+00
9.995759734408770081e-01
9.993441731886166801e-01
1.000959877182401092e+00
1.000456823113066829e+00
1.001140529995151018e+00
9.999452630240928119e-01
1.000210839388248063e+00
1.000389515788187467e+00
1.000893901858137092e+00
1.000469449943504729e+00
1.000469825122174194e+00
9.993833807178180706e-01
1.000342942433263271e+00
1.000944343941800430e+00
1.001095357745502401e+00
9.991434117196551501e-01
1.000799489715728852e+00
1.001496071022778045e+00
9.996338510354690898e-01
1.000408811237498252e+00
1.000670115264659321e+00
1.001355752139985622e+00
1.000323482442613932e+00
1.000150949670028488e+00
1.000403753111646754e+00
1.000936078817367569e+00
9.995824195260082368e-01
1.000621434478454752e+00
9.992273845345170935e-01
9.989293041558174879e-01
1.000769185682077955e+00
9.995243448633575056e-01
1.000265419840454140e+00
9.995513988966817642e-01
1.000840788751609534e+00
1.000193376692738001e+00
1.000066404167410994e+00
9.996125322266957713e-01
1.000629130536681677e+00
1.000464686448758078e+00
9.994827103604378982e-01
9.990056997060502431e-01
1.000375076985012379e+00
9.991498968067659137e-01
1.000315208391187927e+00
9.994627306180166038e-01
1.000208249678424144e+00
1.000724684221653282e+00
9.997976734813251998e-01
9.996297634764454987e-01
1.000805545227727134e+00
