0.000000000000000000e+00
0.000000000000000000e+00
0.000000000000000000e+00
0.000000000000000000e+00
0.000000000000000000e+00
0.000000000000000000e+00
0.000000000000000000e+00
0.000000000000000000e+00
0.000000000000000000e+00
0.000000000000000000e+00
0.000000000000000000e+00
0.000000000000000000e+00
0.000000000000000000e+00
0.000000000000000000e+00
0.000000000000000000e+00
0.000000000000000000e+00
0.000000000000000000e+00
0.000000000000000000e+00
0.000000000000000000e+00
0.000000000000000000e+00
0.000000000000000000e+00
0.000000000000000000e+00
0.000000000000000000e+00
0.000000000000000000e+00
9.747394344334203015e-04
1.204344894240187876e-02
6.107834516841683520e-02
2.133305169478454111e-01
5.305693406945741764e-01
1.029910826485268105e+00
1.584058086879613247e+00
1.983919691600969593e+00
2.133116080186237440e+00
1.994500914439871764e+00
1.718635676859536998e+00
1.460909482261580239e+00
1.247513495953384455e+00
1.076086246357293552e+00
9.690794846569663612e-01
8.810848395879306016e-01
8.364124613308243639e-01
8.261756839314337020e-01
8.378567024608861713e-01
8.532284450655235331e-01
8.494994766393652030e-01
8.265724429842751242e-01
8.172695049594670413e-01
8.196396504105771808e-01
8.428210887139405694e-01
8.627903813994854954e-01
9.031068513250316565e-01
9.444322429584154355e-01
9.897899129205190993e-01
1.027141709688114801e+00
1.054655185741461665e+00
1.076738330216111539e+00
1.089680885324458171e+00
1.086253796157255147e+00
1.087282150927604496e+00
1.083032079852961127e+00
1.070036647808360941e+00
1.066637140913055282e+00
1.049590698476301265e+00
1.046654745585703150e+00
1.030849604422462873e+00
1.017780574236575308e+00
1.004536953487762174e+00
9.909636510670134513e-01
9.815141933540038055e-01
9.713929409779936686e-01
9.663735549645273704e-01
9.637315315415929673e-01
9.586742952380816751e-01
9.666484022433463608e-01
9.651903670498631627e-01
9.719231678001304386e-01
9.724731474183639923e-01
9.774076581241699646e-01
9.809403461900796373e-01
9.872418409548751050e-01
9.891542240434973987e-01
9.885109180427232856e-01
9.993434247033744500e-01
9.999702650714422658e-01
9.985162573463898239e-01
1.004245230254510846e+00
1.008887443418007290e+00
1.011163229298875033e+00
1.008745825138766650e+00
1.012173632473118312e+00
1.009057322011512214e+00
1.010141199846627647e+00
1.005458238302355589e+00
1.004947488642000453e+00
1.002007703152808071e+00
9.989798999862546935e-01
9.989408129802528347e-01
1.000828657581901426e+00
9.973309749240694133e-01
9.972628115254337233e-01
9.942256403037262880e-01
9.936699532802745205e-01
9.925652750079991815e-01
9.946119133339103024e-01
9.973942525989655250e-01
9.930602538302092386e-01
9.973837470830062557e-01
9.956222022731956445e-01
9.980019876972768822e-01
1.001390546255410019e+00
1.000104792847352764e+00
9.998135886957043583e-01
1.000459401969466811e+00
1.002239391330310703e+00
1.000881311315585220e+00
1.001634966465016818e+00
1.002192152126294200e+00
1.003612351272991532e+00
1.003022943004272305e+00
1.002128224989136340e+00
1.001137329473253734e+00
1.002362052437791640e+00
1.000677885895689512e+00
1.000330242538901349e+00
1.002013566542353518e+00
9.977977601642993299e-01
9.992476477164620174e-01
1.000024135880877019e+00
9.983915564892256178e-01
9.981125122281840900e-01
9.985533531792992745e-01
9.994966375369530587e-01
9.985043394031257735e-01
9.989663570088990197e-01
9.978947104454091166e-01
1.000789748175197058e+00
9.987085507841285681e-01
9.985602872827837873e-01
9.975988006238949435e-01
1.001017117712732496e+00
9.992219728592579564e-01
9.991320762306026282e-01
9.989030537698750933e-01
1.001426128395085824e+00
1.001041797739884442e+00
1.001412187137430854e+00
9.999699143849349880e-01
9.990259419481014591e-01
1.000047602516085377e+00
9.998962934242403566e-01
9.985875482955625104e-01
9.997814936305730038e-01
9.992547748942244290e-01
1.001147052224125478e+00
1.001300133042891005e+00
9.997925391538625695e-01
9.997201319400718100e-01
9.994210620389516464e-01
9.973423888959759287e-01
9.988713661502508501e-01
1.000305892972437327e+00
9.992511125875038758e-01
9.995681129834758094e-01
9.991930720082566886e-01
9.994635303858897535e-01
1.000294612172920816e+00
9.989821280223510902e-01
9.992788876723933678e-01
9.974562692562614075e-01
9.995120727076048928e-01
9.990186026596662439e-01
9.995521742208991478e-01
9.987280149325721279e-01
1.000435090515596315e+00
9.987625049180486325e-01
9.994933512384687191e-01
1.000199190071524580e+00
9.985812392297546136e-01
9.994322534942926550e-01
9.996337783158703028e-01
9.994876514552312186e-01
9.994568979837450406e-01
9.998952289728433307e-01
9.990281331499826223e-01
9.993170959511284979e-01
9.992723055196616189e-01
1.000654735520072114e+00
1.001215975063592278e+00
9.983120429832104126e-01
9.985578440983983173e-01
9.995980854633726986e-01
1.000090247550102562e+00
9.984775343142753279e-01
9.983972865039383304e-01
9.985657434799954935e-01
9.994976246635147721e-01
9.987337833412651689e-01
9.986374827234395513e-01
9.972626370951360730e-01
1.000213683907406503e+00
9.994716176294173859e-01
9.984039614434834231e-01
9.988097107224259696e-01
9.987413557756887883e-01
9.989085693870889404e-01
9.990044515526190771e-01
9.984509977128083191e-01
9.999124201838783810e-01
1.000665213694199585e+00
9.999248587837840097e-01
1.000162118819751811e+00
1.000522771182366322e+00
9.981464077494561771e-01
1.000650338442129916e+00
9.990751847702352695e-01
9.992152742775713969e-01
1.000263760822491133e+00
9.996341306633840240e-01
1.000082396144269525e+00
9.984639481311589071e-01
1.000008241372664530e+00
9.979664475392644452e-01
1.000525706815071691e+00
9.997539306317552166e-01
1.000503928753532445e+00
9.998863592623610241e-01
9.994236068743500567e-01
1.000944146683109715e+00
1.000689410411411906e+00
1.000375030595157089e+00
9.995480527941339455e-01
9.994715614476012977e-01
9.982514878192548791e-01
9.997540815582586227e-01
9.988696691429171937e-01
9.989681732857840224e-01
1.000192198332608307e+00
9.998256529108257018e-01
9.983423854265814912e-01
9.994566698359970136e-01
1.000338168705302344e+00
9.987682216701692095e-01
9.997030491279904618e-01
1.000043018698227426e+00
9.999505635840901796e-01
1.000173338902589526e+00
1.000276993418870219e+00
9.999168128486263241e-01
1.000127742329557146e+00
9.990804159466210033e-01
1.000181383809370050e+00
1.000153370233062056e+00
1.000650764742940124e+00
1.000200707062671279e+00
9.998022141010417529e-01
9.995572039180605772e-01
1.000254737507564551e+00
9.997002140418216332e-01
9.994543914498279502e-01
9.991168184135862385e-01
1.000585719803162466e+00
1.000165785993718304e+00
9.994984795452159787e-01
9.996406769362942146e-01
9.985328984323885715e-01
9.984453437729930991e-01
9.997234099935253804e-01
1.001049481645186701e+00
9.992511586816522628e-01
9.991116140441038684e-01
9.999898547359248324e-01
9.991188422763599419e-01
9.988698480187438999e-01
9.993719379032747208e-01
9.995044830685519965e-01
9.993780756449623937e-01
9.993350916770153969e-01
1.000747984442160732e+00
9.995236086162636591e-01
1.000699908887008993e+00
