0.000000000000000000e+00
0.000000000000000000e+00
0.000000000000000000e+00
0.000000000000000000e+00
0.000000000000000000e+00
0.000000000000000000e+00
0.000000000000000000e+00
0.000000000000000000e+00
0.000000000000000000e+00
0.000000000000000000e+00
0.000000000000000000e+00
0.000000000000000000e+00
0.000000000000000000e+00
0.000000000000000000e+00
0.000000000000000000e+00
0.000000000000000000e+00
0.000000000000000000e+00
0.000000000000000000e+00
0.000000000000000000e+00
0.000000000000000000e+00
1.538234172426321828e-05
3.392750140597095704e-02
9.704312809887509772e-01
3.197372116543552689e+00
3.212433388624917452e+00
1.834798762942600137e+00
8.590066801613818193e-01
4.079424786706654649e-01
2.400007175891530620e-01
2.529984909853704167e-01
4.065509790949557445e-01
6.132217548636044180e-01
7.891707305795594429e-01
8.964678496960177823e-01
9.551607781427874366e-01
9.765258530114336866e-01
9.989450657018555946e-01
1.021965464024966463e+00
1.064142327089971918e+00
1.106769905713677948e+00
1.136212385912912959e+00
1.159561506586594293e+00
1.182382143239601557e+00
1.202900709302252347e+00
1.208959529860998972e+00
1.195651640031907492e+00
1.168003725761837863e+00
1.127651419313876024e+00
1.078965174778052649e+00
1.027447738684586831e+00
9.797035238012008485e-01
9.489091073042694724e-01
9.319244486183341225e-01
9.271849863090033672e-01
9.316033054309409422e-01
9.345698584166405309e-01
9.350625195443126314e-01
9.340045097853495459e-01
9.323706992144494832e-01
9.300286940534658875e-01
9.337932757504653347e-01
9.388925171307537232e-01
9.471441738443261427e-01
9.566352635998183196e-01
9.671874224329832792e-01
9.770911990948768500e-01
9.865467769263041031e-01
9.913383779597725320e-01
9.979512783062201020e-01
1.002175607528970058e+00
1.004328802086769779e+00
1.008433378332111330e+00
1.008989183567701842e+00
1.011954779341859956e+00
1.013889570285536168e+00
1.014351180034160693e+00
1.015866419606452409e+00
1.014117288197959876e+00
1.010559987290533090e+00
1.010779266325734449e+00
1.006778146846092348e+00
1.001587851553112252e+00
1.000376802738664139e+00
9.969131284070630317e-01
9.934730466751249267e-01
9.912256863319930389e-01
9.910101234701953477e-01
9.906362117598601635e-01
9.902650348669026492e-01
9.904403204036298369e-01
9.910935498332220650e-01
9.915841066367707679e-01
9.924755510464033925e-01
9.932072378121203915e-01
9.951045580356174813e-01
9.956118498451345111e-01
9.970905341577267489e-01
9.991965181188211531e-01
9.991955839467725475e-01
1.000999751290955420e+00
1.002253589746112450e+00
1.003679717645104219e+00
1.004414731321442433e+00
1.004756033406158711e+00
1.004673614136351478e+00
1.004113140774016699e+00
1.003800060673950778e+00
1.002708794663280445e+00
1.003081176716420053e+00
1.003357156745913636e+00
1.001812324744729699e+00
1.001239882666294045e+00
1.001245885295844351e+00
9.998459874169230988e-01
9.997389619278705952e-01
9.983055478079748690e-01
9.982163240052952524e-01
9.979499171424637272e-01
9.976308702253624539e-01
9.972440427010089703e-01
9.967225720537417066e-01
9.975595462362939481e-01
9.977670341586918346e-01
9.975519379663989605e-01
9.978813543815728826e-01
9.987433941507321000e-01
9.986656730216874056e-01
9.985321381735665636e-01
9.989310045984443054e-01
9.992501782673807176e-01
9.991790012164718515e-01
9.993621463020723183e-01
9.994539474525049316e-01
9.995297206082068842e-01
9.993051112078571441e-01
9.991958613152505109e-01
9.993285100338867855e-01
9.995431267838913447e-01
9.992993544583197441e-01
9.994211509398925886e-01
9.991657361484374000e-01
9.995003487247725582e-01
9.988558672833642849e-01
9.996277296613774732e-01
9.994083128743649347e-01
9.994700213988455539e-01
9.985125076337186822e-01
9.984662948804556848e-01
9.982315165832845727e-01
9.988941979487451217e-01
9.983404666090743840e-01
9.998235075466557209e-01
9.993307294388344975e-01
9.992432183852765215e-01
9.985395421570540941e-01
9.982839901735801602e-01
9.991709281265490628e-01
9.987393960061469178e-01
9.988748770032879198e-01
9.992188234324398399e-01
1.000166658164991063e+00
9.992453583788284410e-01
9.998474109084267702e-01
9.997291059669953794e-01
9.995088290240616846e-01
9.994742696201203147e-01
9.997774001884595085e-01
9.992091867337891120e-01
9.994311418500532174e-01
9.987143565717013782e-01
9.997956358344752825e-01
9.995089544512272273e-01
9.996147492768228116e-01
9.995865155816505698e-01
9.993703290835809216e-01
9.994129170455688937e-01
9.995353570206608751e-01
9.992889049099699106e-01
9.998546576549263154e-01
9.994451949267869617e-01
9.997452696988251564e-01
9.997298830266782010e-01
9.994511584553000816e-01
9.994287429871908657e-01
9.997282607936285315e-01
9.995079661886915323e-01
9.995586274805494664e-01
9.995450970738675167e-01
9.995562024703600335e-01
9.995553377079496871e-01
1.000154788804388239e+00
9.998485304630967407e-01
9.995093829909458272e-01
9.997987582102312309e-01
9.996499281367864365e-01
1.000094323141007546e+00
9.997052928330635302e-01
9.995036646503425715e-01
9.996524547885294876e-01
1.000139881552461141e+00
9.996962977756229662e-01
9.997753222788645644e-01
1.000149341765741884e+00
9.992723336879464346e-01
9.997762451133707096e-01
9.998012404571831047e-01
1.000041023897799253e+00
9.997703887464638450e-01
9.996216374186517317e-01
1.000132265767894157e+00
9.999463439985651902e-01
9.999978912678463283e-01
9.994277909804503146e-01
1.000135844383983175e+00
9.997728843787765385e-01
1.000272766333261343e+00
9.999816758628098379e-01
1.000096950738668999e+00
9.999825558012646054e-01
1.000079072644124434e+00
9.999815722970315512e-01
1.000361067679162552e+00
1.000160951850289859e+00
1.000342116775902346e+00
1.000013407422711609e+00
9.998843041405269805e-01
9.997938575351317247e-01
9.997251372353813670e-01
9.998573927180719467e-01
9.999726491803410111e-01
1.000053687400901836e+00
9.999882736193769217e-01
9.999770491768631420e-01
1.000222129337845933e+00
1.000137600666547888e+00
1.000108320055818956e+00
1.000336814190835533e+00
9.997407522993042583e-01
1.000355408193851714e+00
9.999301429225363469e-01
9.997767631983871528e-01
1.000343381825994360e+00
9.999830091526686893e-01
9.999850842670633400e-01
1.000087623720963492e+00
9.998363735678297282e-01
9.999732412180271091e-01
1.000324042384428846e+00
1.000340614276093776e+00
9.999282207832912439e-01
1.000063308040363586e+00
9.998536779460268642e-01
1.000008204892767427e+00
1.000304048168591864e+00
1.000147651937177917e+00
1.000439114262142715e+00
1.000022947871647361e+00
9.999188911750434006e-01
9.998128777503516584e-01
1.000082926758755208e+00
1.000078884404817403e+00
1.000179351056712074e+00
1.000149799174587129e+00
9.998028326827983481e-01
1.000453656427570781e+00
1.000096795282079398e+00
1.000414729428127369e+00
1.000015817482486913e+00
9.998520803211518038e-01
1.000198344098723657e+00
1.000666895017397362e+00
1.000149310206258191e+00
9.999998750725878072e-01
1.000243286010845001e+00
1.000398521301234522e+00
1.000503129255526646e+00
1.000019387408845439e+00
1.000286858829837477e+00
1.000412046298168711e+00
1.000400337031752240e+00
