0.000000000000000000e+00
0.000000000000000000e+00
0.000000000000000000e+00
0.000000000000000000e+00
0.000000000000000000e+00
0.000000000000000000e+00
0.000000000000000000e+00
0.000000000000000000e+00
0.000000000000000000e+00
0.000000000000000000e+00
0.000000000000000000e+00
0.000000000000000000e+00
0.000000000000000000e+00
0.000000000000000000e+00
0.000000000000000000e+00
0.000000000000000000e+00
0.000000000000000000e+00
0.000000000000000000e+00
0.000000000000000000e+00
0.000000000000000000e+00
1.306544948063879943e-05
3.564749164891959504e-02
1.053349404747544460e+00
3.439876270264202063e+00
3.423525856706935766e+00
1.916600049314504117e+00
8.747357927483749851e-01
4.051789994259864525e-01
2.075295032883633373e-01
1.271285097953224197e-01
1.906462826420925460e-01
7.111319897686592117e-01
1.497911263554637218e+00
1.762319179722961593e+00
1.484744844032495292e+00
1.097699190980000905e+00
8.388011865501423525e-01
7.234472788087082940e-01
7.174099340679901404e-01
7.676661586760296085e-01
8.367668485156914970e-01
9.262233404886115462e-01
1.007090063467666941e+00
1.074606911670328513e+00
1.127291326809467975e+00
1.166454918431834464e+00
1.192402327425075903e+00
1.193744647653021129e+00
1.185171360235191651e+00
1.151388875032877790e+00
1.117377414099995026e+00
1.080452827462704768e+00
1.051429427079570544e+00
1.024029032864190558e+00
9.964396452752724009e-01
9.768897453177347590e-01
9.583281996831679583e-01
9.465200490809727585e-01
9.372775504892861820e-01
9.333471752307705982e-01
9.317445110279400922e-01
9.344938477053319481e-01
9.430220997233260682e-01
9.506192534454099841e-01
9.588268446505038289e-01
9.703423881022863462e-01
9.800066551406234616e-01
9.881245092307175959e-01
9.953435575628637455e-01
1.000655197714860112e+00
1.004257195647440870e+00
1.008829565217555846e+00
1.013626036860711510e+00
1.013893268057060926e+00
1.015308728402899208e+00
1.016628272463917293e+00
1.016044929104007677e+00
1.012315776568759151e+00
1.011702991530097018e+00
1.009993284204614650e+00
1.007319319071072972e+00
1.004486559034969195e+00
1.004623368138515049e+00
1.001935556629794277e+00
1.002358556091302422e+00
1.001678677410749119e+00
9.999312699499489643e-01
9.997769297762477692e-01
9.983006913357636014e-01
9.985491352469693105e-01
9.986924112780772855e-01
9.978392023916168307e-01
9.977911706945653547e-01
9.958886375199089702e-01
9.953291176984457866e-01
9.957035601915081857e-01
9.967221996323236688e-01
9.976035888923465711e-01
9.969867473802269675e-01
9.984923349268578496e-01
9.996353971869049726e-01
9.995083103062412100e-01
1.000291482526480369e+00
1.000568781433750720e+00
1.002025237994005558e+00
1.000872150590790488e+00
1.001291765741272100e+00
1.002147067817307891e+00
1.000603172555755593e+00
1.002018841880933930e+00
1.001761448045844993e+00
1.001750057634190005e+00
1.002377012737804218e+00
9.999335196765543055e-01
1.000854940283700811e+00
9.983107683598166915e-01
1.000335926015075927e+00
9.996863745584494421e-01
9.999377141777435751e-01
1.000634833900204246e+00
9.985047463078382535e-01
9.998453269347078454e-01
9.996847949628488994e-01
9.997818042325583576e-01
1.000659764167261878e+00
1.000255961822031914e+00
1.000514393438985739e+00
1.000397439154178780e+00
1.000174900650817822e+00
1.000960518907830110e+00
1.000502474258246899e+00
1.000919124431912000e+00
1.000511069832613398e+00
1.000011501875255782e+00
9.994558917134276355e-01
9.998411319683130349e-01
1.000824375163377411e+00
9.999479212998405586e-01
1.000416667568849949e+00
1.000041441435811196e+00
1.000494688934584264e+00
9.996467956624530693e-01
1.001132705114745614e+00
1.000000000081260332e+00
1.000393101769124993e+00
9.997771695933923564e-01
9.996425987774567590e-01
9.992488664128207354e-01
1.000331274309586682e+00
9.998068514337695722e-01
1.000000115360290209e+00
1.000786208079599060e+00
1.000040150140905748e+00
9.999000176514208915e-01
1.000037470670875672e+00
1.000332850021075526e+00
1.000529849309867991e+00
1.000099250195100264e+00
1.000846092713800317e+00
1.000068082796247593e+00
9.993086591995634649e-01
9.997498062500885796e-01
9.998136923496717676e-01
1.000213332364408680e+00
1.000312031663258105e+00
9.997739102634385366e-01
9.997932022140764152e-01
9.999292667601309414e-01
1.000044296042111425e+00
1.000019725572673934e+00
9.995902802631453365e-01
9.995884782508821509e-01
9.997247641417967845e-01
1.000477840428065424e+00
1.000171784077829695e+00
9.999394852550063106e-01
1.000537607292191211e+00
1.000119286450249501e+00
1.000096339377420485e+00
9.995260496222048152e-01
1.000212491858558428e+00
9.997737195130151910e-01
9.995413731964385429e-01
1.000993142262401436e+00
1.000219547126626862e+00
1.000160587051966976e+00
9.999111670654473594e-01
1.000006153568321121e+00
1.000358921302988202e+00
9.989199758815378027e-01
1.000021847423455235e+00
9.996122370862334794e-01
9.996579194390847745e-01
1.000506578899784005e+00
1.000457364225054491e+00
9.995166492883242881e-01
9.998369412367342779e-01
9.997659736043483791e-01
9.999807485750599190e-01
1.000240476100203502e+00
9.998910506079831118e-01
1.000068716007864511e+00
9.997129142768097498e-01
1.000117971328235988e+00
9.997828754327866552e-01
9.995660963789765319e-01
1.000387150560845706e+00
9.993491850741169635e-01
9.996991946356990066e-01
1.000841352578113463e+00
1.000054777965063701e+00
1.000240355108808377e+00
1.000011717825547208e+00
1.000232984675046843e+00
1.000422779704608356e+00
9.995416512875876514e-01
9.995751549532216895e-01
1.000339764933114273e+00
1.000174645981501076e+00
1.000293810382344661e+00
1.000426152562147619e+00
1.000480745527270399e+00
1.000155045451108338e+00
1.000099092763030217e+00
9.998828420417337215e-01
1.000529321032582075e+00
9.994882268049650742e-01
1.000301903089293898e+00
9.997642829732263925e-01
9.999804582210098935e-01
1.000427934003372377e+00
1.000240123962749861e+00
1.000241524485363964e+00
9.999311259658593132e-01
1.000629570591299977e+00
1.000061343866515573e+00
1.000391557063564418e+00
1.000190932146433953e+00
9.999042312158886725e-01
1.000013107525413725e+00
1.000240462884654402e+00
1.000313946402708876e+00
1.000063164338071964e+00
1.000323670987079527e+00
1.000443391707929841e+00
1.000042300612042689e+00
9.999885966586873343e-01
1.000887054855542635e+00
1.000166083978607956e+00
1.000386110661184436e+00
1.000301107410157098e+00
1.000334986080581912e+00
9.999818032128159340e-01
9.994123031987249828e-01
1.000306879410159944e+00
1.000644861427718135e+00
1.000182150502656908e+00
9.997960697439115529e-01
9.999042794003052403e-01
1.000222529013268469e+00
9.999585449467134346e-01
1.000265163586007588e+00
9.999797957098819357e-01
9.943935006936649446e-01
9.831684364528712194e-01
9.715684307277767662e-01
9.610661669217948067e-01
9.495790317344487974e-01
9.387257939272647400e-01
9.279284820134557910e-01
9.172380107384848769e-01
9.061903085360054622e-01
8.954972083446339770e-01
8.849994154022862158e-01
8.750602000371050515e-01
8.643101995539919091e-01
8.541631949451865546e-01
8.432307382906129023e-01
8.333511999020810634e-01
8.229089496033199502e-01
