0.000000000000000000e+00
0.000000000000000000e+00
0.000000000000000000e+00
0.000000000000000000e+00
0.000000000000000000e+00
0.000000000000000000e+00
0.000000000000000000e+00
0.000000000000000000e+00
0.000000000000000000e+00
0.000000000000000000e+00
0.000000000000000000e+00
0.000000000000000000e+00
0.000000000000000000e+00
0.000000000000000000e+00
0.000000000000000000e+00
0.000000000000000000e+00
0.000000000000000000e+00
0.000000000000000000e+00
0.000000000000000000e+00
0.000000000000000000e+00
1.306184352787071266e-05
3.467575723925243186e-02
1.051030990708138546e+00
3.451173274604717900e+00
3.435055408675403932e+00
1.922098907228365405e+00
8.757842224196804581e-01
4.046606617313837084e-01
2.081480982585967032e-01
1.270240320530654221e-01
1.894664863593496507e-01
7.152014705230290703e-01
1.499862730694744295e+00
1.765633791107008355e+00
1.486867290735440550e+00
1.099970779640733198e+00
8.374611794682392807e-01
7.253909106525341377e-01
7.140044079983891567e-01
7.652410337752190150e-01
8.395081157562580554e-01
9.226620379815723139e-01
1.007617579470009517e+00
1.075528897850269949e+00
1.129500339518156204e+00
1.168617822207350221e+00
1.188290011603283958e+00
1.192001438973439686e+00
1.181649027376755479e+00
1.151523711891148105e+00
1.118369311695417201e+00
1.081040591399687001e+00
1.050621348658409504e+00
1.023318666521797704e+00
1.000709822297562113e+00
9.745668289241308235e-01
9.584764727927198580e-01
9.477350455951751851e-01
9.364862540203633401e-01
9.307339230435246469e-01
9.317993477183582618e-01
9.344362522651779024e-01
9.388742371336155079e-01
9.504644551314233025e-01
9.585397819686232168e-01
9.707604996519599849e-01
9.780638807260080281e-01
9.884289846650345934e-01
9.935606392944137388e-01
9.978613778234012299e-01
1.004812912486571008e+00
1.007887443263946636e+00
1.010781996078113920e+00
1.012130677502538934e+00
1.014736701110955819e+00
1.015341190404437821e+00
1.016134137880392529e+00
1.014007163715595405e+00
1.011364967450316676e+00
1.010372123153729484e+00
1.007216683982816940e+00
1.004339100194234335e+00
1.003316815349884816e+00
1.001366101452689339e+00
1.002431002274597915e+00
9.990387103021471926e-01
1.000320828826689823e+00
9.976351153125135873e-01
9.963238844358063284e-01
9.970137684905998610e-01
9.974018821883553487e-01
9.968536079472509748e-01
9.953700498924421547e-01
9.959774022026486318e-01
9.946486503481816177e-01
9.963094624539464705e-01
9.975419554255290366e-01
9.953062763525634127e-01
9.975790771211440200e-01
9.990974007272975799e-01
9.988077737337214268e-01
9.996486657094707518e-01
1.000385392423113418e+00
9.995853498140209181e-01
1.001555124207369696e+00
1.001730946876229655e+00
9.998711085822175049e-01
1.001693749322544180e+00
1.002176659965763328e+00
1.000751863706176970e+00
1.001050162682513234e+00
1.001450619073323667e+00
1.002223130862463618e+00
1.000903301406744772e+00
1.002300312043201913e+00
9.996888853409300335e-01
1.000016153278580955e+00
1.000642443138254123e+00
9.997524481833516274e-01
1.000134906954129654e+00
9.993971588645098603e-01
1.000282338550265271e+00
9.996338989283721777e-01
9.990292773954531080e-01
1.000055949021652069e+00
1.000899466639206814e+00
9.998097337345468461e-01
1.000302026058748073e+00
1.000472088537514903e+00
9.999204769301870410e-01
9.997282588897593580e-01
9.992754036916494664e-01
1.000759066679904441e+00
1.000083613764671586e+00
9.998726263076531673e-01
1.000460486308634378e+00
9.998892814130799778e-01
1.001143672366673787e+00
1.000680081936157650e+00
1.000053774556113106e+00
1.000072265892856693e+00
1.000402754682134132e+00
1.000897768415833111e+00
1.000199125466378014e+00
1.000141192509369059e+00
1.000769934121599869e+00
1.000442140721933493e+00
1.000781461042915543e+00
1.000231958771979235e+00
1.000362679439211311e+00
9.995190576507837488e-01
1.000365519387106827e+00
1.000563038377028091e+00
9.996296460736934231e-01
1.000215501380829597e+00
9.999359720368158344e-01
9.993713974582423276e-01
1.000118925102417178e+00
9.995462089238015269e-01
9.996291344930662293e-01
9.996170508719155468e-01
9.997957381470284899e-01
9.998009753344730965e-01
9.999352281887039506e-01
1.000079372975301251e+00
9.995857772552361187e-01
1.000523347167304289e+00
9.997061309491627190e-01
9.997563031702202396e-01
9.998826573728931688e-01
1.001085187110112962e+00
1.000724367032602036e+00
1.000376562733769292e+00
1.000372980142156143e+00
1.000023400680055241e+00
1.000175638470899964e+00
1.000278386601289426e+00
1.000827662986597755e+00
1.000699639988451572e+00
1.000302064971563265e+00
1.000463561773219601e+00
9.999667853006357632e-01
1.000413642363468192e+00
1.000132662755603086e+00
1.000118816095483476e+00
1.000006610546066765e+00
1.000310632489239016e+00
1.000777897981522946e+00
1.000249553957119675e+00
1.000215073583241132e+00
1.000226797641641907e+00
1.000377457430026373e+00
1.000794595729654235e+00
1.000248190349582345e+00
1.000672367503409266e+00
1.000943754930136764e+00
1.000406036169018353e+00
1.000428740401231975e+00
9.997462857797841940e-01
1.000860106756956025e+00
1.000245379112343791e+00
1.000019472834432932e+00
1.000443317482484495e+00
1.000231458889876412e+00
9.999025016728705362e-01
1.000468107225217507e+00
1.000715547550799833e+00
1.000546809005285143e+00
9.998843883692124512e-01
1.000060758069559075e+00
1.000901610004547582e+00
9.998902866661868449e-01
1.000202244366936499e+00
1.000409695178009262e+00
1.000634365711998042e+00
1.000353203975446359e+00
1.000783247137068566e+00
9.995725177679786189e-01
1.000173684289182408e+00
1.000314929113549800e+00
1.000285776276792049e+00
1.000188171304951856e+00
9.996765049795208746e-01
9.998615429034068969e-01
1.000445568558342435e+00
9.998150397865956940e-01
1.000535239346840521e+00
9.999262188670378082e-01
1.000023274217119340e+00
1.000730501347143697e+00
1.000065228025192932e+00
1.000018055329505717e+00
1.000315465501103063e+00
9.999114316904063049e-01
1.000310373581305701e+00
9.998988833916994112e-01
1.000370379517324215e+00
9.998306929209881400e-01
9.998013279566072553e-01
1.000752951248623734e+00
1.000411488317037190e+00
9.998292592101278853e-01
9.996557004978694483e-01
1.000117779161157960e+00
1.000489642266735091e+00
9.998587589175047530e-01
1.000033286839764557e+00
9.997226873276852110e-01
9.997996263698951669e-01
1.000261712438810457e+00
1.000504329371082690e+00
9.999383363807726743e-01
9.998181097225149472e-01
1.000020482062489169e+00
9.998599995503754112e-01
9.998657508668176153e-01
1.000674009775945672e+00
1.000104305976180052e+00
9.999922967480729952e-01
1.000147287096404991e+00
1.000798424543053455e+00
1.000201221650190764e+00
1.000084352583551217e+00
9.944948186627596831e-01
9.829184362816877352e-01
9.719878006307656193e-01
9.602754065526510896e-01
9.494709478125810120e-01
9.386194081776255693e-01
9.275596728332221597e-01
9.166610102564328733e-01
9.058438265080380747e-01
8.960519849530336201e-01
8.848591678134073435e-01
8.741329675789272224e-01
8.645646996311548982e-01
8.537548129404092245e-01
8.436741241862859564e-01
8.332482629600864721e-01
8.232031737454864606e-01
