0.000000000000000000e+00
0.000000000000000000e+00
0.000000000000000000e+00
0.000000000000000000e+00
0.000000000000000000e+00
0.000000000000000000e+00
0.000000000000000000e+00
0.000000000000000000e+00
0.000000000000000000e+00
0.000000000000000000e+00
0.000000000000000000e+00
0.000000000000000000e+00
0.000000000000000000e+00
0.000000000000000000e+00
0.000000000000000000e+00
0.000000000000000000e+00
0.000000000000000000e+00
0.000000000000000000e+00
0.000000000000000000e+00
0.000000000000000000e+00
0.000000000000000000e+00
0.000000000000000000e+00
0.000000000000000000e+00
0.000000000000000000e+00
0.000000000000000000e+00
0.000000000000000000e+00
0.000000000000000000e+00
0.000000000000000000e+00
0.000000000000000000e+00
0.000000000000000000e+00
0.000000000000000000e+00
0.000000000000000000e+00
6.782252901489093343e-03
1.856366190339073796e-01
1.036526505425734435e+00
2.500242478430448667e+00
3.407882979948197111e+00
3.319572668139519234e+00
2.662144011361499363e+00
1.923727647208566705e+00
1.380161590035112074e+00
1.032382461367477910e+00
7.725558157175194118e-01
6.314386297196252773e-01
5.722864547806804092e-01
5.504012773012113557e-01
5.777566540064392742e-01
6.474842745391730103e-01
7.326780464033526563e-01
8.402410327580337457e-01
9.434255690346758927e-01
1.007524679265736856e+00
1.046432373240408609e+00
1.096433913872398858e+00
1.107284374094857027e+00
1.085909371014740055e+00
1.074499368038197344e+00
1.044010506788202841e+00
1.015639493085807699e+00
9.975395183790722875e-01
9.609217107562573190e-01
9.649944038901504539e-01
9.369893944124253471e-01
9.276869706683050776e-01
9.154812878377066587e-01
8.948724030176133937e-01
9.055538885096816593e-01
9.124519918610618507e-01
9.286329806646512752e-01
9.501258465386698271e-01
9.695667712439013375e-01
9.874045150068598842e-01
1.016457589490309399e+00
1.046477976500606477e+00
1.044877798641702382e+00
1.051181016724745287e+00
1.058520204489303840e+00
1.051560956123713586e+00
1.056205074388492315e+00
1.034396752786821194e+00
1.027711482009391553e+00
1.011333586535587026e+00
9.942196744123174001e-01
9.957374137601666675e-01
9.728517482627908608e-01
9.709677986709802644e-01
9.704113668608760346e-01
9.633546168243706243e-01
9.774302844524167533e-01
9.639533583766106695e-01
9.765282329396115513e-01
9.784738539219167697e-01
9.836604550740477571e-01
9.888011853417986163e-01
9.973646267879605620e-01
9.986667937544274620e-01
9.999505766940705032e-01
9.953705042057429120e-01
1.011345104897809488e+00
1.009855403880096203e+00
1.012518671703414697e+00
1.013622205604195914e+00
1.001902545524832933e+00
1.005754291322548566e+00
1.003318142934518598e+00
1.010865846242833710e+00
9.999953021401581932e-01
9.977133268066301630e-01
1.002203980237451830e+00
1.007672980108788030e+00
1.006136286792556733e+00
1.000723283452219725e+00
9.942107605006021975e-01
9.893045071842514471e-01
1.000973603390460598e+00
9.958501161951165415e-01
1.002980711190492036e+00
9.989964092820002861e-01
9.985469620215361441e-01
9.964132728132791827e-01
1.000826794766545458e+00
9.976416088016363259e-01
9.926975828990535211e-01
9.983064779113542953e-01
9.951007484377412116e-01
9.899276110702353026e-01
9.886045743107232386e-01
9.928588483503442141e-01
9.955950167655290839e-01
9.904389546187392090e-01
9.904966326402704357e-01
9.880193584580972965e-01
9.954519842232497640e-01
9.923827233715026841e-01
9.975467632348746783e-01
1.000531427891632630e+00
1.001679911733016182e+00
1.000374674319543189e+00
9.976903135848123050e-01
9.968205853997769150e-01
9.961981410791044267e-01
9.937335892358359901e-01
9.971137022378693260e-01
1.001130876194376240e+00
1.002335919558592137e+00
1.000111554820332538e+00
9.958153704857358735e-01
9.969011294766666476e-01
9.945396219379472047e-01
9.959291301286543607e-01
9.989635889787692458e-01
9.932686786730826611e-01
9.948386607011941996e-01
9.978284988631842545e-01
9.981188485111857078e-01
9.947958075043562554e-01
9.958319924888153762e-01
9.968788254876446153e-01
9.951147139530766017e-01
1.000813320225198089e+00
9.978369073126784894e-01
9.930309854612645593e-01
9.951161843500300197e-01
9.947511322270125023e-01
9.975055801052857829e-01
9.960773863120263583e-01
9.945625438839219568e-01
9.968154794785188955e-01
9.953987330317277671e-01
9.956106055298744595e-01
1.001150909339466599e+00
9.980877937978276382e-01
9.929979661470734742e-01
9.930983197811394936e-01
9.929022388405017718e-01
9.974428258716124818e-01
9.949550407977524324e-01
9.935968084674422496e-01
9.955549505656733356e-01
9.931651491094539708e-01
9.883422356199353942e-01
9.964434027036949137e-01
9.938203832167475937e-01
9.951457433797188390e-01
9.894785090356996715e-01
9.974760017528084832e-01
9.919239056061914805e-01
9.956475620421113559e-01
9.937435738489326376e-01
9.955609071077519134e-01
9.970879983304183902e-01
9.954665750499573917e-01
9.930777242262305293e-01
9.942946098196844273e-01
9.951422841861081725e-01
9.954292122406177556e-01
9.964310368658677586e-01
9.941498285342919017e-01
9.958099847057370058e-01
9.930522293775084774e-01
9.958052238148960011e-01
9.934760101133887078e-01
9.939489677461499362e-01
9.904745174170733746e-01
9.993547816257549732e-01
9.953929287312530683e-01
9.989167532808425065e-01
9.985085057124896135e-01
9.971757484334041743e-01
9.941684952955854859e-01
9.982349476850618242e-01
9.947479468316909879e-01
9.952872067743367968e-01
9.953394527622141386e-01
9.993959518137801590e-01
9.963881757733629163e-01
9.952934653357278227e-01
9.979178234109776779e-01
9.949813670793941078e-01
9.965901561657650731e-01
9.960380882775146105e-01
9.961578399435920828e-01
9.941153224166022762e-01
9.944068031661404961e-01
9.980575279213701467e-01
9.927170135822490638e-01
9.948821588989983367e-01
9.937348291156981039e-01
9.959812653869486443e-01
9.921402009968280922e-01
9.948116133204262246e-01
9.948961175809010182e-01
9.982306487947332219e-01
9.955799228588578798e-01
9.944133795851749502e-01
9.940790986244186778e-01
9.951654237938947212e-01
1.000132204873363850e+00
9.968281720781440036e-01
9.952659322682042564e-01
9.967381840471472021e-01
9.975576910217985871e-01
9.935554274882254511e-01
9.956168515263047469e-01
9.957197863906185331e-01
9.988529212405828916e-01
9.951149093391026268e-01
9.972207852209171719e-01
9.981913650682127104e-01
9.969681249821076285e-01
9.963805661894278298e-01
9.981800022093229030e-01
9.987504741298616207e-01
9.984553010079089130e-01
9.992848719365247101e-01
9.974814554744606543e-01
9.960377260783915832e-01
9.962858713441867797e-01
9.972740554114132294e-01
9.974295880741984588e-01
9.974705975776165801e-01
9.962840491546095523e-01
9.963117774630253498e-01
9.984800446379822336e-01
9.995796529503945260e-01
9.960498114899219990e-01
9.989488504069572450e-01
9.988218465856393280e-01
9.979518923291176291e-01
9.985042796111612828e-01
9.964834394954572572e-01
9.964800093416704696e-01
9.987079656221024004e-01
9.975633983917745473e-01
9.988604965753605791e-01
9.988522607571274081e-01
9.999222675957466500e-01
9.988287223110178248e-01
9.975877667271346727e-01
9.911190033210177663e-01
