0.000000000000000000e+00
0.000000000000000000e+00
0.000000000000000000e+00
0.000000000000000000e+00
0.000000000000000000e+00
0.000000000000000000e+00
0.000000000000000000e+00
0.000000000000000000e+00
0.000000000000000000e+00
0.000000000000000000e+00
0.000000000000000000e+00
0.000000000000000000e+00
0.000000000000000000e+00
0.000000000000000000e+00
0.000000000000000000e+00
0.000000000000000000e+00
0.000000000000000000e+00
0.000000000000000000e+00
0.000000000000000000e+00
0.000000000000000000e+00
0.000000000000000000e+00
0.000000000000000000e+00
0.000000000000000000e+00
0.000000000000000000e+00
0.000000000000000000e+00
0.000000000000000000e+00
0.000000000000000000e+00
0.000000000000000000e+00
5.563759323273112858e-03
2.355755562388717195e-01
1.595067269646990527e+00
3.419226511729345219e+00
3.653237191321564215e+00
2.648729014146228078e+00
1.617333416122488599e+00
9.608751154153970520e-01
6.227632365984647755e-01
4.763119575382145365e-01
4.397234468561431742e-01
4.610654801617374843e-01
5.212298533554144964e-01
6.025375824148732073e-01
7.032909672797688083e-01
8.131651943662862037e-01
9.296388462850098122e-01
1.035490169751081879e+00
1.130835750163116327e+00
1.193634563365317369e+00
1.232354423004271116e+00
1.242512059825569448e+00
1.235126716450746898e+00
1.205320161345158070e+00
1.171826041127011608e+00
1.132314278393090623e+00
1.078750396365577124e+00
1.036269806380496261e+00
9.899110675655028446e-01
9.539232783799125315e-01
9.112369789873349113e-01
8.759952397472752228e-01
8.578369325790865529e-01
8.489431179184906417e-01
8.575011687223023094e-01
8.768237754270816753e-01
9.014187521519777535e-01
9.390122792983640609e-01
9.695914910259382236e-01
9.964658392733645176e-01
1.026235606504319442e+00
1.047451782305174772e+00
1.063776158170063990e+00
1.073785130305369151e+00
1.079515679359055236e+00
1.075894027905671013e+00
1.071558795411907239e+00
1.059913927682986756e+00
1.048405261207896677e+00
1.031580816987656801e+00
1.018430276725110994e+00
1.005264285195731189e+00
9.923092685663635892e-01
9.855973283523903339e-01
9.783413503927509414e-01
9.767220799613058890e-01
9.749088817623027259e-01
9.759067395414993129e-01
9.791298783889852420e-01
9.845551577578761648e-01
9.894260378472681250e-01
9.916595710936713104e-01
9.979917636224678867e-01
9.994731402007248633e-01
1.002623681124879429e+00
1.005998699440305177e+00
1.008380698794630881e+00
1.006086856128400653e+00
1.006864675076077464e+00
1.007925872580702098e+00
1.005777767763011754e+00
1.005645179940862111e+00
1.004433407096280373e+00
1.003251301898381742e+00
1.000389052862817429e+00
9.999432682524523885e-01
9.985750378166506902e-01
9.993647478921361405e-01
9.974362564856069646e-01
9.986846737812546948e-01
9.993516792403698279e-01
1.001597369323492304e+00
1.003597303915793715e+00
1.001771942301514784e+00
1.001655756170763967e+00
1.003391368523780081e+00
1.003164584263924297e+00
1.003599303548752486e+00
1.001487898231395057e+00
1.001451732856990295e+00
1.000332414159510019e+00
1.001013015144722074e+00
9.994467259337023179e-01
1.002257217004970613e+00
1.000026066857687468e+00
1.000718821551512150e+00
9.996683708458794504e-01
9.991477001755577625e-01
9.989839834747739067e-01
1.001087102684977692e+00
9.985190175733431595e-01
9.990946693544455748e-01
9.999327419713557319e-01
9.990326290844704360e-01
9.998938095548470795e-01
1.000346360663808776e+00
1.000729706696961152e+00
1.000527076300977924e+00
1.002560290728882864e+00
1.001250942275574651e+00
1.001519677809137310e+00
9.994800775878976973e-01
1.001450200782647126e+00
1.001258509341006686e+00
1.002122815429608904e+00
1.001090374255337423e+00
1.001487565190436246e+00
1.002624688455625579e+00
1.001152781993870367e+00
1.001121768108079069e+00
9.999874246850825044e-01
1.000325355322924104e+00
1.000625159173315737e+00
1.001129532846583237e+00
9.993147582525900852e-01
1.000363652443564400e+00
9.997478702642234039e-01
1.000247189113582014e+00
1.000062101222118915e+00
9.990756425378102268e-01
1.000699640301871751e+00
1.000372555865012947e+00
1.000040344214855992e+00
9.999904711554733483e-01
9.998782295273285214e-01
9.996464247912737466e-01
9.999370968451776198e-01
1.000908642927518022e+00
1.001849186963046812e+00
1.000227911828454497e+00
1.000443384966689830e+00
1.001029876933347218e+00
1.000804925126651534e+00
1.000408527535728398e+00
9.994285150182887767e-01
1.000913883242775082e+00
9.997892389905744803e-01
1.001874264421285687e+00
9.992062716788019383e-01
1.001494333733067510e+00
1.000531678416539449e+00
1.001256978710086898e+00
1.001153417215799424e+00
9.998586116764627274e-01
1.001421870089362898e+00
9.997673265784519092e-01
1.000914827384595807e+00
1.001090936383296714e+00
1.000262855978249377e+00
1.000732605015680843e+00
9.997887585635721885e-01
9.996181943096661415e-01
1.001396827490083519e+00
1.000339819895555538e+00
1.000227532155419485e+00
9.998752387255706031e-01
1.000657621182236223e+00
9.993687322964782682e-01
1.000365947418773382e+00
1.000561872045252487e+00
9.991959911128569516e-01
1.001515292215913622e+00
9.998086194673374560e-01
1.000371791284921708e+00
1.000396131484226014e+00
1.000360902696427745e+00
1.000190459665035947e+00
1.000101140532595023e+00
1.000353955267726302e+00
1.000209764211765551e+00
9.998291395665791503e-01
1.000214603486118126e+00
1.000429891559874829e+00
9.996306197656870118e-01
1.001219307541460823e+00
1.000053635439599908e+00
1.000756463179315547e+00
9.999620131312170201e-01
1.000384389862865042e+00
1.000522314767889887e+00
1.000703467569898475e+00
9.999344460337121765e-01
1.000270310525251949e+00
9.998767061998193872e-01
9.987630754147504009e-01
1.000150137416381702e+00
1.000780697486769899e+00
1.000516116683612955e+00
1.000594318139972350e+00
1.000607689074825002e+00
9.998512596529055552e-01
1.000173598816985088e+00
1.000472672644453942e+00
9.997232498666496214e-01
1.000087179840667639e+00
1.000359093818703249e+00
1.000480166651507075e+00
9.998518098378237351e-01
9.999247826875041767e-01
1.000433179155151286e+00
9.996047918520988285e-01
1.000319284201987013e+00
1.000608954739492518e+00
9.998910992128250408e-01
9.995130123987071569e-01
1.000694735490738951e+00
1.000249577573902426e+00
1.000488303035049986e+00
9.996766689023424135e-01
1.000685688258232231e+00
9.999783479845824052e-01
9.997227733956457474e-01
1.000444423194668531e+00
1.000790658732203076e+00
1.000726337674905153e+00
1.000374219641975815e+00
9.996988700940192540e-01
1.000157753821796947e+00
9.994047123028495516e-01
1.000636618138876610e+00
1.000180445426386067e+00
1.000062632218946534e+00
1.000088996300216859e+00
9.994847475363832778e-01
9.992629115849115395e-01
1.000152581315732148e+00
1.000575353182008742e+00
1.000003614840695221e+00
1.000412775860885839e+00
1.000498778203173345e+00
1.000297819949383271e+00
1.000178690288480388e+00
9.999512379821220431e-01
9.996965868422461599e-01
1.000647873478700989e+00
1.000130073431118927e+00
1.000088647992234847e+00
1.000376177343686779e+00
1.000967293427596161e+00
1.000835020566708033e+00
1.000109073493647527e+00
9.952462636365514426e-01
