0.000000000000000000e+00
0.000000000000000000e+00
0.000000000000000000e+00
0.000000000000000000e+00
0.000000000000000000e+00
0.000000000000000000e+00
0.000000000000000000e+00
0.000000000000000000e+00
0.000000000000000000e+00
0.000000000000000000e+00
0.000000000000000000e+00
0.000000000000000000e+00
0.000000000000000000e+00
0.000000000000000000e+00
0.000000000000000000e+00
0.000000000000000000e+00
0.000000000000000000e+00
0.000000000000000000e+00
0.000000000000000000e+00
0.000000000000000000e+00
0.000000000000000000e+00
0.000000000000000000e+00
0.000000000000000000e+00
0.000000000000000000e+00
0.000000000000000000e+00
0.000000000000000000e+00
0.000000000000000000e+00
2.766288242260014302e-05
4.902202544636651352e-03
1.804964230671794734e-01
1.184328520509278171e+00
2.667379527174296161e+00
3.162280370232440685e+00
2.691011955125429456e+00
1.981284807932484293e+00
1.438015222614921429e+00
1.080932768898832386e+00
8.823642107852722738e-01
7.733086829958364383e-01
7.343788612087301937e-01
7.272784127710519853e-01
7.532737994752588540e-01
7.952929211093051620e-01
8.496424112570756249e-01
9.084058392876193100e-01
9.655849393338216125e-01
1.018293554663888267e+00
1.055576183821673508e+00
1.080716833435218405e+00
1.091842083952220710e+00
1.090937959383173173e+00
1.076648294276899120e+00
1.060234081356026259e+00
1.037716897578879527e+00
1.010218229682962043e+00
9.818860638623685411e-01
9.595251680518057658e-01
9.399115561905337923e-01
9.220245861994184056e-01
9.058351651033924590e-01
9.012695763515757852e-01
9.038101841011781934e-01
9.142441127758571540e-01
9.304336274754967384e-01
9.555874326905260396e-01
9.808914772949636207e-01
1.004312709037407991e+00
1.027353850265755320e+00
1.043719148094542692e+00
1.053329872261488109e+00
1.061424959957552705e+00
1.060351811073375394e+00
1.056939410726696726e+00
1.054026338149299358e+00
1.046726160618745238e+00
1.038192440866967603e+00
1.025448280116690647e+00
1.016944670088032021e+00
1.006979258638185826e+00
9.967577413334574032e-01
9.904796571624534529e-01
9.847862054883543825e-01
9.799664993163471616e-01
9.806872409924550782e-01
9.793444101156509873e-01
9.817787174154223306e-01
9.832735609045333280e-01
9.869462281653107460e-01
9.898830948873459379e-01
9.919659104110302161e-01
9.968464459563191049e-01
9.977559229092790583e-01
1.001387075319543740e+00
1.004116926182771374e+00
1.005404095212250271e+00
1.002982506678232300e+00
1.004501701690428295e+00
1.004785356380435202e+00
1.004158992912768111e+00
1.004214111110693697e+00
1.002694836715006366e+00
1.003413562458919994e+00
1.002676177015754844e+00
1.001737496293873209e+00
1.002038695457104556e+00
1.002026343180202783e+00
1.000949267878022519e+00
1.002721109767172658e+00
1.003705156412020960e+00
1.004067962708749651e+00
1.002883066866221862e+00
1.003771779598324310e+00
1.002502247486182663e+00
1.001290329967911230e+00
1.001618823203093145e+00
1.001935391007557907e+00
9.987833285369412950e-01
1.001156069534293813e+00
9.999151827357644073e-01
9.990257225126601970e-01
1.000149425349719623e+00
9.998801878367713503e-01
9.990727856978280919e-01
9.986806662520719691e-01
9.992493254354682941e-01
9.995274398846505370e-01
1.001333248869960002e+00
9.992933422016639922e-01
1.001023236823000317e+00
1.001271186168062544e+00
1.000034837819214317e+00
1.001711477059155531e+00
1.000836739450146728e+00
1.000960423194169335e+00
1.001076581553410616e+00
1.002751615845133060e+00
1.000509676648114965e+00
1.000963346113479258e+00
1.001181848161638577e+00
1.000721417097861998e+00
1.002145400207138382e+00
1.000834000946337676e+00
1.001717018166670137e+00
1.000993549346693490e+00
1.001796641974311841e+00
1.001539682300523371e+00
1.001317240952518173e+00
1.001247556758741331e+00
1.001166728714115495e+00
1.000523852758695265e+00
1.000512856345196155e+00
1.000574489024190550e+00
1.001304466879389565e+00
1.000001022017710905e+00
1.000600161871032512e+00
1.000447376653811560e+00
1.000071271036433451e+00
1.001148944423817078e+00
1.000952278341237678e+00
9.999320602929056001e-01
1.000134348404726259e+00
1.000704981871753496e+00
1.000035408847572915e+00
1.001908863986364917e+00
9.999914430118181929e-01
1.000606249726287533e+00
1.000537210635522589e+00
1.001007000024270788e+00
1.001317816191462651e+00
1.001840016222172780e+00
1.001212574731474847e+00
1.000494848031969308e+00
9.999094682353836250e-01
1.000937549359531831e+00
1.001097746011234246e+00
1.000131652014984107e+00
1.001361162817571815e+00
1.000173546582266759e+00
9.999065695503773776e-01
1.000788207591241763e+00
1.000262456277040357e+00
1.000587677648808294e+00
1.000677373888102295e+00
1.000673586210644173e+00
1.000323847652625719e+00
1.000463395697615221e+00
9.998544983466540748e-01
1.000244099013718246e+00
1.000087712313831201e+00
1.000208289005406703e+00
1.000394024894156741e+00
1.000451168772072963e+00
1.001240389114948393e+00
1.000150911528153053e+00
9.999588797484458835e-01
1.000712535400108738e+00
1.000639952192383220e+00
1.000356609940611596e+00
1.000557395008669026e+00
1.000602263599938535e+00
1.000609645523384383e+00
9.998655837334955443e-01
1.000558352353241753e+00
1.000593257291909621e+00
1.000910323560512349e+00
1.000489155483880177e+00
1.000338780071599487e+00
1.000323483205573849e+00
1.001195819387445507e+00
1.000746207450853298e+00
1.000156049588374563e+00
9.999278210533535383e-01
1.000562305550289022e+00
1.000394567665019663e+00
1.000714855833856554e+00
9.999204966920760551e-01
1.000588060387038514e+00
1.000542997342691365e+00
1.000261096230636415e+00
1.000697370869294556e+00
1.000475268579252175e+00
1.000581269513952876e+00
1.000895141989646131e+00
1.000619126973051998e+00
1.000922960508805915e+00
9.999730843385670198e-01
9.998629309336617421e-01
1.000675751643296474e+00
1.000225776464024996e+00
1.000293942239047107e+00
1.000297941858649731e+00
1.000373463927217044e+00
1.000714383171017463e+00
9.998069421748210228e-01
9.999448910440726923e-01
1.000848993514335428e+00
1.000524024275827317e+00
1.000216260316361572e+00
1.000353444422958038e+00
1.000548667862012131e+00
1.000127299116078117e+00
1.000261411628973418e+00
1.000017275126774408e+00
1.000257176484320887e+00
1.000474870828248486e+00
1.000122160224099943e+00
1.000509744727464900e+00
1.000613871396006216e+00
1.000444382140916577e+00
1.000811561691508755e+00
1.000348347369033108e+00
1.000079373310944986e+00
1.000405355828074550e+00
1.000342154042793030e+00
1.000299659866110025e+00
1.000323973137764888e+00
1.000470461116987009e+00
1.000707355763130524e+00
9.998156175148631419e-01
1.000044402666428356e+00
1.000458810034739576e+00
9.996705009169498668e-01
9.995968016414287227e-01
1.000018238906844159e+00
1.000089030766544207e+00
1.000088138682258876e+00
9.998919674441285599e-01
1.000758267720194938e+00
1.000778500483600508e+00
1.000230079227730107e+00
1.000205303606277019e+00
1.000121490668805846e+00
1.000263201241388789e+00
1.000122692687682502e+00
1.000068189994891554e+00
1.000443414957509880e+00
1.000447349647324069e+00
1.000577666117751452e+00
9.997085912808916230e-01
9.949877090108338873e-01
