0.000000000000000000e+00
0.000000000000000000e+00
0.000000000000000000e+00
0.000000000000000000e+00
0.000000000000000000e+00
0.000000000000000000e+00
0.000000000000000000e+00
0.000000000000000000e+00
0.000000000000000000e+00
0.000000000000000000e+00
0.000000000000000000e+00
0.000000000000000000e+00
0.000000000000000000e+00
0.000000000000000000e+00
0.000000000000000000e+00
0.000000000000000000e+00
0.000000000000000000e+00
0.000000000000000000e+00
0.000000000000000000e+00
0.000000000000000000e+00
0.000000000000000000e+00
0.000000000000000000e+00
0.000000000000000000e+00
0.000000000000000000e+00
0.000000000000000000e+00
0.000000000000000000e+00
0.000000000000000000e+00
0.000000000000000000e+00
0.000000000000000000e+00
0.000000000000000000e+00
0.000000000000000000e+00
0.000000000000000000e+00
1.266669837341513095e-02
3.199021636670504320e-01
1.955552253264670304e+00
4.751179498658691713e+00
6.412735652397391739e+00
6.148390253027169905e+00
4.880181375416912104e+00
3.606284376190020513e+00
2.569713074104704731e+00
1.884493323002905063e+00
1.400449854998708776e+00
1.125859587411483842e+00
9.487858637795040240e-01
8.325327065611536348e-01
7.872668921047802915e-01
7.497967602482984439e-01
7.662530663500434214e-01
7.874826795147739089e-01
8.239347826617592352e-01
8.674610240889597534e-01
9.201233467612883743e-01
9.866233424287593756e-01
1.041184036758026066e+00
1.078505132284141910e+00
1.109316386948240529e+00
1.123125241427425314e+00
1.133572581901803655e+00
1.111709582445119526e+00
1.116581348017519959e+00
1.094769634670258229e+00
1.095879572723473583e+00
1.065557725154245183e+00
1.030191294670809166e+00
9.738372028480385412e-01
9.308334839535568062e-01
8.960274728850173842e-01
8.753284880826865955e-01
8.669411172184230407e-01
8.690342342331064396e-01
8.830047182645671677e-01
8.932949648557787503e-01
9.195515575291228760e-01
9.348449308878991060e-01
9.548789961650018254e-01
9.656201050575549116e-01
9.857195886773344462e-01
9.994216780576870018e-01
1.005615346631717033e+00
1.007252931385965056e+00
1.018427197229068826e+00
1.015423018632533259e+00
1.007094136019887731e+00
1.011393808717688581e+00
9.957500211552111624e-01
9.924767570575425690e-01
9.937524429930453262e-01
9.844414676013997223e-01
9.779535923066325909e-01
9.849510979609290562e-01
9.635883988884517137e-01
9.504251635338478721e-01
9.527675960431442048e-01
9.569551840934726883e-01
9.599591377791754088e-01
9.727132893282015580e-01
9.724398731844545729e-01
9.704725459490070039e-01
9.815338283570618216e-01
9.815075177075512913e-01
9.942399338871625858e-01
9.977235981844561064e-01
1.004578033631393197e+00
1.008686622987412740e+00
1.018197166262527098e+00
1.010301410432492553e+00
1.018661298946303972e+00
1.018397246529360256e+00
1.016704790805524672e+00
1.008746710098603172e+00
1.018520587771178931e+00
1.008214901655325457e+00
1.007303175141483820e+00
1.006949747778206117e+00
1.002703867218785350e+00
9.999185933967651430e-01
9.985361890781556671e-01
9.976641960753735994e-01
9.936007745822938997e-01
9.890037104040728666e-01
9.924702922013107775e-01
9.970433011991948202e-01
9.969390671041615803e-01
1.000437077506691530e+00
9.984458585981458301e-01
9.979885925332658836e-01
9.983082120449748853e-01
1.001112163186270942e+00
1.004206419936013006e+00
1.003767379554861394e+00
1.008501189987710767e+00
1.000183693327363788e+00
9.981438665567143875e-01
1.001152904837623536e+00
1.009562908418272009e+00
9.999715558341500943e-01
1.002807712725561906e+00
9.992224986386618601e-01
9.992620016428725993e-01
9.978743309417367202e-01
1.003068098709349654e+00
1.002986551372871293e+00
9.993542590768990097e-01
9.998622117945640264e-01
1.001066237410016768e+00
9.978842244103727221e-01
9.992528137862646265e-01
9.993817863942857649e-01
9.959075766216778369e-01
1.003956409132585881e+00
1.001778694475820020e+00
9.991531466536578421e-01
9.960547478296091217e-01
9.997639911597923090e-01
9.957164846204786812e-01
9.972031613003614625e-01
9.988579613450205841e-01
1.004999575715565419e+00
9.983740665995538555e-01
1.002797902654950946e+00
9.977941683534573558e-01
1.000906186323288871e+00
1.000568723399164694e+00
9.974684101891518884e-01
9.991067396929779187e-01
9.968969658446628079e-01
1.001887218068941765e+00
9.984563147179139619e-01
1.001605850656550167e+00
9.954494277888161768e-01
9.966330009778743282e-01
9.950447764076281176e-01
1.003778129078731540e+00
1.001467588514074025e+00
9.986902144621395694e-01
9.978245846379690809e-01
1.001490022571990712e+00
9.972547613707577474e-01
9.988526981922705161e-01
9.983877934258408304e-01
9.991709835438090659e-01
1.005787448792751837e+00
1.000135242030579352e+00
1.003420017630660688e+00
1.000230794626809416e+00
1.000636661009520534e+00
9.971306938252744168e-01
1.004585829326662738e+00
1.000385089197138644e+00
9.987308235303976600e-01
9.966086810592130751e-01
1.003793543799423871e+00
9.969646675124901325e-01
9.978968284100024899e-01
9.999247368820615156e-01
9.989510466564589519e-01
9.983355611958169007e-01
9.997758204703093288e-01
9.988092845309846091e-01
1.000253065728843760e+00
9.980440046423262324e-01
9.998589634273112869e-01
1.001428585579965169e+00
9.975049176817049057e-01
9.993035273978098099e-01
9.984723335743307393e-01
1.001302177015945372e+00
9.980627064228477785e-01
1.002603916120011096e+00
9.999772436990784774e-01
1.000609347570682095e+00
9.993176429886354573e-01
9.997896590798043270e-01
1.000949697825408879e+00
9.987100234817758437e-01
9.993711174451944679e-01
1.002472017454145270e+00
1.000565622751891093e+00
1.000571013512095320e+00
1.004583905979129277e+00
9.995087555343299401e-01
1.001101663041566558e+00
9.994198987490772179e-01
1.000704894724251615e+00
9.980446761767188812e-01
9.981743142713883632e-01
1.003045805472272622e+00
9.971395094993743546e-01
9.974139959098790031e-01
9.995006398015408022e-01
9.980641362306719166e-01
9.976054107226522971e-01
9.999921720308736495e-01
9.955627943239402367e-01
1.000077046694007654e+00
9.990752638494437843e-01
9.998016003103887828e-01
9.979965140254232203e-01
9.979573582738386905e-01
9.958899910734893002e-01
9.973438080858538779e-01
1.000753127313561253e+00
1.001532464223088503e+00
9.992744977121146288e-01
9.983183983177982279e-01
9.979454539366997556e-01
9.997236165504858052e-01
9.998617842918144927e-01
9.960771127650394074e-01
1.000245936072775788e+00
1.000054286587489516e+00
9.991442775958920830e-01
9.958766559432886689e-01
9.970865590111510635e-01
9.951321829687336251e-01
9.960405165180723497e-01
1.000228246089062134e+00
1.000865896176629910e+00
9.991820360514200861e-01
9.986566126025510082e-01
9.985487588152833771e-01
9.997698797677472271e-01
1.002018236043867860e+00
1.001743840647098205e+00
9.992219831281993203e-01
9.984766139745882008e-01
9.994426741853600360e-01
1.001148434260013653e+00
9.996528457167481729e-01
9.979607907951378865e-01
9.986647588212452797e-01
9.978736318647347669e-01
9.882808035606051034e-01
9.756289041178952681e-01
9.659014977112716505e-01
9.558090725072712068e-01
9.421694860231251134e-01
9.322947544225576033e-01
9.221191555291229358e-01
