0.000000000000000000e+00
0.000000000000000000e+00
0.000000000000000000e+00
0.000000000000000000e+00
0.000000000000000000e+00
0.000000000000000000e+00
0.000000000000000000e+00
0.000000000000000000e+00
0.000000000000000000e+00
0.000000000000000000e+00
0.000000000000000000e+00
0.000000000000000000e+00
0.000000000000000000e+00
0.000000000000000000e+00
0.000000000000000000e+00
0.000000000000000000e+00
0.000000000000000000e+00
0.000000000000000000e+00
0.000000000000000000e+00
0.000000000000000000e+00
0.000000000000000000e+00
0.000000000000000000e+00
0.000000000000000000e+00
0.000000000000000000e+00
0.000000000000000000e+00
0.000000000000000000e+00
0.000000000000000000e+00
1.454323191702510224e-05
5.592293393413443232e-03
2.487722362838624690e-01
1.654930880954949890e+00
3.499979107659591193e+00
3.690875470282905191e+00
2.647943544191591059e+00
1.596767827664429706e+00
9.451596535088901962e-01
6.124264807687743728e-01
4.715771938841378796e-01
4.414257507207777764e-01
4.703621310403845457e-01
5.330469766760373984e-01
6.185559795426677221e-01
7.183207332322911753e-01
8.317947313269972165e-01
9.412902871168472574e-01
1.047581809160117450e+00
1.135096668450283008e+00
1.194106428334058556e+00
1.229163696372047365e+00
1.237126282685158341e+00
1.221616460690464256e+00
1.196865652934589574e+00
1.159711594920703748e+00
1.111745547415199376e+00
1.072552412591543991e+00
1.020049685463522815e+00
9.832147406316814608e-01
9.448529546851551775e-01
9.069936700913727723e-01
8.790190179366990098e-01
8.594869904885367173e-01
8.526502634228203537e-01
8.633866928094192650e-01
8.830076565269273647e-01
9.122904082077357701e-01
9.430147275332974033e-01
9.798793840098263264e-01
1.008003336449790011e+00
1.031114030246708557e+00
1.052334269262859445e+00
1.063698399145370344e+00
1.071089109960194463e+00
1.075424759892060989e+00
1.072227257789924559e+00
1.062496833744128288e+00
1.052991072196582056e+00
1.038932242313066467e+00
1.025974408659851900e+00
1.013488951155413487e+00
1.005208399006563669e+00
9.916551677775283791e-01
9.844781787385296079e-01
9.808738506352824293e-01
9.799211254601094545e-01
9.768945376169066996e-01
9.781718324001087428e-01
9.794703388456736937e-01
9.829397231939115409e-01
9.865086522352691789e-01
9.905180490172518226e-01
9.950866732149981075e-01
9.973203047100441809e-01
9.998320493684279553e-01
1.002864326856436339e+00
1.003096387681248869e+00
1.002864888607466698e+00
1.004363453709977483e+00
1.005077282464555299e+00
1.005195852436414627e+00
1.004347809701962690e+00
1.002801775616795732e+00
9.994568901265661331e-01
9.989489422047429512e-01
9.989937246602805798e-01
1.000228748487799191e+00
9.966818368502660119e-01
9.970546227940911832e-01
9.994502818144420653e-01
9.986585044680528211e-01
9.996855517975332672e-01
9.997381937032744359e-01
1.000404947535365574e+00
1.002922057306129267e+00
9.994636660854023802e-01
1.000228798554624987e+00
1.000562102016546051e+00
9.998070463745282188e-01
1.000942721464870067e+00
9.988570065420350197e-01
9.999888574798493357e-01
9.987458565524590659e-01
9.988610907952236717e-01
9.979723375249419659e-01
9.992464711262900590e-01
9.972819074845844511e-01
9.981000707945345551e-01
9.999693472042116005e-01
9.985442377319340146e-01
9.976850243478990743e-01
9.970388089430844980e-01
9.992248654595420332e-01
9.972028951282949638e-01
9.979109406107907754e-01
9.993746805641954278e-01
9.992211889690929549e-01
9.993952948034516837e-01
9.990910458843871300e-01
9.997208282536025337e-01
1.000468582796526507e+00
9.998905534588692356e-01
9.987204969342514671e-01
9.991480918617359208e-01
9.995845304302901635e-01
1.000899460698489341e+00
9.994442139016609383e-01
9.992134678868982434e-01
1.000968944421826823e+00
1.000573425172617936e+00
1.000641924753192136e+00
9.993404781288490746e-01
9.991394775385464833e-01
9.990728211070384335e-01
9.985223241904452873e-01
9.993097399191160912e-01
9.981941967986999176e-01
1.000041015975542402e+00
9.990476005682100702e-01
9.994939062652804518e-01
9.992001348072314659e-01
9.998680539940484335e-01
9.996522889051543403e-01
9.990290675691529954e-01
9.995617497505356885e-01
1.000028916055795802e+00
1.000160081501191289e+00
9.990621169346576291e-01
1.000406074818328772e+00
9.997210582078250862e-01
1.000582571109086327e+00
1.000410484135676459e+00
9.998780717525445061e-01
1.000148291130972034e+00
1.000472219129871831e+00
1.000107274763814669e+00
1.001540591433666805e+00
9.998094128358774313e-01
9.990106329932384455e-01
9.998787756916054370e-01
9.999885238308801050e-01
1.000280930641530341e+00
1.000875850490804186e+00
1.000045662239491318e+00
1.000055955949778141e+00
1.000004013920467560e+00
1.000286397307473818e+00
1.000194517627912338e+00
1.000412658656393061e+00
9.990349205476733996e-01
1.000078991422133301e+00
9.997868324110021909e-01
9.998251552298165201e-01
1.000183980156586605e+00
1.000400370596072230e+00
9.998972982521939779e-01
1.000118389414799580e+00
1.000160621674761385e+00
1.000070429521855431e+00
1.000110689286952237e+00
9.990592299650752350e-01
1.000017032243292192e+00
1.000491265163284682e+00
1.000448470558438663e+00
9.997343329568246784e-01
1.000020963774934657e+00
9.993480913857782921e-01
9.992629148936903460e-01
1.000088728675877725e+00
9.996180773404397257e-01
9.998292636236274511e-01
1.000145505449376193e+00
9.998644990030420843e-01
9.997036645596539817e-01
1.000929964637658154e+00
9.995824968819790879e-01
9.994310472017414737e-01
1.000520491829693492e+00
1.000460687694292528e+00
9.998767432315835979e-01
1.000138662181411009e+00
1.000200439750584369e+00
1.000180367623431987e+00
9.998017517719739455e-01
1.000619089066647538e+00
9.995292537242291830e-01
1.000562234687877528e+00
1.000735319574873161e+00
1.000778227137771648e+00
1.000262299041516645e+00
1.000743217523614392e+00
1.000084318069651923e+00
1.001307552083078534e+00
1.000200317574636788e+00
9.999901063521400291e-01
1.000809785855538925e+00
1.000302173775497572e+00
1.000547707008172527e+00
1.000416256433343865e+00
9.999781413085061521e-01
1.000387391752106225e+00
1.000250620849500782e+00
1.000592326887576267e+00
1.000202680383083464e+00
1.000480670303647734e+00
1.000424656433551496e+00
1.000578596062321690e+00
9.998525747226508775e-01
1.000846479724337934e+00
9.999813287008099127e-01
1.000586949893506050e+00
1.000125196244168846e+00
1.000465404370657785e+00
1.000472960386757926e+00
1.000966931530314019e+00
1.000847210826505629e+00
1.000729537611871889e+00
1.000130288919163668e+00
1.000420773329199875e+00
1.000476358419962075e+00
1.000669207736867072e+00
1.000452218543970595e+00
1.000553343531894956e+00
1.000699265187704023e+00
1.000492750602577585e+00
9.997000467857831696e-01
9.999431723781281312e-01
9.997568359798671978e-01
9.996252025598517665e-01
1.000890255166650089e+00
1.000445995968269219e+00
1.000251087206749823e+00
1.000421810134920042e+00
1.000230266405834012e+00
9.979181115416421166e-01
9.889534589745481163e-01
9.788075183542572777e-01
9.667630901856146819e-01
9.566841155822638498e-01
9.459691473060776179e-01
9.353763220676452050e-01
9.247162966780012594e-01
