0.000000000000000000e+00
0.000000000000000000e+00
0.000000000000000000e+00
0.000000000000000000e+00
0.000000000000000000e+00
0.000000000000000000e+00
0.000000000000000000e+00
0.000000000000000000e+00
0.000000000000000000e+00
0.000000000000000000e+00
0.000000000000000000e+00
0.000000000000000000e+00
0.000000000000000000e+00
0.000000000000000000e+00
0.000000000000000000e+00
0.000000000000000000e+00
0.000000000000000000e+00
0.000000000000000000e+00
0.000000000000000000e+00
0.000000000000000000e+00
0.000000000000000000e+00
0.000000000000000000e+00
0.000000000000000000e+00
0.000000000000000000e+00
0.000000000000000000e+00
0.000000000000000000e+00
0.000000000000000000e+00
0.000000000000000000e+00
6.120806193565904961e-03
2.467799622808230231e-01
1.648803242815710668e+00
3.494481102931856320e+00
3.709710934514502956e+00
2.664035746335839061e+00
1.607488305777569293e+00
9.458540140465676593e-01
6.136498737194754360e-01
4.740896578721888743e-01
4.428962077101791794e-01
4.671449107081700469e-01
5.312533891376710615e-01
6.156164699130001194e-01
7.219029591077273933e-01
8.252142153757783261e-01
9.431390370136819579e-01
1.049355148299168983e+00
1.136055949263430342e+00
1.194243362493345284e+00
1.234201686642038664e+00
1.241522324472428496e+00
1.229422454656398322e+00
1.201395168624459941e+00
1.164964730118904113e+00
1.120708407325559097e+00
1.073716034582108625e+00
1.028598732355919587e+00
9.851785507379494655e-01
9.442368286908572328e-01
9.062115931442981109e-01
8.773061671278312712e-01
8.568271804591528484e-01
8.523025807605235649e-01
8.641199541909898585e-01
8.837812728739714574e-01
9.144402409344032367e-01
9.449983679361158018e-01
9.767289943333468116e-01
1.007199686931318006e+00
1.033108301821236807e+00
1.055477535247455245e+00
1.064921253490080488e+00
1.071809348960956587e+00
1.075005892238909411e+00
1.072623782432269524e+00
1.065539869232306369e+00
1.055125521298646563e+00
1.041117441522869003e+00
1.028060579805721408e+00
1.015055558940329838e+00
1.001726244121016851e+00
9.958747118793546127e-01
9.849194802042198216e-01
9.819556289313670083e-01
9.764443814541480249e-01
9.778516080728434368e-01
9.800187002962708060e-01
9.794754535177635502e-01
9.827755423925025324e-01
9.845114958582461551e-01
9.925371858937087621e-01
9.921798224439235536e-01
9.961600838936868207e-01
1.003418006171035826e+00
1.002800913258385274e+00
1.003692342375880564e+00
1.004835711961948652e+00
1.006361340668084470e+00
1.005258487726820915e+00
1.004549431007312199e+00
1.006895638797763448e+00
1.002570053880478484e+00
1.002944478600572786e+00
1.000237359627026423e+00
1.002334036686177265e+00
9.993153817963484897e-01
9.989454334573967254e-01
9.990987847041165049e-01
9.985909680619758921e-01
1.000441900536224393e+00
1.000013092049886199e+00
1.001490822234891276e+00
9.999341188326499319e-01
1.001380614471335306e+00
1.002481929404164918e+00
1.001123370356802100e+00
1.002147500881420017e+00
1.000962048942700910e+00
1.001486622091558587e+00
9.999294005685516185e-01
1.000741116482514848e+00
9.992268986087969873e-01
1.000753436588969425e+00
1.000334921027473678e+00
1.000735545081683053e+00
9.988368452514032603e-01
9.992396770833782416e-01
9.992258932903513857e-01
9.983574395159867665e-01
9.978259090297253442e-01
9.995641983244420992e-01
9.988908731746491965e-01
9.989645894377339186e-01
9.986616423075284077e-01
9.999499042182682373e-01
1.000004780116341419e+00
1.001280991719301516e+00
1.000122488059522752e+00
1.001039183165009616e+00
1.000058967229600304e+00
1.001324301052714860e+00
1.000670332974083143e+00
1.001318158270312564e+00
1.000698155484986751e+00
1.000305818846388695e+00
1.001151840756870470e+00
1.001306015548151018e+00
1.000451405690436557e+00
1.000451601812336389e+00
9.982799522927118252e-01
1.000883771364412089e+00
1.000035284672770475e+00
1.000732249621469672e+00
9.993118947527579454e-01
9.992800148936276106e-01
9.995021001670096883e-01
9.993364964392659200e-01
9.995938277113908255e-01
1.001144080887909515e+00
1.000964397383381721e+00
9.991162565803767270e-01
9.981689400340428842e-01
9.998667759717004833e-01
9.995577490612106430e-01
9.999871663451160853e-01
9.994477314595489048e-01
1.000694891295366373e+00
1.000059224444311834e+00
9.999170523749960626e-01
1.001003783160435257e+00
1.001117390935814422e+00
1.000425750306440431e+00
9.994562217325594355e-01
9.995527546466813629e-01
9.994370505079767097e-01
9.995039922357107365e-01
1.000330956819113437e+00
9.999620516948721782e-01
1.000417783151655193e+00
1.000991828618876145e+00
1.000213809594422854e+00
1.000296063830292681e+00
1.000152829323371684e+00
1.000103595526532052e+00
1.000668021234097704e+00
9.998084340322200836e-01
9.998538261601144228e-01
1.000044113779677613e+00
9.994691419980520353e-01
1.001276891026815052e+00
1.000710620928688011e+00
9.993241336902846106e-01
1.000571416715675843e+00
1.000354686753015088e+00
1.000258791813122716e+00
1.000864806569470522e+00
1.000517058555677519e+00
1.000647304252340719e+00
1.000878443721491040e+00
1.000919860908026759e+00
1.000600877622287221e+00
9.998129400862831861e-01
9.996391055233065925e-01
1.000431803565496658e+00
1.000252231598613983e+00
9.996161400627111560e-01
1.000776747327925431e+00
1.000635737303372963e+00
1.000646910040420501e+00
1.000010354108743726e+00
9.999999873709043419e-01
1.001140032298719174e+00
1.000407127967200216e+00
1.000404667246219903e+00
1.001095615390463989e+00
1.000107325824337368e+00
1.000782393501334022e+00
1.000331000603923437e+00
1.000275533468504729e+00
1.000060743410937647e+00
9.999151879240333329e-01
1.000425713574186970e+00
1.000993452312503917e+00
1.000090734533515713e+00
1.000032810418963525e+00
9.998382321395241634e-01
1.000218456332855999e+00
1.000705241230388731e+00
1.000371401463920673e+00
1.000537880386398459e+00
9.995085269697874253e-01
1.000689608475878067e+00
1.000601999238842632e+00
1.000383023000408045e+00
1.000275342351857555e+00
1.000476180198182297e+00
1.000187496727194647e+00
9.995864740204962740e-01
9.999566351572121148e-01
1.000272885253822075e+00
1.000594449517127948e+00
1.000531856456716717e+00
1.000277174022723203e+00
9.998029772436842766e-01
9.994432571679153776e-01
1.000890376399112158e+00
1.000446149473136925e+00
1.000927346300502840e+00
1.000234081720619006e+00
9.993319594376635084e-01
1.000484421261690127e+00
1.000158475685049453e+00
1.000278760155788094e+00
1.000294683438948118e+00
1.000003970614136817e+00
1.000363894621048022e+00
1.000298471235855136e+00
1.000738520430879186e+00
1.000867008717427398e+00
1.000493076207964682e+00
9.998063613501770863e-01
9.996742009921896210e-01
1.000351151871183397e+00
1.000449842399544265e+00
1.000508716569743495e+00
9.997253475620477836e-01
1.000219839291619506e+00
9.999292817070571937e-01
1.000795283760685273e+00
1.000721172365792055e+00
1.000271039902634440e+00
1.000818890087223911e+00
1.000723867840344283e+00
9.986918376916097406e-01
9.885209839675624943e-01
9.786803251834927941e-01
9.676256261797614444e-01
9.567472607712734778e-01
9.462398450869196065e-01
9.358028067945537432e-01
9.249041602825250896e-01
