0.000000000000000000e+00
0.000000000000000000e+00
0.000000000000000000e+00
0.000000000000000000e+00
0.000000000000000000e+00
0.000000000000000000e+00
0.000000000000000000e+00
0.000000000000000000e+00
0.000000000000000000e+00
0.000000000000000000e+00
0.000000000000000000e+00
0.000000000000000000e+00
0.000000000000000000e+00
0.000000000000000000e+00
0.000000000000000000e+00
0.000000000000000000e+00
0.000000000000000000e+00
0.000000000000000000e+00
0.000000000000000000e+00
0.000000000000000000e+00
0.000000000000000000e+00
0.000000000000000000e+00
0.000000000000000000e+00
0.000000000000000000e+00
0.000000000000000000e+00
0.000000000000000000e+00
0.000000000000000000e+00
0.000000000000000000e+00
5.932654907114079043e-03
2.493426716004348564e-01
1.647616295924456464e+00
3.493760919961290234e+00
3.691929887293786905e+00
2.654306327122380793e+00
1.600527539511899411e+00
9.451131975516996464e-01
6.147972150591121121e-01
4.761834920335752397e-01
4.447622645596163160e-01
4.725675390258307074e-01
5.319114933413194857e-01
6.159950007435729402e-01
7.157665478958652461e-01
8.315127396195103326e-01
9.399662765370762063e-01
1.049353258192435412e+00
1.128559997182832841e+00
1.198418084297332875e+00
1.223928432878258921e+00
1.235288386463737842e+00
1.228994309031840260e+00
1.197798010210649577e+00
1.163816743340248649e+00
1.115051309339680552e+00
1.070996879752317943e+00
1.027146661242061221e+00
9.813491917467633829e-01
9.431834544301858081e-01
9.070989914926336217e-01
8.758023082627921507e-01
8.589096755807442696e-01
8.562114475135532699e-01
8.650016569299852076e-01
8.849932269711024979e-01
9.155283666734848058e-01
9.438722919952663437e-01
9.795771238831804117e-01
1.009857594585726659e+00
1.032021010301339414e+00
1.052896253191985876e+00
1.067248052533921410e+00
1.071932385987158121e+00
1.074783838198611896e+00
1.072145320135723612e+00
1.064783980536095687e+00
1.054304985486114177e+00
1.040904279616033934e+00
1.028839899792574952e+00
1.013154300383465323e+00
1.002923705069179938e+00
9.936819272190523522e-01
9.851819889419130005e-01
9.817560997250560639e-01
9.790439730457234369e-01
9.782740198958873590e-01
9.811988914287274044e-01
9.794162258934928644e-01
9.836938741011013176e-01
9.875516579801922878e-01
9.920006043447235911e-01
9.948199044457523010e-01
1.000074971661619960e+00
1.001549899602332427e+00
1.004752045279337702e+00
1.005342809783579705e+00
1.005169867078772095e+00
1.005350555392566125e+00
1.005173503132876345e+00
1.005311225046714219e+00
1.007657613756754555e+00
1.003870837458914478e+00
1.004920931027488473e+00
1.000790803275265706e+00
1.000027592111640828e+00
1.000156018498816968e+00
9.992438155477559869e-01
9.998627398456010340e-01
1.000544782428121504e+00
1.000363658902817754e+00
1.001237200788176684e+00
1.000753868009839787e+00
1.002190610143719240e+00
1.001197129253041052e+00
1.002938210690177190e+00
1.003604082246360774e+00
1.002721709154095864e+00
1.001644596697310652e+00
1.001392765337580260e+00
1.002487658599310327e+00
9.999185394058618392e-01
1.000888815627569262e+00
1.000172809060511536e+00
9.996348469213145460e-01
1.002561205722307447e+00
1.001281247568926558e+00
9.995234076618082497e-01
1.000070705830385931e+00
9.987249127671380400e-01
1.000944639814632442e+00
1.000094075851195141e+00
9.991868226528809460e-01
9.998514751028048098e-01
1.000436210170808193e+00
9.993633008838824772e-01
1.000897488202199703e+00
9.986940066892534551e-01
1.002071040339602925e+00
1.002460391092370395e+00
1.001338494625660491e+00
1.001274737816012950e+00
1.001412883589971159e+00
1.001221263737083866e+00
1.001452212806677178e+00
1.001113575124425337e+00
1.000633025954474675e+00
9.998678490892399795e-01
1.000857379902387212e+00
1.000614622097778517e+00
1.000411349011046891e+00
9.997370136253383999e-01
1.000032248982944960e+00
1.000913803804532431e+00
9.986730325348015525e-01
1.000553149888633087e+00
1.000067325931805584e+00
9.991749286888925718e-01
1.001933882559429501e+00
9.999782598797342104e-01
1.000944459379943030e+00
1.000708907231583789e+00
1.000163585012986633e+00
1.001209506573604857e+00
1.000583965079525628e+00
9.992381607861401394e-01
1.000758684647828689e+00
1.001243666956220801e+00
1.000964550279701992e+00
1.000177549200917282e+00
1.000614035214781428e+00
1.000463569139215414e+00
1.001142542102275490e+00
1.000332226952681092e+00
1.000411460349036608e+00
1.002070897603273725e+00
9.990391126393788346e-01
9.999850429018207754e-01
1.001171812757143176e+00
1.001119818502319125e+00
1.000208089732688821e+00
1.000091815132245765e+00
9.996448479210507942e-01
1.001619970320824171e+00
1.000810392707718099e+00
1.000021661223899239e+00
9.999178091536532476e-01
9.995956304327713315e-01
1.001243927075783358e+00
1.000184779999236495e+00
1.000653308612340808e+00
9.995647101720338545e-01
1.000378432923518357e+00
9.999295543595658753e-01
1.000892403852807311e+00
9.998592372706550657e-01
1.000017082296271065e+00
1.000117945810503395e+00
1.001376326558995222e+00
1.000243529776585705e+00
1.000157772275235502e+00
1.000949587018664433e+00
1.000448601342632138e+00
1.000277594682793980e+00
9.996694107996434431e-01
9.998487567223306449e-01
1.000086508354305348e+00
1.000365566864971578e+00
1.000896027149610346e+00
1.000224197649034030e+00
1.000519186201965782e+00
1.000848463582740377e+00
9.997581194737101828e-01
1.000398617825065672e+00
9.998522093578686709e-01
9.998046181964090895e-01
9.995085500530578315e-01
1.000795485333514812e+00
1.000219327316252294e+00
1.000083586193428742e+00
9.994979648517561266e-01
9.995094949905773962e-01
1.000404830849034310e+00
1.000134749414637092e+00
1.000520305425947054e+00
1.000747697121164848e+00
1.000062683484800985e+00
1.000783728996583966e+00
1.000535996413026707e+00
9.993008897152672043e-01
9.999909518264957775e-01
1.000201146543943320e+00
9.989655497095318859e-01
1.000510024098033357e+00
9.999142436107787413e-01
1.000907608018285266e+00
1.000035692618975514e+00
1.000572478980210400e+00
9.995280715312393482e-01
1.000729869769296787e+00
9.997534772047735885e-01
1.000525909534253355e+00
1.000021497111460933e+00
1.000609851530388728e+00
1.000446131351991896e+00
1.000095834637826364e+00
1.000174614256977845e+00
1.000885087398512230e+00
9.994938637352063227e-01
9.996225957864809386e-01
9.999577864701625352e-01
9.997719008432213172e-01
9.997436735317870582e-01
1.000690080141269034e+00
1.000448730315867785e+00
1.000260681646328864e+00
1.000356243922055466e+00
1.000174934413324834e+00
9.998779030977775761e-01
1.000816461742470631e+00
1.000577904042066590e+00
1.000115259747116792e+00
1.000771528010501399e+00
1.000296474606059416e+00
1.000996399471454135e+00
1.000408636468632428e+00
9.998144975088855135e-01
1.000392824529383384e+00
1.000453918111953167e+00
1.000837494869976751e+00
9.991101079665872797e-01
1.000253656401998814e+00
1.000175133296879348e+00
1.000519924694409868e+00
9.978982625773383797e-01
9.896161881871877730e-01
9.785368188210832319e-01
9.677928651957576900e-01
9.579282782613695035e-01
9.465916246294240333e-01
9.353740766525148187e-01
9.256850909557415852e-01
