0.000000000000000000e+00
0.000000000000000000e+00
0.000000000000000000e+00
0.000000000000000000e+00
0.000000000000000000e+00
0.000000000000000000e+00
0.000000000000000000e+00
0.000000000000000000e+00
0.000000000000000000e+00
0.000000000000000000e+00
0.000000000000000000e+00
0.000000000000000000e+00
0.000000000000000000e+00
0.000000000000000000e+00
0.000000000000000000e+00
0.000000000000000000e+00
0.000000000000000000e+00
0.000000000000000000e+00
0.000000000000000000e+00
0.000000000000000000e+00
0.000000000000000000e+00
0.000000000000000000e+00
0.000000000000000000e+00
0.000000000000000000e+00
0.000000000000000000e+00
0.000000000000000000e+00
0.000000000000000000e+00
2.908958855102047596e-05
5.125691141942477665e-03
1.864791444266361564e-01
1.217206594906807604e+00
2.711629499251704711e+00
3.195609852270830054e+00
2.687468894115990992e+00
1.977614548172464737e+00
1.430491253447331301e+00
1.086221990118534597e+00
8.872600217926656097e-01
7.844037561437389172e-01
7.436937725275225564e-01
7.429773186197247137e-01
7.692302139457699584e-01
8.094202224331480400e-01
8.636102073807215840e-01
9.233627198788089130e-01
9.786826328823264864e-01
1.025113973866832451e+00
1.063696114473097643e+00
1.081482921850537071e+00
1.091988720379329036e+00
1.084892993217087209e+00
1.074139343478369479e+00
1.050880034840603550e+00
1.029215512580262226e+00
1.005926356855614046e+00
9.763040296228596704e-01
9.517448629563286522e-01
9.316607757231327724e-01
9.164690888280893066e-01
9.028948134739883669e-01
9.009950388670628918e-01
9.034258988586748584e-01
9.151271297115517456e-01
9.351292404822433291e-01
9.616800863526220322e-01
9.865488070839264489e-01
1.010026621584176443e+00
1.032839688267310763e+00
1.046010940840654380e+00
1.055773496464183614e+00
1.058929080233149023e+00
1.056575171373884459e+00
1.056019240801277848e+00
1.049204092040523895e+00
1.041589975838204785e+00
1.030654402634475719e+00
1.024112345370684629e+00
1.014095505203413738e+00
1.003527776257082227e+00
9.978956489383254969e-01
9.915045205056934874e-01
9.850344131203917497e-01
9.829106391239070817e-01
9.820080714807162270e-01
9.805098416742400458e-01
9.809765574115875131e-01
9.850242153949823054e-01
9.865877793436113041e-01
9.891231141766202439e-01
9.899549677734653663e-01
9.940552681318088890e-01
9.972362676631836287e-01
9.998661760866663917e-01
1.002216437856994435e+00
1.002146617038465193e+00
1.003278993241681682e+00
1.002704708310148574e+00
1.003378869930790174e+00
1.004301541102152084e+00
1.003550121603117073e+00
1.003387094608546803e+00
1.003267350753067610e+00
1.003830306812774520e+00
1.004094445158065119e+00
1.003476648065068755e+00
1.003626838125253995e+00
1.002132859615500804e+00
1.003801313732085365e+00
1.002996532770343396e+00
1.003079306676007088e+00
1.001987566337678937e+00
1.001437527128595573e+00
1.001813373421050146e+00
1.000397221952374016e+00
9.991598514573891698e-01
1.000244086770685215e+00
1.000722547431222464e+00
9.991487181202199919e-01
9.983755899533007794e-01
9.988071207656572525e-01
9.967720027128816884e-01
9.982377402321667148e-01
9.995064716017275641e-01
9.982712257033570236e-01
9.987690715233024097e-01
9.989301839300545049e-01
9.992738375376496451e-01
9.993227994743932863e-01
1.000902747512031565e+00
9.998576690922756915e-01
1.001034284190742252e+00
1.000430394230936493e+00
1.000284225987904563e+00
1.000234461319019053e+00
1.001742990752069407e+00
1.000442734923393751e+00
1.001142005955343750e+00
1.000928802370711468e+00
1.001986826115890850e+00
1.001724080281879647e+00
9.996723320445956018e-01
1.000785844206717234e+00
1.001056552421442536e+00
1.001019005702784126e+00
1.000228579413072305e+00
1.001513385241815879e+00
1.000651821920015339e+00
1.000288291574425337e+00
1.000041809580955787e+00
9.994611250923426393e-01
1.000375280758665442e+00
9.996431395269383957e-01
1.000113694519633833e+00
1.000022166987078132e+00
1.000274573127861721e+00
1.000601573792200050e+00
9.998407776940240188e-01
1.000098403463252517e+00
9.996301992664338165e-01
9.999084444762320611e-01
1.000014836976270027e+00
1.000778548394729794e+00
1.000747067492001374e+00
1.000603621162148515e+00
1.000007960794418338e+00
1.001209110302902605e+00
1.000845683424400390e+00
1.001031596451871675e+00
1.001910734930362201e+00
1.001176919794115383e+00
9.998693131499667430e-01
1.000444053183764392e+00
1.000504096171143553e+00
1.000225129999605000e+00
9.997110697026543313e-01
1.000469529323066986e+00
1.000184044007285999e+00
1.000453365670542549e+00
1.000337804108361484e+00
9.996280438269757873e-01
9.997989009074488287e-01
1.000029705437929906e+00
1.000342902548513990e+00
9.998309719464171241e-01
1.001386787273985890e+00
1.000354396595434459e+00
9.992612068926003399e-01
1.000597426042076687e+00
9.999656856293456242e-01
1.000859510254861195e+00
9.993091768033691702e-01
1.000500059759170668e+00
1.000439860180622365e+00
1.000700443996334510e+00
1.000501645764612313e+00
9.999936277189080958e-01
9.997926787847165597e-01
9.998414870100427176e-01
9.995956715273147664e-01
1.000474520071668483e+00
1.000863500264969286e+00
1.000137619112158927e+00
1.000323409297723787e+00
1.000851861216232264e+00
9.998854002162568255e-01
1.000019934198066229e+00
1.000300518195675892e+00
9.999402091004324644e-01
1.000176439563596142e+00
1.000201944218804151e+00
9.998915992232350058e-01
9.997527775187482479e-01
1.000690708645951332e+00
1.000477122541097552e+00
1.000668364472967697e+00
1.000586522583610138e+00
1.000223281116257912e+00
1.000641438716252329e+00
1.000513736627337336e+00
1.000317479441153790e+00
1.000861151945070748e+00
1.000559618675443740e+00
1.000290944979015606e+00
1.000271207751709079e+00
1.001160605381998803e+00
1.000468459213301076e+00
1.000774128960931098e+00
1.000937471881675478e+00
1.000107089068104749e+00
1.000648323106383186e+00
1.001057439727295328e+00
1.000442217238532550e+00
1.000573632873114960e+00
1.000448903361140562e+00
1.000547668001132706e+00
1.000535686843498029e+00
1.000522156281102859e+00
1.000627252786946642e+00
1.001178993875029510e+00
1.000660996920568868e+00
1.000545574154310779e+00
1.000093030001697691e+00
1.000396407030465618e+00
1.000745586880120719e+00
1.000397453096153910e+00
1.000172991607171546e+00
1.000540583111100945e+00
1.000564745044407511e+00
1.000192346979138502e+00
1.000409443944659360e+00
1.000951112597716630e+00
9.999727706287722118e-01
1.000165765951579244e+00
9.999465395340457752e-01
1.000128634222537061e+00
1.000679746216604382e+00
1.000867837536006721e+00
1.000470025665436191e+00
1.000296081740664977e+00
1.000661877328473670e+00
1.000524579642704026e+00
9.998274685814400042e-01
1.001021701073814718e+00
1.001129052824785814e+00
9.998781002039176524e-01
1.000610204629858835e+00
1.000529736845819917e+00
1.000221725098880743e+00
1.000595053760290787e+00
1.000691076873718499e+00
1.000747733686891294e+00
1.000598812334030363e+00
9.985153804757825879e-01
9.893755202564544771e-01
9.783223426311355997e-01
9.676912733041731496e-01
9.568910670127546148e-01
9.453832119840857029e-01
9.352604456110269471e-01
9.247229092730619993e-01
