0.000000000000000000e+00
0.000000000000000000e+00
0.000000000000000000e+00
0.000000000000000000e+00
0.000000000000000000e+00
0.000000000000000000e+00
0.000000000000000000e+00
0.000000000000000000e+00
0.000000000000000000e+00
0.000000000000000000e+00
0.000000000000000000e+00
0.000000000000000000e+00
0.000000000000000000e+00
0.000000000000000000e+00
0.000000000000000000e+00
0.000000000000000000e+00
0.000000000000000000e+00
0.000000000000000000e+00
0.000000000000000000e+00
0.000000000000000000e+00
0.000000000000000000e+00
0.000000000000000000e+00
0.000000000000000000e+00
0.000000000000000000e+00
0.000000000000000000e+00
6.960628993875711545e-02
1.595204709940792664e+00
5.717763540586103588e+00
6.639945615258344702e+00
4.221595270237512132e+00
2.118474597479651500e+00
9.495943215567860252e-01
4.635290560332620546e-01
2.744898076038363999e-01
1.516938048156909469e-01
1.183262950727553692e-01
1.087230396161242840e-01
1.137315192942608133e-01
1.301252224611913200e-01
1.967932840913607373e-01
2.840895800373287039e-01
4.292814471231066187e-01
6.444678845654325805e-01
9.193797078040282234e-01
1.261657778382394790e+00
1.578390955550793784e+00
1.871890040368720864e+00
2.064747519489425809e+00
2.166398318085524188e+00
2.229803551983562393e+00
2.303103817029398037e+00
2.297308832687443125e+00
2.191650716462723913e+00
1.998378408670642203e+00
1.746989251767105733e+00
1.471517593688373537e+00
1.204118436812632753e+00
1.027744110636164443e+00
9.211153649718647474e-01
8.607931252044194181e-01
8.550396608989058178e-01
8.524601689568835905e-01
8.890708572829545409e-01
9.205384373796996478e-01
9.630618181656808163e-01
1.019226229770161751e+00
1.045443418000697955e+00
1.073424374801124515e+00
1.116059362264212318e+00
1.120046030581356655e+00
1.137070865673932563e+00
1.126787678484425292e+00
1.136777668876151726e+00
1.129610736772422630e+00
1.097722507477551401e+00
1.075630870578986764e+00
1.059167452340902926e+00
1.028703092745585801e+00
9.986620032242395917e-01
9.734580309345923776e-01
9.743764306543757359e-01
9.509152319512486073e-01
9.514281892996595547e-01
9.469910547798500167e-01
9.658825266722183001e-01
9.694973496214021047e-01
9.761832961589635982e-01
9.697975196211220394e-01
9.903885440876670776e-01
9.896666806924501181e-01
9.932176465766225926e-01
1.000402855964424242e+00
1.002256033859380668e+00
1.011079376527850737e+00
9.930327764957049830e-01
9.881728809165356564e-01
9.868108388143719267e-01
9.830478611289069635e-01
9.849877511998319513e-01
9.837556696661390321e-01
9.817050768814103989e-01
9.841819116870019757e-01
9.777106666268128299e-01
9.824792346328130588e-01
9.807152995195091982e-01
9.758814982282705275e-01
9.900349026478713066e-01
9.795138862066257168e-01
9.871551456010329018e-01
9.903281616775679863e-01
9.918040169822291974e-01
9.855429226746191818e-01
9.961967271840561633e-01
9.968947393827541914e-01
9.917769374709585195e-01
9.865730424867067416e-01
9.880343731783972627e-01
9.879735437489853833e-01
9.924483005743569564e-01
9.942933268127503998e-01
9.896190457546809593e-01
9.927826419268537261e-01
9.913207158120894702e-01
9.956126223650920704e-01
9.884119366655719219e-01
9.930810647651593381e-01
9.903133273755788668e-01
9.880358811554307286e-01
9.968880175080787609e-01
9.955726779658908843e-01
9.969713696001215597e-01
9.951148409865832045e-01
9.995176584532634578e-01
9.949993224247069001e-01
9.960928090106888622e-01
1.002976631695290388e+00
1.000428419940068814e+00
9.940703071822475367e-01
9.896656152230980386e-01
9.955454293426437840e-01
9.972980605587647984e-01
9.963521541811047877e-01
9.956193257837850918e-01
9.993775787232546115e-01
9.940843751668932970e-01
9.929044349017763782e-01
9.940074666281326632e-01
9.966539312669450146e-01
9.965961076837692723e-01
9.958092798940968438e-01
1.001039699343291289e+00
9.996797846321118231e-01
1.002465016406797194e+00
1.000023292525023200e+00
9.974657683060264013e-01
1.000268109665455096e+00
9.944363141162637643e-01
9.905571663436205654e-01
9.940941340457076780e-01
1.000885114380900998e+00
1.003085889464978564e+00
9.948097484465530105e-01
1.001784299722555449e+00
9.938479917342363246e-01
1.001661686746601498e+00
1.000730806682012641e+00
9.969922032513589549e-01
9.893990130300972519e-01
9.978233723304558156e-01
1.002523089178934512e+00
9.889551627425932079e-01
1.005304216148980689e+00
9.981109058897024155e-01
9.993454358298180518e-01
9.981158996537394801e-01
9.977394011201177193e-01
9.996242100255702256e-01
9.988969664219942146e-01
9.957790479235046899e-01
9.973046783604594401e-01
1.002286168585743598e+00
9.973488870294552333e-01
9.979713222539159378e-01
1.004675108431571262e+00
1.000285620690761101e+00
9.974961363254325475e-01
9.986854398391624699e-01
9.970028932118993881e-01
9.918246232981084987e-01
1.001511473831873111e+00
9.964990852756663298e-01
9.979552339311299480e-01
9.979768956819774495e-01
9.966216355528602078e-01
9.984123706492170625e-01
1.000265746150249324e+00
9.980437745939337857e-01
9.988198384245167150e-01
1.002120934408814001e+00
9.991640757422899366e-01
9.989187055974185769e-01
9.928810801174308143e-01
9.988297937486450007e-01
9.957842005788475337e-01
9.990824400150816187e-01
9.968146249560558836e-01
9.943314618459015986e-01
9.975620855226905448e-01
9.967802979016965326e-01
1.000786746668889116e+00
1.002050155287745214e+00
9.999504916405708155e-01
9.963978829234180212e-01
9.942967471392146761e-01
9.965749907203638180e-01
9.965804727986085076e-01
9.973856857117383568e-01
9.989951984524416684e-01
9.976153112738525008e-01
9.963756335692640631e-01
9.971035669248603517e-01
9.928364721777467317e-01
9.975766571124973225e-01
9.989804350504838393e-01
9.990123570894020588e-01
9.948699091107267023e-01
9.981096338328970807e-01
9.972794006699177149e-01
9.996429128864375846e-01
9.987618271405288572e-01
9.996381113842529587e-01
1.001874473728302295e+00
1.000188027050370687e+00
9.984152446553313798e-01
9.947429316758106266e-01
9.959170310200802234e-01
9.991309907296339610e-01
1.000565868959345517e+00
9.944212381120264288e-01
9.947320562204692296e-01
9.983642700662948011e-01
9.944382924398476042e-01
9.965942246739730725e-01
1.001959904459511996e+00
9.960649873987352798e-01
9.951438421024275671e-01
1.000959398458556970e+00
9.961304963975848858e-01
9.972274046912041889e-01
9.995392463495554880e-01
9.956506704875688341e-01
9.980661829948120900e-01
1.001228778085029969e+00
9.944174025345309254e-01
9.981031707256580177e-01
9.952558436672448439e-01
9.975330473002239628e-01
9.983036715150490625e-01
9.971507947440054753e-01
9.997989669394923284e-01
9.971555251078846327e-01
9.962663963366711339e-01
9.960662331290764948e-01
9.950037197582271009e-01
9.972358738426668756e-01
9.949109899690843362e-01
9.953972680748500723e-01
9.947624991389905080e-01
9.976014159430129924e-01
9.921265906524912026e-01
9.838835460001974509e-01
9.684132780854137756e-01
9.598827405191561191e-01
9.459338121034731595e-01
9.369850474905865312e-01
9.267063650182069123e-01
9.182555260150110366e-01
9.045528822616845099e-01
8.954942268463101929e-01
8.840887921927368387e-01
