0.000000000000000000e+00
0.000000000000000000e+00
0.000000000000000000e+00
0.000000000000000000e+00
0.000000000000000000e+00
0.000000000000000000e+00
0.000000000000000000e+00
0.000000000000000000e+00
0.000000000000000000e+00
0.000000000000000000e+00
0.000000000000000000e+00
0.000000000000000000e+00
0.000000000000000000e+00
0.000000000000000000e+00
0.000000000000000000e+00
0.000000000000000000e+00
0.000000000000000000e+00
0.000000000000000000e+00
0.000000000000000000e+00
0.000000000000000000e+00
0.000000000000000000e+00
0.000000000000000000e+00
0.000000000000000000e+00
0.000000000000000000e+00
0.000000000000000000e+00
6.652300761126440920e-02
1.586141189903466753e+00
5.689386583913000450e+00
6.693304640055727006e+00
4.278316437890532953e+00
2.076897984927569052e+00
9.705261248565140164e-01
4.800306712277133125e-01
2.707226026244618500e-01
1.597469753347053323e-01
1.325141028461146175e-01
1.100614183258131762e-01
1.166107984338898979e-01
1.328603313524910345e-01
1.869907169327624241e-01
2.783068930343406966e-01
4.268654966944912532e-01
6.388589109956120948e-01
9.245733640451034852e-01
1.248644597210934126e+00
1.588476765840444171e+00
1.838913072579828389e+00
2.049015858086870256e+00
2.178817358659904002e+00
2.258173026848774523e+00
2.308491351179994489e+00
2.293398239194224253e+00
2.203762769440980041e+00
2.003785469472444181e+00
1.749038842137234928e+00
1.460069508949175754e+00
1.229597053490859349e+00
1.044031297021930982e+00
9.366923566035989523e-01
8.556694696883454521e-01
8.503623328447401652e-01
8.628335234332304982e-01
9.121957369293707263e-01
9.317844813037329255e-01
9.720382161562338696e-01
1.008069763409662700e+00
1.045321413985465631e+00
1.092856999567038079e+00
1.109210688295472869e+00
1.121886289573134965e+00
1.141447692095225674e+00
1.132620625105233536e+00
1.131307740068349554e+00
1.114934054418710074e+00
1.104781174321826764e+00
1.090667870254369953e+00
1.054647312024479255e+00
1.016132422613979625e+00
9.940824149453988401e-01
9.818867943786088182e-01
9.690162600056909659e-01
9.538272028785850232e-01
9.539410444071603212e-01
9.512145664363601538e-01
9.596566736255394137e-01
9.519285095628253757e-01
9.736120409956108279e-01
9.861769140956533342e-01
9.942996534437804623e-01
9.901971922014501937e-01
9.961050880289195053e-01
9.958115549576670444e-01
9.951802269545039215e-01
9.903488067414411011e-01
9.874413247980485808e-01
9.852927394326113086e-01
9.892059185915169639e-01
9.843911810615681990e-01
9.869554218599269069e-01
9.792592371531509965e-01
9.697549155331819382e-01
9.779870602953553149e-01
9.777188804864004323e-01
9.748599992920156110e-01
9.767447804744088247e-01
9.927104420708116050e-01
9.843121155975258496e-01
9.818425250696880546e-01
9.866461313685823686e-01
9.852376685435630943e-01
9.928644292199106935e-01
9.854127542194802691e-01
1.004678396045777911e+00
9.938475194258568068e-01
9.982428992027098102e-01
9.969453600717717023e-01
9.882063639624300011e-01
1.000278409929390877e+00
9.882319561995613899e-01
9.916824671723871720e-01
9.965284055823190323e-01
9.911137476441845839e-01
1.002050995935969357e+00
9.955528769621411200e-01
9.952834346090306816e-01
9.955189372336096243e-01
9.953868609444534998e-01
9.948115145076895649e-01
9.996780726494836067e-01
9.932376142429463206e-01
9.939656124612726851e-01
9.844185265674810781e-01
9.992717535755433200e-01
9.965651483799436994e-01
9.906721036780171685e-01
9.931045118731475219e-01
9.912962649072911692e-01
9.956615019135702793e-01
9.927171397720627732e-01
9.954415554330656724e-01
9.921142154083084641e-01
9.944467084380068655e-01
9.950183872011840736e-01
9.926316354445468004e-01
9.986114630259156355e-01
9.901834562406421902e-01
9.985565989876423743e-01
9.976758003866444957e-01
9.942530308659234262e-01
9.986873422048900828e-01
9.925224468869461303e-01
1.003133571848292549e+00
9.853270664484919950e-01
9.966559179145602076e-01
1.002899777215837895e+00
9.937453796635236092e-01
9.952993625916554121e-01
9.931951962309553128e-01
9.948792879111963972e-01
1.002217100624546164e+00
9.960260866592345330e-01
9.964204223109757175e-01
9.975488047052420981e-01
9.988385694221711963e-01
9.948553565429143486e-01
9.967079959747349172e-01
9.961853179914818002e-01
9.997996370638269070e-01
9.985098836382870768e-01
9.943618808702366918e-01
9.925956241712713402e-01
9.939925932371135309e-01
9.981814017293902941e-01
9.988990458285058605e-01
9.968171395707264848e-01
9.918594895551292590e-01
9.973088241282619393e-01
9.941344092835440183e-01
1.002012155888333700e+00
9.994111706413223439e-01
9.982034961978558663e-01
9.964653940414425204e-01
1.000218183211712075e+00
9.993110043476624016e-01
9.948696765352612603e-01
9.984843531233855707e-01
9.979510939910161138e-01
9.972078259542421774e-01
1.001103161376462491e+00
9.981999350014649774e-01
9.997450319036779165e-01
9.985286133088606686e-01
9.964553584693645050e-01
1.001068998079512662e+00
1.001519481257163502e+00
9.967621268428941139e-01
1.003996323226229004e+00
9.973306592401172121e-01
9.975591892321478138e-01
9.920516704331466817e-01
9.965523788094242663e-01
1.000407123288264089e+00
9.949918354934882414e-01
9.976273375583507574e-01
1.001059976353054992e+00
9.969217993243019160e-01
1.000059941268500285e+00
9.943755473659559030e-01
9.948232830095665724e-01
9.951312175229073409e-01
1.001291887429908156e+00
1.002681074651960547e+00
9.969926762436099876e-01
9.977785416208246883e-01
9.977848461363908461e-01
9.982030132783537013e-01
9.954853610587297563e-01
9.985389136851806624e-01
1.001342209066317324e+00
1.003249133278014016e+00
1.002990369401723925e+00
9.990708496649529646e-01
9.992405488446488571e-01
1.002066127054924705e+00
1.003798725893297439e+00
9.985759152699561492e-01
1.000554255203133902e+00
1.001025667159153754e+00
9.993212589543951641e-01
1.003916837467625500e+00
1.000617104721065020e+00
9.969425628181218801e-01
9.996361177063374237e-01
9.996082921716602510e-01
9.979894344541885287e-01
9.967338540030939997e-01
1.002775793624534950e+00
9.985362930394303671e-01
1.000673392330038824e+00
1.004103786525073039e+00
9.992716395538885354e-01
9.981636227411222473e-01
1.002536008264462319e+00
9.997144974026038744e-01
9.975618765504595808e-01
1.000327188018267810e+00
1.000266272746966445e+00
9.973897507007382091e-01
9.990196811644979080e-01
9.982883893404596032e-01
9.994488835469995669e-01
1.002273271063283788e+00
9.996523947698300328e-01
1.001108264688842953e+00
1.002168697685306142e+00
1.000692863500701302e+00
9.989381018668034296e-01
9.991453239311496315e-01
1.002929191435229184e+00
1.004544711348566155e+00
9.988152375478994704e-01
1.005285599423810128e+00
9.948995558037513343e-01
1.000164662972975682e+00
9.966357618093759640e-01
9.986694044292634409e-01
9.964939033900100940e-01
1.000632472240015058e+00
9.939604212571163666e-01
9.943966213502042351e-01
9.815166625934315103e-01
9.679358375161125627e-01
9.599268223260030153e-01
9.510404422420880577e-01
9.422645151128068441e-01
9.281327669550217818e-01
9.192831421662434055e-01
9.101284595829686186e-01
8.961002846941101829e-01
8.920049006133503600e-01
