0.000000000000000000e+00
0.000000000000000000e+00
0.000000000000000000e+00
0.000000000000000000e+00
0.000000000000000000e+00
0.000000000000000000e+00
0.000000000000000000e+00
0.000000000000000000e+00
0.000000000000000000e+00
0.000000000000000000e+00
0.000000000000000000e+00
0.000000000000000000e+00
0.000000000000000000e+00
0.000000000000000000e+00
0.000000000000000000e+00
0.000000000000000000e+00
0.000000000000000000e+00
0.000000000000000000e+00
0.000000000000000000e+00
0.000000000000000000e+00
0.000000000000000000e+00
0.000000000000000000e+00
0.000000000000000000e+00
0.000000000000000000e+00
0.000000000000000000e+00
3.674940422261550182e-02
8.397880072342714941e-01
2.934048530804877597e+00
3.397463967501999083e+00
2.221948435468514393e+00
1.070286186322509936e+00
5.288340816913572606e-01
2.917412345151071951e-01
2.314359979571642412e-01
2.422025628484367477e-01
2.544998169207868255e-01
2.902175597490282977e-01
3.181473506187723621e-01
3.384939244544163950e-01
3.404367309016705923e-01
3.557336747496553375e-01
4.161385547586053946e-01
5.171181309449064400e-01
6.584660691295685098e-01
8.498026333623787121e-01
1.025143703210283475e+00
1.188385055425261072e+00
1.297144958960356753e+00
1.382007469263406563e+00
1.483406939610517616e+00
1.535869717104313414e+00
1.572176305072689795e+00
1.559860438521501136e+00
1.468740069166993401e+00
1.329922474458843373e+00
1.203740895780522013e+00
1.077463114188015769e+00
9.797849682626041945e-01
9.164732255420159346e-01
8.820898130301161322e-01
8.572952287507312752e-01
8.593075315463052366e-01
8.820055234195914862e-01
8.879790825530886611e-01
8.961845228695134447e-01
9.191934719163422640e-01
9.494116653824783425e-01
9.614093750378678305e-01
9.839678777446857483e-01
9.955948289458667055e-01
1.005588778439368669e+00
1.024529043716007282e+00
1.033529712531092715e+00
1.038381600674913363e+00
1.038092418144955342e+00
1.048354957884603866e+00
1.035462559562041696e+00
1.022777478766685455e+00
1.012705150418674815e+00
9.985935799911949129e-01
9.903594485562320360e-01
9.791584862186766269e-01
9.677442730534163706e-01
9.655950321611995735e-01
9.662177820551721696e-01
9.684573301995875738e-01
9.697472608968160657e-01
9.756050003841619800e-01
9.832484141466351080e-01
9.808710560789237753e-01
9.927330646399992187e-01
9.971293040083698545e-01
1.004867858717542362e+00
1.006394462506523535e+00
1.005842915892857459e+00
1.009534627456681433e+00
1.007482109686563598e+00
1.012300607493416438e+00
1.002740991656205560e+00
1.004489040201278272e+00
1.006330461510267060e+00
9.998342049411832466e-01
9.892801470716323653e-01
9.959245207003534217e-01
9.926663752424914611e-01
9.964267691216730505e-01
9.920309465565103624e-01
9.918487072410395733e-01
9.918251662055271867e-01
9.946268685852193148e-01
9.880276247744684825e-01
9.902861841260133247e-01
1.000209844573086926e+00
9.961862217414954035e-01
9.955463907022983339e-01
9.995880671481733870e-01
9.989333791907183402e-01
9.952953050991000250e-01
1.001687709989149910e+00
1.002372171403179468e+00
1.005330270872740295e+00
1.002440411572099732e+00
1.000818165410919391e+00
1.010349226366120456e+00
1.006088777855820959e+00
1.001451943159403557e+00
9.979515937243990109e-01
1.001145978967660888e+00
9.940955394984792859e-01
9.964882777834574989e-01
1.000877470011623860e+00
1.001868722729149619e+00
9.978369742589828784e-01
1.001993113510519118e+00
9.959240118171354128e-01
9.955146549459421568e-01
9.992229455420722495e-01
1.000522911323831421e+00
9.992025921285725421e-01
9.991034487917614948e-01
9.970579928634055733e-01
9.946625233051561432e-01
1.000084197318057644e+00
9.959555800588021368e-01
9.969354629233101450e-01
1.000610739201175603e+00
9.998733434624642591e-01
9.960343424151056890e-01
9.936394179303524865e-01
9.947929636396113384e-01
9.948174981558903784e-01
9.970016346244794381e-01
9.961170207813555555e-01
9.978720078456028153e-01
9.963154315293849539e-01
9.942948689580390909e-01
9.996193422448103050e-01
9.940245534293853380e-01
9.968875772711950356e-01
9.970347590306203323e-01
9.970911211687401021e-01
9.975567270318720370e-01
9.951106426486056034e-01
9.991665536484605203e-01
9.970495629312998709e-01
9.964398798390307066e-01
1.003114311976803341e+00
9.986015133843788583e-01
9.963931701538450980e-01
9.973370627800790533e-01
9.948845296806886340e-01
9.971340771579905171e-01
9.971976405954803280e-01
9.969553120373161326e-01
9.970661118716712679e-01
9.980571264987944113e-01
9.971770366295870103e-01
9.973752343656075992e-01
9.978182865016884673e-01
9.991577595820112512e-01
1.000147705018623823e+00
9.997111652907099133e-01
1.000723436938652622e+00
9.981017755646466316e-01
9.963463757954940103e-01
9.960109716584250039e-01
9.939474513953381329e-01
9.995243183276106835e-01
1.000020706654350500e+00
9.951372546317778234e-01
9.959541785127348223e-01
9.934893310831774960e-01
9.948948896803659903e-01
9.985901808408282898e-01
9.966242626408303718e-01
9.920528405901863911e-01
9.969470466460175206e-01
9.950710792683873374e-01
9.928629808038677007e-01
9.988977598847103012e-01
9.974944239528334977e-01
9.943688694479311252e-01
9.959985754794552504e-01
9.965459595410605109e-01
9.982231015591337409e-01
9.954955946437484826e-01
9.956234758042541433e-01
9.975519221852242602e-01
9.964752459014879493e-01
1.000102386555135281e+00
9.958092172367778439e-01
9.982701393127736411e-01
9.969916458220702271e-01
9.984996972395783210e-01
9.966447788421738396e-01
9.970293083869073980e-01
9.978204342270768912e-01
9.976641371231256272e-01
9.966916617539922640e-01
9.980059550213569164e-01
9.959982907100959348e-01
9.975036537343332510e-01
9.965762848774050164e-01
9.960989449684550801e-01
9.981686438602712652e-01
9.960735837983976104e-01
9.962297866433158511e-01
9.992344469859182343e-01
9.973398472050246655e-01
9.971334718382571793e-01
9.981336974431992415e-01
9.971947514870773688e-01
9.958580301834900617e-01
9.968192502554502621e-01
9.965041188801154748e-01
9.959633303466511878e-01
9.973031020990236195e-01
9.949256130649949403e-01
9.973625111244174279e-01
9.958601945084388785e-01
9.975951720658965405e-01
9.979991590390104861e-01
9.973914667551531110e-01
9.970761699513170928e-01
9.980056562456157687e-01
9.970879205812255286e-01
9.991145579612576988e-01
9.980430244174671728e-01
9.963798899177952473e-01
9.996133961825194314e-01
9.948256016951770864e-01
9.961236846307325310e-01
9.958824561418656574e-01
9.954613486975978365e-01
9.981952035020172920e-01
9.950964569112064062e-01
9.974701491959976352e-01
9.990238981214486502e-01
9.964333493065660186e-01
9.981734748261275048e-01
9.971698403293196566e-01
9.973590159828529256e-01
9.983962459531453559e-01
9.989180060681031037e-01
9.981519662904024814e-01
9.965072169614751507e-01
9.974483164244373201e-01
9.973771777975563024e-01
9.975620818641410814e-01
9.924311223296633511e-01
9.830526326249310332e-01
9.705343544343708606e-01
9.615321083854462270e-01
9.480160314310944747e-01
9.376140944275020983e-01
9.266601121026351029e-01
9.160668310340808196e-01
9.065460385285317724e-01
8.977462761893969523e-01
8.869284364961869116e-01
