0.000000000000000000e+00
0.000000000000000000e+00
0.000000000000000000e+00
0.000000000000000000e+00
0.000000000000000000e+00
0.000000000000000000e+00
0.000000000000000000e+00
0.000000000000000000e+00
0.000000000000000000e+00
0.000000000000000000e+00
0.000000000000000000e+00
0.000000000000000000e+00
0.000000000000000000e+00
0.000000000000000000e+00
0.000000000000000000e+00
0.000000000000000000e+00
0.000000000000000000e+00
0.000000000000000000e+00
0.000000000000000000e+00
0.000000000000000000e+00
0.000000000000000000e+00
0.000000000000000000e+00
0.000000000000000000e+00
0.000000000000000000e+00
0.000000000000000000e+00
4.060197447566131490e-02
8.460856128251045272e-01
2.925427008749104107e+00
3.448770364642537611e+00
2.237120957757848139e+00
1.098928035444858065e+00
5.230533433944659638e-01
2.980555505174328768e-01
2.427733009769429129e-01
2.350310785954097814e-01
2.469185138726068263e-01
2.882172784647469288e-01
3.110498755186973940e-01
3.171563887728860998e-01
3.238653557948532047e-01
3.514561145588299684e-01
4.053182178344169051e-01
5.022992179981735639e-01
6.485090662335648570e-01
8.382340619031611872e-01
1.019704404989487001e+00
1.182689733560004397e+00
1.307284493177640838e+00
1.391519284584074923e+00
1.481598796683822661e+00
1.546760155182838714e+00
1.573129608473927021e+00
1.552867662588787168e+00
1.487146164937597437e+00
1.353237896443676425e+00
1.193476357167345681e+00
1.083070554279854880e+00
9.953003341500270551e-01
9.184316261280816018e-01
8.759934108808284936e-01
8.629391259217533694e-01
8.651567725295330469e-01
8.800854745884767460e-01
8.881952064156790616e-01
9.141512377878616702e-01
9.339000313992751323e-01
9.513740807415561607e-01
9.664721162655094400e-01
9.869081529818007903e-01
1.014835031775970009e+00
1.024348147760533623e+00
1.026516513614912585e+00
1.043437970536499115e+00
1.055131373605806777e+00
1.051960929688986468e+00
1.055028040360319608e+00
1.044728314245897849e+00
1.036259239176624769e+00
1.028287968938985664e+00
1.022814406278099275e+00
1.003226673893713894e+00
9.908360925975238098e-01
9.860448836715458576e-01
9.737857313610197574e-01
9.779575044273678408e-01
9.834404297362551173e-01
9.809822633515233870e-01
9.863603352977274863e-01
9.863980206390290384e-01
9.992318648483572430e-01
1.000698626979184214e+00
1.008741248197478457e+00
1.009223824527601732e+00
1.019868075909577732e+00
1.023896471733174218e+00
1.029173967000774681e+00
1.028491529944396410e+00
1.014406969652874357e+00
1.016490023332179637e+00
1.017319610897474025e+00
1.008790081451072629e+00
1.012748729094075539e+00
1.002467049240086450e+00
1.004880545924504043e+00
1.001549334181073503e+00
1.008262603971454840e+00
9.984297676179418879e-01
9.945858438427093162e-01
1.002504890823298078e+00
9.923107329211042771e-01
1.000597970176893003e+00
1.002411941155807673e+00
1.004182409418619804e+00
1.006106028433644273e+00
1.005392695733434705e+00
1.006014051644585683e+00
1.007410963403787330e+00
1.009334260978102860e+00
1.004539758936129124e+00
1.010452885553924318e+00
1.012585741094602643e+00
1.011283664280443917e+00
1.006839040442266242e+00
1.006823859569164759e+00
1.011230031049326961e+00
1.010379012235148366e+00
1.004360368459973785e+00
1.010115774147548162e+00
1.005306393793409914e+00
1.004655703591611493e+00
1.004881394351935020e+00
1.002977178930505531e+00
1.004016605529777895e+00
1.003607270309634369e+00
9.998392690397756022e-01
1.003920927370361094e+00
1.001419160796430452e+00
1.002208975831131887e+00
1.000243159274259552e+00
1.002662895186315462e+00
9.990781308103138247e-01
1.003212123741521689e+00
1.003930807330366770e+00
1.004055822651113594e+00
1.003996923685716469e+00
9.997822936200712052e-01
1.003099392326399109e+00
1.001715490750640258e+00
1.000414608252158555e+00
1.000088288726365127e+00
9.966346521153294225e-01
1.004053482025874411e+00
9.996982607203388493e-01
9.990797092557271997e-01
9.999262049429950006e-01
1.002706751955869668e+00
1.001756590308703121e+00
1.001307203309386606e+00
1.002105685660050316e+00
9.975566208260560064e-01
1.000300879503565943e+00
9.985380795678141519e-01
1.000090202653490357e+00
9.975693627431142518e-01
9.979119329888612722e-01
1.001887178284870616e+00
9.980572770137154937e-01
9.981819867230062870e-01
1.001887004205716636e+00
9.987306190272330353e-01
9.985419524001540870e-01
9.983923605428012271e-01
1.001111652730569457e+00
9.973113011389057592e-01
9.961252328879696138e-01
9.987469186158723922e-01
9.953686904412276659e-01
1.000806804324067656e+00
9.953507535695721442e-01
9.997918215526864216e-01
9.975977414850676350e-01
9.977576540592582033e-01
9.969519001801184777e-01
9.994315190000010451e-01
9.974513807301107482e-01
9.974983529732865950e-01
9.985280790348562974e-01
9.994469611470893078e-01
9.945292364418114595e-01
9.948799983235034894e-01
9.963466226269876991e-01
9.979718701085822374e-01
9.979725681232504142e-01
9.971643593285209883e-01
9.960540714305512466e-01
9.944800089809928689e-01
9.947522319278206959e-01
9.998322382749685877e-01
9.956362559459005501e-01
9.945288968626827542e-01
9.928435540901306977e-01
9.976644520547737205e-01
1.000358045512662608e+00
9.978892521922239078e-01
9.971976929044173987e-01
9.969457114634522332e-01
9.990756174316777205e-01
9.964895863794862585e-01
9.941326879605361100e-01
9.991521460086461026e-01
1.001131499307307271e+00
9.986241849939064830e-01
9.992465943225764535e-01
9.949145215640128326e-01
9.980610346316071135e-01
9.994467345486630627e-01
1.000426304540431355e+00
9.999741514641957707e-01
9.944343477786212748e-01
9.999015368827741668e-01
9.947810078100038922e-01
9.978514502259019370e-01
9.985103130176706809e-01
9.970886401165793833e-01
9.964684077702377074e-01
9.966087251449256001e-01
9.979993508402728031e-01
9.998542496177149630e-01
9.961502548299140392e-01
9.933440564887315860e-01
9.961743141739077823e-01
9.954440126216969054e-01
9.981668221509475414e-01
9.966670158714284744e-01
9.962082399946881051e-01
9.949300608841806781e-01
9.980686876132114360e-01
1.000249925462395328e+00
9.947709892967971923e-01
9.988203784335711877e-01
9.976247903352799540e-01
9.978721018253677855e-01
9.956717092616218512e-01
9.975898760252166486e-01
9.936971421886525713e-01
9.968735097726469929e-01
9.949889958701321202e-01
9.976940861987735332e-01
9.957930549532006959e-01
9.979119356013993469e-01
9.976549645194628946e-01
9.962692406440045723e-01
9.937480302628654005e-01
9.980621787019072766e-01
9.988360833244833703e-01
9.977086200534041049e-01
9.985998649574557851e-01
9.957816350352693968e-01
9.974535217937373632e-01
9.985136899998584559e-01
9.955056052893500596e-01
9.987254999525642107e-01
9.965958093443173516e-01
9.966300600380864072e-01
9.967575174204602595e-01
9.958255565725637748e-01
9.988841108568231597e-01
9.981878937259227591e-01
9.963825028028439057e-01
9.920245909513852878e-01
9.794656712193718917e-01
9.681476965775134280e-01
9.609077553975436947e-01
9.488746148478799380e-01
9.384444350920896349e-01
9.244842759950010480e-01
9.155972759609700695e-01
9.044824730512377453e-01
8.942458814167819625e-01
8.843222948976807718e-01
