0.000000000000000000e+00
0.000000000000000000e+00
0.000000000000000000e+00
0.000000000000000000e+00
0.000000000000000000e+00
0.000000000000000000e+00
0.000000000000000000e+00
0.000000000000000000e+00
0.000000000000000000e+00
0.000000000000000000e+00
0.000000000000000000e+00
0.000000000000000000e+00
0.000000000000000000e+00
0.000000000000000000e+00
0.000000000000000000e+00
0.000000000000000000e+00
0.000000000000000000e+00
0.000000000000000000e+00
0.000000000000000000e+00
0.000000000000000000e+00
2.697507779676592510e-05
3.280160708259032692e-02
9.868882912306956579e-01
3.257047577613597866e+00
3.264833971092012010e+00
1.829814665606763535e+00
8.459416339552288111e-01
3.900997071249232562e-01
2.034304350312047260e-01
2.293478194826732430e-01
8.301640163419297114e-01
1.712147649119073467e+00
1.878150172195397261e+00
1.458911463037282807e+00
1.000539839669180475e+00
7.256040837695916235e-01
6.154461384964504678e-01
6.137638108418260741e-01
6.665774927283539819e-01
7.448436767171587869e-01
8.382789263899826926e-01
9.337659935645892251e-01
1.019961886974018572e+00
1.089759617771549838e+00
1.152172331590431309e+00
1.192048403402706347e+00
1.210051445478465881e+00
1.213593134499259873e+00
1.190957178653811566e+00
1.158209209718627841e+00
1.116449706147070842e+00
1.077120628081258191e+00
1.039636690046938705e+00
1.007117655220883146e+00
9.771222449459311399e-01
9.543961477763189816e-01
9.409104610995305817e-01
9.292314520914077836e-01
9.242813434082108870e-01
9.232725209406416056e-01
9.274935648688733547e-01
9.347552633676452505e-01
9.422725918421748226e-01
9.542637828584670245e-01
9.679353308983269510e-01
9.798115665416406994e-01
9.885835223418842910e-01
9.994914621514839892e-01
1.004928573826626703e+00
1.011040201016838003e+00
1.014772076812078261e+00
1.018978997866720304e+00
1.020553477719297053e+00
1.020179654733952335e+00
1.019092351859081980e+00
1.016725698811293377e+00
1.012170121125462341e+00
1.010410144064503690e+00
1.006924994856774669e+00
1.003686344425864130e+00
1.002670299794921949e+00
9.992746733518527158e-01
9.981186000281826454e-01
9.994759888829488625e-01
9.970115172995606123e-01
9.984604464849742289e-01
9.971842477617961498e-01
9.979651413517901526e-01
9.971121587557769672e-01
9.983962087568403199e-01
9.976706262751244836e-01
9.953865143855183950e-01
9.968236597904821528e-01
9.971431735726872247e-01
9.957436572663735941e-01
9.974770616389395661e-01
9.971754686127544121e-01
9.979615003956561203e-01
9.976284825996284411e-01
9.979054345215051525e-01
1.000706256669692928e+00
1.000305699420744654e+00
9.995483548519290551e-01
9.994780274603640713e-01
1.000622266196756094e+00
1.002453944829941435e+00
1.001376106346677730e+00
1.002491499642649719e+00
1.000529503808731402e+00
1.001368126305226536e+00
1.001439699927230365e+00
1.001335770230648903e+00
1.002422428285263178e+00
1.001425795052259593e+00
1.000875222716296920e+00
1.000815233493653755e+00
1.000411814323685977e+00
1.000699988706496901e+00
1.000960339423860868e+00
9.997641501525426078e-01
9.994625122393797634e-01
1.000274214872258982e+00
1.000114064536114400e+00
9.994454395238742128e-01
9.999010151682726777e-01
9.992876377313548719e-01
9.991120707213060337e-01
9.985669084482970970e-01
9.996243544029035366e-01
9.996965381002943518e-01
1.000565576110181709e+00
1.000270753880287966e+00
9.996460637113057102e-01
9.998855669006855296e-01
9.990249907042398902e-01
1.001115474696584240e+00
1.000491555810818500e+00
1.000487489285999620e+00
1.000008611224445509e+00
1.000603557310851377e+00
1.000090646496051727e+00
1.000600471964295579e+00
1.000656370059437750e+00
1.001036959411077953e+00
9.997709152523498455e-01
1.000570725901780200e+00
9.995439201441691512e-01
1.000690484962400095e+00
9.999283825989200292e-01
1.000936305386391778e+00
1.000515187972768949e+00
9.993762236802694598e-01
1.000418584223914609e+00
9.992165427770821617e-01
9.998738323074597423e-01
1.000618015215730017e+00
9.994836625020214749e-01
1.000584818838541556e+00
1.000375903171331737e+00
9.989224962612888170e-01
9.992962059963620414e-01
1.000431361023784715e+00
1.000014867596965562e+00
1.000040543862706244e+00
1.000723696460486645e+00
1.001262309541558038e+00
9.995652865794369957e-01
9.997098492144039783e-01
1.000780755496640584e+00
1.000642173047343819e+00
1.000633388740320040e+00
9.997901948913470171e-01
1.000415232000018584e+00
9.999439830700659337e-01
1.000225262811336169e+00
9.998508129213997675e-01
9.997651078716540685e-01
1.000410856264915882e+00
1.000024825398848849e+00
9.996841603494439621e-01
9.993273953750935190e-01
9.994822550422789442e-01
9.998344920962536353e-01
1.000683563059947323e+00
1.000377982829221413e+00
1.000306167388538281e+00
1.000543469277914488e+00
1.000948609616434171e+00
1.000532740377887642e+00
1.000897290044672205e+00
1.000619802417658688e+00
1.000549205515331552e+00
1.001028848477117261e+00
1.000523656650486704e+00
1.000276525227795865e+00
1.000418174977847796e+00
1.000605712608489961e+00
9.996780412293855278e-01
1.000418041842928041e+00
1.000488196714740319e+00
9.999267239102532789e-01
1.000859654616341743e+00
1.000441198027346434e+00
1.000466681130848245e+00
1.000221364483352415e+00
1.000567206159374001e+00
1.000627456550289951e+00
1.000275606372257542e+00
1.001122836025856611e+00
1.000258086681855563e+00
1.000177758749397627e+00
1.000119747764725231e+00
1.000224048895623996e+00
1.001058115540558235e+00
1.000187005408168739e+00
9.999962250948017939e-01
1.000010968528506794e+00
1.000024629125404685e+00
1.000918337956455018e+00
1.000108822776868189e+00
9.998338787228220337e-01
1.000655416009473386e+00
1.000196046975488695e+00
1.000069130438612675e+00
1.000515796562720050e+00
9.996617504166862567e-01
1.000424444804250301e+00
9.998774189308189397e-01
1.000542272021250678e+00
1.000405537339627005e+00
9.995523031364611510e-01
1.000692601191364384e+00
1.000586722563548969e+00
1.000131716973049700e+00
9.998037391210089497e-01
9.998949278822820697e-01
1.000462009265526087e+00
9.994972985009924482e-01
9.998917450278262953e-01
1.000394504152833042e+00
1.000259291107821191e+00
9.998199285635358535e-01
1.000813457313471933e+00
9.998449518653262924e-01
1.000315060417716229e+00
1.000250040536752705e+00
9.997512020282753875e-01
1.000182402728723163e+00
9.998055099963158998e-01
9.996703560569155655e-01
1.000712245711968595e+00
9.999981919304131717e-01
1.000231137985083452e+00
1.000285670091352941e+00
1.000054102962835145e+00
1.000413756844505730e+00
1.000077874875486383e+00
1.000351186247871116e+00
9.998102327458998628e-01
9.997537782105408999e-01
1.000564972477786529e+00
1.000292670341417889e+00
9.998813530596151189e-01
1.000563060396250981e+00
9.998477406578560878e-01
9.998466663526324183e-01
9.999042205855745991e-01
9.999734555695642957e-01
9.995940683819484196e-01
9.949200365925834344e-01
9.839923165304751418e-01
9.726953842115000359e-01
9.615337303722963913e-01
9.506475565291305774e-01
9.400446820756463984e-01
9.297355692499055246e-01
9.188721470238998545e-01
9.083103602767013118e-01
8.982875236851415313e-01
8.874130366414402227e-01
