0.000000000000000000e+00
0.000000000000000000e+00
0.000000000000000000e+00
0.000000000000000000e+00
0.000000000000000000e+00
0.000000000000000000e+00
0.000000000000000000e+00
0.000000000000000000e+00
0.000000000000000000e+00
0.000000000000000000e+00
0.000000000000000000e+00
0.000000000000000000e+00
0.000000000000000000e+00
0.000000000000000000e+00
0.000000000000000000e+00
0.000000000000000000e+00
0.000000000000000000e+00
0.000000000000000000e+00
0.000000000000000000e+00
0.000000000000000000e+00
0.000000000000000000e+00
0.000000000000000000e+00
0.000000000000000000e+00
0.000000000000000000e+00
0.000000000000000000e+00
1.132421264923832836e-05
2.338328984310425896e-03
5.342761032491367967e-02
3.018120651660265441e-01
7.878026260748269838e-01
1.254930423494618141e+00
1.519971650722298451e+00
1.574825220304795437e+00
1.504900055553737070e+00
1.408393500514999674e+00
1.302507901953846581e+00
1.218726478004621638e+00
1.146868847878538933e+00
1.064986077708408363e+00
9.919059709727359175e-01
9.465561664961619215e-01
9.333846723095768905e-01
9.456841896148260318e-01
9.671770633409715323e-01
1.000456875413661795e+00
1.026935148378023799e+00
1.045156875266090246e+00
1.045257107135142860e+00
1.039191531899045895e+00
1.034705555192322546e+00
1.036476028858528853e+00
1.040656493270217808e+00
1.042147606603731624e+00
1.044054146325293031e+00
1.039507078662667228e+00
1.039751920473725555e+00
1.031863080758168350e+00
1.021973738109559049e+00
1.007523043738990154e+00
9.913240467882837859e-01
9.736488384843212662e-01
9.691425165246406737e-01
9.624310524805064215e-01
9.601457136528013248e-01
9.614751961031182681e-01
9.667257866398478727e-01
9.709599922635507863e-01
9.812883519031814217e-01
9.890958908933820126e-01
9.975573560458191880e-01
1.008294232477358054e+00
1.012312496790849448e+00
1.017426449917732567e+00
1.023726828199698513e+00
1.025227245958503230e+00
1.023418817431095418e+00
1.024419398646224444e+00
1.018865388799053084e+00
1.015877338110714456e+00
1.011498629313180464e+00
1.007334000350525116e+00
1.003209869232606355e+00
9.979475901454777365e-01
9.962911142972590284e-01
9.929808566168362161e-01
9.904375013495667623e-01
9.889484144480431560e-01
9.856773286964050085e-01
9.894392566585943349e-01
9.915835099935649266e-01
9.908445504033376316e-01
9.924781477158897136e-01
9.946421861582096513e-01
9.964357040812418242e-01
9.972217424488281079e-01
9.994724229038463026e-01
9.998684600569580638e-01
1.001468920385000239e+00
1.000230757902965451e+00
1.000816259819678811e+00
1.001197285466514986e+00
1.000630651155921980e+00
1.001030986281759461e+00
9.999634556080980730e-01
1.000424385045686204e+00
9.996778817710858522e-01
9.998282428527173193e-01
9.977123267332210776e-01
9.988135037558923957e-01
9.997598127948987834e-01
9.999788652455234850e-01
9.994564428097690856e-01
9.986466939679274901e-01
9.992531415244212400e-01
9.992805792542670540e-01
9.987476414621779819e-01
1.000707572638604104e+00
9.996266179179577049e-01
1.000026457820604842e+00
9.994994043405944772e-01
9.991208408830718479e-01
9.986357397169162153e-01
9.975645778526699425e-01
9.986451465977775888e-01
9.972015531001836575e-01
9.980527425788092710e-01
9.980423798192191720e-01
9.989678160961228404e-01
9.980858880107883468e-01
9.988957444796210394e-01
9.992713341754053680e-01
9.985392032723469091e-01
9.982547049110758186e-01
9.994050555110466361e-01
9.986718423277027856e-01
9.991757933280404069e-01
9.990629743807420970e-01
9.995301779956416999e-01
9.998271749645147866e-01
9.986774568939947860e-01
9.996635231659072307e-01
9.984700175884053674e-01
9.990392984701950141e-01
9.996781845242966869e-01
9.982166374924859031e-01
9.993177129310013562e-01
9.987918393751591406e-01
9.981893293654557908e-01
9.984504930025367431e-01
9.993353354198095673e-01
9.996582586503806045e-01
9.986050478267248787e-01
9.997810051415095822e-01
9.987003449343310191e-01
9.987423571175406689e-01
9.991529685826103790e-01
9.994811852089950932e-01
9.990478055087079756e-01
9.992279100358835153e-01
9.990598062339849372e-01
9.999006636260882042e-01
9.994876195195396829e-01
9.997781633652120803e-01
9.995554247768495548e-01
9.999309647365907106e-01
9.985604164926201731e-01
9.987832578895263769e-01
9.990112455270735436e-01
9.993110706442119850e-01
9.982716041262007511e-01
9.984865461014078569e-01
9.996259061188861317e-01
1.000444365033168026e+00
9.991320815386874887e-01
9.989316766632213573e-01
9.992244764095049581e-01
9.993652045025133157e-01
1.000547534966448104e+00
1.000409687611572895e+00
9.995046955702412417e-01
9.991997975326674108e-01
9.993995891449060087e-01
9.999261647182540180e-01
9.998414977080459787e-01
9.994558727745339599e-01
1.000136972281326253e+00
9.993354790413574440e-01
9.998574313637905719e-01
9.996643931488528034e-01
9.998696793752080980e-01
9.995853554999042379e-01
9.994319575360988139e-01
9.997898212074540769e-01
9.991976880545747619e-01
1.000061094872926715e+00
9.996094599044633711e-01
9.993555142568883998e-01
1.000864555477138040e+00
1.000003320155313791e+00
9.999424193509922620e-01
9.993031786288401053e-01
9.994671370587910886e-01
9.999250248944954178e-01
9.995058516951543792e-01
9.991368477967621509e-01
1.000437384510081351e+00
1.000611396750665127e+00
9.994076085393113207e-01
9.996980329014883981e-01
1.000362237446693392e+00
9.999600415954812416e-01
9.995536347279022626e-01
1.000324444409522506e+00
9.998336528207014684e-01
1.000290490874210736e+00
9.995148641296469627e-01
9.998535762619688017e-01
1.000991478239240839e+00
9.998681090689210960e-01
9.996037408890607878e-01
9.997910637412162904e-01
9.997200629462945631e-01
9.995520780154791840e-01
9.999942870893923086e-01
9.998855857071182740e-01
9.997919048037031686e-01
9.996135226279676544e-01
9.999352225159018337e-01
9.996386601648280523e-01
1.000245119740754696e+00
9.996215019196168505e-01
1.000326929664171471e+00
1.000055211180387316e+00
1.000257157756667015e+00
1.000502863363283979e+00
9.998122743623507613e-01
1.000246897562653503e+00
9.998671455640283368e-01
9.993996717192510371e-01
9.997304195261208504e-01
9.997874794475487548e-01
9.993437462043207598e-01
9.999143791299671680e-01
1.000305817743320169e+00
9.997913664772537512e-01
1.000234749034875525e+00
9.999433135397561845e-01
1.000139564186373509e+00
9.997284303846539766e-01
9.999858360983008287e-01
1.000116907223135954e+00
1.000255728252391840e+00
9.997465821278237463e-01
1.000043345600484690e+00
9.997264090779749424e-01
9.993330200924871454e-01
9.991758379471102902e-01
9.998008577889672122e-01
9.999870273073814264e-01
9.998560772778817274e-01
1.000553161342528030e+00
1.000187569655161646e+00
1.000119128776130406e+00
1.000147968013074706e+00
9.993544889532404163e-01
1.000028743950993837e+00
1.000166096578451347e+00
9.997204640767217709e-01
9.993126540410784964e-01
9.997957286717154002e-01
9.996012119691458642e-01
9.999840798067427539e-01
9.999505011150582323e-01
1.001006935850337287e+00
1.000063693797314190e+00
1.000222216974554268e+00
1.000766211385119453e+00
9.998123222560466594e-01
9.995710537682342967e-01
9.996620956867511287e-01
