0.000000000000000000e+00
0.000000000000000000e+00
0.000000000000000000e+00
0.000000000000000000e+00
0.000000000000000000e+00
0.000000000000000000e+00
0.000000000000000000e+00
0.000000000000000000e+00
0.000000000000000000e+00
0.000000000000000000e+00
0.000000000000000000e+00
0.000000000000000000e+00
0.000000000000000000e+00
0.000000000000000000e+00
0.000000000000000000e+00
0.000000000000000000e+00
0.000000000000000000e+00
0.000000000000000000e+00
0.000000000000000000e+00
0.000000000000000000e+00
0.000000000000000000e+00
0.000000000000000000e+00
0.000000000000000000e+00
0.000000000000000000e+00
7.730072347440624389e-04
7.800627425133167814e-02
7.214582141322396502e-01
1.794740271987365299e+00
2.172187788996211122e+00
1.963158935166062546e+00
1.676794260460323649e+00
1.444417780063336654e+00
1.253341889672623388e+00
1.105204890057101430e+00
9.924197924503159740e-01
9.091058994189662457e-01
8.589628190302711630e-01
8.305965689210569325e-01
8.102487809250734641e-01
7.955773615991447167e-01
8.017633217985437044e-01
8.329375699070791228e-01
8.743425119460349615e-01
9.268453064925498142e-01
9.751268459601997174e-01
1.021583250221766326e+00
1.051936228748617586e+00
1.071749202549442170e+00
1.072078531001773971e+00
1.071291798918387217e+00
1.062980461306717084e+00
1.053743778815233512e+00
1.039037215997373309e+00
1.023892283267146430e+00
1.004940714140678315e+00
9.921623819869377359e-01
9.774947980300007222e-01
9.693428604420951666e-01
9.651476909904711521e-01
9.598544088018812204e-01
9.610036567510077399e-01
9.627455576648473734e-01
9.695692062017504664e-01
9.745170682441010035e-01
9.799948355797938326e-01
9.892653240971366335e-01
9.955962079064868409e-01
1.000869893521066922e+00
1.008429916366524015e+00
1.010449731495647097e+00
1.013004429506767279e+00
1.012677660622896436e+00
1.015163060995269317e+00
1.011685233102989301e+00
1.009893696626954496e+00
1.006927892589315920e+00
1.002140435919020911e+00
9.981627392614177419e-01
9.955177048598378153e-01
9.929920758600728758e-01
9.922901598707185578e-01
9.910639970406078803e-01
9.914624631802697596e-01
9.918735555491577927e-01
9.927705902663302995e-01
9.953939722424431924e-01
9.960729790230804515e-01
9.967078802295029627e-01
9.995347419386947374e-01
1.000727763687377259e+00
1.000462296377978344e+00
1.001706059974050156e+00
1.001175289554283809e+00
1.000068052043438183e+00
1.000925726748046474e+00
9.993715240942369071e-01
9.984032595141132393e-01
9.995756637662610578e-01
9.981424950767546767e-01
9.967618892983365342e-01
9.962965122922380345e-01
9.976499892723584839e-01
9.972531682218234161e-01
9.978082380354577063e-01
9.984003277212646354e-01
9.988672177611279679e-01
9.997348354179117491e-01
1.000561263847893789e+00
1.000329672625908994e+00
9.995799157408783442e-01
1.001338039344299657e+00
1.001681365161374515e+00
1.001258619800118987e+00
1.000549672791198663e+00
1.001211099356543732e+00
1.000437466048199386e+00
9.992187363666181765e-01
9.992088726984998948e-01
9.993987770162113815e-01
9.990545136862177822e-01
9.992825181064869389e-01
9.995455805702764263e-01
9.985639362743037317e-01
9.982944812255873934e-01
9.986097927790392736e-01
9.989358817769232735e-01
9.988106582057395544e-01
9.988437589449277176e-01
9.987251904998155627e-01
9.997069435340161236e-01
9.988623658418660511e-01
9.990461482092213297e-01
1.000189950906388958e+00
9.993181195927679505e-01
1.000746816510145409e+00
1.000150056465377579e+00
9.993868014664089028e-01
9.998193424080568104e-01
1.000118149565053294e+00
9.995645289755226148e-01
9.998156171429757322e-01
9.992468121509030521e-01
9.997339260395815552e-01
9.993592698633838589e-01
1.000147485464274233e+00
1.000152167030124106e+00
9.993132663133464932e-01
9.992679452055197586e-01
9.995747927136080513e-01
9.994511705214093045e-01
9.996067943307828108e-01
1.000435525367860068e+00
9.989082923718179963e-01
9.993994155810349556e-01
9.994045797683399623e-01
9.998832044096168659e-01
9.995902857637288808e-01
1.000152262444476525e+00
1.000548247994223594e+00
9.997696319500185558e-01
9.996057956681092538e-01
1.000102634769338472e+00
9.992511336265522681e-01
9.995516544074101173e-01
9.997835579636010772e-01
9.999467037464141450e-01
9.993664862443412122e-01
9.997380267725938241e-01
9.994575364681618224e-01
9.990535440940786494e-01
9.995429779757435407e-01
9.995502606087167674e-01
1.000207457759078267e+00
9.998174254208281875e-01
9.997591118096803564e-01
9.993850116992126775e-01
9.998606774382703399e-01
1.000187749794883230e+00
9.994854537859108046e-01
9.998631822048743567e-01
9.997651516582896081e-01
9.997340140496294714e-01
9.994549827054791669e-01
9.997562671381852173e-01
9.999478469639596634e-01
9.994461339636241393e-01
9.997946325084000607e-01
9.995333656465483774e-01
9.998250278754359233e-01
9.995814559114082343e-01
9.995534774182519566e-01
9.998555145587824100e-01
9.990361562849282562e-01
9.992833542026177129e-01
9.997217028946800976e-01
9.995320070411174429e-01
9.992610910256869428e-01
9.994415268513257011e-01
9.997024021907668923e-01
9.996608541393345870e-01
9.997823984987064261e-01
9.999870893583747700e-01
9.997072382612055552e-01
9.996151013732976764e-01
9.989320761134458104e-01
9.997618683224943625e-01
9.997301080474103596e-01
9.996127428044783159e-01
1.000304010734950566e+00
9.993450404109579521e-01
9.999313790905504096e-01
9.999876424419545939e-01
9.995012793818559560e-01
9.997813393427003037e-01
9.998921899271442371e-01
9.996873365164224978e-01
9.998202871451490337e-01
9.997976684743219433e-01
9.994512320826415275e-01
9.998660480315614274e-01
9.997231220743674207e-01
9.997202998293810428e-01
9.999589494054749172e-01
9.999456104189798911e-01
9.995419191533398973e-01
1.000120192788447770e+00
9.998611913177047894e-01
9.997239290088375530e-01
1.000090744334227955e+00
9.994656499515918169e-01
1.000497255437421185e+00
9.997073170806319853e-01
9.999161256128618058e-01
9.998211097606831688e-01
9.996875265803309984e-01
9.996228195308175524e-01
9.995649424922228299e-01
9.995680553127898049e-01
1.000265295375792229e+00
9.997586367640863836e-01
9.999701071512704376e-01
1.000932284139860462e+00
1.000112147082662828e+00
9.998043411287469429e-01
1.000327305988104598e+00
1.000019556657054665e+00
9.995452415852813521e-01
9.999793055692480781e-01
9.998482202115710482e-01
1.000300644057611876e+00
1.000439716133782353e+00
9.998218814473988081e-01
9.995107810068056819e-01
9.997521466902873355e-01
9.996417383992836081e-01
9.998443794910379934e-01
1.000141504324497665e+00
9.997068767899262021e-01
1.000076219897538365e+00
9.997522351916410255e-01
1.000255458477915305e+00
9.996446246775663180e-01
1.000250236433090079e+00
1.000473987362841655e+00
1.000065196873802575e+00
1.000345586432098255e+00
1.000256747912696476e+00
1.000309274996645126e+00
1.000387833357132106e+00
1.000513797302287955e+00
1.000283128476308514e+00
9.998063614277969968e-01
1.000399673430355740e+00
9.998598562885142593e-01
9.999137887299004435e-01
1.000341017729652782e+00
1.000057289256550019e+00
1.000153892965001345e+00
1.000183769652986054e+00
1.000346259086870582e+00
