0.000000000000000000e+00
0.000000000000000000e+00
0.000000000000000000e+00
0.000000000000000000e+00
0.000000000000000000e+00
0.000000000000000000e+00
0.000000000000000000e+00
0.000000000000000000e+00
0.000000000000000000e+00
0.000000000000000000e+00
0.000000000000000000e+00
0.000000000000000000e+00
0.000000000000000000e+00
0.000000000000000000e+00
0.000000000000000000e+00
0.000000000000000000e+00
0.000000000000000000e+00
0.000000000000000000e+00
0.000000000000000000e+00
0.000000000000000000e+00
0.000000000000000000e+00
0.000000000000000000e+00
0.000000000000000000e+00
0.000000000000000000e+00
0.000000000000000000e+00
0.000000000000000000e+00
0.000000000000000000e+00
0.000000000000000000e+00
1.175043932037024563e-03
1.224690400734534425e-02
8.823649493521398823e-02
2.411167518648979768e-01
4.765106576918069492e-01
7.068945522750319510e-01
9.045423036567092900e-01
1.034176489334039495e+00
1.103664790364642601e+00
1.158939647192216427e+00
1.141161384799678435e+00
1.134788448131628824e+00
1.125221130111280221e+00
1.112291310080331330e+00
1.111119865255367989e+00
1.155117654190056076e+00
1.190146671550071922e+00
1.199652314651056484e+00
1.205114695588345386e+00
1.221044815979634102e+00
1.195627681278958798e+00
1.158456780005963749e+00
1.100993843961677099e+00
1.039579496147415627e+00
1.023903450367206203e+00
1.005938662064959299e+00
1.015852335634824577e+00
1.032926473460380912e+00
1.025840324979520046e+00
1.047824487890645750e+00
1.069764195990675848e+00
1.043859826584958128e+00
1.047320173588187409e+00
1.061656162221843447e+00
1.064934541471443730e+00
1.042310414508613725e+00
1.038921307756393020e+00
1.025128709196351018e+00
1.014387666074067385e+00
1.016467932302267840e+00
1.003959082558131044e+00
1.000998891515878952e+00
9.923922142927308343e-01
1.005966152989186790e+00
1.012698499239450101e+00
1.005707971804405298e+00
1.001190333300613799e+00
1.015367937482198668e+00
1.020529302516117065e+00
1.007871548897123049e+00
1.003113400548243606e+00
1.013477384802445203e+00
1.009517870899583780e+00
1.012631518351830628e+00
1.018617515371857740e+00
1.002922260614652616e+00
1.005259317743195879e+00
1.014242439157755582e+00
1.004960349268496422e+00
1.005767383191557895e+00
1.006972126400983214e+00
1.015756762654689282e+00
1.009982475935533364e+00
9.998652182594222060e-01
1.007033981730958594e+00
1.006844930345972111e+00
1.009644886759983207e+00
1.004606810900675606e+00
1.010903132995258025e+00
1.003159081939292596e+00
1.000487778998675914e+00
1.007442383536757857e+00
1.008142929740069693e+00
1.003956966519231830e+00
1.006691869733735922e+00
1.013871588295355730e+00
1.015989930161064425e+00
1.010942547840566252e+00
1.000280259599138022e+00
1.002268864755336830e+00
1.006609190390511666e+00
1.002663703416725394e+00
1.004871239035582065e+00
1.011099805428933962e+00
1.008363913656408206e+00
1.005480595813859068e+00
1.007470361498644218e+00
9.963375650585345467e-01
1.007590513641922980e+00
1.004225276314310689e+00
1.000036604504767723e+00
1.005349624724364954e+00
1.007949857955134920e+00
1.004099754930548594e+00
1.004194835122478535e+00
1.007033972791432141e+00
1.006809695815359396e+00
9.957176204695811217e-01
1.003201150923063834e+00
1.002068762461364226e+00
1.003798130403015021e+00
1.005791151521833404e+00
1.006325656943450442e+00
1.000398100193955697e+00
1.007165997350449427e+00
1.002033241668942809e+00
1.004565686244745404e+00
1.001542344988020750e+00
1.003289413979522315e+00
1.003752349466945581e+00
1.004312987666110768e+00
1.002162979520716757e+00
1.004477207562428642e+00
1.003749863645801543e+00
9.981806184362229661e-01
9.998379303257610706e-01
9.998758224741424172e-01
9.992846790067871909e-01
1.003367809001709077e+00
9.975892333357031516e-01
9.960733963606641650e-01
1.006317342556015682e+00
1.004479514817997909e+00
1.002027070622814042e+00
1.001050455612521928e+00
9.987785762655393418e-01
9.992339598938804190e-01
1.001522769755301967e+00
1.001930899658730389e+00
9.960463888511055242e-01
1.003129510525460955e+00
1.001265063567277513e+00
9.977386731864120728e-01
9.966928531155347937e-01
1.006073927812180191e+00
1.001493761089788270e+00
9.990255590210096459e-01
9.992677382555341659e-01
1.000889652235636529e+00
1.004374981933730870e+00
9.952850232954173482e-01
1.000962981926313278e+00
1.002822316343672249e+00
1.001400740860712180e+00
9.990571367620773024e-01
9.979745363933284485e-01
9.992491095040273441e-01
1.001307985537321699e+00
1.000095088916425068e+00
1.003057080425761027e+00
1.000008380146697240e+00
1.003403665555824720e+00
1.001769822235135443e+00
1.002733269759499279e+00
1.000639740541337863e+00
1.003115014171162889e+00
9.986032419281756223e-01
1.002313361875477593e+00
1.000064237493041075e+00
9.989462853182151658e-01
1.002111792334238638e+00
9.983370328845149189e-01
9.969314061516743042e-01
1.001894961765799286e+00
9.991888517767769651e-01
9.989833607224665180e-01
9.982456506129229190e-01
1.003909936386082613e+00
1.000545103281826220e+00
9.967155071215356710e-01
9.982537461538522061e-01
1.002585085545086185e+00
9.997324766617071701e-01
1.001040256588543009e+00
1.001260933928592944e+00
1.001363632775599921e+00
1.003276638934823994e+00
1.000215318348002924e+00
1.000822232990568050e+00
9.997194051133427850e-01
1.000750756786791262e+00
1.001035470873184785e+00
9.991477434886459896e-01
9.991251209180342929e-01
1.001419111956429520e+00
9.988309594442564832e-01
1.003380571831022694e+00
9.967655029908567554e-01
9.993731762161491838e-01
9.978049015997932925e-01
1.001951489601665468e+00
1.000995357855824164e+00
9.998615301258806376e-01
9.975918835673036611e-01
9.988477483776327936e-01
9.987609582320979840e-01
9.974618620671822367e-01
9.959744058891837337e-01
9.958418100591999167e-01
1.000658734280143625e+00
1.000137012008572857e+00
1.001900027616093203e+00
9.971750980525738717e-01
9.980690523474619047e-01
9.970861047737209493e-01
9.966727535726214171e-01
9.978010815161937330e-01
9.983293288018026956e-01
9.972116452722032953e-01
9.979331654697605192e-01
9.961631541119927435e-01
9.976716510569116902e-01
9.987273488826506895e-01
9.993413187607018688e-01
9.993890955285691380e-01
9.993862814554709262e-01
9.966755640561502094e-01
9.966892398159971078e-01
9.944994012685667295e-01
9.983609514205951108e-01
9.949431687268806002e-01
9.978169184417364779e-01
9.977584669542204354e-01
9.966759162342493372e-01
9.979970774886998131e-01
9.970680805567100347e-01
9.981246299755878182e-01
9.979911726326572419e-01
9.956435508689185365e-01
9.973474208077844905e-01
9.972691260587945861e-01
9.944645015536555110e-01
9.960620777311538498e-01
9.933627383185034132e-01
9.982736578171013120e-01
9.933597175233841448e-01
9.940967541398250118e-01
9.949299357873013783e-01
9.958951191375864376e-01
9.977963202213034899e-01
9.956165576318458665e-01
9.974828592665976323e-01
9.969440761833711084e-01
9.978796447009393722e-01
9.965915328724386235e-01
9.958761552291605090e-01
9.963355095108868964e-01
9.979545947826552466e-01
9.958473262007342397e-01
9.963557650756763584e-01
9.966774036059581343e-01
9.961930529086794328e-01
