0.000000000000000000e+00
0.000000000000000000e+00
0.000000000000000000e+00
0.000000000000000000e+00
0.000000000000000000e+00
0.000000000000000000e+00
0.000000000000000000e+00
0.000000000000000000e+00
0.000000000000000000e+00
0.000000000000000000e+00
0.000000000000000000e+00
0.000000000000000000e+00
0.000000000000000000e+00
0.000000000000000000e+00
0.000000000000000000e+00
0.000000000000000000e+00
0.000000000000000000e+00
0.000000000000000000e+00
0.000000000000000000e+00
0.000000000000000000e+00
0.000000000000000000e+00
0.000000000000000000e+00
0.000000000000000000e+00
0.000000000000000000e+00
0.000000000000000000e+00
0.000000000000000000e+00
0.000000000000000000e+00
0.000000000000000000e+00
1.369726812491303333e-03
1.278446664895169227e-02
8.576998359547147177e-02
2.453982023517080335e-01
4.579005440441621944e-01
6.730150281378166621e-01
8.921606577220396739e-01
1.007196191368188165e+00
1.087223092952652514e+00
1.103707944453090839e+00
1.102666429403790227e+00
1.089719697168358037e+00
1.096944129239336929e+00
1.102399833315363509e+00
1.117661294866379107e+00
1.118946650097687456e+00
1.161449750699433237e+00
1.175068680553901679e+00
1.183514067626785904e+00
1.196765840571464068e+00
1.182319685884256399e+00
1.136914566842520236e+00
1.083796768767030239e+00
1.031270241064410120e+00
1.000605680833032585e+00
9.917056832483200912e-01
1.001669489756298770e+00
1.014251186132013371e+00
1.033886772800091336e+00
1.035449514281192140e+00
1.040946712944791130e+00
1.058288423327844896e+00
1.069277725314927707e+00
1.046723108644480371e+00
1.025704010204850913e+00
1.025149782573313351e+00
1.029638368019629713e+00
1.026004254690492168e+00
1.006917390265260615e+00
1.000329286459371358e+00
1.001010933258097646e+00
9.990675590600441858e-01
9.879722822976580998e-01
9.935191891707919609e-01
9.888907779186320024e-01
9.971203231278996659e-01
9.913522753888749373e-01
1.001376599162492775e+00
9.998129388667278405e-01
1.006888033559377060e+00
9.909167004015019264e-01
9.923006207778425347e-01
1.001821806033587947e+00
9.921533961461596052e-01
1.009583427084329132e+00
9.860712239600987195e-01
1.000091626199288930e+00
9.987306258293238148e-01
9.957415389454484789e-01
9.866897627687889472e-01
9.943508640194450576e-01
9.961864318050890343e-01
9.926525691257859219e-01
9.880661113335602597e-01
9.973964344481915933e-01
9.877943723296013223e-01
9.994831700589414947e-01
9.931792878130366597e-01
9.954381938308297650e-01
9.970949772903601183e-01
9.945968505861816356e-01
9.875980470904971442e-01
9.950949796494781285e-01
9.904265338381799122e-01
9.862794792196665217e-01
9.958028213291771902e-01
9.940551682171114845e-01
9.968787320426399923e-01
9.920219742363272086e-01
9.965945140660911195e-01
9.889622059148849287e-01
9.978796362592591285e-01
9.960946463310712540e-01
9.947754363699170543e-01
9.915495494789314801e-01
9.898247681267189346e-01
9.972838002342980790e-01
9.917785512982627560e-01
9.954964356683270177e-01
9.924627542800738000e-01
9.901816296049077426e-01
9.924012289551593646e-01
9.920027376701255895e-01
9.933133372016659246e-01
9.920869934585960781e-01
9.928646968591015032e-01
1.000083371960024836e+00
9.940289570412653708e-01
9.930068098777998786e-01
9.930578852665626899e-01
9.962793148269075694e-01
9.939564145022119490e-01
9.960582128307819971e-01
9.927142665576815794e-01
9.904982114155385098e-01
1.001846968646878500e+00
9.944122157967532072e-01
9.953115671479131343e-01
9.906692286246965296e-01
9.928829867746682414e-01
1.000887711905545707e+00
9.928789815805348917e-01
9.941272592068547409e-01
9.952491363299286187e-01
9.931027794836122524e-01
9.941999827176380977e-01
1.000767053315676058e+00
9.907447142116592165e-01
9.929294380231784567e-01
9.940361674108494361e-01
9.938482279531912766e-01
9.957383700002335747e-01
9.936028741496852890e-01
9.918315554024483838e-01
9.934385217267177604e-01
9.939009023278551069e-01
9.914247038106139831e-01
9.918156305034697695e-01
9.920247804297618321e-01
9.960446012359028822e-01
9.974167199274144302e-01
9.942213423577065390e-01
9.912809033817036042e-01
9.916521283636242634e-01
9.914094465792970823e-01
9.942856103580216542e-01
9.942638501001659357e-01
9.952726345209848002e-01
9.970226572552082223e-01
9.886944268637527511e-01
9.926305562213874056e-01
9.942032699313674282e-01
9.946265358073067553e-01
9.904867718410953481e-01
9.955050749449352310e-01
9.965983768026521750e-01
9.925117141762990203e-01
9.915032327320214556e-01
9.961328596906250388e-01
9.970033789721390871e-01
9.939206404193779987e-01
9.952499835055488298e-01
9.942788307974342876e-01
9.891864740772584597e-01
9.948551461300826348e-01
9.925858919097041433e-01
9.942577022609804249e-01
1.001513055835231647e+00
9.919168567835363604e-01
9.963121810034079040e-01
9.966264539248139709e-01
9.948203452860128193e-01
9.983320383307466850e-01
9.982401071306352680e-01
9.992028931052696628e-01
1.001166564711694740e+00
9.937932846825680011e-01
9.952517237950102569e-01
9.955834451710986466e-01
9.977238169191269268e-01
9.956760057419602461e-01
9.903161629153254264e-01
9.955588590640273017e-01
9.938213966261438825e-01
9.942558559042107280e-01
9.957852942193630152e-01
9.962453148006950032e-01
9.975714149462276970e-01
9.958729058115171062e-01
9.984283936012546823e-01
9.991523523510588145e-01
9.959781216644487678e-01
9.970878297759591113e-01
9.987681348367085654e-01
9.973877026296095183e-01
9.955219687683709573e-01
9.987675091603571698e-01
9.940993644012365849e-01
9.963486170730415648e-01
9.963977145017925974e-01
9.977159619385855827e-01
9.948020698028852138e-01
9.964866776754539579e-01
9.967104935454234038e-01
9.974647660097760715e-01
9.981020208626460999e-01
9.994168973605888073e-01
9.978059123841110933e-01
9.968628954831753042e-01
9.990857600626689150e-01
9.979497843418169145e-01
1.000456333899537142e+00
9.980502117620450031e-01
9.993319797159012641e-01
9.956088682996822037e-01
9.984985940488074752e-01
9.939406352556580115e-01
9.981568557182165513e-01
9.978443951965014769e-01
9.958335333005156054e-01
9.963390201314447081e-01
9.969759420467763089e-01
9.951549713651114404e-01
9.985463869704008788e-01
9.965015974082259698e-01
9.987620831840572366e-01
9.962220340569171162e-01
9.974562692229226313e-01
9.958778587599522725e-01
9.966848296711593447e-01
9.956859337751250427e-01
9.967341913702673084e-01
9.979771875313132590e-01
9.936579139550669737e-01
9.947907254339054539e-01
9.952415538004855122e-01
9.961699560462649039e-01
9.958334570517737294e-01
9.963827408670322683e-01
9.962270329996535390e-01
1.000094916981137727e+00
9.979938248898870823e-01
9.981956586754728855e-01
9.963731409193536948e-01
9.942517914337540841e-01
1.000521988636392301e+00
9.953724745334372459e-01
9.962183628304934757e-01
9.990736284822421265e-01
9.960739705102493735e-01
9.949344637559386362e-01
9.982687042682230061e-01
9.953982611174274631e-01
9.982962292488292144e-01
9.981580471193768345e-01
9.962633311624101706e-01
9.973377847753914782e-01
9.960395253505808233e-01
9.971956002868014313e-01
9.981729374124354015e-01
9.996802726825405605e-01
9.978117068959676539e-01
