0.000000000000000000e+00
0.000000000000000000e+00
0.000000000000000000e+00
0.000000000000000000e+00
0.000000000000000000e+00
0.000000000000000000e+00
0.000000000000000000e+00
0.000000000000000000e+00
0.000000000000000000e+00
0.000000000000000000e+00
0.000000000000000000e+00
0.000000000000000000e+00
0.000000000000000000e+00
0.000000000000000000e+00
0.000000000000000000e+00
0.000000000000000000e+00
0.000000000000000000e+00
0.000000000000000000e+00
0.000000000000000000e+00
0.000000000000000000e+00
0.000000000000000000e+00
0.000000000000000000e+00
0.000000000000000000e+00
0.000000000000000000e+00
0.000000000000000000e+00
0.000000000000000000e+00
0.000000000000000000e+00
2.101847631533715300e-04
1.761256893046790270e-03
1.333373175581578987e-02
7.860202246280910410e-02
2.310054102089316164e-01
4.620105171084421536e-01
6.999956646196888732e-01
8.945219844388997421e-01
1.042363887025945735e+00
1.098311093322987597e+00
1.158983244970735793e+00
1.145997752660260494e+00
1.128851579096901370e+00
1.108491718193786557e+00
1.118572271961261855e+00
1.117423226199246500e+00
1.150143426986639739e+00
1.169675871955350610e+00
1.195689984239149739e+00
1.221055242966758048e+00
1.212669762943594298e+00
1.197172589888823691e+00
1.156363769916104012e+00
1.092509218671749771e+00
1.059665092859070068e+00
1.016279779834503572e+00
1.021408827844374922e+00
1.009424861594577338e+00
1.017296255205351718e+00
1.038274761966770710e+00
1.039161118662249805e+00
1.051225550764822492e+00
1.045150097119032839e+00
1.060396657950962274e+00
1.061287997356249901e+00
1.051731553713214584e+00
1.031838076700333007e+00
1.040136694524761873e+00
1.024182111720409738e+00
1.018523106555869528e+00
9.948140175884314651e-01
1.004704131104445564e+00
1.001308622564206718e+00
9.999069936491629118e-01
9.908841003157233818e-01
9.982158644175671558e-01
1.000105751728960657e+00
1.006461489261203601e+00
9.997775457154985945e-01
1.004179548085208262e+00
1.007493571098911911e+00
1.004793336659558056e+00
1.005506048814159836e+00
1.011540147105597809e+00
1.000702842044950858e+00
1.013213144732780568e+00
1.012802256489830910e+00
1.016824529327241988e+00
1.012380150959154790e+00
1.016536682118341473e+00
9.938498449241276456e-01
1.009532624222140740e+00
9.974588942679167847e-01
1.007233220333521473e+00
1.001211274080680225e+00
9.968478591835332470e-01
1.005406188391931410e+00
9.978939748617234873e-01
1.001211320576177899e+00
1.005082313530828664e+00
1.006093017603200135e+00
1.004414383826180313e+00
1.007641549728854446e+00
1.005773089040071122e+00
1.002208377788050830e+00
1.012601803304051140e+00
1.008058217048906968e+00
1.005583945050743999e+00
1.004278767881840118e+00
9.960054471393630093e-01
1.007329571615179553e+00
1.003174380859217063e+00
1.002621737466752316e+00
1.000857112046240172e+00
9.998381433717391520e-01
1.007301019679436971e+00
9.987612297106919224e-01
1.011390472494953174e+00
1.006298609067445726e+00
9.985027075483484671e-01
1.000669988232420815e+00
1.003425980893737135e+00
1.001274491165762504e+00
1.001705348546452212e+00
9.999296235365101593e-01
1.002347324592093525e+00
9.959051186738087091e-01
1.004133860677645762e+00
1.002325910012574761e+00
1.001184530911725989e+00
9.990362834907502432e-01
1.002619409520685956e+00
9.988921642638513010e-01
1.000864363609856422e+00
1.006228184097203604e+00
1.000659128723743185e+00
1.004571508569013449e+00
1.005436534880684851e+00
1.008036889553937776e+00
1.002544300920447551e+00
1.004781039658223962e+00
1.002738384473774280e+00
1.000977581804930017e+00
9.982793026183278684e-01
1.003417268927766504e+00
9.992633585237530314e-01
9.977984456331847607e-01
1.006480148446406320e+00
9.959143618817229981e-01
1.003718861581153421e+00
1.006588352717024959e+00
9.996444745049855030e-01
1.005278362747676013e+00
1.000491003989973038e+00
1.001878538119570283e+00
9.945993242268488244e-01
1.004088669724646055e+00
1.003726398824312138e+00
1.001982073024898057e+00
1.003276766148177623e+00
1.008475986225859655e+00
1.001758061493281504e+00
1.003308386959138820e+00
1.005421241918294850e+00
1.001212555331597365e+00
9.993246702569735795e-01
1.003533047290630309e+00
1.000909577107700121e+00
1.001619070960439561e+00
1.002675172627346178e+00
9.965464486946615796e-01
1.001740618203313726e+00
1.003993216775689090e+00
1.003898544930000858e+00
1.001381282607475498e+00
1.002060177682502218e+00
1.006211032143835338e+00
1.001294810301040616e+00
1.000135956174166285e+00
1.001128185322923025e+00
1.000833766214559439e+00
9.960775611116181594e-01
1.005288200612363569e+00
1.002465235958789336e+00
9.989097745930763939e-01
1.005399816318708783e+00
1.001194481986640961e+00
1.002480279413614284e+00
1.000104488951897075e+00
9.948059483912563561e-01
1.001532439105494054e+00
1.001009638175182515e+00
9.992158257610210814e-01
9.989594899041748244e-01
9.975616132079785370e-01
9.995235610270318816e-01
1.002716436745737072e+00
1.002538491005499299e+00
9.976075408260962618e-01
9.965783612459396812e-01
9.975850930448955101e-01
9.985895914054692124e-01
1.000813991005303771e+00
1.000010250345388263e+00
9.997173516006964133e-01
9.986603823361214216e-01
9.952649560741659851e-01
9.959515633165660908e-01
9.957194316789171884e-01
9.979950117183563618e-01
9.973339438632273790e-01
9.957363836496633258e-01
9.981260899855686208e-01
9.993313187152341737e-01
9.985643443279594855e-01
9.988306822237209559e-01
1.000153775144557500e+00
9.994428899212862705e-01
1.001392650358804870e+00
1.000072379295504632e+00
9.999840776133335218e-01
9.991662371767674466e-01
9.966852174575272505e-01
9.983146377085904133e-01
9.953313674984578530e-01
9.974958251813741406e-01
9.987511669379428580e-01
9.996481195239578232e-01
9.996614645013057743e-01
9.973766624990013652e-01
9.986562586435531186e-01
9.991293531583771426e-01
9.973681020181629497e-01
9.980831571684244397e-01
9.998699162722237688e-01
1.000415688392640723e+00
1.003017659836667130e+00
9.997948047039634245e-01
9.981697722188674904e-01
1.001692130104370859e+00
9.957321530182380309e-01
9.968709943562250597e-01
9.958997408159897535e-01
9.980873156095946275e-01
1.001068630710884477e+00
9.984954956701074247e-01
1.000630775578875697e+00
9.993551345512874384e-01
9.974788433543558819e-01
9.975857807175085856e-01
1.000103062899465822e+00
9.975122444663291343e-01
9.974870180993238300e-01
9.970630622042647717e-01
9.973481685705292143e-01
9.998589995936414399e-01
9.976980522535014995e-01
9.981859285045965313e-01
9.933536970954600642e-01
9.996399368830013454e-01
1.001600722876653693e+00
1.000375312847560982e+00
9.962967353754399458e-01
9.997334514856568433e-01
9.959400474862091235e-01
1.000010031943522115e+00
9.983779418242241244e-01
9.967532604149230702e-01
9.985367998990852811e-01
9.992851728897956809e-01
9.973529814790671466e-01
9.985331743565190044e-01
9.971688650818346655e-01
9.973638431144766781e-01
9.989975586818881093e-01
9.987543515096108937e-01
9.975188943341883885e-01
9.956989382535299526e-01
9.974668726456694667e-01
9.971018190359899336e-01
9.998704727694315286e-01
9.983311035326816185e-01
1.000048091658998217e+00
