0.000000000000000000e+00
0.000000000000000000e+00
0.000000000000000000e+00
0.000000000000000000e+00
0.000000000000000000e+00
0.000000000000000000e+00
0.000000000000000000e+00
0.000000000000000000e+00
0.000000000000000000e+00
0.000000000000000000e+00
0.000000000000000000e+00
0.000000000000000000e+00
0.000000000000000000e+00
0.000000000000000000e+00
0.000000000000000000e+00
0.000000000000000000e+00
0.000000000000000000e+00
0.000000000000000000e+00
0.000000000000000000e+00
0.000000000000000000e+00
0.000000000000000000e+00
0.000000000000000000e+00
0.000000000000000000e+00
0.000000000000000000e+00
0.000000000000000000e+00
7.837434705808050571e-04
5.956359415371918764e-02
5.455887487054216223e-01
1.468332069859687339e+00
1.970167280588917214e+00
1.923963277190509302e+00
1.700580605484049546e+00
1.485710057880439638e+00
1.319935670488741941e+00
1.183670667291690348e+00
1.071961494388701253e+00
9.912458270111340619e-01
9.475084796573649548e-01
9.404681455742536222e-01
9.364280808474713114e-01
9.136759586408937928e-01
8.918064317082158299e-01
8.971537277187709991e-01
9.171653682944894692e-01
9.519379118649375915e-01
9.851927913507108059e-01
1.017225314938143832e+00
1.038551487306269339e+00
1.049610169800941684e+00
1.052941006045308603e+00
1.054651775039578965e+00
1.051338474836486458e+00
1.044322838756280847e+00
1.035467144504304882e+00
1.025003578287229766e+00
1.010041726008040541e+00
9.965018765336762785e-01
9.814283802546879265e-01
9.703712320130781777e-01
9.633511999148812732e-01
9.566052714003177027e-01
9.579633860093577091e-01
9.588595391024382630e-01
9.623229855847519332e-01
9.727081605788364671e-01
9.813514932255192891e-01
9.904946330485699946e-01
9.988233837422919592e-01
1.004821378193357706e+00
1.010296297863260806e+00
1.016007242886674655e+00
1.018242608575460562e+00
1.020096029526211590e+00
1.018431793928926909e+00
1.018785287131842354e+00
1.014852643441353175e+00
1.012483570167528102e+00
1.009774686388382525e+00
1.005503010710659950e+00
1.001756970795163681e+00
9.998433070586626448e-01
9.954567322762153392e-01
9.929033045121735679e-01
9.919895207328220943e-01
9.928609287007512663e-01
9.926950660680057270e-01
9.931747428386791254e-01
9.949016537337797006e-01
9.970777064908051823e-01
9.961431627468939620e-01
9.969275432726322217e-01
9.990651615418725262e-01
9.990541955119643935e-01
9.999493302049683452e-01
1.000651617784935388e+00
1.001181444770038009e+00
1.000747344452924459e+00
1.000641621976907647e+00
9.997524842197728079e-01
1.000418188815970222e+00
1.000929535383999314e+00
9.993998328009473520e-01
9.991682970328714664e-01
1.000613504203506254e+00
9.995967913982403141e-01
1.000873384933704369e+00
1.000216489523509278e+00
1.000654547480833267e+00
1.000599529851853520e+00
1.001145832377924316e+00
1.001167596304795904e+00
1.001627675971445086e+00
1.001797522512023031e+00
1.000470324429596269e+00
1.002137173509273671e+00
1.001648959386681081e+00
1.001232995459181430e+00
1.000294520720613534e+00
1.001269384790045569e+00
9.994769374185624722e-01
9.985137659620988426e-01
9.997963198592016987e-01
9.991969738976712589e-01
9.990612588971227170e-01
9.996700064860006840e-01
9.993444845411871835e-01
9.995249726250423628e-01
9.992738753122882844e-01
9.997058294627818587e-01
9.994299046313911417e-01
9.995364349486748345e-01
9.997564785921829733e-01
9.992251424323039810e-01
1.000574867046506444e+00
1.000111807020851451e+00
1.000031135908974411e+00
1.000893017855015499e+00
1.000563217045707942e+00
1.000837882882621210e+00
1.000679209057321106e+00
1.000577037143630665e+00
1.000453086265605362e+00
1.000300074260358274e+00
1.000538778399347128e+00
1.000212315623659087e+00
9.996877851622755218e-01
1.000154791912508889e+00
1.000291666650421796e+00
1.000507603812069934e+00
9.998659411912235173e-01
9.997801724319389516e-01
1.000130551883715579e+00
1.000230904056018888e+00
9.999487294117807012e-01
9.997969185259292235e-01
9.993071462567841845e-01
1.000368096617275215e+00
1.000181349702846445e+00
1.000035424821831054e+00
9.998454967669698767e-01
9.994341675690344706e-01
1.000229495919571443e+00
9.992081661007715665e-01
1.000324444494338882e+00
1.000364639906185626e+00
1.000157405398124144e+00
1.000383549670295524e+00
9.999414464584932549e-01
9.995040556582986957e-01
1.000417653874102974e+00
9.997416644404314434e-01
9.993089855247101472e-01
1.000272052718762961e+00
1.000206501534636416e+00
1.000275362120814693e+00
1.000255181942012905e+00
1.000379399961800697e+00
1.000045671849466133e+00
1.000059349690782140e+00
1.000420480728325234e+00
1.000508076796601253e+00
9.998076309897955261e-01
9.995811828337229921e-01
9.991847745886742738e-01
1.000306876411265922e+00
9.999981108505062721e-01
1.000155502700731835e+00
1.000134480666243775e+00
9.997108079957888194e-01
1.000224596892502316e+00
1.000159242366130519e+00
9.998024381983813269e-01
9.996703258062460407e-01
1.000300867852507158e+00
1.000468450159124334e+00
1.000027341707501849e+00
1.000523851527768571e+00
9.998556107640607094e-01
9.998072344657759070e-01
1.000410161352565996e+00
1.000274148125688489e+00
9.998186466787291060e-01
1.000042687356447191e+00
9.999738919419415284e-01
9.998505221910751750e-01
9.995326916639569736e-01
1.000215205338631286e+00
9.995257548516279789e-01
1.000552612116341944e+00
1.000053771998613783e+00
9.995168107910127331e-01
9.999478724354258219e-01
1.000577736749100888e+00
1.000452289720507038e+00
9.998004927680345100e-01
1.000656521986615255e+00
1.000088452195416755e+00
1.000400606940359038e+00
1.000537591968698070e+00
1.000002937422990623e+00
1.000180930486089137e+00
1.000180946230604606e+00
1.000053259702968322e+00
9.996054506142324492e-01
1.000585237882443135e+00
1.000455571756234674e+00
1.000300954941241161e+00
1.000327624964530981e+00
9.997185565670009266e-01
9.997312730062859476e-01
9.995927100598777093e-01
1.000681497942629505e+00
9.999507632665559642e-01
1.000184146449199840e+00
1.000063295900539773e+00
1.000146058892291467e+00
1.000313729509355154e+00
9.997042841103105371e-01
1.000084286908162090e+00
9.997455357250440988e-01
1.000626107443230328e+00
1.000150182005622890e+00
1.000396072770654676e+00
1.000408937577842439e+00
1.000260231426510549e+00
1.000401891279317779e+00
1.000404571836609247e+00
1.000160446100833544e+00
9.998346423139610195e-01
1.000672454365012509e+00
1.000197447797057437e+00
9.995641964313766170e-01
1.000231346722067816e+00
9.999432303486209817e-01
1.000570149338773085e+00
1.000553469975786980e+00
1.000578310409667049e+00
1.000576590970535085e+00
1.000344004880863169e+00
1.000795614880235940e+00
1.000119716033270878e+00
1.000099447655976803e+00
1.000394944201182579e+00
1.000177592552556227e+00
9.999169845543044444e-01
1.000506650231300920e+00
1.000102311683166212e+00
9.999955604824568578e-01
9.999419665851372319e-01
1.000394558939072809e+00
1.000612007126153280e+00
1.000464422367208561e+00
1.000361727919195420e+00
1.000063149677346885e+00
1.000241046669731571e+00
1.000363998662216147e+00
1.000383432734923916e+00
1.000333833510744341e+00
1.000462035408528960e+00
1.000257844906097038e+00
