0.000000000000000000e+00
0.000000000000000000e+00
0.000000000000000000e+00
0.000000000000000000e+00
0.000000000000000000e+00
0.000000000000000000e+00
0.000000000000000000e+00
0.000000000000000000e+00
0.000000000000000000e+00
0.000000000000000000e+00
0.000000000000000000e+00
0.000000000000000000e+00
0.000000000000000000e+00
0.000000000000000000e+00
0.000000000000000000e+00
0.000000000000000000e+00
0.000000000000000000e+00
0.000000000000000000e+00
0.000000000000000000e+00
0.000000000000000000e+00
0.000000000000000000e+00
0.000000000000000000e+00
0.000000000000000000e+00
0.000000000000000000e+00
0.000000000000000000e+00
0.000000000000000000e+00
1.573646523659677152e-02
2.502463815960105364e-01
1.141590917376298142e+00
2.469928925050775881e+00
3.429571530790036960e+00
3.954207624413415001e+00
4.084430215671740250e+00
4.017804205355459679e+00
3.730248441010190597e+00
3.476206266825645486e+00
3.118035210354728637e+00
2.802683014910588799e+00
2.445560642939305307e+00
2.110589631203345196e+00
1.842368212877258715e+00
1.673437987804439642e+00
1.571908423233648433e+00
1.503208378324288219e+00
1.455595056533984355e+00
1.472561159644822926e+00
1.465333848917522941e+00
1.398929753586312330e+00
1.338021206896658377e+00
1.266324660613896702e+00
1.252830226756366905e+00
1.254524155343997638e+00
1.308937088524003256e+00
1.335758363101012813e+00
1.352189847435962822e+00
1.381156760289501184e+00
1.406053867229456689e+00
1.417848091027598123e+00
1.402992877021911111e+00
1.378278626299257903e+00
1.316108794371950941e+00
1.292194297279599891e+00
1.231724221946300490e+00
1.180559334571896324e+00
1.149384459503042466e+00
1.128162258664537010e+00
1.098080894994020396e+00
1.106265432977258989e+00
1.091204970115869255e+00
1.089632019036019805e+00
1.109458594241535145e+00
1.119109974610789759e+00
1.104746931040044178e+00
1.129744507874228532e+00
1.109638402994900686e+00
1.096919552799421993e+00
1.109564068281580829e+00
1.128210303731225439e+00
1.111811843648349507e+00
1.085821340312401073e+00
1.086780077190783844e+00
1.098388512011234441e+00
1.066746696448883869e+00
1.070971804215593792e+00
1.061010401563781347e+00
1.048101073126869176e+00
1.033655256483099860e+00
1.037095207818392151e+00
1.041130847163140416e+00
1.028214329992299225e+00
1.019659590942902039e+00
1.032393873392931649e+00
1.027549982767800962e+00
1.035199716940923498e+00
1.038661772377203141e+00
1.028687587869528963e+00
1.031066726750767826e+00
1.029135836868522835e+00
1.031235373634253216e+00
1.029275348901912635e+00
1.018879321459648768e+00
1.021966935095589557e+00
1.017048231284184867e+00
1.014771710710155705e+00
1.021441104571116254e+00
1.012967910218661949e+00
1.006549747847070631e+00
1.009040492175090620e+00
1.011855603083575916e+00
1.008350971326158918e+00
1.005853477019804876e+00
1.012284005628277361e+00
1.014589326533835267e+00
1.005744702876276708e+00
1.008012164558514945e+00
1.004924416571919998e+00
1.009758773837747592e+00
1.005377900643640965e+00
1.009338444975361071e+00
1.012421520952407672e+00
1.007771022328373567e+00
1.015325257415797156e+00
1.008759091952194487e+00
1.012506945147166659e+00
1.008874383240509598e+00
9.994394205401695430e-01
1.006751473720591816e+00
1.004958703481749982e+00
1.013348739001763921e+00
1.001898634660370879e+00
1.012277806818757675e+00
1.006847249804467825e+00
1.001031894940313194e+00
1.010451058848353068e+00
9.994910323903838378e-01
1.002701305412037724e+00
1.012995500759081846e+00
1.009147643655624371e+00
1.004944791864353260e+00
1.005585771029742448e+00
1.012667859638526124e+00
1.004701371683606403e+00
1.001025090718842714e+00
1.012347862755007544e+00
1.011121274999859265e+00
1.005819295522317969e+00
1.006859530507570488e+00
1.002492801462444127e+00
1.001832541968339818e+00
1.006956918569062331e+00
1.004522583674469338e+00
1.008520081637688248e+00
1.002599199874953939e+00
1.007124543295564001e+00
1.007296465143516118e+00
1.000367421573141957e+00
1.012964749158895561e+00
1.004973920495061179e+00
1.005214812260270874e+00
1.005234913629132532e+00
1.012510394825587356e+00
1.008233717047449352e+00
1.002991255304958029e+00
1.009584295165918411e+00
9.994147359167019351e-01
1.008747104672061079e+00
1.005437330282289210e+00
1.002134450417160316e+00
1.005286181066336271e+00
1.007212054886839292e+00
1.008085123643384540e+00
1.005651877256187543e+00
1.005273185450787254e+00
1.004733121016214703e+00
1.010332373715578491e+00
1.007564415713282591e+00
1.007222175628496919e+00
1.010035627638886213e+00
1.006078163951742432e+00
1.005929895502654547e+00
1.003327328134238750e+00
1.002912139766318322e+00
1.007672196751329352e+00
1.003027502056024201e+00
1.007931088507632467e+00
1.006989881935169473e+00
1.003985166286467834e+00
1.005319563163670216e+00
1.005169494197592828e+00
1.004226014347488594e+00
1.004760133035817127e+00
1.002223992302692102e+00
1.005073419342728869e+00
1.000800026330626036e+00
1.009726299068149480e+00
1.002920231275099106e+00
1.001459644363054791e+00
1.002385571865134883e+00
1.004355278665579831e+00
1.006313321892644552e+00
1.003422720725728468e+00
1.006681462548618677e+00
1.005784173918378821e+00
1.002971001008877483e+00
1.001114371955798221e+00
1.003572743269930623e+00
1.004867518934556836e+00
1.003989107498981515e+00
1.001857765355518737e+00
1.003632271646816676e+00
1.001461782020188984e+00
1.002113292969166958e+00
1.005285791169888920e+00
1.002460025144861877e+00
1.001474751008211372e+00
1.001126454848275449e+00
1.000513420788794683e+00
1.001052068597025224e+00
9.981605444090251300e-01
1.003258623218342915e+00
9.986405243970972734e-01
1.000294844489936663e+00
1.002067513352798755e+00
1.007246342449470200e+00
1.001698934783952222e+00
1.003036196146927628e+00
1.000836976687082602e+00
9.986309065921178396e-01
1.003000305776799106e+00
1.003255756546528987e+00
1.003703051760672205e+00
1.001585345394366611e+00
1.003472955696448121e+00
1.005931363688242763e+00
1.000642588160289170e+00
9.992495819965134807e-01
9.985359068148330630e-01
1.003089169539551184e+00
9.968567559150036672e-01
1.004536162945308453e+00
1.001132114309378318e+00
9.997396620336446160e-01
1.000015823587630637e+00
1.000865369011677553e+00
1.000119210181930951e+00
1.000211555078178050e+00
9.973933021469771898e-01
1.002549151719792864e+00
9.962024655839015752e-01
9.988966934456197100e-01
9.973166240495975332e-01
1.003931561472961143e+00
1.001071328216895706e+00
9.999823784836830987e-01
1.002287015258689795e+00
9.963454895355882135e-01
1.000371942351044208e+00
9.983677784834696922e-01
1.002200054626095627e+00
9.972656028600225264e-01
9.994059887040871448e-01
9.994793787275250141e-01
9.992519780165427523e-01
1.001700319638774372e+00
9.977393060184464035e-01
1.003006202596771423e+00
9.967817815913663226e-01
9.971769182895590111e-01
9.978451400324617193e-01
9.996220425307333901e-01
9.954120827590090537e-01
1.000055111734390545e+00
9.995753310706413375e-01
1.001582993896595886e+00
9.948442453668991936e-01
1.000704227162696913e+00
9.968626551336807751e-01
9.985805197729777927e-01
9.994910461749065833e-01
1.002069568349536643e+00
