0.000000000000000000e+00
0.000000000000000000e+00
0.000000000000000000e+00
0.000000000000000000e+00
0.000000000000000000e+00
0.000000000000000000e+00
0.000000000000000000e+00
0.000000000000000000e+00
0.000000000000000000e+00
0.000000000000000000e+00
0.000000000000000000e+00
0.000000000000000000e+00
0.000000000000000000e+00
0.000000000000000000e+00
0.000000000000000000e+00
0.000000000000000000e+00
0.000000000000000000e+00
0.000000000000000000e+00
0.000000000000000000e+00
0.000000000000000000e+00
0.000000000000000000e+00
0.000000000000000000e+00
0.000000000000000000e+00
0.000000000000000000e+00
0.000000000000000000e+00
0.000000000000000000e+00
2.158734109009460139e-03
5.052086355004700713e-02
2.993929246445865000e-01
7.853673392430952083e-01
1.264354782564334645e+00
1.526145703164017764e+00
1.574784469542541698e+00
1.504941736840062383e+00
1.400811061853090900e+00
1.294051453575671973e+00
1.208568015547810237e+00
1.137023351264026427e+00
1.055355061483395085e+00
9.815280764963321136e-01
9.319748515042666215e-01
9.218039576353237452e-01
9.363080292669389015e-01
9.608857802770295331e-01
9.929700291517056243e-01
1.028786184029887529e+00
1.045531953361868993e+00
1.040215907425343866e+00
1.034728731530884627e+00
1.037891740384029982e+00
1.042663390134608292e+00
1.045802247922982708e+00
1.051670414086241845e+00
1.050161965518723761e+00
1.053390315656060672e+00
1.046928615231692561e+00
1.038886450853400145e+00
1.026431095673556726e+00
1.009851362197914604e+00
9.931520647877782881e-01
9.777454474196840550e-01
9.667826673187931430e-01
9.603123955922007182e-01
9.601186545961150065e-01
9.587072771086435630e-01
9.653730922607948184e-01
9.739766489133137028e-01
9.821851887595186570e-01
9.917299370834228300e-01
9.996705841108683988e-01
1.011709032458415036e+00
1.015919550216843215e+00
1.020621834618388180e+00
1.026016905313980265e+00
1.027309417853681905e+00
1.028370238013458948e+00
1.025909895434758301e+00
1.024315111661703526e+00
1.017770009809734422e+00
1.011664945282408024e+00
1.011652530301152098e+00
1.006402795845612763e+00
9.996834076672684866e-01
9.982400362574700425e-01
9.925830493564492540e-01
9.923874277508103470e-01
9.894942678104186040e-01
9.912083127540588512e-01
9.915729260056280747e-01
9.914699318665874950e-01
9.928052812274357208e-01
9.956189087368300106e-01
9.971091005772969584e-01
9.984175365767297139e-01
9.998164314880834125e-01
9.981328226213421750e-01
1.001690241706377771e+00
1.002433690704153779e+00
1.000945427995786563e+00
1.002594878659081701e+00
9.999010580837984774e-01
1.002517822141179016e+00
1.001090609628413119e+00
1.000822607970351719e+00
1.000244286660610493e+00
1.001069592414723486e+00
1.001154576734008872e+00
9.997496359517784592e-01
9.996344151593019589e-01
9.997239254920610163e-01
1.000115066526782170e+00
1.000257369745572555e+00
1.000263690209286738e+00
9.999064344709336360e-01
1.000850451483406678e+00
1.001514594032874017e+00
1.001108226659774836e+00
1.000184238030026096e+00
1.000547191540253289e+00
9.997891620074643715e-01
1.000605809938420077e+00
9.989017073854342676e-01
9.987777050143781254e-01
9.981291010781945250e-01
9.997350561851592321e-01
9.980995339424841850e-01
9.987862850436874940e-01
9.982340241156326677e-01
9.985819129778358283e-01
9.995206133011518279e-01
9.985148333923470343e-01
9.995855995898930146e-01
1.000760237921345608e+00
9.990233630352972627e-01
9.996358497274857591e-01
9.994102502285459044e-01
9.996390097998385516e-01
9.998885937554308212e-01
1.002023914754928802e+00
1.000273417369319073e+00
9.993730565571621316e-01
1.000523343568994639e+00
1.000393289715004741e+00
1.000176686147211669e+00
9.999743990018679085e-01
1.000266330505652723e+00
1.000702700759533936e+00
1.000826262277070056e+00
9.992752628733123643e-01
1.000116535508784876e+00
9.994726840283534308e-01
9.999366361702937134e-01
9.990875099270565274e-01
9.996218242986928404e-01
1.000069226568033542e+00
9.997667200359909856e-01
9.995778083130568703e-01
9.992446776961013688e-01
9.990745690569118320e-01
1.000014634524136081e+00
9.999635802954062180e-01
1.000848833994396170e+00
1.000916874411066582e+00
1.001260825460282833e+00
1.000592321283763519e+00
9.994938377396321849e-01
9.992593603614455811e-01
9.998309256431163750e-01
1.001154855852743886e+00
1.000390925125390629e+00
9.998153380571602744e-01
9.993913038543272842e-01
1.000202179365952126e+00
9.992494292060501992e-01
9.996629126881245719e-01
9.997926134159764722e-01
1.000348846144946791e+00
1.000339299026687279e+00
9.998828157541224115e-01
1.000445180464340167e+00
1.000704105951026657e+00
9.996901050345055051e-01
9.999702198023686650e-01
1.001099068575376894e+00
9.995635683217684031e-01
9.998075651258480079e-01
1.000131312297339425e+00
1.001156779430000698e+00
1.000343874070769745e+00
1.001083633027509689e+00
1.000454656150581156e+00
9.999101849818391452e-01
1.000254055960809296e+00
1.000218544139206189e+00
1.000866352319167873e+00
9.992517100709904510e-01
1.000767936236552469e+00
1.000163275021819898e+00
1.000054778552632362e+00
1.000217229578414191e+00
1.000213998551877648e+00
9.994178448874123655e-01
1.000360906384608395e+00
1.000262003667814259e+00
1.000105105219162738e+00
1.000208620678616711e+00
9.999136043734626611e-01
1.000228196986487461e+00
9.998389131651794770e-01
9.998656791475675210e-01
9.997582121254778853e-01
1.001276533420036419e+00
9.996606868665579571e-01
1.000458430374509655e+00
1.000213229398964732e+00
9.992742056909507120e-01
9.999255922141305764e-01
9.994943297884587574e-01
9.992592937134717745e-01
1.000042351613716241e+00
9.996894761506582849e-01
1.001079088853992882e+00
1.000354040384057619e+00
1.000532831669113554e+00
9.997000309410507546e-01
1.000545676471568779e+00
1.000094979886671176e+00
1.000832715608005685e+00
9.997033333589806503e-01
9.995168245782943828e-01
1.000190564828855155e+00
9.998193288071761664e-01
1.000242193682428171e+00
9.999681657625650866e-01
1.000023146825699705e+00
1.000150322919313384e+00
9.994681777103815445e-01
1.000474776746314243e+00
1.000413673476767240e+00
9.999406320878237997e-01
9.998719549009091878e-01
9.992017683699544461e-01
1.000209152586736483e+00
9.995864095463639076e-01
1.000652761140697677e+00
9.993642987000880273e-01
1.000890784629182351e+00
9.999048176410324507e-01
1.000359178583117847e+00
9.996681344218439902e-01
1.000049245611055238e+00
9.998389657609386694e-01
9.996690081401793382e-01
9.999938719656150665e-01
9.999076847451896510e-01
1.000196989906961154e+00
9.999774754562051893e-01
1.000525511546302981e+00
9.998532857462361090e-01
1.000167479290926975e+00
1.000478775166441014e+00
1.000370701397099271e+00
9.997531295277288788e-01
1.000349594661874564e+00
9.997351147903973390e-01
1.000111886352873736e+00
1.000277854179001169e+00
9.996527600828740701e-01
9.999047676474132063e-01
9.997406958060036652e-01
1.000131898377603745e+00
9.999910695074363254e-01
9.998354541378626781e-01
9.991335735665467510e-01
1.000239939673191802e+00
1.000240602699369541e+00
9.999558660603168336e-01
1.000111931524056752e+00
9.999464131286052160e-01
9.995345796520797022e-01
