0.000000000000000000e+00
0.000000000000000000e+00
0.000000000000000000e+00
0.000000000000000000e+00
0.000000000000000000e+00
0.000000000000000000e+00
0.000000000000000000e+00
0.000000000000000000e+00
0.000000000000000000e+00
0.000000000000000000e+00
0.000000000000000000e+00
0.000000000000000000e+00
0.000000000000000000e+00
0.000000000000000000e+00
0.000000000000000000e+00
0.000000000000000000e+00
0.000000000000000000e+00
0.000000000000000000e+00
0.000000000000000000e+00
0.000000000000000000e+00
0.000000000000000000e+00
0.000000000000000000e+00
0.000000000000000000e+00
0.000000000000000000e+00
0.000000000000000000e+00
0.000000000000000000e+00
0.000000000000000000e+00
0.000000000000000000e+00
0.000000000000000000e+00
0.000000000000000000e+00
0.000000000000000000e+00
1.047444201872644275e-02
1.036826286085516940e-01
4.649458472489448879e-01
1.098630531788752585e+00
1.767483009325687915e+00
2.299550968240670734e+00
2.615300995519900695e+00
2.696378017725773013e+00
2.703206166639217312e+00
2.692703423453769673e+00
2.608760321658125658e+00
2.504388165224118001e+00
2.384571039794683323e+00
2.272678878010629067e+00
2.155845999855373840e+00
2.035102530837840540e+00
1.941788285808569103e+00
1.859024297286119287e+00
1.765741872896532394e+00
1.708808417388669509e+00
1.608476630063421453e+00
1.482422707863787270e+00
1.296661414589093564e+00
1.165272564839667790e+00
1.053486106135846256e+00
9.825790507878530144e-01
9.626724544381519699e-01
9.630013647108783825e-01
9.696149998252564517e-01
9.922016568547312731e-01
9.798925143325716292e-01
9.941203430732586943e-01
1.000194597117594286e+00
9.976444057258188058e-01
9.896679414157656396e-01
9.850243974033331407e-01
9.854157506879295259e-01
9.683818952050681217e-01
9.732325484647349478e-01
9.594511435983528180e-01
9.486148456676013474e-01
9.480775638155437557e-01
9.527763835765621359e-01
9.467911854966198915e-01
9.499375903362902163e-01
9.449664832074684551e-01
9.520797329676118359e-01
9.740502282263628908e-01
9.687344621796915023e-01
9.664102577379107828e-01
9.679357327814896994e-01
9.729215391701450111e-01
9.792419448678902905e-01
9.705433118354097610e-01
9.794384001260435513e-01
9.849639752327690179e-01
9.774374395276229643e-01
9.801719333584991700e-01
9.658163463787269309e-01
9.630155497675155774e-01
9.729804796722135718e-01
9.680292066448310528e-01
9.708822282962272787e-01
9.690444317738027280e-01
9.752590168523908032e-01
9.783221453400375855e-01
9.716397614893337309e-01
9.752427518340762713e-01
9.750835199541650899e-01
9.886111220779878472e-01
9.930860954918586669e-01
9.929853203325843536e-01
9.894866584383965602e-01
9.930956542593093461e-01
9.990192997131657204e-01
1.007397422593202085e+00
1.007347373861645856e+00
1.008125398218795432e+00
1.016428726970037388e+00
1.009008139150078254e+00
1.005141656779250159e+00
1.006210566202474954e+00
1.006951446021851604e+00
1.003710457003936796e+00
1.003445864052213699e+00
1.003779880043109918e+00
1.005058609401830338e+00
1.004259769716855599e+00
1.004438591903648703e+00
1.003399428199339916e+00
1.000185074231650928e+00
1.001790070202156269e+00
9.983534518515793099e-01
9.988837390448787046e-01
1.004439881577437355e+00
9.983533151551373663e-01
1.002989875844335410e+00
1.001941249545488466e+00
1.004145269745316149e+00
1.001914616284038884e+00
9.954946213236172126e-01
9.990319472652668953e-01
9.974594981056623677e-01
1.003324502530082318e+00
1.001989121047529574e+00
1.003074716609356321e+00
1.004328278980235467e+00
1.002972712006112266e+00
1.000563547202764969e+00
9.991839469202232760e-01
9.988007445665146866e-01
1.004614436801395172e+00
9.989247541952755993e-01
1.005049307057716890e+00
9.989464151304260353e-01
1.003561488386764955e+00
9.999709215658350026e-01
1.002766269606107485e+00
9.979825483747191139e-01
9.997210278441199804e-01
1.004916112779806969e+00
1.005701432228272685e+00
9.941355123444776121e-01
9.981371508947171067e-01
9.969548550454838676e-01
1.003918060301126403e+00
9.965411644294648319e-01
9.979508240235448469e-01
9.948131661898363953e-01
1.001524222501256167e+00
9.965987854494413600e-01
9.968427488819519011e-01
9.947524691965843324e-01
9.984150593513398952e-01
9.939616933806212362e-01
9.976249466172238956e-01
9.965335058129408674e-01
9.972009536287781417e-01
9.989758684679799217e-01
9.974889099665190662e-01
9.975326974979222827e-01
9.994231564758622177e-01
9.946816717476126835e-01
9.984091402061189280e-01
9.971690071247617526e-01
9.951451660389472043e-01
9.987668959973959870e-01
1.004607305153411456e+00
1.002268704470206773e+00
1.001917013543504709e+00
1.002499679289561518e+00
9.993107561098383274e-01
9.962802382684520230e-01
9.982269133915715464e-01
9.998444738429952405e-01
9.986971332901801723e-01
9.979060553842395986e-01
1.000688746399589268e+00
9.973646525759146675e-01
9.974071534778463644e-01
9.960559435187879007e-01
9.958216655175130549e-01
9.982276583793059377e-01
9.986490589674376084e-01
1.002811931363944087e+00
9.990868146047119369e-01
9.970485236189543521e-01
9.948343977569878982e-01
9.936977696868941612e-01
9.962737890920473349e-01
9.976500052451610090e-01
9.975188405549594295e-01
1.002087662346430541e+00
9.982118627363217866e-01
9.995189117612102159e-01
1.000239299355843103e+00
9.991290806017634196e-01
1.000318654263437468e+00
9.989183395825624867e-01
9.964438286538309653e-01
9.989370270292603493e-01
1.001488463556491570e+00
1.000084538915064769e+00
1.000826067744909009e+00
9.986301867985837299e-01
9.998323097445741547e-01
1.001629315210773807e+00
9.995335692583499076e-01
9.961399449262394734e-01
9.976598531603693143e-01
9.960594764700444470e-01
9.951240255560304115e-01
1.001351904304252027e+00
9.977405142452049347e-01
9.977686244574218710e-01
9.954498906336717301e-01
9.969824893493390849e-01
9.991616937050024072e-01
9.984694447317405963e-01
9.988927734973357397e-01
9.979498206421236750e-01
9.997101137065160792e-01
9.987312190075924301e-01
1.000011338308846032e+00
9.975999622955646906e-01
9.982942037790192291e-01
1.000951341093926139e+00
9.993633285048103554e-01
9.996930536245437482e-01
1.001836363477090375e+00
1.001768038968950947e+00
1.000390224403846950e+00
9.975500847843267183e-01
1.000727876206011668e+00
9.964914030221919683e-01
1.000460400831107988e+00
1.004304567319788344e+00
1.002032471121421464e+00
9.977391384349771908e-01
9.992337723873246924e-01
9.978886852644195393e-01
1.005548424529969287e+00
1.001848123478217722e+00
1.004596861517158102e+00
1.001657867963632542e+00
1.000471903181521460e+00
1.002557349896136873e+00
9.994187270438206205e-01
1.001829573438553611e+00
9.991648048313028774e-01
1.000505649860096158e+00
9.993472756335801677e-01
9.996081157184691923e-01
1.002640055970204003e+00
9.988915790555673579e-01
1.002163315216615835e+00
9.986118683298057519e-01
1.000395989803267272e+00
1.001503387313930737e+00
1.000775636562634796e+00
1.002183114936176844e+00
1.002677236120665727e+00
1.001871316409064017e+00
1.000233058533574804e+00
1.000301414790564225e+00
9.986607941987678538e-01
9.999323183808035420e-01
1.000008367319190405e+00
9.996708910256077996e-01
