0.000000000000000000e+00
0.000000000000000000e+00
0.000000000000000000e+00
0.000000000000000000e+00
0.000000000000000000e+00
0.000000000000000000e+00
0.000000000000000000e+00
0.000000000000000000e+00
0.000000000000000000e+00
0.000000000000000000e+00
0.000000000000000000e+00
0.000000000000000000e+00
0.000000000000000000e+00
0.000000000000000000e+00
0.000000000000000000e+00
0.000000000000000000e+00
0.000000000000000000e+00
0.000000000000000000e+00
0.000000000000000000e+00
0.000000000000000000e+00
0.000000000000000000e+00
0.000000000000000000e+00
0.000000000000000000e+00
0.000000000000000000e+00
0.000000000000000000e+00
0.000000000000000000e+00
0.000000000000000000e+00
0.000000000000000000e+00
0.000000000000000000e+00
0.000000000000000000e+00
4.138101366532210439e-04
1.028082580519890619e-02
9.967725118260180317e-02
4.642758621053565959e-01
1.123248622074827674e+00
1.786024359272890827e+00
2.339072409275967157e+00
2.640849881423912748e+00
2.760230673125717793e+00
2.780772779772267000e+00
2.724597837238901921e+00
2.596891901272551539e+00
2.519500198648259914e+00
2.425850510100995283e+00
2.301723286006696956e+00
2.131095920057939352e+00
2.040781046348487227e+00
1.927437720267461740e+00
1.854096869981698870e+00
1.787327436234064093e+00
1.702980233579841851e+00
1.581824897331638446e+00
1.466202152553208515e+00
1.291326216550964467e+00
1.160906096584229275e+00
1.050210496702410623e+00
9.866529271987120042e-01
9.675378493276798331e-01
9.552164948004068235e-01
9.719320486701371609e-01
9.672564735954992665e-01
9.962626920432530175e-01
9.968155996635011951e-01
1.021615214517357817e+00
1.007765293436613696e+00
1.003431147701877801e+00
9.912392324350859374e-01
9.982928114624960436e-01
9.766608271659664720e-01
9.629050472871947264e-01
9.629310538712539946e-01
9.511702952639043973e-01
9.515160227923111780e-01
9.510277270171656472e-01
9.584766636838026876e-01
9.637478617780074197e-01
9.616092002091841673e-01
9.637780581787651624e-01
9.704916421182407937e-01
9.808283968015716336e-01
9.781172261118881162e-01
9.836469938867106189e-01
9.862472525432703918e-01
9.882758913758078467e-01
9.914694410503137600e-01
9.867133267292854670e-01
9.947995961668235632e-01
9.834045481970775660e-01
9.775269446184748912e-01
9.835600195781859512e-01
9.794298169583607327e-01
9.837280096885602232e-01
9.778262677288468430e-01
9.827395361920508998e-01
9.745096733277276435e-01
9.819198660183167116e-01
9.776531247253633650e-01
9.832353026080777880e-01
9.960286729068993372e-01
1.000081802452739588e+00
9.986125118844805248e-01
9.882811785431472318e-01
1.008556146187064684e+00
1.004273428201238438e+00
1.013418403693579384e+00
1.004726302505533742e+00
1.017496003171531438e+00
1.014494574847211172e+00
1.014569837857479229e+00
1.012787494010413569e+00
1.023672498362090399e+00
1.017841510369303482e+00
1.010838435916942668e+00
1.008480433367545226e+00
1.018119144312254809e+00
1.005890188896060744e+00
1.006452495297398775e+00
1.007212523852054842e+00
1.013341645649939560e+00
1.007276990709644382e+00
1.004335521550124177e+00
1.013871766282884668e+00
1.014241479851160754e+00
1.008900720705356413e+00
1.004171245506824128e+00
1.008972024906667819e+00
1.009731048807740450e+00
1.002254841480216152e+00
1.000623584687574175e+00
1.003881508793908806e+00
1.007589311500815876e+00
1.008296892639645836e+00
1.003835854412833850e+00
1.010465374521008597e+00
1.007306778025856442e+00
1.006102010957668158e+00
1.014080872566037739e+00
1.006307578146646398e+00
1.010021657840602272e+00
1.005563593734580152e+00
1.003118898451683005e+00
1.004988059487749386e+00
1.004165674831279276e+00
1.004091122276330239e+00
1.004208224806431904e+00
1.004090873685654417e+00
1.002573696996692521e+00
1.008215990679327545e+00
1.001535212472194347e+00
1.007929910848636368e+00
1.005398454275695519e+00
9.982499615089164280e-01
1.004138709744736069e+00
1.009601876210477922e+00
1.000477919506894908e+00
9.973873065673123373e-01
9.966200667299534022e-01
9.994699529716312147e-01
1.003287475101132031e+00
1.002277676309187404e+00
1.003030856722151087e+00
1.002293743229252909e+00
1.001105112714180123e+00
9.990280071873511858e-01
1.004659518537317275e+00
1.000855032314931448e+00
9.962359674010060617e-01
9.963346419286368549e-01
1.000970980936413790e+00
9.949837116486247579e-01
1.000999662479976182e+00
1.002194139036432174e+00
1.001754120477416965e+00
9.994032137307815589e-01
9.982855738511424715e-01
1.003240576964111730e+00
1.001896111045250892e+00
1.004367212271011223e+00
1.004629906739604284e+00
9.992982858869793317e-01
9.992870128343525060e-01
9.987303272483283312e-01
1.002437237428222883e+00
9.968920098732446666e-01
9.977637564801168368e-01
1.000561459077291326e+00
1.000524678371878196e+00
1.006766655633495322e+00
1.000837059456249012e+00
9.981548911066280283e-01
9.984865137889418207e-01
9.966782131991275273e-01
1.000089598200945229e+00
1.000611555037432154e+00
1.005710428568409531e+00
9.998650389647376624e-01
9.989717518720254708e-01
1.000759415441917932e+00
9.985766576705813469e-01
1.002955108826510733e+00
9.997605396120096133e-01
1.001088399205039670e+00
9.973842899545755092e-01
1.003721222730490581e+00
9.999217458163891514e-01
9.987967733612930221e-01
1.002589553151514323e+00
9.996240547673075350e-01
9.990513909617547705e-01
9.985800412641121504e-01
9.982419554604025080e-01
9.975385610247901047e-01
1.002610044310001447e+00
1.000824295134117969e+00
9.985470683797821323e-01
1.003605389174887064e+00
1.000195365241931089e+00
1.000968093250050650e+00
9.995035684680360077e-01
1.001176343183140416e+00
9.997450891746574309e-01
9.971649511366811325e-01
1.000940140483317586e+00
9.997025021970646907e-01
9.988023354297200784e-01
1.004900765066319313e+00
1.001502602000473807e+00
1.000241432060047453e+00
9.975003125752214261e-01
9.998524762371814312e-01
9.966483995426161924e-01
1.001540115259365704e+00
1.000855638232901468e+00
9.981513946965016038e-01
9.962408792713713934e-01
1.002156832494947913e+00
1.000262788598633712e+00
9.978906961705782397e-01
1.000409652241587066e+00
9.982040280656716558e-01
9.979739034707852952e-01
1.000799284536419531e+00
9.991383567375869967e-01
9.971722238901051805e-01
9.995452790945845711e-01
1.000157144284061106e+00
1.001115855731847581e+00
9.988746421356021754e-01
9.974536989339144455e-01
1.000884341995712079e+00
9.987989337627714015e-01
1.000202508323267736e+00
1.000215071693599134e+00
1.002757366019020546e+00
9.992108074432582976e-01
1.001456556129214137e+00
1.001568485063544678e+00
9.995408565228799391e-01
9.975692975395271667e-01
9.988827719966243412e-01
1.001766398295075300e+00
1.000920206455431227e+00
9.957530059341768158e-01
1.000460470403531144e+00
1.000355220145305646e+00
9.991936783471035977e-01
9.990973503655129484e-01
9.983289187350241622e-01
1.000128812133444178e+00
1.001964659380949030e+00
9.996526715721488765e-01
9.988281483047701803e-01
9.992149138861217139e-01
1.000943482795588757e+00
9.993658145715919039e-01
1.001593854960465491e+00
1.000825320830310172e+00
1.002633992712135491e+00
1.000092527867592063e+00
1.002199001077333174e+00
