0.000000000000000000e+00
0.000000000000000000e+00
0.000000000000000000e+00
0.000000000000000000e+00
0.000000000000000000e+00
0.000000000000000000e+00
0.000000000000000000e+00
0.000000000000000000e+00
0.000000000000000000e+00
0.000000000000000000e+00
0.000000000000000000e+00
0.000000000000000000e+00
0.000000000000000000e+00
0.000000000000000000e+00
0.000000000000000000e+00
0.000000000000000000e+00
0.000000000000000000e+00
0.000000000000000000e+00
0.000000000000000000e+00
0.000000000000000000e+00
0.000000000000000000e+00
0.000000000000000000e+00
0.000000000000000000e+00
0.000000000000000000e+00
0.000000000000000000e+00
0.000000000000000000e+00
0.000000000000000000e+00
0.000000000000000000e+00
0.000000000000000000e+00
2.432563007796660886e-03
9.516478701489392011e-02
7.127821143642847357e-01
1.926981244822415507e+00
2.899871648510091493e+00
3.112085219090239274e+00
2.752165793674637317e+00
2.244601524860518005e+00
1.882749308059929794e+00
1.569905013870444677e+00
1.367582992408185039e+00
1.195401663964864136e+00
1.173465921182734073e+00
1.126994088732872878e+00
1.135377583152195280e+00
1.167244240798433363e+00
1.228710714868644915e+00
1.268201589841384536e+00
1.352105055583927129e+00
1.403781512658835329e+00
1.481011390680893269e+00
1.498105754294164704e+00
1.546946821903486979e+00
1.562874784275974260e+00
1.565649027165865848e+00
1.575851943612530226e+00
1.574312392879018807e+00
1.568396748416862607e+00
1.543134353280524174e+00
1.516530862447087902e+00
1.465821500681730560e+00
1.436064662158563765e+00
1.383688659294855183e+00
1.304931478979450166e+00
1.241101664509687730e+00
1.155590464572674891e+00
1.054764653294238519e+00
9.749724603303147052e-01
9.279237516039297029e-01
8.989374340137896713e-01
8.845714186016873093e-01
8.928026651463077945e-01
9.036941799013855636e-01
9.157363592090788096e-01
9.280756544475835534e-01
9.414728444518463135e-01
9.540756884575110064e-01
9.580393972417394766e-01
9.629561872740073358e-01
9.632215999052514688e-01
9.688940178595384367e-01
9.693855211991652121e-01
9.592748859436917019e-01
9.638165340803891423e-01
9.549202767130017255e-01
9.474395658783775209e-01
9.618978666893306384e-01
9.529821063387835522e-01
9.502535176934565619e-01
9.515079750188560892e-01
9.570586539206525911e-01
9.533442589744879347e-01
9.586431840043304620e-01
9.651784279910513575e-01
9.645675784192349056e-01
9.786587836638852567e-01
9.743091624597958189e-01
9.828875530567429131e-01
9.894936009448288550e-01
9.827756190661278701e-01
9.896570376692840343e-01
9.870390039568718299e-01
9.921031893902466647e-01
9.943463696154727360e-01
9.953837716424146498e-01
9.969926560449737796e-01
9.968921377018754582e-01
9.967044213513729378e-01
1.003795783414169529e+00
1.002348424057714071e+00
9.928245302355862556e-01
1.002126876940275801e+00
9.924217842679390333e-01
9.984740339678973564e-01
1.001709627536781611e+00
1.004225264881718038e+00
9.974002435707866043e-01
9.948013799440745819e-01
1.000064336732175319e+00
9.993891546642117429e-01
9.973160263264911896e-01
9.962606876165920333e-01
1.006043489549953263e+00
1.001767269527148008e+00
9.974339747356761876e-01
1.007650368820884657e+00
9.999169023589085104e-01
9.951876556850685063e-01
1.004347264922540006e+00
1.003043216434054585e+00
9.967819365837319312e-01
1.000720134730620270e+00
1.004323537937221067e+00
1.004273199134904759e+00
1.004133257465470441e+00
1.000247814563222093e+00
9.951093330053791819e-01
1.005218901625578809e+00
1.001981159250279418e+00
9.954508027259664216e-01
1.000160236631704613e+00
1.003289723728961302e+00
1.004587393092732928e+00
1.000963462010807214e+00
1.004679669043903933e+00
9.997172593939600560e-01
9.972596513863493106e-01
1.002631443393266153e+00
9.993002812539695245e-01
9.989786879542079667e-01
9.978873380070489851e-01
9.943914260290517282e-01
1.001139281742907006e+00
9.999534406501154882e-01
9.990564964210544296e-01
9.968249571730596337e-01
9.959052258712979278e-01
9.953675909986368087e-01
1.001909125637300280e+00
9.952057898249508927e-01
9.992585412191208327e-01
9.976716996951894290e-01
1.001286663319570724e+00
9.951600277179925014e-01
1.000980371171242611e+00
1.001244558639778681e+00
9.972483237678855250e-01
1.000051629407241460e+00
9.977572986088808493e-01
9.987074519282858054e-01
1.002459802806635381e+00
9.956478557591039724e-01
9.945276193268951515e-01
9.970984653036195633e-01
9.971848352107974822e-01
9.959016772156196184e-01
9.937143368480731986e-01
9.987595932920610986e-01
1.001679672268094290e+00
9.965827943374426789e-01
1.001936821113710518e+00
9.974290081851168166e-01
9.978379692127105072e-01
9.941676787088038481e-01
9.998233767821482765e-01
9.934360848145942224e-01
9.957249436522689345e-01
9.965630848293450805e-01
9.973869685805604179e-01
9.963606509503803998e-01
9.999632990555227252e-01
9.972251406556517095e-01
9.983732322004126303e-01
9.985503543384397496e-01
9.946815711535752502e-01
9.969597937452925329e-01
9.996581528771821823e-01
9.996680572314995405e-01
9.986741934024788714e-01
9.955442729067025542e-01
9.968902299337563111e-01
1.001362847405643519e+00
9.977720084198083983e-01
1.000797593143443853e+00
9.970696196021187063e-01
9.977938823639797006e-01
9.953850650101410125e-01
9.960948435434496817e-01
1.001161222940148310e+00
1.000037049067838524e+00
1.000340163840152563e+00
9.987072626339679182e-01
9.980844744791207424e-01
1.000715338986021719e+00
1.000014647177507543e+00
1.004763395756496092e+00
1.001452900664051349e+00
9.986574063543129931e-01
9.962777193000410536e-01
9.986889368541876921e-01
9.976753654621203227e-01
9.963302889985985455e-01
1.000433398028814258e+00
1.003135819425914788e+00
9.996159204376621199e-01
9.983374962827715748e-01
9.979129276251350600e-01
9.968228951941271454e-01
9.988780551311798872e-01
9.987100543740460301e-01
1.000359719553791438e+00
9.978316293547061511e-01
9.981577129160037476e-01
1.000317661446681772e+00
9.978220501154664301e-01
1.000029563916945197e+00
9.996025533550328968e-01
9.945703618596194451e-01
9.972612454210086907e-01
9.967930438139466220e-01
9.998176969324027441e-01
9.996264451033310960e-01
9.981302444647957017e-01
9.980614790033298656e-01
9.978790208699621633e-01
9.979237167539377618e-01
1.000061377406658014e+00
1.002112568214719834e+00
1.002008594503139616e+00
1.000072346673106294e+00
1.000549603562812973e+00
9.995457998189055671e-01
9.988579632193171909e-01
1.000730716438796186e+00
1.001183149122674365e+00
1.000022670238144729e+00
9.980653971898649779e-01
9.985772056242739891e-01
9.996402223225051564e-01
9.981453262073332056e-01
9.994304145836702125e-01
9.969821312442911365e-01
1.000143003404795561e+00
1.001696205387375471e+00
1.000172798744679570e+00
9.993260215793140500e-01
9.982806629559314304e-01
1.001412414455167266e+00
9.984041768151238339e-01
1.002989594058533163e+00
9.999166065793583247e-01
1.003311305224634298e+00
1.001803712720572115e+00
9.997702082263741907e-01
1.000217415410507238e+00
1.000616255409996880e+00
1.000065002959500182e+00
9.961372142837721100e-01
1.002244945588537384e+00
1.001514685779990588e+00
9.998526920042052346e-01
