0.000000000000000000e+00
0.000000000000000000e+00
0.000000000000000000e+00
0.000000000000000000e+00
0.000000000000000000e+00
0.000000000000000000e+00
0.000000000000000000e+00
0.000000000000000000e+00
0.000000000000000000e+00
0.000000000000000000e+00
0.000000000000000000e+00
0.000000000000000000e+00
0.000000000000000000e+00
0.000000000000000000e+00
0.000000000000000000e+00
0.000000000000000000e+00
0.000000000000000000e+00
0.000000000000000000e+00
0.000000000000000000e+00
0.000000000000000000e+00
0.000000000000000000e+00
0.000000000000000000e+00
0.000000000000000000e+00
0.000000000000000000e+00
0.000000000000000000e+00
0.000000000000000000e+00
0.000000000000000000e+00
0.000000000000000000e+00
0.000000000000000000e+00
0.000000000000000000e+00
0.000000000000000000e+00
0.000000000000000000e+00
1.785484328219513056e-02
2.945996653736224213e-01
1.599684224353971951e+00
3.712497892684031076e+00
5.351445454729323536e+00
5.673636440737363174e+00
5.019733098309861141e+00
4.084864610581083966e+00
3.190010229886790949e+00
2.502223074424559712e+00
2.028190532942019786e+00
1.664367863132451886e+00
1.442009164410265942e+00
1.265448634075907908e+00
1.165059095505149189e+00
1.069609443185483011e+00
1.022194618638587071e+00
9.752646088023110282e-01
9.397406042600440212e-01
9.118732234307367346e-01
8.813771688632874302e-01
8.644036796635726771e-01
8.592801630949644665e-01
8.420903448399684743e-01
8.392534827140359921e-01
8.437281431088848871e-01
8.484212438867680950e-01
8.849957759094704279e-01
8.944698134644732956e-01
9.211316452736639793e-01
9.342620260181704328e-01
9.392898287734656737e-01
9.464272260966105632e-01
9.788015807114615052e-01
9.890576101487998928e-01
1.006770818327948236e+00
1.031525776441013065e+00
1.044289402041981951e+00
1.034002896258986670e+00
1.072855939483421839e+00
1.069387254337689441e+00
1.074401265627053625e+00
1.079733427159355053e+00
1.078803479470623827e+00
1.054796213288925699e+00
1.052199810736961227e+00
1.048268212188949722e+00
1.019413716629302247e+00
1.019755260411749465e+00
9.964780057623657816e-01
9.869449676231831781e-01
9.754270074681994362e-01
9.718832544217528291e-01
9.626299042172463682e-01
9.639593457721061798e-01
9.536904744846081972e-01
9.472490351904209183e-01
9.488804186090608050e-01
9.526290722531304267e-01
9.480805099125831914e-01
9.531543100736300511e-01
9.545592254372939900e-01
9.657557451763291168e-01
9.648603416120493659e-01
9.745618292485853651e-01
9.792509471791237541e-01
9.812487405496846948e-01
9.908417288473825302e-01
9.959924661819143932e-01
9.887744778979317140e-01
1.007695491689880374e+00
1.002510327455724548e+00
1.011578016151265080e+00
1.010302049571899730e+00
1.005450921895693739e+00
1.011596058131978948e+00
1.011165277588367273e+00
1.002941192310907281e+00
1.011035117708399156e+00
1.006650474551781471e+00
1.005013605538960464e+00
1.000409498813837450e+00
9.964581214598436931e-01
9.997207436609670816e-01
9.978045269884066037e-01
9.973278690386763179e-01
9.936962259373084416e-01
9.883343797173623768e-01
9.967575430847961382e-01
9.838724157613871757e-01
9.917677650107524778e-01
9.865855894183402919e-01
9.957944399204738950e-01
9.857926124864033746e-01
9.924699902967453191e-01
9.932295010333249685e-01
9.974117659660268753e-01
9.919710333055714591e-01
9.927495101859874493e-01
9.916645884882387962e-01
9.940290259816285667e-01
9.916006103175082353e-01
9.965599913537097621e-01
9.982990467714231153e-01
1.000531091856085686e+00
1.001249151080842559e+00
1.003006053645441931e+00
9.968069288736561839e-01
9.993394817589179580e-01
1.003488969106763440e+00
9.953684256371724270e-01
9.948901641216133518e-01
9.957860547351614633e-01
9.956270568150044076e-01
1.001961473223916377e+00
1.000443328045993674e+00
1.001781234048718661e+00
9.967768923844761986e-01
9.948755126555985928e-01
9.992428473789457533e-01
9.953915719087865766e-01
9.954107799015133873e-01
9.994257430615668403e-01
9.978193033915732091e-01
9.948677859936781998e-01
1.000832622923401249e+00
9.961649101699803222e-01
9.985630803317225856e-01
9.970066409269104923e-01
9.966885903494860921e-01
9.979353983595703470e-01
9.970614070820295050e-01
9.972941190634851960e-01
9.957128958521407336e-01
1.000880189643281071e+00
9.988223643572140542e-01
1.003155146735493775e+00
9.978310976994158032e-01
9.980640813835438552e-01
1.000592495606251298e+00
9.967087390147443271e-01
9.991900207401441802e-01
1.005575165813198613e+00
9.989408958179967213e-01
1.001856524462017450e+00
9.987729736294080896e-01
9.988121996160616023e-01
9.996666054816821800e-01
9.988045449684288535e-01
9.994898177711822873e-01
9.971242830385040889e-01
1.000717837054383441e+00
9.991093421200896163e-01
9.957826060632352094e-01
9.957396703167263885e-01
9.922578913281887569e-01
1.002085491437809672e+00
9.966018997117991329e-01
9.932249650905320415e-01
9.962298341387783029e-01
9.949587467640392813e-01
1.000712813060417705e+00
9.991230974320292058e-01
9.950561698531542598e-01
9.967370689862971034e-01
9.982688491057453151e-01
9.964564845589646280e-01
9.989193198458937717e-01
9.988371990434079528e-01
9.994185020096330030e-01
9.975695088154930001e-01
9.988593767199456241e-01
9.982539905099453437e-01
9.943454787270371575e-01
9.944508785482275570e-01
9.966401865089536960e-01
9.983345512313641645e-01
9.961889627584705753e-01
9.987993113474517015e-01
9.961185858340624311e-01
9.950294245655317837e-01
9.986668418045767659e-01
9.978389544760463137e-01
9.984255544047447861e-01
9.952469796586280726e-01
9.963846960598592428e-01
9.976735901058745304e-01
9.974636679454937926e-01
9.969592138438264639e-01
9.956151160252003640e-01
9.971043875018472669e-01
9.968050059440507482e-01
9.952723572096083826e-01
9.957941026373322568e-01
9.982185841588320230e-01
9.985280331759527339e-01
9.986869454962490344e-01
9.963789424338657108e-01
9.978477820092642725e-01
9.986400340725866132e-01
9.967222360516251323e-01
1.000261269683277776e+00
1.000298497832945666e+00
9.954061097007386172e-01
9.986740916397714996e-01
9.958229341809050617e-01
1.001595137909413902e+00
9.977210508424100288e-01
9.976332231660699490e-01
9.984200957884133976e-01
9.963062877051817035e-01
9.976211030219218623e-01
1.000091607774846514e+00
9.973669296669769313e-01
9.992619565604244913e-01
1.000138744634162080e+00
9.969549357297383674e-01
9.976544878318346354e-01
1.000988614482487549e+00
9.964733877859863753e-01
9.982557346082996386e-01
1.000110773662238328e+00
9.989464182694061112e-01
9.994471088769604217e-01
9.997224271808065055e-01
9.975977729408049832e-01
9.996694524005439453e-01
1.000942278584577183e+00
9.985076217992907566e-01
9.968097919229669257e-01
9.994826496493092183e-01
1.000847281168073977e+00
9.991449747087520761e-01
1.000361230577908156e+00
9.980788539171233653e-01
9.996674945943765378e-01
9.988048770639235130e-01
9.984415724305729656e-01
1.002141097184339635e+00
9.964643113273990993e-01
1.000210388229056502e+00
9.997019599529488598e-01
1.000895873318466744e+00
9.992087621456520186e-01
9.999717096875123667e-01
1.000347837459310885e+00
1.000486839474676648e+00
9.966639063039892665e-01
