0.000000000000000000e+00
0.000000000000000000e+00
0.000000000000000000e+00
0.000000000000000000e+00
0.000000000000000000e+00
0.000000000000000000e+00
0.000000000000000000e+00
0.000000000000000000e+00
0.000000000000000000e+00
0.000000000000000000e+00
0.000000000000000000e+00
0.000000000000000000e+00
0.000000000000000000e+00
0.000000000000000000e+00
0.000000000000000000e+00
0.000000000000000000e+00
0.000000000000000000e+00
0.000000000000000000e+00
0.000000000000000000e+00
0.000000000000000000e+00
0.000000000000000000e+00
0.000000000000000000e+00
0.000000000000000000e+00
0.000000000000000000e+00
0.000000000000000000e+00
0.000000000000000000e+00
6.191836752048912498e-05
4.156253364290704751e-03
5.175194070429086496e-02
2.497386883401934710e-01
6.258930660937676027e-01
1.042988569457282688e+00
1.331208774501642766e+00
1.456808142230839209e+00
1.452456408919655884e+00
1.400128815349961586e+00
1.325560882302913690e+00
1.280443031185187319e+00
1.260459314336360270e+00
1.235568748664124916e+00
1.141647601481331931e+00
1.043566150509954493e+00
9.908687462987672001e-01
9.741462538691046946e-01
9.783254024103016366e-01
9.927198899872148319e-01
1.010799662900546902e+00
1.025243048776187216e+00
1.023334011330001569e+00
1.021755000706724870e+00
1.024096375333410469e+00
1.027126797184028995e+00
1.032751105912845579e+00
1.037024120359956614e+00
1.037643178501964636e+00
1.032327191633122920e+00
1.028493372413922247e+00
1.017129352727771829e+00
9.986281700199584055e-01
9.807909524309472715e-01
9.651017576584337565e-01
9.518228584761873057e-01
9.440869862015677239e-01
9.420583104145485720e-01
9.443357062191591877e-01
9.513964943145489794e-01
9.613468610003332859e-01
9.727676952947298394e-01
9.853383572001352952e-01
9.996406250994681608e-01
1.008464750788342634e+00
1.016052772415407146e+00
1.026403579931335797e+00
1.029565274047247847e+00
1.035438942631279557e+00
1.036589127768651197e+00
1.037394711343086140e+00
1.035789653827229095e+00
1.030999525612307677e+00
1.027467747739625903e+00
1.021087779108078575e+00
1.014377617063663806e+00
1.009136574942702591e+00
1.003398811792137968e+00
9.988090424602311668e-01
9.907096514281383826e-01
9.895630198360505503e-01
9.876701187258630776e-01
9.851432097603138871e-01
9.844868210001324060e-01
9.859200500433197289e-01
9.870320462658250804e-01
9.895364441842665615e-01
9.904222488147509385e-01
9.914832372447462960e-01
9.948194979196177679e-01
9.958285590836690737e-01
9.964662401685711046e-01
9.985639330954518833e-01
9.968479794182198983e-01
9.986976318920988138e-01
9.984908766829855287e-01
9.995921326010112073e-01
9.998081264604387064e-01
1.001961611384786899e+00
1.000243461271852485e+00
1.001796705972219259e+00
1.002315632326073569e+00
1.001636323486711388e+00
1.002868371274409087e+00
1.004022717064784631e+00
1.002897738722360987e+00
1.002560538969261117e+00
1.002894950162308341e+00
1.001266959129516243e+00
1.001403788390841987e+00
1.001047842767370799e+00
1.000842831313905945e+00
1.001688237770607781e+00
1.000636456048731526e+00
9.996778543730149291e-01
9.991512565576610161e-01
1.000646809188041386e+00
9.985697770535612028e-01
9.982637386378033773e-01
9.986843112733962968e-01
9.970412862205234594e-01
9.981172500360506739e-01
9.984405022001219265e-01
9.988648206384703743e-01
9.986194059200622641e-01
9.995779253602833370e-01
9.984274584500800742e-01
1.000394926401731777e+00
9.995040981326039908e-01
1.000476766562536923e+00
9.998116720460423767e-01
1.001099921412231808e+00
1.000401152919820458e+00
1.000679013329258238e+00
1.000933551025627644e+00
9.999301438499594852e-01
1.001686145385697335e+00
1.000427494408681506e+00
1.000825840962319635e+00
1.000271859462909196e+00
1.000926046589827978e+00
9.994095159632512271e-01
1.000302292802204063e+00
9.995791849977760934e-01
1.000003875623023397e+00
9.987601412810245272e-01
9.996421746997629088e-01
9.997339032970837813e-01
9.988897620985248693e-01
1.000760625042302232e+00
9.989696745962298730e-01
9.994173653411585478e-01
9.989401594277677043e-01
9.993945950403625433e-01
9.993731150944872299e-01
9.994558393373254024e-01
9.992015800160732875e-01
9.998032166418295841e-01
1.000183951496527390e+00
9.988900558772493277e-01
1.000433736994720046e+00
9.998265574178614168e-01
9.991547431613411190e-01
1.000802087769269155e+00
9.994064920547128805e-01
9.997457454012453892e-01
9.994312487337366768e-01
9.987032066673292574e-01
9.993143139117970364e-01
1.000428793138769867e+00
1.000548352462550250e+00
9.992888819982765902e-01
9.996163891843018456e-01
1.000811850579492290e+00
9.993642033924663437e-01
9.994968186542904087e-01
9.999987040766339375e-01
1.000403191800500746e+00
9.999304126358448119e-01
9.993829350875580442e-01
9.999711775672227576e-01
9.997628890044061301e-01
1.000798638199578372e+00
1.000032267462175772e+00
9.994614901159902809e-01
1.000129952618826312e+00
9.996487759825045671e-01
1.000300479190908698e+00
1.000092128406565140e+00
1.000129239758900335e+00
9.998990029764970311e-01
1.000622342588276537e+00
9.998821921701227522e-01
9.998436245117711119e-01
1.000360477227807410e+00
9.997750961923995705e-01
1.000367946898480742e+00
1.000035752040357329e+00
1.000265614238978529e+00
1.000667699628395191e+00
9.998991310353548823e-01
1.000587904231550862e+00
1.000036086131321333e+00
9.999559165097465785e-01
9.997649712423756219e-01
1.000116082061944134e+00
1.000719539004553127e+00
1.001107419839942780e+00
1.000114738122517943e+00
1.000720129351293952e+00
1.000418790130144675e+00
1.000830928288847455e+00
1.000096935378739449e+00
1.000567042711073995e+00
1.000272855247346326e+00
1.000414349296204097e+00
1.000426684848625403e+00
1.000483440033434146e+00
1.000262699577195047e+00
9.998601540792796394e-01
9.999004009651593083e-01
1.001171375419402043e+00
1.001046124446508978e+00
9.997544825770950938e-01
9.998841135706197925e-01
9.999327002390162589e-01
1.000064820472092775e+00
9.995911326157582710e-01
1.000481087367134370e+00
1.000030040382828833e+00
1.000534256433963876e+00
1.000323469895068262e+00
9.995420497707324659e-01
1.000107980863377488e+00
1.000517071738744823e+00
1.000177814269894716e+00
9.999777691334552632e-01
1.000685230452504237e+00
1.000221694328092603e+00
1.000711100404061860e+00
1.000789234909242209e+00
1.000132741421563276e+00
1.000354879309775624e+00
9.998608059315179375e-01
1.000093660893352832e+00
1.000059215411078561e+00
1.000111163582737106e+00
9.999641172859135008e-01
1.000006032078495588e+00
9.995428238320909209e-01
1.000023343622123084e+00
1.000218538524754619e+00
9.999640962374958253e-01
9.999288910879866599e-01
1.000302628210141487e+00
1.000486607273922690e+00
9.999915983946930931e-01
1.000290032308251975e+00
1.000075055100102750e+00
1.000458289561463099e+00
9.994924766618251688e-01
1.000245509825332446e+00
1.000163370732992885e+00
1.000493360324425041e+00
1.000481155682370060e+00
9.996500053756101067e-01
1.000145448449446528e+00
1.000131791090965727e+00
9.999455232788611037e-01
1.000003088430825748e+00
1.000066086184035585e+00
1.000153918122563157e+00
1.000149584906573352e+00
1.000005351970612466e+00
