0.000000000000000000e+00
0.000000000000000000e+00
0.000000000000000000e+00
0.000000000000000000e+00
0.000000000000000000e+00
0.000000000000000000e+00
0.000000000000000000e+00
0.000000000000000000e+00
0.000000000000000000e+00
0.000000000000000000e+00
0.000000000000000000e+00
0.000000000000000000e+00
0.000000000000000000e+00
0.000000000000000000e+00
0.000000000000000000e+00
0.000000000000000000e+00
0.000000000000000000e+00
0.000000000000000000e+00
0.000000000000000000e+00
0.000000000000000000e+00
0.000000000000000000e+00
0.000000000000000000e+00
0.000000000000000000e+00
0.000000000000000000e+00
2.403615388696440491e-03
2.414373388924542091e-02
1.332663808504891134e-01
4.244157510583325132e-01
1.049237805089786146e+00
2.033744448867280674e+00
3.057123233502257342e+00
3.780659279930633332e+00
3.913410288360356759e+00
3.468633539749497174e+00
2.768408325434564166e+00
2.026804276560810969e+00
1.405180293080711351e+00
1.002052337780808156e+00
8.302828572561712361e-01
7.859875584052203878e-01
7.970806502128935378e-01
8.218673560437950165e-01
8.786828441431731029e-01
9.185962140323309377e-01
9.451582135390690365e-01
9.423337370300481908e-01
9.683506314776768598e-01
9.984100528795220031e-01
1.048669026712533148e+00
1.102377260101036871e+00
1.150773152075111661e+00
1.194532511203555192e+00
1.239309924720412681e+00
1.264060594229039935e+00
1.282340008475526982e+00
1.274689743155438704e+00
1.252139990087829391e+00
1.215099259765754836e+00
1.176643364575514994e+00
1.138247680830916098e+00
1.093842235298478238e+00
1.056768988635355733e+00
1.023004498319618261e+00
1.001749489108539226e+00
9.807521146345200558e-01
9.615293178508548255e-01
9.552270997100792416e-01
9.397966942041943161e-01
9.327343623052334332e-01
9.260104886806088675e-01
9.211156291389374084e-01
9.190055746900455125e-01
9.220812675235932065e-01
9.263119523628602359e-01
9.369336844492737182e-01
9.385066379059801012e-01
9.417713909201042011e-01
9.475612788204371695e-01
9.523872390842375024e-01
9.585294739929984820e-01
9.615156642857088931e-01
9.673003850280298410e-01
9.695054389452472110e-01
9.782803659619906389e-01
9.777153167016341406e-01
9.819774210619494070e-01
9.884004239991375229e-01
9.876849954476714100e-01
9.920920726689642644e-01
9.954063542510432905e-01
9.948061197685018620e-01
9.918558900266406519e-01
9.927817188292558104e-01
9.944036010815343607e-01
9.932043371664445175e-01
9.898338192667114344e-01
9.892437824036983685e-01
9.860898153586685755e-01
9.860430614666070293e-01
9.888053703006123296e-01
9.905317666171216118e-01
9.860470369829618109e-01
9.889830472361910152e-01
9.905398614172270522e-01
9.896188877033910147e-01
9.902026823815396339e-01
9.962740796351051697e-01
9.963769248962897063e-01
9.993066619720382127e-01
1.002102371527684221e+00
1.000561584986903618e+00
1.003059547068111623e+00
1.004476177907035472e+00
1.007536517538041299e+00
1.009158192687626077e+00
1.004871266925734918e+00
1.007417115904004845e+00
1.008503490615071607e+00
1.006321883678449769e+00
1.005512085122719057e+00
1.007113583442471816e+00
1.005318928572654480e+00
1.004594150246474138e+00
1.004073609042284598e+00
1.002725338672620481e+00
1.003660391739230828e+00
1.001275464874487264e+00
1.001518033919988504e+00
9.987435767754876403e-01
9.987759252248100683e-01
9.980925817052541671e-01
9.994302714428284773e-01
9.988754829473932562e-01
1.001681858582157858e+00
9.971050112378294639e-01
9.999266312415868718e-01
9.996172643854529527e-01
1.001969030794923388e+00
9.995831890898104755e-01
1.000006603798490490e+00
9.999128387036433363e-01
1.000837048191049794e+00
9.999375024515380073e-01
1.000476469286245562e+00
1.001824260568175751e+00
9.998555727299344165e-01
1.004268389105331671e+00
1.000992260507653553e+00
9.998900637615093512e-01
9.988031896700068080e-01
1.000201832663604407e+00
1.000916151547996957e+00
9.992206008670995177e-01
9.990327903710487512e-01
9.991195867884241633e-01
1.000687245827056371e+00
9.975359969003168015e-01
9.982871131744026627e-01
9.991609087433940273e-01
9.997853694209606346e-01
1.000807587277995347e+00
9.995430855372127166e-01
9.987747050645573443e-01
9.995659782900528922e-01
1.000886065330075070e+00
1.000604838060844104e+00
1.000883630937680513e+00
9.997402731987937718e-01
1.000134140138557504e+00
9.999860568335924293e-01
9.991626806858583398e-01
1.000681924247293519e+00
1.000432866624128891e+00
1.000565030631973995e+00
9.996758920791655179e-01
9.999902427455384935e-01
9.990070120991911828e-01
9.992143232240752182e-01
9.994464045243005579e-01
1.000081162049132111e+00
1.000184130942384675e+00
1.000011786919333012e+00
9.995892927817926488e-01
9.991245761625410227e-01
9.984883184583214222e-01
9.989597972745625221e-01
9.999494997812660158e-01
9.984800448212490798e-01
9.989216106247090776e-01
1.000073318141382339e+00
9.976501823881827047e-01
9.985095169724099717e-01
9.988747975483872610e-01
9.987272001819103018e-01
9.991136073833586373e-01
9.989522647286418477e-01
9.989077649306575823e-01
9.991672013535276564e-01
9.993998930594846231e-01
9.971977808789336262e-01
9.995082174825564714e-01
9.998926157668794890e-01
9.980717782219038492e-01
9.991327659724211774e-01
9.980615108552017833e-01
9.978417092774426456e-01
9.985727172045221200e-01
1.000729273455658097e+00
9.981004215144552161e-01
9.991927828833395697e-01
9.974723263047545752e-01
9.997369005802432262e-01
9.985578699489210397e-01
9.996593410092672327e-01
9.985712164975867333e-01
9.994819444645475226e-01
9.997227922129132693e-01
1.000026050925206578e+00
1.000017045440991348e+00
9.998646610059803708e-01
9.995073984092810448e-01
1.000349578925929128e+00
1.000057828215370259e+00
9.998061453580832092e-01
9.993120474245767992e-01
9.990110188148232373e-01
9.992145598694243125e-01
9.985555898976733458e-01
9.986525794214593521e-01
9.979865178410035620e-01
1.000436103134321186e+00
9.993858305542403508e-01
9.995490141618932345e-01
9.982458449572040315e-01
9.992567865357175894e-01
9.992109152140763451e-01
9.991034141420861436e-01
9.989193655259483995e-01
9.969864382838340422e-01
9.988767773867914812e-01
9.993135116892869485e-01
9.967456882479678315e-01
9.993690017793158686e-01
9.988105110772701467e-01
9.992840428648861462e-01
9.996704705292887017e-01
9.991374709009572808e-01
9.983225079260404922e-01
9.990621872157704475e-01
9.997948882981876340e-01
9.982281805406379993e-01
9.989325402196156389e-01
9.989116364947000504e-01
9.985399027832797536e-01
9.981922431268331897e-01
9.988665635525343367e-01
9.996171406765035350e-01
9.983146102306007519e-01
9.992418452562061848e-01
1.000821757821721780e+00
9.990820275536549389e-01
9.982394407595046593e-01
9.986708518105655852e-01
9.981345820592639750e-01
9.995785357442861230e-01
9.999142368376747747e-01
9.992346507220223328e-01
9.991292375682415683e-01
9.990556822009692972e-01
9.985007757421106023e-01
9.986216561831054994e-01
9.995239020118645845e-01
9.996779058343934210e-01
9.987946024856435567e-01
9.992498085691314813e-01
9.990882238390045300e-01
9.979911160678132109e-01
9.994802166769630736e-01
9.987455651634644660e-01
9.989704070484392018e-01
