0.000000000000000000e+00
0.000000000000000000e+00
0.000000000000000000e+00
0.000000000000000000e+00
0.000000000000000000e+00
0.000000000000000000e+00
0.000000000000000000e+00
0.000000000000000000e+00
0.000000000000000000e+00
0.000000000000000000e+00
0.000000000000000000e+00
0.000000000000000000e+00
0.000000000000000000e+00
0.000000000000000000e+00
0.000000000000000000e+00
0.000000000000000000e+00
0.000000000000000000e+00
0.000000000000000000e+00
0.000000000000000000e+00
0.000000000000000000e+00
0.000000000000000000e+00
0.000000000000000000e+00
0.000000000000000000e+00
0.000000000000000000e+00
1.670280131353489832e-03
2.497065768650111664e-02
1.301649130416593636e-01
4.221125685460866972e-01
1.049309991552312749e+00
2.031686072267953058e+00
3.096213391138207705e+00
3.827839657215085456e+00
3.966408066365618712e+00
3.527844961206818120e+00
2.814075544099620352e+00
2.055973695208127339e+00
1.437885281227849310e+00
1.025199036303222400e+00
8.336177616266188251e-01
7.831839979436062693e-01
8.029710735189998783e-01
8.307563953786953892e-01
8.762711809498525684e-01
9.177402717059764958e-01
9.347063049291105541e-01
9.477632117633090214e-01
9.688089295500342812e-01
9.989130761031882466e-01
1.050189626950626565e+00
1.099813060625911776e+00
1.147329772565043537e+00
1.198587471332430265e+00
1.231143172700004174e+00
1.274838773288722749e+00
1.284499764970260083e+00
1.279685558412330781e+00
1.257113370188485790e+00
1.222667505677785815e+00
1.184669658314504215e+00
1.144735366232430440e+00
1.103264362058109738e+00
1.066637293736171443e+00
1.036622802258098108e+00
1.009810954865671961e+00
9.884419359646183789e-01
9.662554496785424885e-01
9.590762504190821769e-01
9.482935102706832042e-01
9.345111892804595088e-01
9.245616131330482990e-01
9.255134303701905152e-01
9.217739001177086555e-01
9.191201047088201070e-01
9.282923779099659933e-01
9.339960825304202130e-01
9.386277106709881579e-01
9.426619501716533289e-01
9.459039591965189286e-01
9.513905002277271983e-01
9.578396101677918439e-01
9.648654443585010787e-01
9.685392105057029077e-01
9.733406229693675193e-01
9.790281324668861362e-01
9.820038309773602148e-01
9.846201204443354449e-01
9.860691777576073846e-01
9.921910687045918387e-01
9.901452024285865017e-01
9.947937877347110547e-01
9.961893818359263131e-01
9.957998050347082186e-01
9.972149586234784202e-01
9.951249558116183058e-01
9.905800147784969978e-01
9.916669872570029742e-01
9.925804325543613471e-01
9.880022790275784228e-01
9.891113607141307495e-01
9.904162027081135911e-01
9.880860074864451503e-01
9.888715529921116021e-01
9.894920389714566555e-01
9.927989346870652598e-01
9.917607168009691110e-01
9.930398641955618944e-01
9.953167440544853362e-01
9.980146537189200640e-01
9.994992159440970747e-01
1.001322203980924419e+00
1.002865713099409417e+00
9.990114487365888696e-01
1.006076210441146701e+00
1.004726457424264030e+00
1.006456365565695066e+00
1.006918184815264627e+00
1.007942092720776506e+00
1.006613678482739305e+00
1.007481840957876518e+00
1.006316761960134532e+00
1.004525924792025293e+00
1.003444397293184798e+00
1.005424262635366883e+00
1.007723398422123884e+00
1.003410137763704801e+00
1.003939625481527598e+00
1.002398287584793657e+00
1.002480116363050344e+00
1.002449844734589313e+00
1.001214493654585036e+00
1.000915872852112809e+00
1.002035127479836918e+00
1.002946796823916742e+00
1.001414797175973925e+00
9.999146455239048548e-01
1.002212447365016690e+00
1.001839274914075206e+00
9.992507356596479484e-01
9.987869130981260613e-01
1.001222189105995364e+00
9.996006943611954743e-01
1.002360026126191794e+00
1.001081250752571483e+00
1.000695522742106602e+00
9.995662888582931282e-01
9.982521552288463607e-01
9.991334596873837626e-01
1.000090279087660461e+00
9.993859186359640434e-01
9.970176303445622557e-01
9.992807954318316810e-01
9.988817796078032218e-01
9.962619650818381745e-01
9.968638381715794194e-01
9.984291801554202594e-01
9.994521900121260405e-01
9.979790860776225347e-01
1.000579836867067529e+00
9.990433695135566561e-01
9.992220516188096147e-01
9.961971228486046215e-01
9.981764990130361781e-01
1.000040186276938359e+00
9.991854982383197026e-01
9.981628371635368202e-01
9.989499746208861941e-01
9.982003178522845799e-01
9.986542908186587519e-01
9.980460877647696627e-01
1.000078585583680679e+00
9.987895449293576755e-01
9.988377981779800185e-01
9.989221857175267782e-01
9.986669115241456618e-01
9.983374051649278602e-01
9.979251304196649075e-01
9.995958190671435650e-01
9.981592115083742778e-01
9.982731646509586110e-01
9.989450446069637612e-01
9.991947422599777306e-01
9.998363707051728388e-01
9.987239053641580044e-01
1.000562842743906611e+00
9.975765759843363556e-01
1.000324205563382307e+00
9.993064270290320517e-01
1.000051665917465638e+00
9.981458461432042295e-01
9.984317317859863206e-01
9.990232327495128795e-01
9.995859725732325618e-01
9.973012845503328450e-01
9.985459904213802584e-01
9.985597582498537683e-01
9.994763446636103499e-01
9.996119333530272266e-01
9.998045138110267516e-01
9.996842768504879961e-01
9.995297222644821122e-01
1.000109656171841666e+00
9.971997084135020284e-01
9.985746007633555799e-01
9.997686638455706154e-01
1.000250727543356977e+00
9.989514438940972907e-01
9.993325937091004363e-01
1.000249044714192070e+00
1.000110150469251113e+00
1.000723479566479890e+00
1.000010575478173180e+00
1.000979845041338079e+00
9.992262786322849699e-01
9.989987537617962543e-01
9.990472350169379290e-01
9.999360012312039636e-01
1.001356403017795271e+00
9.991578090472906792e-01
1.000007446341240724e+00
9.998280914832683441e-01
9.999503818664399191e-01
9.995980257247344403e-01
1.000091427638735153e+00
1.000145784933653248e+00
9.986707465305525444e-01
9.986330371597661459e-01
1.000173607444243995e+00
9.999904335927817245e-01
9.998236724288848132e-01
9.998196466694332374e-01
9.996132611132397816e-01
9.989834014830220044e-01
9.987472256756234623e-01
9.998384852382531385e-01
9.994031829521986543e-01
9.994097245611069935e-01
1.000906877501704928e+00
9.997089953065894097e-01
9.993158885270770897e-01
1.000417894978460120e+00
1.000142749045139778e+00
9.998009427986770392e-01
1.000234239016583704e+00
1.000931115370661040e+00
1.000263363252783311e+00
9.987547889081506147e-01
1.000997855110477675e+00
9.996227851948291665e-01
9.989090772128900175e-01
9.998090392033948115e-01
1.000307762896045727e+00
9.986190997101075384e-01
9.992806541608854065e-01
1.001169170923754459e+00
9.999477819546884749e-01
9.999278924261202350e-01
9.994058236873986090e-01
9.998081422384095251e-01
9.989292168544324779e-01
9.994109368431665086e-01
9.989324947151765333e-01
9.998841717815244445e-01
9.993748032370215473e-01
9.989190251207671345e-01
1.000407592399343626e+00
9.994306531790057013e-01
9.998871463876797261e-01
9.993119126142683273e-01
1.000081583023501253e+00
1.000060418457610067e+00
9.989884429359736639e-01
9.990580531041086676e-01
9.993404954539757412e-01
9.983732290151208222e-01
9.991705452687887901e-01
9.990181125323842615e-01
9.990080878814556753e-01
9.993635361524699778e-01
9.997811467211787928e-01
9.999208244507775678e-01
