0.000000000000000000e+00
0.000000000000000000e+00
0.000000000000000000e+00
0.000000000000000000e+00
0.000000000000000000e+00
0.000000000000000000e+00
0.000000000000000000e+00
0.000000000000000000e+00
0.000000000000000000e+00
0.000000000000000000e+00
0.000000000000000000e+00
0.000000000000000000e+00
0.000000000000000000e+00
0.000000000000000000e+00
0.000000000000000000e+00
0.000000000000000000e+00
0.000000000000000000e+00
0.000000000000000000e+00
0.000000000000000000e+00
0.000000000000000000e+00
0.000000000000000000e+00
0.000000000000000000e+00
4.637501633962905906e-02
2.359591250096532811e+00
1.050270261869763466e+01
1.206105289180998064e+01
6.775193287707707235e+00
2.828819109485632755e+00
1.125703688007226644e+00
4.856884160712098830e-01
2.475318594941799399e-01
1.439969636126395558e-01
1.072085366920826066e-01
9.438776091784598088e-02
9.758497065326252051e-02
1.191993126801238895e-01
1.554228013132882003e-01
2.149534516779500470e-01
3.180188101948099866e-01
4.513243079213482556e-01
6.337178829031591132e-01
8.356974988108938351e-01
1.040451559561148098e+00
1.220037296483291067e+00
1.354599114679329031e+00
1.466642705866572527e+00
1.552560613009714263e+00
1.604317093773979241e+00
1.605464133697310114e+00
1.543999396275777425e+00
1.441364527578471888e+00
1.303619556966404192e+00
1.178320332678925109e+00
1.081600292715240608e+00
1.009244679513185527e+00
9.704090467346317972e-01
9.349150472294494030e-01
8.949787352095047721e-01
8.660371034296905357e-01
8.602958093265847817e-01
8.564290490266702749e-01
8.577113450106440551e-01
8.726748868511940982e-01
8.834754368609346598e-01
9.019519377637197355e-01
9.169984282277883203e-01
9.346214911541104176e-01
9.478099718417979380e-01
9.585167898124429264e-01
9.689688260268236597e-01
9.796914024947566135e-01
9.846643869695287377e-01
9.839292768623072449e-01
9.894887171656212566e-01
9.918587665289071431e-01
9.843383739945803512e-01
9.853330762504242113e-01
9.842793605082840180e-01
9.830862171217341627e-01
9.865445354602661032e-01
9.871885253134881077e-01
9.851546960790503737e-01
9.879635064582453774e-01
9.874126898304947941e-01
9.856861655144737444e-01
9.871491523278272950e-01
9.869640090325518811e-01
9.852004258007365234e-01
9.836388264845711271e-01
9.822151574297467436e-01
9.817815515046877106e-01
9.795691721477468583e-01
9.846921228330511866e-01
9.813404035888877441e-01
9.865643105087622544e-01
9.844924442346466575e-01
9.854906787584298833e-01
9.902883436876087631e-01
9.927604586982190504e-01
9.932758793629656857e-01
1.002277764054083420e+00
1.001833016337377202e+00
1.006338852319185184e+00
1.008127971279232371e+00
1.009364493766955473e+00
1.008951383988837769e+00
1.011705352084232068e+00
1.013312806264673016e+00
1.011034686776204339e+00
1.010653208996217467e+00
1.009571000983094269e+00
1.010891022732498978e+00
1.009045976111939247e+00
1.007740988955571737e+00
1.005819996929182780e+00
1.005422148560528361e+00
1.003705662082493566e+00
1.003056811060668796e+00
1.002213657795504309e+00
1.001468804631399756e+00
1.000704863740092376e+00
1.000428428817381254e+00
1.000436730357498805e+00
9.967085463258371636e-01
1.000284628100152284e+00
9.970562704011731725e-01
9.986866096073798715e-01
1.000135811849898637e+00
9.996785969389850868e-01
9.987909290652662309e-01
9.980312733304586015e-01
9.995908012507002116e-01
9.995742342651785517e-01
9.979239830407715672e-01
9.991528947705400343e-01
1.000408811902246287e+00
9.985159258483204958e-01
9.988671457617908089e-01
9.998067369911041169e-01
9.989979453923273356e-01
9.985097816734397336e-01
9.975813118428598081e-01
9.971225068911251377e-01
9.971782095649157629e-01
9.985343691503132391e-01
9.974449598243001480e-01
9.957793002935857452e-01
9.980322022229956014e-01
9.972748953926910964e-01
9.984478944856808313e-01
9.965871717194511037e-01
9.965725163688262667e-01
9.985949495611893267e-01
9.998771376400070743e-01
9.981283616789582425e-01
9.978651171569248302e-01
9.973782731696422266e-01
9.981909148190721837e-01
9.988764498481061960e-01
9.982905206531091924e-01
9.992282221477080117e-01
9.968552484713545381e-01
9.992592395396266980e-01
9.969633423542109130e-01
1.000760457694384042e+00
9.993004947996914078e-01
9.979541762406745065e-01
9.997655794791213690e-01
9.995788807354346606e-01
1.000893464342170969e+00
1.000409753870506790e+00
9.996172549781967565e-01
9.997482612425936388e-01
1.001001037148807171e+00
9.985890139823659917e-01
1.000066008897283254e+00
9.994896793649338251e-01
1.000561447531703063e+00
9.993832476209789650e-01
9.981888597292940535e-01
9.986284294907390446e-01
9.998597758954166359e-01
9.976378305436243155e-01
9.980336437611604383e-01
9.991914878520646859e-01
9.984118915433860542e-01
9.998819015272443211e-01
9.993874309294723535e-01
9.983067700521301990e-01
9.993775830492127588e-01
9.990613755694279785e-01
9.999905208889652286e-01
9.988583715095772364e-01
9.985930770256539191e-01
1.000126347491751000e+00
9.980690750030313252e-01
9.995973237758145613e-01
9.989158846399512903e-01
9.990335755183807898e-01
9.990231256462341891e-01
9.983821181703115277e-01
9.997967934570229920e-01
1.000119684658036467e+00
9.999030478595573035e-01
9.994474610203255560e-01
1.000005183962941580e+00
9.970045790792322338e-01
9.990154992960023073e-01
9.995703301735952007e-01
9.980756468587879127e-01
9.999844152334135261e-01
1.000208236402233775e+00
9.987607364716403202e-01
9.992818364182817215e-01
9.982650373221695350e-01
9.997542453244029348e-01
9.998463824847270143e-01
9.991929289572545336e-01
9.990653983088580992e-01
9.987499625263009939e-01
9.989736492635016285e-01
9.991969623016203617e-01
9.990923160880106346e-01
9.991826101253616921e-01
9.990506334279544154e-01
9.981524800272484343e-01
9.981246792615091623e-01
9.974893223068855841e-01
9.990581241525019474e-01
9.976932260485661397e-01
9.981364982173466238e-01
9.989096004398280160e-01
9.980406640442286426e-01
9.988340440748713078e-01
9.985554748424315674e-01
9.981715145032197256e-01
9.987195294042501281e-01
9.993417570607464606e-01
9.989320276894286810e-01
9.986060048249468801e-01
9.994911631986462819e-01
9.990986440469552532e-01
9.984785288025087580e-01
9.994532161690634631e-01
9.974449227036404908e-01
9.990029717360179307e-01
9.990288368889056470e-01
9.993015764221415687e-01
9.987588619082106156e-01
9.991766045884828973e-01
9.996069200668676880e-01
9.988483829312708728e-01
9.984867327706739015e-01
9.984746030625210045e-01
9.992316647710289823e-01
9.993898989753192685e-01
9.988334693224223404e-01
9.992434034714349211e-01
9.989999691512647662e-01
9.990742121023823419e-01
9.990389379795785452e-01
9.992407449892077853e-01
1.000568394020774354e+00
9.993938683631605757e-01
9.994401821622700410e-01
9.982790582874214724e-01
9.994132411650570313e-01
9.996664950508633574e-01
9.994329412961479031e-01
9.985506146917646486e-01
9.983720332620701354e-01
9.990838265771467830e-01
9.985019916225866821e-01
9.990320147102735859e-01
1.000359805299183558e+00
1.000198949918402080e+00
9.992608063613309666e-01
9.998837282579589036e-01
9.998232693565234364e-01
1.000306354984525470e+00
