0.000000000000000000e+00
0.000000000000000000e+00
0.000000000000000000e+00
0.000000000000000000e+00
0.000000000000000000e+00
0.000000000000000000e+00
0.000000000000000000e+00
0.000000000000000000e+00
0.000000000000000000e+00
0.000000000000000000e+00
0.000000000000000000e+00
0.000000000000000000e+00
0.000000000000000000e+00
0.000000000000000000e+00
0.000000000000000000e+00
0.000000000000000000e+00
0.000000000000000000e+00
0.000000000000000000e+00
0.000000000000000000e+00
0.000000000000000000e+00
0.000000000000000000e+00
0.000000000000000000e+00
4.589106297338240575e-02
2.351442149263896830e+00
1.047410357912882262e+01
1.199522944771487332e+01
6.703984419573167486e+00
2.797395931359712762e+00
1.116769617308648321e+00
4.810139724734687761e-01
2.427684914589178788e-01
1.487266367688170055e-01
1.085031461163832034e-01
9.564995067221372660e-02
9.974065312177932130e-02
1.183237168755400942e-01
1.539144544515400892e-01
2.160276405631737784e-01
3.083434604659048284e-01
4.475221602267515641e-01
6.236109302103738372e-01
8.229146258694670646e-01
1.030194785286921544e+00
1.213615830099994852e+00
1.347841826862733461e+00
1.455792854918792623e+00
1.547248384002545940e+00
1.590172364559999885e+00
1.596584796136123474e+00
1.544329130539621842e+00
1.436647094842027572e+00
1.305826212860440538e+00
1.178910022366227883e+00
1.078340925632536917e+00
1.007051419584813479e+00
9.664043433869554667e-01
9.230442552552667879e-01
8.866465977271724697e-01
8.650770984688064269e-01
8.490941082306173726e-01
8.483405065950819779e-01
8.579729599138012919e-01
8.656453750135986169e-01
8.808016913158591699e-01
9.033573858458521233e-01
9.204926463079997623e-01
9.349575361557562747e-01
9.487741648468093203e-01
9.595044306059293815e-01
9.686565478175447330e-01
9.797808730147985479e-01
9.845785188295511636e-01
9.850504543924545331e-01
9.891890314494102832e-01
9.857319356703325708e-01
9.919614517559548483e-01
9.862002048162544776e-01
9.867445367934796208e-01
9.886717782740347404e-01
9.891571518972748223e-01
9.870337124167396503e-01
9.884903838158243250e-01
9.880164274528655532e-01
9.905334335998708939e-01
9.861571033997629243e-01
9.904593179582114049e-01
9.882199553979896800e-01
9.853380648504811434e-01
9.887070666979923539e-01
9.830970839859285437e-01
9.870336119554800058e-01
9.858723429582997300e-01
9.862940608959654964e-01
9.880110735921019405e-01
9.859866546804098020e-01
9.884238873049669971e-01
9.874758185968238733e-01
9.931150091292809678e-01
9.969640131586170462e-01
9.940869269238091777e-01
9.966161729041563833e-01
1.004648516952279191e+00
1.005842301603151689e+00
1.007099429202594543e+00
1.009217465180954676e+00
1.008879290237543414e+00
1.008718676038319106e+00
1.011223419477301988e+00
1.009494432412437526e+00
1.010025931629277895e+00
1.009745941397298896e+00
1.008070082279173496e+00
1.006846692643994734e+00
1.004161677160636534e+00
1.004209314811062015e+00
1.001222546175347006e+00
1.000237129458012131e+00
1.001154373046329038e+00
1.000039809966802640e+00
1.001268039749424688e+00
9.996564547238424581e-01
9.979140066635602269e-01
1.000047548442944301e+00
1.000525315897103251e+00
9.971268497012316656e-01
9.997407927062715860e-01
9.990297012903425200e-01
9.984570638978170765e-01
1.002656019409917443e+00
9.993959984892750725e-01
1.000381875680232069e+00
1.001632480388851221e+00
1.000179205479325040e+00
1.000501396743592730e+00
9.987592101283674362e-01
1.000570797956013225e+00
1.001434651500583417e+00
1.000466405155908678e+00
9.984856959646276620e-01
1.001942485208791922e+00
1.001915344890900617e+00
9.998685432372895754e-01
1.001884070915827873e+00
9.983694284486415160e-01
1.001078229360066851e+00
1.000605348756684831e+00
9.988805082238422228e-01
1.000373942254427551e+00
1.001166594771379925e+00
9.988238037541983250e-01
9.990754846419441781e-01
1.000471791982660452e+00
9.993256707096079827e-01
9.981295874191679074e-01
9.978776413789165467e-01
1.000692421830379653e+00
9.994842571689684929e-01
1.000071796695490400e+00
9.990335116325015363e-01
9.996865986757136335e-01
1.000290522397313309e+00
1.000385572414895785e+00
9.999542186751978479e-01
1.000079801794262480e+00
1.000551448002922506e+00
9.995331481594609269e-01
9.996643218904752715e-01
9.992834837997176534e-01
1.000984577930889463e+00
9.996355735602295844e-01
9.993144423102309215e-01
9.981236638958511653e-01
1.000296251181862495e+00
9.994055228601212981e-01
9.995506237691271778e-01
1.000235032279262803e+00
1.000607399066971492e+00
9.999996045255495902e-01
9.987453516992276237e-01
1.000081938686208982e+00
1.000724089100208936e+00
9.992391855675676338e-01
9.991931809565358646e-01
9.987307170919665911e-01
1.000102104584021268e+00
9.979555936755047929e-01
9.988374484660889063e-01
9.995533238980073287e-01
9.986159699525294364e-01
9.993270820483671768e-01
9.994984996867479765e-01
9.986234049662944257e-01
9.979613418006093584e-01
1.001028828639912271e+00
1.001678922017285034e+00
9.989708196215801861e-01
1.000114685349421162e+00
9.977046915767715518e-01
9.994210059507113719e-01
9.987483117252023979e-01
1.000568530232764930e+00
9.983523207303434122e-01
9.985938124124569271e-01
9.989418223526507212e-01
9.976216507679560586e-01
1.000520009902713836e+00
9.992230218274053000e-01
1.000348349856677421e+00
9.988433598425825455e-01
9.992156411207859801e-01
9.987337306529131542e-01
1.000383160806348259e+00
9.996022676870779389e-01
1.000335853331214775e+00
9.991416364357714741e-01
1.001937111852545748e+00
9.999216540973160372e-01
9.994539970031358633e-01
9.994663332775907127e-01
9.996496659096221205e-01
1.000300686212375778e+00
1.000131487398022490e+00
9.997366753912624304e-01
1.000365533583823963e+00
1.000905201856876259e+00
9.994902416183675253e-01
1.000386851813521272e+00
9.996331984760958855e-01
1.000223683485236048e+00
1.000158530065075935e+00
1.000131431611889443e+00
1.000686800115387021e+00
9.994775841362999458e-01
1.000382768329499461e+00
9.994428023032426722e-01
9.999861303130909151e-01
1.000303509092496546e+00
1.000251410408061536e+00
1.001158301648922055e+00
9.996946682373214488e-01
1.000233163295672245e+00
9.987104267078432684e-01
9.998606338901874224e-01
1.000690161203654061e+00
9.993946205972206176e-01
9.982289771566896786e-01
9.996541368491143054e-01
9.989973141417369806e-01
9.988636785430774490e-01
9.987370190482882659e-01
9.978239694355819367e-01
9.988613188380254249e-01
9.992536473982768230e-01
9.987618448713749819e-01
9.991524549918450182e-01
9.994580291805937877e-01
9.986250829483062086e-01
9.986963680319539405e-01
9.985492547008448794e-01
9.993601502942950354e-01
9.990511325542572596e-01
9.999362266719775683e-01
9.983292690611658138e-01
9.987346185101849683e-01
9.984994280956500656e-01
9.985673389832866453e-01
9.998724236754936712e-01
1.000213709730131129e+00
9.987162210619134894e-01
9.995181733905570409e-01
9.996502104710409675e-01
9.991018262796521610e-01
9.992101270875820562e-01
9.990857690394788770e-01
1.000106576276424519e+00
9.998565444944095271e-01
9.990592808383057521e-01
9.993528551545098892e-01
9.988605697798170757e-01
1.000171009079345419e+00
