0.000000000000000000e+00
0.000000000000000000e+00
0.000000000000000000e+00
0.000000000000000000e+00
0.000000000000000000e+00
0.000000000000000000e+00
0.000000000000000000e+00
0.000000000000000000e+00
0.000000000000000000e+00
0.000000000000000000e+00
0.000000000000000000e+00
0.000000000000000000e+00
0.000000000000000000e+00
0.000000000000000000e+00
0.000000000000000000e+00
0.000000000000000000e+00
0.000000000000000000e+00
0.000000000000000000e+00
0.000000000000000000e+00
0.000000000000000000e+00
0.000000000000000000e+00
0.000000000000000000e+00
0.000000000000000000e+00
0.000000000000000000e+00
4.073851832342164725e-05
3.290559331774583346e-02
4.788032667924221331e-01
1.673639559595401671e+00
2.512194860982679856e+00
2.350455622618863316e+00
1.742690354679319764e+00
1.178283422360281385e+00
7.843582462269949040e-01
5.500031495907861112e-01
4.092574780784398181e-01
3.485126908618541020e-01
3.432808874482168315e-01
3.855450308522620495e-01
4.827707807905595172e-01
6.238728809941672671e-01
8.254990344985201345e-01
1.050312382170739411e+00
1.285716065649992190e+00
1.504894221523283226e+00
1.693884133468212205e+00
1.814122564868878351e+00
1.876099986148068277e+00
1.895948115918149268e+00
1.867563068380353242e+00
1.797312237162000059e+00
1.696190237467299244e+00
1.586589760311930553e+00
1.488873865979073896e+00
1.355223059364505600e+00
1.252890098755906179e+00
1.191618567379062021e+00
1.139905991302055499e+00
1.093043196453917343e+00
1.062919164791101156e+00
1.045570148011207401e+00
1.029853619948579047e+00
1.022978079840339616e+00
1.015416996881023604e+00
1.013425249815292473e+00
1.016523205987899026e+00
1.010148154014021804e+00
1.003544633659721352e+00
9.999993460152827307e-01
9.995258472537091876e-01
9.956224021755847309e-01
9.932391625512406730e-01
9.929524777241051092e-01
9.903447491157471028e-01
9.923316883387259812e-01
9.873608498957171520e-01
9.915106440419546585e-01
9.904353702780577251e-01
9.905020729820943615e-01
9.889580790280032563e-01
9.904205095108080670e-01
9.917281718479941111e-01
9.931083035778645041e-01
9.916188482255042791e-01
9.940299494338330488e-01
9.921417483364797230e-01
9.949872935584314071e-01
9.916808296445800419e-01
9.878111489782176458e-01
9.853578432556561184e-01
9.822998037591530451e-01
9.785025220844123517e-01
9.752578803744729186e-01
9.700147136558761041e-01
9.678907544905223093e-01
9.610874133992461932e-01
9.650520149830593697e-01
9.640061049927158843e-01
9.620203301920633443e-01
9.642844460859404387e-01
9.651347370466996090e-01
9.699275987880477956e-01
9.733125031749053635e-01
9.752011254838756082e-01
9.798855346843202696e-01
9.783878094747180398e-01
9.855004018545099331e-01
9.891774300132484266e-01
9.901711129107467757e-01
9.942593054191286583e-01
9.943234634959413620e-01
9.970365993774755742e-01
9.964968608543385287e-01
9.994244704941505075e-01
1.000315788136332706e+00
9.979885510585954078e-01
9.987778497172774550e-01
1.000358948441860463e+00
9.993291061227116412e-01
9.987539516789862848e-01
1.001193804980792912e+00
9.990968759361817941e-01
1.000281236946120700e+00
9.987221683240796732e-01
9.999829077578258341e-01
1.000678407707820794e+00
9.981317259092713501e-01
1.000310073910255948e+00
1.000409477654806700e+00
1.001972396994841308e+00
1.000661258798568598e+00
1.000233213887564254e+00
1.001972369928921136e+00
1.002865471985105783e+00
1.003460293730167763e+00
1.001695949729727309e+00
1.000814609777828323e+00
1.002495044073289820e+00
1.002929125965036139e+00
1.003623581660578079e+00
1.002183072019312116e+00
1.001985088338876784e+00
1.002060237684488486e+00
1.003001721053967232e+00
1.002921857952397078e+00
1.003736685763482184e+00
1.003447872117183337e+00
1.002654040300761107e+00
1.002349229730261193e+00
1.003325774228403189e+00
1.005162648130095038e+00
1.001222738597916440e+00
1.003154079382740038e+00
1.003023319479012354e+00
1.002951969090904560e+00
1.002803543476329162e+00
9.999250121618979970e-01
1.000249250956541269e+00
1.001100853444942596e+00
9.973041650659555390e-01
1.001024990139690374e+00
1.001472377073812092e+00
1.000668306952344544e+00
1.001343703330072277e+00
1.000836317553159605e+00
9.996969360860157305e-01
1.000708451325649673e+00
1.000988431563981873e+00
9.996135057151044334e-01
9.994418647078622264e-01
1.000041454887347303e+00
9.997009811068373608e-01
1.000456224574806097e+00
9.999071158655317149e-01
9.992001660495889448e-01
1.000099026634003518e+00
1.000294813400494309e+00
1.000230412131219770e+00
9.989062112353319645e-01
9.990532611453167844e-01
9.999479760505219916e-01
9.986109544417672845e-01
9.983695857579792943e-01
1.000607581361533827e+00
9.989360982625585805e-01
9.991157146991028748e-01
9.986292819270455867e-01
9.997481726591073148e-01
9.998000074042898699e-01
9.995638940629749669e-01
9.986402876895947855e-01
9.987982918251172570e-01
9.997488357859413144e-01
1.000606632891837711e+00
9.996682856162222297e-01
9.983801561349474607e-01
9.984244838541781464e-01
1.000710339403396931e+00
9.997889391730870878e-01
9.994379562982600440e-01
9.986080832363775084e-01
9.971621832685044762e-01
9.974027762350416992e-01
9.986188055397050567e-01
9.996488428465467591e-01
9.991379036405716452e-01
9.991339213975390932e-01
9.983065941208767446e-01
9.983729285103141171e-01
1.000909613082424876e+00
9.982093206251435591e-01
1.000086216419591834e+00
1.000566533391427315e+00
9.998550918505338947e-01
1.000941570915179657e+00
9.995750670978822416e-01
9.995247060123043648e-01
1.000418250362096861e+00
9.988527780917666465e-01
9.977196595548389890e-01
9.998828938596009408e-01
9.995922122860998460e-01
9.998258037832609135e-01
9.994170691973757181e-01
1.001688968516992961e+00
9.998527711222897629e-01
9.993082518692742999e-01
9.996730043867890769e-01
9.987523369359205816e-01
9.992629292767793991e-01
9.996227060554074839e-01
9.993779737428140075e-01
9.993862856875495027e-01
9.997651186696944192e-01
9.986685551903394797e-01
9.999594774278641740e-01
9.998722230340320039e-01
1.000611203008396233e+00
9.994660970043741655e-01
9.999276140605820595e-01
9.984275018880468533e-01
9.995117809189666414e-01
1.000591284867305308e+00
1.000726951963981648e+00
9.999823046337621424e-01
1.000106965556058158e+00
1.000796569644570866e+00
1.000324351762026387e+00
1.001136220634337270e+00
9.992115251461265446e-01
1.002159092241661664e+00
1.000573822074374064e+00
9.992727900272917463e-01
1.000412887358183456e+00
9.997536624782442649e-01
1.000000117799088484e+00
1.000230075492691606e+00
9.992183191413667176e-01
9.993716418663128875e-01
9.993949691000503233e-01
9.989640615046212480e-01
9.990573866737060271e-01
9.993886624093843984e-01
9.990732988974476703e-01
9.994767956477661475e-01
1.000125304284442462e+00
1.000008146904523443e+00
9.984937152395667592e-01
9.991688628307149322e-01
1.000555654521877003e+00
9.990907873923928761e-01
9.992145334834232617e-01
9.992403405506912195e-01
9.997144454591750939e-01
9.995310900114168229e-01
9.997438640149034494e-01
9.999426829749625822e-01
9.996972543020231639e-01
9.993036196394002868e-01
9.999244042882456940e-01
9.996823686814932941e-01
