0.000000000000000000e+00
0.000000000000000000e+00
0.000000000000000000e+00
0.000000000000000000e+00
0.000000000000000000e+00
0.000000000000000000e+00
0.000000000000000000e+00
0.000000000000000000e+00
0.000000000000000000e+00
0.000000000000000000e+00
0.000000000000000000e+00
0.000000000000000000e+00
0.000000000000000000e+00
0.000000000000000000e+00
0.000000000000000000e+00
0.000000000000000000e+00
0.000000000000000000e+00
0.000000000000000000e+00
0.000000000000000000e+00
0.000000000000000000e+00
0.000000000000000000e+00
0.000000000000000000e+00
4.164332668093440742e-02
2.249856039523030926e+00
9.951985969197929549e+00
1.133776970745941703e+01
6.356502290688975876e+00
2.633856050279628214e+00
1.052007632638385592e+00
4.531986593903419847e-01
2.304209367567599254e-01
1.394302695557194105e-01
1.042502688012605511e-01
9.338137842284242873e-02
9.536225456105291987e-02
1.148400036062523222e-01
1.568820454233260386e-01
2.214700094186287938e-01
3.224842353476856660e-01
4.667503544364208778e-01
6.514951739446168677e-01
8.670218794291852937e-01
1.087314570067445807e+00
1.279633892646099058e+00
1.421051221678657717e+00
1.549508024620630087e+00
1.630396619828669458e+00
1.693565153607295315e+00
1.698115399112247514e+00
1.631126532955499808e+00
1.506380782839269683e+00
1.356183918990353066e+00
1.212155139582031582e+00
1.095143480652557733e+00
1.024008753654127357e+00
9.689650694778921824e-01
9.223248490200773864e-01
8.872316454991038270e-01
8.627384646887582553e-01
8.581401001184110200e-01
8.592937865154792743e-01
8.718744858564173583e-01
8.909150882892352685e-01
9.139788680678739841e-01
9.296485468448000278e-01
9.508578346236088441e-01
9.724551028373281669e-01
9.841535382966758450e-01
9.956143393343674930e-01
9.975205992285673950e-01
1.003680431894412806e+00
1.002556211887278836e+00
1.001656018924231839e+00
1.001532848077410165e+00
1.000635073355657712e+00
9.932027216570432637e-01
9.916333350219537213e-01
9.876493986664750535e-01
9.851350416393012122e-01
9.832900379953899428e-01
9.810929302421269593e-01
9.823588868334940383e-01
9.822246349780642261e-01
9.845536755059284273e-01
9.857662823194354162e-01
9.818416632289991286e-01
9.833952223882781452e-01
9.866039071543636352e-01
9.784146180477381050e-01
9.806934605525686743e-01
9.824281761153971226e-01
9.809892873226520038e-01
9.810909393177054127e-01
9.839697919670908899e-01
9.861525036406371125e-01
9.830705040471806599e-01
9.877585238390012012e-01
9.901280419099980357e-01
9.904737319437791898e-01
9.944567475220686958e-01
9.977194914001431547e-01
1.000434833240328780e+00
9.987284721298436141e-01
1.004962979565583447e+00
1.001319384286764702e+00
1.005950774519944746e+00
1.004902238756017141e+00
1.007730893145436957e+00
1.007424022041829570e+00
1.009042966080218040e+00
1.008324570230809902e+00
1.005916076852730434e+00
1.007812267518608085e+00
1.006460872660338790e+00
1.004993249929963195e+00
1.005010581694988803e+00
1.004402618835290140e+00
1.003421897311931543e+00
1.002142838255593249e+00
1.001218859633075109e+00
1.000525793882694803e+00
1.003237950774243492e+00
1.003231296869908862e+00
1.005540098370805158e+00
1.001554231580739307e+00
1.002150083630802602e+00
1.001354310919229329e+00
1.001531428299442084e+00
1.001540333239405056e+00
9.984142194505553070e-01
1.002612416277055107e+00
1.002564570457758375e+00
1.001192304401779865e+00
1.002529974550645742e+00
1.001410266387181336e+00
1.001510069640013878e+00
1.001275806557378356e+00
1.004839206010952779e+00
1.002407794346588998e+00
1.003033291165211782e+00
1.002335859561235054e+00
1.000156862927992441e+00
1.000761141970116563e+00
1.002212011211373266e+00
1.001355437774248403e+00
1.000941804191221696e+00
1.002587769072439183e+00
1.000036190556548243e+00
9.985466679194124895e-01
1.003573640027934699e+00
1.000301787509958906e+00
1.001318379349898757e+00
9.991507181036571872e-01
1.001928987771323998e+00
1.001633466739833223e+00
9.983443885041691779e-01
1.000060175152444275e+00
1.000610218458382494e+00
1.001196790656926350e+00
1.000318451794091068e+00
1.001553649044948591e+00
1.002077119017503515e+00
1.000517996630974071e+00
1.000100417039299749e+00
1.001731357069450157e+00
9.984505695458841812e-01
1.001051055529323275e+00
1.000414753904372622e+00
1.000157849098228136e+00
9.987083422813537448e-01
1.001199305615276813e+00
9.998869322659345027e-01
1.001544465679942375e+00
9.985889134836063441e-01
9.986194195846193056e-01
9.999020616953618878e-01
1.000466669192257463e+00
9.989562696098316374e-01
9.989267806702988306e-01
9.987732005088726384e-01
9.987392390017489907e-01
9.991183584162329767e-01
9.989483427234916446e-01
9.999630602293475556e-01
9.993732530376214784e-01
9.984027069496708151e-01
9.987339471996066198e-01
9.983290432834250883e-01
9.992725053405826507e-01
1.000010599549642443e+00
9.987851375941263488e-01
9.997635440080584468e-01
9.983548017105307038e-01
9.996377483398816155e-01
9.983942768601350437e-01
9.995665635027565221e-01
9.981818131808499750e-01
9.988929865791438267e-01
9.997057368027850721e-01
9.989486506122968734e-01
9.991695511811161667e-01
1.000023929512471321e+00
9.996410044514953963e-01
9.997564881181415508e-01
1.000124574884873718e+00
1.000420492433798492e+00
1.001740972890002856e+00
9.994618958094869665e-01
1.000592017552012880e+00
1.000512144737509601e+00
1.000385113894774358e+00
1.001523480763701679e+00
1.000649191839737773e+00
9.998032472163147499e-01
1.001070866541416526e+00
9.999703191061385388e-01
9.997941463619791636e-01
9.999694282656235167e-01
9.994944739972874137e-01
1.001399448055435126e+00
9.998489813225086564e-01
9.998829957602317631e-01
1.000494146922989991e+00
1.000637221414484301e+00
9.998100105474014843e-01
9.999543599755424950e-01
9.996710399624489929e-01
9.999405098117976065e-01
1.000764400702228940e+00
9.997841159226108498e-01
9.991600938701404866e-01
9.999347270074393501e-01
1.000774732743337392e+00
9.993887730332307040e-01
9.997669429380096062e-01
1.000657245821287678e+00
9.993900190278349749e-01
9.999456952015663980e-01
1.000312048460606063e+00
9.997807918169053787e-01
9.997087485708244792e-01
9.985712715749944790e-01
1.000753412889349159e+00
1.000315406913767635e+00
1.000693320483115656e+00
1.001256870316335146e+00
9.988451118307886123e-01
9.996248281257128498e-01
1.000853211829835443e+00
9.992776040345782151e-01
9.993475549256513046e-01
1.000652329985402433e+00
1.000778830555046239e+00
9.994697244860673013e-01
9.999935432773410238e-01
1.000490942935999161e+00
9.991369614384276732e-01
9.997995186992452155e-01
1.000135715399342207e+00
9.990580379488488427e-01
9.987620675543674720e-01
1.000476569153098128e+00
9.996929627380627403e-01
9.998563120427536033e-01
1.000056629838321332e+00
1.000720137335164184e+00
9.996347371322163999e-01
9.995902029226602092e-01
9.998076255593957296e-01
1.000767608729916658e+00
9.986110190313869373e-01
9.997456107652391566e-01
1.000240294428617727e+00
9.994832808167820604e-01
1.000416133590654955e+00
9.997590829732520001e-01
9.990084676758734794e-01
9.994712147686198866e-01
1.000845828887563682e+00
9.992547832148647169e-01
