0.000000000000000000e+00
0.000000000000000000e+00
0.000000000000000000e+00
0.000000000000000000e+00
0.000000000000000000e+00
0.000000000000000000e+00
0.000000000000000000e+00
0.000000000000000000e+00
0.000000000000000000e+00
0.000000000000000000e+00
0.000000000000000000e+00
0.000000000000000000e+00
0.000000000000000000e+00
0.000000000000000000e+00
0.000000000000000000e+00
0.000000000000000000e+00
0.000000000000000000e+00
0.000000000000000000e+00
0.000000000000000000e+00
0.000000000000000000e+00
0.000000000000000000e+00
0.000000000000000000e+00
0.000000000000000000e+00
3.119910909111027442e-05
1.004659817734000283e-03
1.152647967059291373e-02
5.856694685552701896e-02
2.009094198989349878e-01
4.978984397472864809e-01
9.409394515645831403e-01
1.445809774747549570e+00
1.809253408195058865e+00
1.935575892898390604e+00
1.818144112714719096e+00
1.579021805876137607e+00
1.329886614626428099e+00
1.123182601867180885e+00
9.766907796583275125e-01
8.662111948506645565e-01
8.004022330420692555e-01
7.645702935618675644e-01
7.637177442909517389e-01
7.875409578452141623e-01
8.147114640597684643e-01
8.221385889950912906e-01
8.160140093337722167e-01
8.177629312649875581e-01
8.343603970108111056e-01
8.612588823979558939e-01
8.937639297123334270e-01
9.373555673873262828e-01
9.843076092956103418e-01
1.032456776049490710e+00
1.071601914788811838e+00
1.098706117171539987e+00
1.118507504230797034e+00
1.128927591649296680e+00
1.122499230254438762e+00
1.117473292192241896e+00
1.106175933671359690e+00
1.092612435835838447e+00
1.076983556421720056e+00
1.062158052147561982e+00
1.041951348889165185e+00
1.025621239247182404e+00
1.015851982566380762e+00
9.953031395501555911e-01
9.855546325906480165e-01
9.757633691243097207e-01
9.669582983648588037e-01
9.606072678129873310e-01
9.579453119320144872e-01
9.615516354855929704e-01
9.625541686887897352e-01
9.682112591312176386e-01
9.707056494580379447e-01
9.785491244265122068e-01
9.841293685883284459e-01
9.860222753174922028e-01
9.922504860197988164e-01
9.945774410962637813e-01
9.988010669660872809e-01
1.001199706427246872e+00
1.001230291070752898e+00
1.004490463339334561e+00
1.005901303638852218e+00
1.005009662547213800e+00
1.006668679975971648e+00
1.005972369054601190e+00
1.005421375640792148e+00
1.002559698631480423e+00
1.003634943465208096e+00
1.002345127541442338e+00
1.002494950366789261e+00
1.000713973268712031e+00
9.972134613106080625e-01
9.979743519535934082e-01
9.963571918026024044e-01
9.937116011140627592e-01
9.935379063596431193e-01
9.935121326310512035e-01
9.948467224309196499e-01
9.942821339371828993e-01
9.918660558213553413e-01
9.965240476842716077e-01
9.964481033544884125e-01
9.962737256090542504e-01
9.978122134307741975e-01
9.978046427592567325e-01
9.979614634480938884e-01
9.975328667670608773e-01
1.000137333554634633e+00
9.992610028322730376e-01
1.000269327062480729e+00
9.996653246565881945e-01
1.003462337192824627e+00
1.001112572904615972e+00
1.001612764167025160e+00
1.000793883593749545e+00
1.002273038513438630e+00
9.992159345781597146e-01
1.000591759060969865e+00
9.996974021148627987e-01
1.001078949288804365e+00
9.983561922749467632e-01
9.992196654806114742e-01
1.000323144760588923e+00
9.964290810455938008e-01
9.975814607228162822e-01
9.985189256353028675e-01
9.961849781359138900e-01
9.995921141858608028e-01
9.970069130028461624e-01
9.988556918456520384e-01
9.976636590081668921e-01
9.973692909759942493e-01
9.986310032931747793e-01
9.968102785635568619e-01
9.985886924911981932e-01
9.985668026504282979e-01
9.976883873676436476e-01
9.966592328861318961e-01
9.970015540602210624e-01
9.972693669961548713e-01
9.978997583539731542e-01
9.985285529418470585e-01
9.967003429351373178e-01
9.992399378994452075e-01
9.980217059735994045e-01
9.980603429557470818e-01
9.990787521426476303e-01
9.979359978950450571e-01
9.983458520082800769e-01
1.000441922797132621e+00
9.993999836560397698e-01
1.000867580926312783e+00
9.984907241045170023e-01
9.990575183189835951e-01
9.997267411032656481e-01
1.000085968643578127e+00
1.001113895470973958e+00
9.991869002278209733e-01
9.987088153569239068e-01
9.988767225898138591e-01
9.990227852403991138e-01
9.996969938227038277e-01
9.977387560119389542e-01
9.991831362815650763e-01
9.993965763482753895e-01
9.990328102404970601e-01
9.993871159849180286e-01
9.988778169174377108e-01
9.991736853694050957e-01
9.974122489881418474e-01
9.995574262549390410e-01
9.984744336929760600e-01
9.992396872392556029e-01
9.986877136696858948e-01
9.989734055383113764e-01
9.974279674461272727e-01
9.988373953981538600e-01
9.996243393838872837e-01
9.982930068227571230e-01
9.997172887942210595e-01
9.989816331345472422e-01
9.991011056749073971e-01
9.996188560955318048e-01
9.983507343037635318e-01
9.988669935405448674e-01
1.000000117366784069e+00
1.000493669670301067e+00
9.994976676737156174e-01
1.000646975200567779e+00
9.998566223367006955e-01
9.994459211450990033e-01
1.000609444497521983e+00
9.976309782284160654e-01
9.993367596608498937e-01
9.995642435164646677e-01
1.001178746778348838e+00
9.996408942702683653e-01
9.986337973349335151e-01
1.000042297690526993e+00
9.991270966382194141e-01
1.000142076476632669e+00
1.000315949390556236e+00
1.000493705155589330e+00
1.000635985289697549e+00
1.000750918838985370e+00
1.000010442757863771e+00
1.000050858049261970e+00
1.000739602032917341e+00
1.000437690255023160e+00
9.997924278471945758e-01
1.000455755545614611e+00
1.000549077478230187e+00
1.000707180777146599e+00
1.000372393661300485e+00
1.000117302242679695e+00
1.000205875754836660e+00
9.997643705753100907e-01
9.993188486294721784e-01
9.993613126334266461e-01
9.994192383895798004e-01
9.995387081031599230e-01
1.000188111608034447e+00
9.995620884233764603e-01
9.990748735027897842e-01
9.996008159243247038e-01
9.986109953305941644e-01
9.994049911810509723e-01
9.998686086239949589e-01
1.000721474747318762e+00
9.995682559097548436e-01
9.992337137389313284e-01
9.996166843544099789e-01
9.994762214758675656e-01
9.997404617812910566e-01
9.993198615956914166e-01
9.984204796503595158e-01
9.996262997330489508e-01
1.000156289046843394e+00
9.997114130611397531e-01
1.000051540936534700e+00
9.986470322769367414e-01
1.000069043153299475e+00
9.991076349616530017e-01
9.999002387723355811e-01
1.000165544186567335e+00
9.996387535163481219e-01
9.998763564111338153e-01
9.996859974411812511e-01
9.993399788310390885e-01
9.995298145828899194e-01
9.991185906895554414e-01
9.992435861547059872e-01
9.996723072595056214e-01
9.998209849392549753e-01
1.000199196845117378e+00
9.993977722048849044e-01
9.992454846534021273e-01
9.991474361959189476e-01
9.991049035359539365e-01
9.996341064899362250e-01
9.995380656526432483e-01
1.000260950159376883e+00
9.993262581566246805e-01
9.993555357762259339e-01
9.996181545289243298e-01
9.995155381947918860e-01
9.992135429466193486e-01
9.999378304653899763e-01
9.997808042891979108e-01
9.995931149599490695e-01
9.997491329985052078e-01
9.990882721584033455e-01
1.000143671237238463e+00
9.990665092466521902e-01
9.992844934156543957e-01
9.989298190618434159e-01
