0.000000000000000000e+00
0.000000000000000000e+00
0.000000000000000000e+00
0.000000000000000000e+00
0.000000000000000000e+00
0.000000000000000000e+00
0.000000000000000000e+00
0.000000000000000000e+00
0.000000000000000000e+00
0.000000000000000000e+00
0.000000000000000000e+00
0.000000000000000000e+00
0.000000000000000000e+00
0.000000000000000000e+00
0.000000000000000000e+00
0.000000000000000000e+00
0.000000000000000000e+00
0.000000000000000000e+00
0.000000000000000000e+00
0.000000000000000000e+00
1.315693734749785064e-05
3.489232116220838259e-02
1.014447672742390782e+00
3.352149053835795200e+00
3.347219044225055118e+00
1.884970354541356308e+00
8.729841280179984064e-01
4.098368588059338458e-01
2.364753271080935748e-01
2.500347665692260191e-01
4.066365096949561830e-01
6.112643380945947946e-01
7.869900404336805932e-01
8.876286464980864821e-01
9.404296469319513019e-01
9.587236821929250308e-01
9.771680563521237817e-01
1.003165363705182944e+00
1.052272824206284207e+00
1.101773618541245892e+00
1.131895276087666158e+00
1.161755663970729380e+00
1.185135288641920859e+00
1.208183852579082673e+00
1.214522989984538892e+00
1.208378862821485766e+00
1.188335750145618652e+00
1.152598858935097503e+00
1.103329589617995099e+00
1.050425100208254303e+00
1.003316720664574113e+00
9.684626550607120521e-01
9.504858380902508896e-01
9.413133634286955376e-01
9.409092777963830034e-01
9.417756848670072456e-01
9.419288744535103675e-01
9.423743800666180004e-01
9.411118344812281489e-01
9.409933705595838749e-01
9.442876570628713218e-01
9.490855340853272537e-01
9.553345523213616630e-01
9.629089116099517343e-01
9.744718859407166534e-01
9.822071134621852551e-01
9.891399094111067436e-01
9.948304111865412525e-01
9.984855853267241566e-01
1.001377646617154227e+00
1.002750714870469739e+00
1.006210865410593902e+00
1.006034711142870242e+00
1.009097923567997324e+00
1.010059635727071248e+00
1.011236948472875596e+00
1.011934530810137511e+00
1.011260917087907885e+00
1.011347170845753762e+00
1.008741648128696600e+00
1.006197583490343606e+00
1.004456331145552328e+00
1.001339522239613533e+00
9.998829840003219394e-01
9.977226939839983766e-01
9.962530005261583943e-01
9.949776437510560179e-01
9.948639875368942009e-01
9.951088391183994242e-01
9.951650641958365018e-01
9.937291357542116232e-01
9.947935553219959814e-01
9.948198203040981014e-01
9.955331641341779170e-01
9.962952630148841360e-01
9.974086154610189991e-01
9.981559803623640814e-01
9.991291755928286555e-01
1.000439642063141843e+00
1.000871714789810518e+00
1.002056985203997774e+00
1.002418689340192737e+00
1.003236900040917812e+00
1.004809631143621873e+00
1.004368429860012624e+00
1.004527671427664748e+00
1.004110056935888728e+00
1.003599781401209645e+00
1.004283223308809037e+00
1.003720809331832609e+00
1.003407751841658868e+00
1.002773144950518835e+00
1.002125370417009886e+00
1.001896856589872709e+00
1.001565738577524955e+00
1.000991088290246411e+00
1.000985537271998904e+00
1.000251683760237542e+00
1.000183784165414203e+00
1.000005039424100683e+00
1.000092445095475124e+00
9.996180563733525481e-01
9.991066363395333383e-01
9.994747289406112900e-01
9.996477782436313797e-01
9.996074269950084856e-01
9.995450133060975739e-01
1.000244484923361599e+00
1.000459360480353777e+00
1.000438744739112540e+00
1.000135004076055267e+00
1.000731420793792958e+00
1.000400058304789619e+00
1.000620091781224019e+00
1.001213457543838947e+00
1.000527144447857397e+00
1.000586352082878161e+00
1.000280203987874206e+00
1.000917389149319936e+00
9.996667058397109562e-01
1.000162679183226100e+00
1.000578247504414042e+00
1.000669168313081281e+00
1.000255035704355588e+00
1.000647987414045481e+00
9.995616144454387841e-01
9.997292175832401817e-01
9.999390237283859451e-01
9.994186387999848264e-01
9.997309106604562734e-01
9.996552176184523297e-01
9.994805885037508775e-01
1.000362972549661666e+00
9.996594796179939513e-01
9.995086808792740252e-01
1.000089844233304825e+00
1.000151288582388220e+00
9.999925463382890456e-01
9.998872474326254700e-01
1.000259496143339755e+00
1.000140976742385446e+00
9.999918674836528742e-01
9.997509807236294455e-01
1.000355618393905521e+00
9.996622507777741529e-01
1.000002911147730211e+00
9.998624526444267469e-01
1.000141253380441242e+00
9.996496665287099015e-01
1.000039695209111512e+00
1.000026517962729899e+00
1.000055515951985052e+00
1.000280292352549782e+00
9.999389538782115228e-01
1.000306929110470699e+00
9.998242053272441421e-01
9.997868953045874196e-01
1.000026137578125640e+00
9.999891683420948363e-01
9.998896877158266472e-01
1.000195211323813060e+00
9.998546386140699793e-01
1.000180694667085257e+00
1.000480732765519631e+00
1.000134875918496702e+00
9.999188982439319862e-01
9.999602890150459666e-01
1.000296332693938917e+00
1.000258423559187593e+00
9.995697127543556881e-01
1.000271296633764129e+00
9.998521508936941693e-01
1.000593766346030034e+00
1.000024954441311342e+00
1.000381888996275892e+00
1.000135638073574196e+00
9.999465526746753596e-01
1.000370510008273151e+00
1.000559840256891375e+00
1.000027361901224987e+00
1.000319493934537673e+00
1.000171571414642857e+00
1.000214147607165760e+00
9.997024397954052954e-01
1.000393641584419013e+00
1.000191941216148628e+00
1.000204350941115594e+00
1.000094023871441529e+00
1.000053564559629793e+00
1.000332829224253040e+00
1.000217481385368368e+00
1.000175838906199877e+00
1.000173753762855666e+00
9.996824777659332195e-01
1.000450665079890999e+00
1.000044368340216039e+00
1.000094089406509790e+00
9.998423387611309332e-01
9.998953942433859154e-01
1.000531664876500137e+00
1.000001236309089769e+00
1.000248418945606232e+00
1.000317611881397450e+00
1.000197130765054787e+00
1.000111187565538406e+00
9.999520445292010562e-01
9.999544906104872455e-01
1.000331202740026848e+00
1.000311626121906494e+00
1.000077588087131319e+00
1.000200386596531210e+00
1.000352988060046577e+00
1.000153861731642557e+00
1.000234056946839978e+00
1.000138062119011240e+00
1.000290153583512476e+00
9.999679436542354694e-01
1.000020733896618719e+00
1.000078866252483101e+00
1.000355114363898235e+00
9.998840216985616092e-01
9.999932153494315301e-01
1.000207481371707896e+00
1.000149459116414397e+00
9.999694022193044152e-01
1.000139269227449779e+00
1.000089135014555985e+00
1.000174807492592910e+00
9.998115610691692412e-01
1.000181246068084118e+00
1.000086938645254220e+00
9.999265100612731993e-01
1.000218601423898734e+00
1.000317658453480529e+00
1.000190285905292686e+00
1.000227494279291029e+00
9.998391840228030292e-01
1.000208537596077418e+00
1.000134303844461670e+00
1.000124854387442808e+00
9.999510900833364913e-01
1.000158598279193400e+00
1.000126753777339728e+00
1.000079963407348282e+00
1.000089132766259103e+00
1.000301466073974410e+00
1.000346499844022574e+00
1.000153432347085758e+00
1.000120818507478138e+00
1.000281733488940894e+00
1.000011776916397643e+00
9.998261865760368350e-01
1.000001843329952456e+00
9.998517352475534414e-01
1.000045121001010395e+00
1.000069169899712396e+00
9.999153098174083931e-01
1.000285359906899707e+00
1.000002050435973011e+00
1.000203248231220421e+00
