0.000000000000000000e+00
0.000000000000000000e+00
0.000000000000000000e+00
0.000000000000000000e+00
0.000000000000000000e+00
0.000000000000000000e+00
0.000000000000000000e+00
0.000000000000000000e+00
0.000000000000000000e+00
0.000000000000000000e+00
0.000000000000000000e+00
0.000000000000000000e+00
0.000000000000000000e+00
0.000000000000000000e+00
0.000000000000000000e+00
0.000000000000000000e+00
0.000000000000000000e+00
0.000000000000000000e+00
0.000000000000000000e+00
0.000000000000000000e+00
0.000000000000000000e+00
0.000000000000000000e+00
0.000000000000000000e+00
0.000000000000000000e+00
0.000000000000000000e+00
8.281931107938009630e-04
6.009580764095348582e-02
5.589675330508366846e-01
1.497781918461120299e+00
2.013106586439316725e+00
1.966029668794371910e+00
1.733722797310202735e+00
1.520497326146442507e+00
1.345614161592474822e+00
1.210269890663608461e+00
1.098866626721072048e+00
1.025077518085502737e+00
9.769254894099693720e-01
9.657672524387017621e-01
9.585337013968404651e-01
9.281721220281223816e-01
9.024680932041978521e-01
9.016765410677498593e-01
9.198214790404132257e-01
9.497672020918570546e-01
9.825565830217996011e-01
1.012896814778647681e+00
1.029834838174225720e+00
1.042526927269470161e+00
1.044084368161346754e+00
1.042324038704398381e+00
1.038944065646011827e+00
1.033030425436937794e+00
1.023741696599604678e+00
1.012679098620646423e+00
9.986874642928091905e-01
9.871283913747846972e-01
9.750911958746987240e-01
9.654939670054151213e-01
9.585830003399805621e-01
9.552003919157853185e-01
9.580090325932050233e-01
9.632044748347318164e-01
9.693657028603392956e-01
9.772240935432889852e-01
9.850789095117052918e-01
9.925982039265580648e-01
1.000454466123605224e+00
1.009736288816761363e+00
1.014838741880375705e+00
1.018376025500099535e+00
1.021296195535909668e+00
1.023123456880853377e+00
1.021747223739184252e+00
1.019373188728812885e+00
1.017476222103900430e+00
1.014788261904900901e+00
1.009981191001356526e+00
1.005417274941242445e+00
1.001142316064118409e+00
9.984737106170883392e-01
9.948128337499454465e-01
9.928278243174620821e-01
9.929899456067142749e-01
9.917411707568101198e-01
9.903225538910054304e-01
9.917221107842180139e-01
9.930734214900025503e-01
9.944237942523906915e-01
9.961287827510585391e-01
9.971793203081673607e-01
9.991601417156770193e-01
1.000119440214244371e+00
9.991593880748907974e-01
1.000060711109549416e+00
1.000739823267003725e+00
1.002117514517140817e+00
1.001944795580074654e+00
1.001119129706400157e+00
1.001375620911448605e+00
1.001313458699443659e+00
1.001637951377067015e+00
1.001286103079005008e+00
9.992885589687523495e-01
1.000046144555734484e+00
1.000965818739768309e+00
1.000527939495841068e+00
1.000055387475935476e+00
1.000644517113500331e+00
1.000916504138300134e+00
1.001478866053094441e+00
1.000732383215421128e+00
1.000872748231526943e+00
1.000741984958177344e+00
9.999557626835944291e-01
9.995470867302895801e-01
9.998532711320249344e-01
1.000547999762527507e+00
1.000452694425436384e+00
9.993313527466539670e-01
1.000502545339706062e+00
9.992319979193829971e-01
9.999731964031726150e-01
9.996332354298622658e-01
9.995242331711942096e-01
9.990140903220007251e-01
9.996111516964291122e-01
9.998538793288443971e-01
9.994848500008349790e-01
9.997032864415358322e-01
9.989747409033133962e-01
9.997187503878165460e-01
9.995692069387047685e-01
1.000603713401636119e+00
9.999778667735896853e-01
1.000682348067672978e+00
1.000103553387363897e+00
1.000583948009939439e+00
1.001364197920832533e+00
9.999438434197299719e-01
9.999682239141641782e-01
1.000270877040267070e+00
1.000470582376246975e+00
1.000524134420542000e+00
1.000336359889610893e+00
1.000406509198176863e+00
1.000432245074966309e+00
9.999786359203853836e-01
1.000143058336498747e+00
1.000451834217896296e+00
1.000289228856307888e+00
1.000872250225727900e+00
9.999184885759202501e-01
9.995435131993404276e-01
9.996675752273023186e-01
9.995277032197019684e-01
1.000405171461589360e+00
9.999239205198735547e-01
1.000751259395123549e+00
9.997409543061547277e-01
9.998709075728484663e-01
1.000489621111364080e+00
1.000697342875493057e+00
1.000119862902441037e+00
9.997709222413818653e-01
9.999036510172125691e-01
1.000064286793765467e+00
1.000287199261273852e+00
1.000419964598425526e+00
1.000168698391456168e+00
9.997957151138469056e-01
1.000171226268206981e+00
1.000754335016334373e+00
1.000472374321038638e+00
1.000296767647474994e+00
9.999683808609681757e-01
9.999216872578061688e-01
1.000278316065663198e+00
1.000027067561644945e+00
1.000135911505692254e+00
1.000084958488000941e+00
9.999853899432571414e-01
1.000541411599565667e+00
1.000166699341751508e+00
9.998783487704768769e-01
1.000092175933383620e+00
1.000187561056534502e+00
1.000031642679062083e+00
1.000144125258226824e+00
1.000538744404209091e+00
1.000452486908060212e+00
1.000467289624776823e+00
9.999500376662366907e-01
1.000195111100657286e+00
1.000353892009248513e+00
9.998584770041580860e-01
9.995494293348242687e-01
9.997366055105632032e-01
1.000306629651951829e+00
1.000605542592836406e+00
9.999207244091057323e-01
1.000416508840290541e+00
1.000274533148530764e+00
9.998856392836366069e-01
1.000281419748310974e+00
1.000066967957269570e+00
1.000302538982968503e+00
1.000090674562074566e+00
1.000127934063375967e+00
9.999921057923936152e-01
9.998849957384472464e-01
1.000103060253711540e+00
9.996908443531556943e-01
9.999559672542400746e-01
1.000114659865988687e+00
1.000060994956157634e+00
1.000164041471985010e+00
1.000127208494121067e+00
1.000593948694921798e+00
1.000052389960755184e+00
9.998891178478863662e-01
1.000030337154550253e+00
1.000065788858790938e+00
1.000027378816061407e+00
1.000101859294830087e+00
1.000181973749073583e+00
1.000193473021221413e+00
1.000390293971535227e+00
1.000595653040264876e+00
9.997734000524937104e-01
1.000330477314798960e+00
1.000365464182677355e+00
1.000022880071698594e+00
1.000424202292078180e+00
1.000037789342433925e+00
1.000327852547199248e+00
1.000229645673124557e+00
1.000530888471927948e+00
1.000315823276057170e+00
1.000289383197172199e+00
1.000638078813846032e+00
1.000381310958796899e+00
1.000245526072376379e+00
1.000180085046413980e+00
1.000137573463543372e+00
1.000178504188830919e+00
1.000014388057949732e+00
1.000484149480791007e+00
1.000181740592870572e+00
1.000309195319982525e+00
1.000667212060035061e+00
9.996432365514404950e-01
1.000233343880501335e+00
1.000059505401564186e+00
1.000191863051369978e+00
1.000008157332779479e+00
1.000289752478430216e+00
1.000229035725287652e+00
1.000517139918556397e+00
1.000348825007090880e+00
1.000615555242612142e+00
1.000297448810762102e+00
1.000224723143122496e+00
1.000195716810477142e+00
1.000441970104392064e+00
1.000013480345071315e+00
1.000250536209718488e+00
1.000499226762528338e+00
9.999775419102929774e-01
1.000433749989051657e+00
1.000346914001754905e+00
1.000110756192273298e+00
1.000341164855947262e+00
1.000578671521255680e+00
9.999529870875565329e-01
1.000627379103218750e+00
1.000374322805622551e+00
1.000402258593568350e+00
1.000218568995656643e+00
9.998953672590051855e-01
