0.000000000000000000e+00
0.000000000000000000e+00
0.000000000000000000e+00
0.000000000000000000e+00
0.000000000000000000e+00
0.000000000000000000e+00
0.000000000000000000e+00
0.000000000000000000e+00
0.000000000000000000e+00
0.000000000000000000e+00
0.000000000000000000e+00
0.000000000000000000e+00
0.000000000000000000e+00
0.000000000000000000e+00
0.000000000000000000e+00
0.000000000000000000e+00
0.000000000000000000e+00
0.000000000000000000e+00
0.000000000000000000e+00
0.000000000000000000e+00
0.000000000000000000e+00
0.000000000000000000e+00
0.000000000000000000e+00
1.916369150152302987e-04
1.763144742810858739e-03
1.708967127571745653e-02
9.449409817228661412e-02
2.930514407093051110e-01
7.119620433881077570e-01
1.313830028131400596e+00
2.033818478534537899e+00
2.459486706583764004e+00
2.568095094380332899e+00
2.320124680606469258e+00
1.909077878034578291e+00
1.472570188752255982e+00
1.095787311561169597e+00
8.392029877244905345e-01
7.304831181659130479e-01
7.352791558866844657e-01
7.523966699820272552e-01
8.151503718874916204e-01
9.003577204446060467e-01
9.771825210690017194e-01
1.035794235476313441e+00
1.101863326198752713e+00
1.158219511871829477e+00
1.244368275720044270e+00
1.303287112366777301e+00
1.394447719660751872e+00
1.445396747385292446e+00
1.503028555080085704e+00
1.534986520849002112e+00
1.576618011804395758e+00
1.592700723354909975e+00
1.567266249615903773e+00
1.524647667957793828e+00
1.451654268084781707e+00
1.380769600179061252e+00
1.297944339498032118e+00
1.230350162914532586e+00
1.161924660865726988e+00
1.110409271100438078e+00
1.079255556561988794e+00
1.067116380785488206e+00
1.040629095629114653e+00
1.036709891863926591e+00
1.031286732798685657e+00
1.025172125217526764e+00
1.029191388194132140e+00
1.028738460175898650e+00
1.036148387271295990e+00
1.031705605386913360e+00
1.037190124289327331e+00
1.037261842993885796e+00
1.033029329803580865e+00
1.039821486097746828e+00
1.031171215478013492e+00
1.022861904318333126e+00
1.025761829599672881e+00
1.027712864868089326e+00
1.009930379292356628e+00
1.007072269876862158e+00
1.004364179205263552e+00
9.910654295811510694e-01
9.940664487444288433e-01
9.832963188773571339e-01
9.856269579451316654e-01
9.891423821856372145e-01
9.853314181875001410e-01
9.789392717953965262e-01
9.796062586473561762e-01
9.832815900426977729e-01
9.837069558053844753e-01
9.832660139410960287e-01
9.790996070742220558e-01
9.802132923050826951e-01
9.773900424709610624e-01
9.797262642809632105e-01
9.776340605076316859e-01
9.819385465327211682e-01
9.699081820726310754e-01
9.690386822483051388e-01
9.742662676957829504e-01
9.779153447831365753e-01
9.765442994726759585e-01
9.719818190793327872e-01
9.726950421415283543e-01
9.804009351409490591e-01
9.828885717815871725e-01
9.832968896577349849e-01
9.833707432113437674e-01
9.847083425069238505e-01
9.909487751798973232e-01
9.870448186988108885e-01
9.874749614420447186e-01
9.905525051463612840e-01
9.816144700997361250e-01
9.933836641046579485e-01
9.904585334800889429e-01
9.868517875967910413e-01
9.930593174738122642e-01
9.954913390068530488e-01
9.946334413764911231e-01
9.935106588362061508e-01
9.970148919278597477e-01
9.967921303148514767e-01
9.964341346851965930e-01
9.967100903084279429e-01
9.920177332265438519e-01
9.950709171946555687e-01
9.938218563161156371e-01
9.921171748207636698e-01
9.987793431762904683e-01
9.990785954102873179e-01
9.974903915031573254e-01
9.952618697909427770e-01
1.000981508426046496e+00
9.960093503334166432e-01
9.998497084793357415e-01
1.002011025969608227e+00
9.985400928312121449e-01
9.994669364563245617e-01
1.003000466927455925e+00
9.954165735755127198e-01
9.995852365485355939e-01
1.002906577782155750e+00
1.000952470995449151e+00
1.000102225293926894e+00
1.003125296542403344e+00
9.998161500865301310e-01
9.978209876341614937e-01
1.000916810948888402e+00
1.002396537351110117e+00
9.971471556017078575e-01
1.004070535301993194e+00
9.989293342545374488e-01
9.996958620273171947e-01
9.964452295698860151e-01
1.002654350449423637e+00
9.958325237435525779e-01
9.962974487582274552e-01
1.002624023945294596e+00
9.966214341646407737e-01
1.000371307568598045e+00
9.996956085681083515e-01
1.001262436894671648e+00
9.982236669547345231e-01
9.999320707855664514e-01
1.000657639677396071e+00
9.977073359385774109e-01
9.981080303321729907e-01
9.971447169008311739e-01
9.964536969089443641e-01
9.974023477731763787e-01
9.992166640197152061e-01
9.970185470252089788e-01
9.988546671065416938e-01
9.986305015984650035e-01
1.000119992228416521e+00
9.979090796350498227e-01
9.990919389104085946e-01
9.972779744746791408e-01
9.988830411431858236e-01
1.002574549826974248e+00
1.000551759888888448e+00
9.982285342625036861e-01
1.001064291005776319e+00
9.973017473130026955e-01
1.001409035399817071e+00
1.002674495449260128e+00
9.988916511068173243e-01
9.990920516319621303e-01
1.000806745952792953e+00
9.995291735841169700e-01
9.992195187204587770e-01
1.002041529368845607e+00
9.961993261959025681e-01
1.000107891275721528e+00
9.985400486891132799e-01
1.000473970773731347e+00
9.994267186316300178e-01
1.001802432385990649e+00
1.001113294036444668e+00
1.000174556965269357e+00
1.000146547581858281e+00
1.000178904764514654e+00
9.973592069136058003e-01
9.963078370000935102e-01
9.954263876637353681e-01
9.985799863868216608e-01
9.981322744213463327e-01
1.000993662388129035e+00
9.967240834268349392e-01
9.967670833735512437e-01
9.984552596429362437e-01
9.967592542903773722e-01
9.992407373615116439e-01
9.968684693464977542e-01
9.977009366572017202e-01
9.968075559283527953e-01
9.951366660007622267e-01
9.973745390349185724e-01
9.966550466858623558e-01
9.985381349624071756e-01
9.962896745333291726e-01
9.972089331231757114e-01
9.967299271891729706e-01
9.972732326869121477e-01
9.974919137604466579e-01
9.992152323515456347e-01
9.977707874648806818e-01
9.994667039045533885e-01
9.986683891749288389e-01
9.975508870900982039e-01
9.973343125429701139e-01
9.977083294421416060e-01
1.000513947587854169e+00
9.975732117739030125e-01
9.973887297343738689e-01
9.969587063016578377e-01
9.996485726871858768e-01
1.001045300449570297e+00
9.984473059387817262e-01
9.988009848993534279e-01
9.997076240123157209e-01
9.984118618897075415e-01
1.002022084851881045e+00
9.980018087109251423e-01
1.000412086537985301e+00
1.000657135677644805e+00
1.000881723494679187e+00
1.000423897434000287e+00
1.001541480032049902e+00
1.000515600596778354e+00
1.000692759650399166e+00
1.001691025881088937e+00
1.000134184694120520e+00
9.999447459594146270e-01
9.988875895294494489e-01
9.996967035925781175e-01
1.000363638024866830e+00
9.998178276617997184e-01
1.000649409902956810e+00
9.974622756074427166e-01
9.986102414283983819e-01
9.982807034765823762e-01
1.000210607047439915e+00
1.000947715975050389e+00
9.983207009348591399e-01
1.000170724097880770e+00
9.987642787342110307e-01
9.975425102810185907e-01
1.000276784390689677e+00
9.987207636136757882e-01
9.992471956613377948e-01
9.996651367739968208e-01
9.980745390006632300e-01
9.998476240530896897e-01
9.987326071816950979e-01
