0.000000000000000000e+00
0.000000000000000000e+00
0.000000000000000000e+00
0.000000000000000000e+00
0.000000000000000000e+00
0.000000000000000000e+00
0.000000000000000000e+00
0.000000000000000000e+00
0.000000000000000000e+00
0.000000000000000000e+00
0.000000000000000000e+00
0.000000000000000000e+00
0.000000000000000000e+00
0.000000000000000000e+00
0.000000000000000000e+00
0.000000000000000000e+00
0.000000000000000000e+00
0.000000000000000000e+00
0.000000000000000000e+00
0.000000000000000000e+00
0.000000000000000000e+00
0.000000000000000000e+00
0.000000000000000000e+00
0.000000000000000000e+00
1.146282077006095714e-03
9.848950696023560381e-03
4.740760027062682763e-02
1.488657728583696604e-01
3.595737914256600942e-01
6.796769195765893778e-01
1.047618097425986994e+00
1.283289072005649345e+00
1.372210220367964251e+00
1.311702514663896313e+00
1.161569459543114524e+00
9.977235420308664393e-01
8.467038670326122451e-01
7.300700163229348894e-01
6.668917478740734595e-01
6.277530639214223829e-01
6.267939668895111671e-01
6.456048169384395186e-01
6.874675553440073861e-01
7.375707532889798079e-01
7.659273304001301685e-01
7.895974767705720154e-01
8.075339410232816872e-01
8.413171544017640224e-01
8.827053707230863022e-01
9.231855228496392840e-01
9.784378365345021145e-01
1.027167709928833217e+00
1.071663983761693473e+00
1.109613290584861689e+00
1.148322809984636983e+00
1.179646277460202120e+00
1.180592905799494385e+00
1.172579528606243482e+00
1.154613090006938014e+00
1.141099287701907494e+00
1.108895822843041890e+00
1.085681885790688250e+00
1.059837170485977254e+00
1.037012007835679261e+00
1.015349058882740962e+00
1.004102228095533844e+00
9.860412988978637383e-01
9.717271464592176500e-01
9.678062438720069771e-01
9.595536436485242460e-01
9.557217692075549165e-01
9.543470171821286652e-01
9.633991201583209651e-01
9.758513881862874717e-01
9.768014893947821742e-01
9.871840563676262947e-01
9.930211886350430728e-01
9.979923279644401513e-01
9.967544209633805163e-01
1.004818825191867937e+00
1.007554002191168641e+00
1.012849667846554835e+00
1.010516750296781563e+00
1.011633413192197350e+00
1.011421078677146257e+00
1.003005626491534574e+00
1.004731471959886768e+00
1.003800727742159893e+00
1.002966143383658748e+00
1.001554566939082180e+00
1.001207493677087834e+00
1.002027223408953116e+00
9.927718893302017733e-01
9.945195760973264409e-01
9.928890320094256872e-01
9.941264336702816395e-01
9.998005399035878593e-01
1.001626069350023851e+00
9.991289442787169017e-01
9.984060721526799576e-01
9.974458553470814115e-01
9.961650514046443972e-01
9.949607602823264951e-01
9.969226481283648411e-01
9.973284871892460490e-01
9.945293930795904291e-01
9.930638437305917554e-01
9.886130103440318173e-01
9.933522099409193284e-01
9.969551024218201718e-01
9.923189638019876968e-01
9.954159712299770479e-01
9.969959849462126655e-01
9.902752152515019723e-01
9.925633195926584218e-01
9.982905135203546942e-01
9.968737115507674273e-01
9.997963638105517026e-01
9.997457986430018373e-01
9.988488908407761047e-01
9.976652969851202979e-01
9.980776804207772690e-01
9.992043954229924418e-01
1.001885306803270925e+00
1.001414544108096605e+00
1.002854744858677982e+00
9.997248704633139305e-01
9.981096296596038142e-01
1.000164516438253992e+00
9.990669249760031345e-01
1.000542953299647486e+00
1.002440325792356424e+00
9.963031820966187224e-01
9.994025742653276367e-01
9.963189711803177584e-01
9.994187482063863204e-01
9.974118051843291477e-01
9.962728580837018066e-01
1.000579045087149899e+00
9.992929853708010235e-01
9.992345426986481982e-01
9.981103036024630004e-01
9.975030202504914234e-01
1.001530151931352419e+00
1.000967377856917917e+00
9.971173671550024320e-01
1.001403164962453518e+00
1.001836728533447074e+00
9.987616456353061167e-01
9.995938944218375477e-01
9.992946214704210295e-01
9.982403795496537224e-01
9.992081555394987102e-01
9.979475359605310958e-01
9.936796749919735161e-01
9.993008871880096899e-01
9.983133311648172414e-01
9.954243676485270420e-01
9.987044512540189656e-01
9.968471482223957292e-01
9.961071355726565102e-01
9.988910657692650075e-01
9.996929965256685646e-01
9.986917437578030077e-01
9.995735770943148246e-01
9.955007350417914846e-01
9.983827661960665845e-01
9.975592947469514860e-01
1.000872432417185154e+00
9.994854335644868248e-01
9.990143606426585832e-01
1.000482196992614981e+00
1.001235214827575382e+00
1.000622509213388689e+00
1.003061082025157980e+00
1.001615434553951411e+00
1.001531421293387680e+00
9.989579270496645735e-01
1.002992937497717341e+00
1.002811744610845990e+00
1.002382890382516267e+00
1.001311242906544274e+00
1.000603338341486070e+00
1.001439123333228709e+00
1.001689543981489461e+00
1.001514864174402275e+00
1.002595144469100141e+00
1.001567294075739190e+00
1.001136423161383293e+00
1.003381468061085080e+00
1.002926476020330027e+00
1.002687506095112369e+00
1.000422324516652584e+00
1.000229938865712320e+00
1.000584697129845768e+00
1.001620844089237128e+00
1.002538884891177151e+00
1.000005179148782730e+00
1.000252437759532542e+00
9.978031064142753870e-01
1.001366457040831826e+00
1.002558544958479292e+00
1.000962268778685438e+00
1.000563197338056876e+00
1.000856920943441919e+00
9.996435228150910568e-01
9.996020647802742465e-01
1.001403373224751814e+00
1.001782352850528746e+00
1.000979602325854589e+00
1.002186096676693339e+00
1.002700255763770087e+00
1.000960050110236699e+00
1.000913163244624871e+00
9.982614831877524297e-01
1.000859083358354829e+00
1.000397176689977519e+00
1.000830182608822172e+00
1.003192505562330528e+00
1.001840297030692106e+00
9.998430955113191132e-01
1.000798381145623139e+00
9.995715365720245771e-01
1.000255192066360488e+00
9.989282468036291274e-01
1.000770877202037612e+00
1.000967540072628115e+00
1.000894003086205686e+00
9.993498449577629117e-01
1.002260842794851614e+00
9.993390444681695683e-01
1.000448301355979064e+00
9.999631380176997597e-01
9.997039402814399400e-01
9.997891695849510096e-01
9.994093047256554785e-01
1.000356301472911102e+00
9.995402072310800579e-01
1.000322773744781735e+00
1.000817506491786801e+00
9.997648714936401282e-01
9.999224220364383298e-01
9.986274359900831898e-01
1.000878552072528072e+00
1.001588711348106120e+00
1.000616103040645966e+00
9.995600685515253492e-01
1.000333359255900501e+00
1.000852695251460256e+00
1.000846882012526029e+00
9.992975724680347449e-01
1.000967387689873922e+00
9.992990742823344430e-01
1.001055062794912409e+00
1.001760486531747318e+00
1.001265466719357899e+00
1.000358286050909262e+00
1.001243199473155210e+00
9.980626530501289784e-01
1.001305474165223641e+00
9.994768368800450720e-01
1.001861802940156698e+00
1.001404397393373280e+00
1.002278310958112151e+00
1.000781470738680401e+00
9.998914771925454525e-01
9.994509721145200531e-01
9.994899141975547296e-01
1.000378728557115515e+00
9.997684761939173992e-01
1.000846494340995596e+00
1.000280831022036798e+00
1.000256810895319814e+00
9.997421709526665978e-01
9.986148422094486277e-01
9.982265413789008779e-01
9.988383045901667590e-01
1.000300720310592251e+00
9.994949423863609406e-01
9.990755307773940830e-01
