0.000000000000000000e+00
0.000000000000000000e+00
0.000000000000000000e+00
0.000000000000000000e+00
0.000000000000000000e+00
0.000000000000000000e+00
0.000000000000000000e+00
0.000000000000000000e+00
0.000000000000000000e+00
0.000000000000000000e+00
0.000000000000000000e+00
0.000000000000000000e+00
0.000000000000000000e+00
0.000000000000000000e+00
0.000000000000000000e+00
0.000000000000000000e+00
0.000000000000000000e+00
0.000000000000000000e+00
0.000000000000000000e+00
0.000000000000000000e+00
0.000000000000000000e+00
0.000000000000000000e+00
0.000000000000000000e+00
0.000000000000000000e+00
0.000000000000000000e+00
0.000000000000000000e+00
6.549026952548877179e-05
3.892125105761614495e-03
5.045026923273419200e-02
2.417234216200921104e-01
6.183812727020685518e-01
1.040350475023817944e+00
1.360231167274421393e+00
1.510988043574012174e+00
1.534353311320370006e+00
1.495231886950577849e+00
1.427072771775681925e+00
1.366556238527426803e+00
1.338001847205946948e+00
1.303431650760941807e+00
1.230311195982653372e+00
1.144099296712605129e+00
1.095093529667124033e+00
1.078373043667011144e+00
1.075895857056016203e+00
1.080062674115695120e+00
1.088920894480677415e+00
1.087998364070996926e+00
1.071802269144559672e+00
1.054488474422690336e+00
1.043632300929854262e+00
1.035369539529571892e+00
1.035533675242100937e+00
1.040869725496848863e+00
1.041827966227644398e+00
1.037846018164759299e+00
1.032966668815208378e+00
1.021925353918379020e+00
1.010106550836087136e+00
1.001039848549029498e+00
9.949687355385227194e-01
9.884528898837677824e-01
9.857902485592693331e-01
9.860047768974974369e-01
9.924334287808048716e-01
9.935891667677620998e-01
1.002764875562724978e+00
1.008788015265817295e+00
1.014691365568286097e+00
1.020218228449200959e+00
1.022775535632953980e+00
1.024516123932505796e+00
1.026682245257376502e+00
1.029194895413420685e+00
1.027836970171413178e+00
1.028117902004493711e+00
1.026365802243041525e+00
1.023137851996242631e+00
1.018992885377332680e+00
1.015846666815983568e+00
1.009089137109783429e+00
1.003773183227405941e+00
1.000156187411272768e+00
9.944930640840849989e-01
9.906360702836560783e-01
9.892613510456624848e-01
9.872700997086967245e-01
9.876003284063519239e-01
9.886208452919914569e-01
9.891642439996066738e-01
9.910688481206324507e-01
9.923789759284697976e-01
9.930839346193072181e-01
9.941428357549769723e-01
9.954401426315319101e-01
9.962195334322726525e-01
9.963615598813655438e-01
9.978867045609799424e-01
9.986251424768771701e-01
9.978920009877759734e-01
9.982806167949324072e-01
9.988492516900711049e-01
9.985731593252233917e-01
9.998612388120551309e-01
9.987876949177789676e-01
9.997688327117997265e-01
9.983519037997705681e-01
9.984124592362876305e-01
9.992335207952974807e-01
9.995834302144260830e-01
9.985097214588140035e-01
9.981806735736765690e-01
9.984150679339817147e-01
9.993744239130787355e-01
9.981899889712764207e-01
9.983317522203978278e-01
9.970168302135804517e-01
9.978585459830506821e-01
9.971219020045244408e-01
9.989136403138502152e-01
9.984692073525577305e-01
9.979188127729208269e-01
9.982210509206685956e-01
9.978458958825140446e-01
9.974978654715496162e-01
9.992160189120362634e-01
9.993534345191709134e-01
9.982696988379253789e-01
9.987883102229028198e-01
1.000375958249109187e+00
9.993198246142231955e-01
1.000376078493701693e+00
9.988701856711981186e-01
9.997290708984453156e-01
1.000147603611325708e+00
9.995590303679940947e-01
1.000508026261108130e+00
9.998239344035687592e-01
9.994409638402611540e-01
1.000686568759688866e+00
9.993865968842980951e-01
1.000321382469555598e+00
1.000449792677943650e+00
1.000274777808706883e+00
1.000111746557856840e+00
1.000339657328752629e+00
1.000596220043715734e+00
1.000124139919914557e+00
9.991391033352498008e-01
1.000427390394952987e+00
9.999926301019468333e-01
9.998771707571643130e-01
1.000653285435595619e+00
9.995860269096787931e-01
1.000340002963465258e+00
1.000369471718894676e+00
1.000310869792036650e+00
9.999607907348958546e-01
1.000156890243475205e+00
1.000931653312817637e+00
1.000320136838527940e+00
1.000301443803173873e+00
1.000822102857513496e+00
1.000251677238590764e+00
1.001175963264882229e+00
1.000981000674177057e+00
1.001085984591518541e+00
1.000904399623581131e+00
1.001328900553410506e+00
1.000720368254419901e+00
1.000428015903949364e+00
1.000529294838540917e+00
1.000570265269305370e+00
1.000629958977300893e+00
1.000383907091701330e+00
9.998615613620231990e-01
1.000767341461562543e+00
1.000151115692236026e+00
1.000321317030911761e+00
9.998392897633971987e-01
1.000257160379831145e+00
1.000279816589009219e+00
1.001327896268376927e+00
1.000263750527864870e+00
1.000285125455636193e+00
1.000433035076144117e+00
1.000438110217505949e+00
9.999269410208602160e-01
1.000355218402808610e+00
1.000107020004908920e+00
1.000706873499083382e+00
9.996604391998227257e-01
1.000686834446578022e+00
1.000019881003848088e+00
1.001002519825512804e+00
1.000298958463154086e+00
9.999269646660083888e-01
9.996871913481863992e-01
1.000927198862797685e+00
1.000643396150116882e+00
1.000278544776004086e+00
1.000044528077417061e+00
1.000041848710319758e+00
9.998545885262242194e-01
1.000498910309067346e+00
9.998445742691347560e-01
1.000213165458579745e+00
9.999611044300011908e-01
1.000534131684522432e+00
1.000911821099192078e+00
9.997184046655765988e-01
1.000589586555260535e+00
1.000575450549786360e+00
1.000103577039798797e+00
1.000400613559301544e+00
1.000555730737917814e+00
9.996945476519047968e-01
1.000698355072840773e+00
1.000494755119641699e+00
1.000149258948518582e+00
1.000577829375528527e+00
9.997645853953294193e-01
9.999134809545380254e-01
1.000082303189309130e+00
1.000152889999615269e+00
1.000090291190002700e+00
1.000237817849427557e+00
1.000395321735457754e+00
9.998943305306152718e-01
9.997978674272292032e-01
9.998595731082938753e-01
1.000219984144070429e+00
1.000654424772046358e+00
1.000051178211282199e+00
1.000103607233262304e+00
9.999873210770403587e-01
9.995624683847328384e-01
1.000077532936580527e+00
9.995723266654088501e-01
9.992722127681219479e-01
9.996209419777271066e-01
1.000108072293752537e+00
1.000109897456097352e+00
9.998950749287567330e-01
9.999615293325621046e-01
1.000095223325438765e+00
1.000352142266869970e+00
9.999493178793662507e-01
9.999367485771112340e-01
9.999133119655859714e-01
1.000273531438913066e+00
1.000041485268292840e+00
1.000336693037386260e+00
1.000188774874805064e+00
1.000052766229826418e+00
9.999164235063251471e-01
9.996683464419533482e-01
9.997227637702995606e-01
1.000009707764339284e+00
1.000420412741046539e+00
1.000845593049839222e+00
9.995037572907073953e-01
9.998341659081002586e-01
1.000585389378299883e+00
9.998858675409064700e-01
1.000005978477644275e+00
9.999964794209603713e-01
1.000233886157309904e+00
9.999138176180548676e-01
9.996581040825268660e-01
9.997262223654598268e-01
1.000418444645014171e+00
1.000091504736391412e+00
9.998597278933328836e-01
9.997732555199362325e-01
1.000309736562135843e+00
9.999890613312240051e-01
1.000459947535299099e+00
9.997329392498968126e-01
1.000482682005403356e+00
