0.000000000000000000e+00
0.000000000000000000e+00
0.000000000000000000e+00
0.000000000000000000e+00
0.000000000000000000e+00
0.000000000000000000e+00
0.000000000000000000e+00
0.000000000000000000e+00
0.000000000000000000e+00
0.000000000000000000e+00
0.000000000000000000e+00
0.000000000000000000e+00
0.000000000000000000e+00
0.000000000000000000e+00
0.000000000000000000e+00
0.000000000000000000e+00
0.000000000000000000e+00
0.000000000000000000e+00
0.000000000000000000e+00
0.000000000000000000e+00
0.000000000000000000e+00
0.000000000000000000e+00
0.000000000000000000e+00
0.000000000000000000e+00
0.000000000000000000e+00
0.000000000000000000e+00
2.455682791830511729e-05
3.610560790559379750e-03
4.912975834420733184e-02
2.396690005320099848e-01
6.181634831512361483e-01
1.039720187527668926e+00
1.356140691160538259e+00
1.509900559794249197e+00
1.536115348369675448e+00
1.489735248276343293e+00
1.421117006717226072e+00
1.368880082577818014e+00
1.333144506941329688e+00
1.302546847756102188e+00
1.222982963162188019e+00
1.136721685080921418e+00
1.092361670845015675e+00
1.075747425596132789e+00
1.074968240639708306e+00
1.083841865028344342e+00
1.085922556072584921e+00
1.085974840321041412e+00
1.073524954199920334e+00
1.050607764682127465e+00
1.036242636276383022e+00
1.034408561689503570e+00
1.032294711958567257e+00
1.035535741159107070e+00
1.035792469404765548e+00
1.035457426206617182e+00
1.029748032731358620e+00
1.022451483916705373e+00
1.012123158105239673e+00
9.995413720759784848e-01
9.910293049748674088e-01
9.853832038924483783e-01
9.844507193094660380e-01
9.842796811185544614e-01
9.927095757788726438e-01
9.966589838881285690e-01
1.001616269281684124e+00
1.007329586601296345e+00
1.013226980006346478e+00
1.018459582275640818e+00
1.020826730507173430e+00
1.024633017240724753e+00
1.026255328866729988e+00
1.027542581239587749e+00
1.027974993797356573e+00
1.025524961581395500e+00
1.025384366949529058e+00
1.022273480105729604e+00
1.019588114040661964e+00
1.014370371578766861e+00
1.008621872674090092e+00
1.003700013216026976e+00
9.987223413668564476e-01
9.943039466320304776e-01
9.925914867149693288e-01
9.882172721117969960e-01
9.864726694323083800e-01
9.865353106472729561e-01
9.892044177112293557e-01
9.895040474617717852e-01
9.921355586485763878e-01
9.920802363518689271e-01
9.932802923959259678e-01
9.955800123794175116e-01
9.950272438031227962e-01
9.963171155502600351e-01
9.978383040773506352e-01
9.962666005402963654e-01
9.977305027744275412e-01
9.974271199998866466e-01
9.987909072142046041e-01
9.998049052117062852e-01
9.994320746083321660e-01
1.000081017647233228e+00
9.982342408406078560e-01
9.990914422920834648e-01
9.997263883611243740e-01
9.983690135122536002e-01
9.983727732302642988e-01
9.985761836784986523e-01
9.974255320624989540e-01
9.985414471274356440e-01
9.976855251689568105e-01
9.982183648946911791e-01
9.982178245367665514e-01
9.976194598752322618e-01
9.981101423644885839e-01
9.971962904059360477e-01
9.982094344096879013e-01
9.978776297261796602e-01
9.976683418514593615e-01
9.970039841164268779e-01
9.982610286743779371e-01
9.970418770528798325e-01
9.980313807036057527e-01
9.979163959395385142e-01
9.995089392403702089e-01
9.999857636716972253e-01
9.998567174941327407e-01
9.993134556615496100e-01
9.993624038257603592e-01
1.000643416653591578e+00
9.996821967506972495e-01
1.000154767881117790e+00
9.995481583755128074e-01
1.000290804353803464e+00
1.000178763738116983e+00
9.995728050265669795e-01
1.001163149187503265e+00
1.000783454022302177e+00
1.000387943660406620e+00
1.000266540718894648e+00
1.000286404931391093e+00
1.000666148644896003e+00
1.001061026953758759e+00
9.996266860498602691e-01
1.000834426534774613e+00
1.001094242095208919e+00
9.995328312246567481e-01
1.000091095978609346e+00
1.000540477031710562e+00
1.000693261221393238e+00
1.001472894116372414e+00
1.001170148127133119e+00
1.000634275130035000e+00
1.001036469277273078e+00
1.000006881520907553e+00
1.001273819369886242e+00
1.000449568313662718e+00
1.000928967956411730e+00
1.000168546829494742e+00
9.997037009223100901e-01
1.000300526340887952e+00
1.000443046667499392e+00
1.000003182082762399e+00
1.000908195094829312e+00
1.000433016025212840e+00
1.000014189656038166e+00
1.000903401390211389e+00
1.000567492829062655e+00
1.000433802966794294e+00
9.995991478881129932e-01
1.000642594433758692e+00
1.001237165954882880e+00
9.995817896269660885e-01
1.000518345466514081e+00
1.000387595454068190e+00
1.000828719647907317e+00
9.998468291572147892e-01
1.000584653068585572e+00
1.000330570861464929e+00
1.001562318078587976e+00
1.000763305642355050e+00
1.000118177244185391e+00
1.000232615438888750e+00
1.000514016653244020e+00
1.000725438670521772e+00
1.000655009363353498e+00
1.001274171184244777e+00
9.996996406966811577e-01
1.000257857198758593e+00
9.999838013774715595e-01
1.000497039171521996e+00
1.000270995990081291e+00
1.000640586992863179e+00
9.994441575612572626e-01
1.001000431161344073e+00
1.000540155168834877e+00
1.000583571399953575e+00
9.998904418078755629e-01
1.000307689354581919e+00
1.000309473430767371e+00
1.000705181243374042e+00
1.000471616057917901e+00
1.000030062223161709e+00
1.000490121077030725e+00
1.000366028440621058e+00
1.000573182805440497e+00
9.999782684933528065e-01
1.000863160592162737e+00
1.000011528901454616e+00
1.000586069812024137e+00
9.997302860983224848e-01
1.000464640674853412e+00
1.000259848729456724e+00
1.000391229833289097e+00
1.000946042969825367e+00
1.000419650609511990e+00
1.000392224769959926e+00
1.000298472950124529e+00
1.000567530336134547e+00
1.000438491802715379e+00
1.000058833478308262e+00
1.000502170416375236e+00
1.000417946357461618e+00
9.998838795361085774e-01
1.000024866566113335e+00
1.000647367316379155e+00
1.000230151829760494e+00
9.998513974117021474e-01
9.999845277472028116e-01
1.000028274711663334e+00
1.000746409142118099e+00
1.000315703326395411e+00
1.000254356736230976e+00
9.995358085195018560e-01
9.999348471392633941e-01
1.000455322954696635e+00
9.999081034906962540e-01
1.000256904373470590e+00
9.998488044413398335e-01
1.000734622917206718e+00
9.999814626677563378e-01
1.000248348186099534e+00
1.000063509019198049e+00
1.000384750865823680e+00
9.999513540667058775e-01
1.000062811251110295e+00
1.000087491664604533e+00
1.000521465217588890e+00
1.000007161221162511e+00
9.999361067730623276e-01
1.000078179864569261e+00
9.996391203378003354e-01
1.000107871576650487e+00
1.000346775141992994e+00
9.997997288497282309e-01
1.000187595917083838e+00
1.000211413074172828e+00
1.000052938831698990e+00
1.000558040058508347e+00
1.000279707418751052e+00
9.998756135487083530e-01
1.000066271925041717e+00
9.999506734656796736e-01
1.000318337213221609e+00
1.000242096075917742e+00
1.000613136002046488e+00
1.000426344992112249e+00
9.999589399312825977e-01
9.994919098413197478e-01
1.000151265570257797e+00
9.996782184873388433e-01
1.000290759327828072e+00
1.000019125321792046e+00
1.000256947291045861e+00
1.000107760594061146e+00
1.000471671718711431e+00
1.000103981838826206e+00
1.000459430334671662e+00
