0.000000000000000000e+00
0.000000000000000000e+00
0.000000000000000000e+00
0.000000000000000000e+00
0.000000000000000000e+00
0.000000000000000000e+00
0.000000000000000000e+00
0.000000000000000000e+00
0.000000000000000000e+00
0.000000000000000000e+00
0.000000000000000000e+00
0.000000000000000000e+00
0.000000000000000000e+00
0.000000000000000000e+00
0.000000000000000000e+00
0.000000000000000000e+00
0.000000000000000000e+00
0.000000000000000000e+00
0.000000000000000000e+00
0.000000000000000000e+00
0.000000000000000000e+00
0.000000000000000000e+00
0.000000000000000000e+00
0.000000000000000000e+00
0.000000000000000000e+00
0.000000000000000000e+00
6.549679825854742268e-05
4.219423393101112349e-03
4.957049049944161484e-02
2.413973614095215325e-01
6.158717650676513999e-01
1.037116557095610681e+00
1.351308906843457835e+00
1.506450836140950322e+00
1.534602884012795654e+00
1.491954627137909606e+00
1.423546613930613436e+00
1.366451237472375180e+00
1.335388852019159467e+00
1.306951934330419007e+00
1.228078197142008943e+00
1.142303709107970855e+00
1.095692925504595294e+00
1.075961534698480770e+00
1.076337025923686186e+00
1.083625388803875378e+00
1.088234348853483358e+00
1.087406012714237979e+00
1.074908411422453636e+00
1.050921090303994498e+00
1.038751340796489009e+00
1.032231700253394946e+00
1.035835090190103891e+00
1.036357092604889507e+00
1.039455894146149584e+00
1.035295026908511717e+00
1.030463289825413797e+00
1.022082881261692666e+00
1.010190446866821024e+00
1.000181387052970550e+00
9.926597111726258582e-01
9.876453628950946362e-01
9.866465955736097859e-01
9.853472963376171956e-01
9.890908898774680713e-01
9.953353718188954202e-01
1.002949356599367015e+00
1.007892866859327441e+00
1.015721387661306041e+00
1.019909242967746099e+00
1.024579264913428656e+00
1.026895867379905125e+00
1.027145593013023550e+00
1.029630643300125659e+00
1.027849304498477334e+00
1.027238905039547845e+00
1.024963872576016399e+00
1.021974251874162798e+00
1.018108182230169856e+00
1.013315961363935536e+00
1.010684852893374286e+00
1.005613247526584209e+00
1.000258427541582451e+00
9.958424481984425869e-01
9.927770544494146643e-01
9.876326676610833744e-01
9.887702403884485181e-01
9.886465718901537025e-01
9.896429561951610721e-01
9.903812360607434639e-01
9.923822048656134598e-01
9.916805378141609895e-01
9.954718536921360883e-01
9.951778882149373562e-01
9.964266463736662915e-01
9.967311723771874465e-01
9.989171772315054154e-01
9.981198597506372172e-01
9.976928945409540006e-01
9.992262530634400397e-01
9.994783062966215992e-01
9.999830477008551100e-01
9.996463465999003706e-01
9.990897352839107626e-01
9.993016569871356891e-01
9.987267854203872863e-01
1.000640976069949950e+00
9.994424451050416547e-01
9.971590901149721686e-01
9.988184338101364634e-01
9.981887327063708737e-01
9.989027202026540264e-01
9.995858955062238982e-01
9.990901877623855620e-01
9.977794174215127709e-01
9.981118834057800537e-01
9.982982381146989770e-01
9.979817620317168458e-01
9.973601193749584981e-01
9.978680662471354212e-01
9.984871685721056211e-01
9.987381094799866466e-01
9.982711339423901986e-01
9.987694851530639628e-01
9.985870393871388861e-01
9.974800273514590199e-01
9.987929761832040620e-01
9.989680522274344554e-01
9.980998373593478190e-01
9.997463976977504219e-01
9.994842732623162584e-01
9.999983051961763847e-01
1.001014151105150907e+00
1.000010053765639784e+00
9.995267349015347635e-01
1.001060466283098860e+00
1.000415196108198845e+00
1.000954623798875343e+00
9.996170367255308165e-01
1.000527785304484718e+00
9.999956842161642490e-01
1.000493474739265087e+00
1.000191605201377287e+00
1.000216728293909174e+00
1.000953878355319571e+00
1.001395991540403818e+00
1.000695969604489921e+00
1.001358986080449487e+00
1.000495506715995964e+00
9.995579865591490698e-01
1.000887163370099531e+00
1.000606160844232928e+00
9.997044635262792855e-01
1.000766270085629461e+00
1.000338313200516360e+00
1.000992595547906205e+00
1.000204932100658750e+00
1.000957537491494742e+00
1.000589620660055745e+00
1.001531848852124318e+00
1.000434367801763091e+00
1.000732954077713011e+00
9.999794375304392746e-01
1.000903118979701079e+00
1.000521428122617573e+00
1.000489203754577394e+00
1.001243029968102771e+00
1.000094418317485800e+00
1.000843231956553225e+00
1.000335992864621604e+00
9.998334753875934844e-01
1.001068909813993768e+00
1.000470203499457922e+00
1.000750914846310735e+00
9.999524440744425036e-01
1.000107041531158814e+00
1.000137097305378253e+00
1.001286903516090288e+00
1.001058265212507070e+00
9.998152903889677701e-01
1.000010604563278838e+00
1.000233436542127263e+00
1.000565026533842827e+00
1.000175624886786352e+00
1.000411702189811347e+00
1.000152775938858207e+00
1.000602482537029214e+00
1.000630150101069038e+00
1.000199743550250098e+00
1.000278295812826901e+00
1.000213569173531658e+00
9.999603238914716030e-01
9.995354482274743102e-01
1.000222312403270530e+00
1.000011735985324668e+00
9.998988987933369321e-01
9.998723684170283121e-01
1.000138432277801526e+00
1.000467476985386517e+00
9.998448173744387546e-01
9.996639435916370164e-01
1.000393614186282587e+00
1.000649153973595107e+00
1.000135323627816986e+00
9.998464168098952776e-01
1.000067609662885992e+00
1.000018916386824053e+00
1.000249894179538135e+00
1.000598823581590802e+00
9.999518621381986438e-01
1.000100442363359488e+00
9.995508212419007554e-01
1.000385378974480322e+00
9.996613501204270058e-01
1.000389117191740285e+00
1.000215804364130490e+00
9.999469379545394832e-01
9.997564334415981468e-01
9.996612072040353958e-01
9.999306713238734767e-01
1.000085543608565830e+00
9.999553159374424682e-01
9.998059540074051288e-01
9.998900795120296836e-01
9.997879149527943987e-01
9.995932757278297442e-01
1.000580301502277392e+00
1.000522048307829648e+00
1.000004472340408235e+00
1.000004197469360534e+00
9.998076248802204580e-01
1.000637926730006066e+00
1.000143605620736453e+00
9.999932066839041234e-01
1.000207908552505964e+00
9.997295246711913608e-01
1.000290453537988844e+00
1.000198638232040027e+00
9.995320695356442187e-01
1.000097201451065176e+00
1.000130175304688729e+00
9.997377885932159369e-01
1.000345121375077806e+00
9.999448107383365203e-01
9.998871176911489078e-01
1.000441639496412183e+00
1.000187181241307677e+00
9.998521595777305482e-01
9.996723524562320939e-01
1.000314397270359201e+00
9.998705439168595888e-01
1.000052636213982105e+00
1.000170271156127555e+00
9.998522779590333087e-01
1.000353096140157216e+00
1.000243887360884987e+00
9.997868813222755557e-01
1.000058911196568978e+00
1.000173162030906893e+00
9.998536041119848727e-01
9.999649958415464113e-01
9.997929302994114087e-01
9.996745675837039879e-01
1.000529196281561672e+00
1.000026641524428106e+00
1.000524707156235316e+00
1.000593029784243360e+00
9.999228131268188546e-01
1.000387014487818638e+00
1.000790361788214344e+00
1.000356253740959378e+00
9.996469950506171598e-01
1.000209401314345881e+00
9.999717801412468798e-01
1.000462808484310351e+00
1.000390290737244170e+00
1.000125528649690843e+00
9.997828154569637915e-01
1.000032618614818070e+00
1.000102807903452407e+00
