0.000000000000000000e+00
0.000000000000000000e+00
0.000000000000000000e+00
0.000000000000000000e+00
0.000000000000000000e+00
0.000000000000000000e+00
0.000000000000000000e+00
0.000000000000000000e+00
0.000000000000000000e+00
0.000000000000000000e+00
0.000000000000000000e+00
0.000000000000000000e+00
0.000000000000000000e+00
0.000000000000000000e+00
0.000000000000000000e+00
0.000000000000000000e+00
0.000000000000000000e+00
0.000000000000000000e+00
0.000000000000000000e+00
0.000000000000000000e+00
1.367377779915884313e-05
3.582166496637066710e-02
1.050824449773618108e+00
3.454442534827153466e+00
3.402337373501447715e+00
1.892107296364598179e+00
8.677537545102682603e-01
3.984841825191772768e-01
2.286470882371589852e-01
2.442398276336186780e-01
3.959257157450103981e-01
5.986501133436479272e-01
7.576448116414091771e-01
8.461667627388111956e-01
8.831212531462870885e-01
8.973785341081190747e-01
9.135166370883890385e-01
9.451468595090078972e-01
1.005917885581700366e+00
1.070702729033979672e+00
1.114507997160527619e+00
1.144334239168955270e+00
1.168496287626795915e+00
1.201582565341483555e+00
1.215729031481328715e+00
1.215416905404667069e+00
1.202512232621792299e+00
1.175800391883885077e+00
1.129975250240238482e+00
1.077236537613319944e+00
1.026868593368423843e+00
9.904643858740466156e-01
9.684129579106544039e-01
9.546208406227996157e-01
9.529975259628773454e-01
9.520243824576015701e-01
9.521005378778337747e-01
9.526863733172604709e-01
9.544579582232795012e-01
9.563565717007678213e-01
9.582663219412186351e-01
9.617596800263451540e-01
9.670882598954007037e-01
9.718847532248852117e-01
9.791960632355465322e-01
9.839869145548838514e-01
9.901745245207406176e-01
9.922871482787366526e-01
9.975145990849598743e-01
9.995141093346446848e-01
9.988915286695529971e-01
1.000995770543406937e+00
1.001759956055733758e+00
1.003255950675725261e+00
1.004002084677762863e+00
1.005122742045030604e+00
1.006012468441070951e+00
1.006815655347449434e+00
1.006646357421551174e+00
1.007877460038260287e+00
1.007394294652459887e+00
1.006083497651069525e+00
1.005229337555652691e+00
1.003688710055034017e+00
1.003167355029122465e+00
1.001383392682193785e+00
9.999179787124029550e-01
9.985481061728329610e-01
9.962943071931257277e-01
9.947993747505309292e-01
9.943458006618334233e-01
9.929054350293646802e-01
9.931455464822153134e-01
9.929369255691978813e-01
9.936264831866012948e-01
9.937617210112240640e-01
9.949926118096832361e-01
9.940947620864156731e-01
9.938168485473797276e-01
9.966525062369588905e-01
9.967225079926043119e-01
9.993957640035056045e-01
1.000040210888677006e+00
1.001277550611972877e+00
1.002461971509606364e+00
1.002293219042713179e+00
1.002317845139327535e+00
1.003177220573031381e+00
1.002699653989324702e+00
1.002587421288689606e+00
1.001760496841157533e+00
1.002619143145219383e+00
1.001524822135292148e+00
1.001379108691033304e+00
9.994664561682037318e-01
1.000434450564681610e+00
1.000068314186798979e+00
9.999464143275522687e-01
9.995633852678925679e-01
9.992800768608121054e-01
9.996846519894533323e-01
9.986744514800861561e-01
9.991474135265133727e-01
9.992765177999186621e-01
9.983253592898536644e-01
9.984952299149341126e-01
9.996839600605129661e-01
9.994370647290712339e-01
9.989752774928857271e-01
9.994707713230889246e-01
9.995758086035241297e-01
9.996774002471165987e-01
1.000533707880951750e+00
1.000216107986793945e+00
1.000917878802802363e+00
9.991464711480315675e-01
1.000251057226370310e+00
1.000493954086895121e+00
1.000441301859991805e+00
1.000452133469491356e+00
1.000321991429807822e+00
1.000020229301811447e+00
9.995148849508939115e-01
1.000009402501545797e+00
1.000784310752063755e+00
9.998592333884683825e-01
9.993983143854447970e-01
9.999982624792136399e-01
1.000034838713200536e+00
9.994841283087786410e-01
9.995939325488827354e-01
9.986153615906300240e-01
9.992591794212373202e-01
9.994673280337502685e-01
9.993648618410906348e-01
9.993782158522633852e-01
9.991888870787096755e-01
9.993222951903395490e-01
9.998954544108742404e-01
9.996561595200698092e-01
1.000088825032659168e+00
9.995628439416670563e-01
9.998318134826376102e-01
9.995948079466199232e-01
9.990816081804426707e-01
9.994579340688033442e-01
1.000041558198108582e+00
9.997857556022182735e-01
9.999624347016173864e-01
9.996585541650071516e-01
9.994006397999968261e-01
1.000352298597260159e+00
9.993953707998580738e-01
9.998674116691835811e-01
9.998451264249076376e-01
9.996901239002060624e-01
9.994708358025958805e-01
1.000339739743351997e+00
9.995138321506623624e-01
9.995389509516088289e-01
9.999783805366992961e-01
9.994647226001652784e-01
9.995570468354134652e-01
9.997865981915982081e-01
9.998944602146564442e-01
9.990642358818098145e-01
1.000314676742320108e+00
9.997630377255508627e-01
1.000341598047248981e+00
9.998728548945315930e-01
9.997975019048428447e-01
9.998604739602244829e-01
1.000195059308081502e+00
9.998878652141387491e-01
9.994221224809355375e-01
1.000021330975492173e+00
9.999332114013983475e-01
1.000381825223408017e+00
9.998891127017438540e-01
1.000089439967383198e+00
1.000551075377004828e+00
9.998828619560203856e-01
1.000256163127592357e+00
9.998727668299683957e-01
9.998227678413518227e-01
1.000214644831909805e+00
1.000558862583143860e+00
9.998743293550281797e-01
1.000284034732876748e+00
9.997380463337730561e-01
9.991897519739473266e-01
9.998743760120554214e-01
9.997490213759886446e-01
1.000159574669867935e+00
9.999429078313991637e-01
1.000277772287591738e+00
1.000126897961461481e+00
9.996283879471652423e-01
1.000064453988774860e+00
1.000271442063534577e+00
1.000092088463871765e+00
1.000018228372169915e+00
1.000637689445575074e+00
9.997014601731286643e-01
9.999144761680428539e-01
9.999972575356913529e-01
1.000583350209910183e+00
9.999050750644361552e-01
9.998883763236741107e-01
9.998180676009519319e-01
1.000118033257705541e+00
1.000051097053684002e+00
1.000191738452525403e+00
9.998952922735049320e-01
1.000206806524459147e+00
1.000015036854086548e+00
9.998257282984316374e-01
9.998424771228218155e-01
1.000477133564433130e+00
1.000497962275016306e+00
1.000318550260641759e+00
1.000274636087680413e+00
9.998519731759810680e-01
1.000072179060616406e+00
1.000103190379153961e+00
1.000361709800944299e+00
1.000437265490702776e+00
1.000345377234379995e+00
1.000420020247902997e+00
9.998736981880429475e-01
9.999218598074289810e-01
9.999151520052047548e-01
1.000329143311575741e+00
1.000083761644645630e+00
1.000405037500580185e+00
1.000196726690160354e+00
1.000045373665801929e+00
1.000375886522121061e+00
9.998557085595538574e-01
9.997407891264459279e-01
1.000216025100753914e+00
1.000268723573247254e+00
1.000622856069814492e+00
1.000454496397356063e+00
1.000295932923602527e+00
1.000115404335110370e+00
9.999599095396191073e-01
1.000622966068101860e+00
1.000069930445612432e+00
9.999971874970553509e-01
1.000239169281817553e+00
1.000145899003182182e+00
1.000300940019670515e+00
1.000128543926449787e+00
1.000274896385791035e+00
1.000370473090705037e+00
9.994514884845554503e-01
1.000229946823140592e+00
1.000541939167614691e+00
1.000156560282747575e+00
