0.000000000000000000e+00
0.000000000000000000e+00
0.000000000000000000e+00
0.000000000000000000e+00
0.000000000000000000e+00
0.000000000000000000e+00
0.000000000000000000e+00
0.000000000000000000e+00
0.000000000000000000e+00
0.000000000000000000e+00
0.000000000000000000e+00
0.000000000000000000e+00
0.000000000000000000e+00
0.000000000000000000e+00
0.000000000000000000e+00
0.000000000000000000e+00
0.000000000000000000e+00
0.000000000000000000e+00
0.000000000000000000e+00
0.000000000000000000e+00
2.051836118119582770e-05
3.507027288034401252e-02
1.055681398545133431e+00
3.448493205530269279e+00
3.412846468022864954e+00
1.898214639641872425e+00
8.643462125772429783e-01
3.977480305951674455e-01
2.263334198753323978e-01
2.419862093777645495e-01
3.991242031756001007e-01
5.968873102121677876e-01
7.567097899824190010e-01
8.463740540626347730e-01
8.815880453130725547e-01
8.983584302694470614e-01
9.131364903662637644e-01
9.478379669445459177e-01
1.007439502279485755e+00
1.071535533682237862e+00
1.114549290433335393e+00
1.144701771975460192e+00
1.174220145466210008e+00
1.199426370380177964e+00
1.214379191543086378e+00
1.217658594080898160e+00
1.202472759250576839e+00
1.174975007896573942e+00
1.128600184134213480e+00
1.076047386228842440e+00
1.028824070629528631e+00
9.918829964459328075e-01
9.685228050520896526e-01
9.561741661465144038e-01
9.520774707143858651e-01
9.520744769743104685e-01
9.505908773806149847e-01
9.525698928000879695e-01
9.541994393600330415e-01
9.558156172706777642e-01
9.581930520523735950e-01
9.611384651183777494e-01
9.678013689116881091e-01
9.740481231357522862e-01
9.805729762316232057e-01
9.851882874059076922e-01
9.913033218610387554e-01
9.940670653007321889e-01
9.968883225127845860e-01
1.000105712904652000e+00
1.001524339368393468e+00
1.001531555344445712e+00
1.001335602003204261e+00
1.001820879759325766e+00
1.004214538146369629e+00
1.006082814965894690e+00
1.007514789496928964e+00
1.008568001655731461e+00
1.007384615970492447e+00
1.007687898606280941e+00
1.007702564569602943e+00
1.007033962127471094e+00
1.004707200425341673e+00
1.004079258234469307e+00
1.002513783338170761e+00
1.000489225517842806e+00
9.995569308356948568e-01
9.981510819986167959e-01
9.967924920514638076e-01
9.964541751015021376e-01
9.949933110665611924e-01
9.940395248079472168e-01
9.947045044443122430e-01
9.941877595044471549e-01
9.945033638780188534e-01
9.944478481809488901e-01
9.956298294393487458e-01
9.946028713294992052e-01
9.970033871501884359e-01
9.966024422897571400e-01
9.974698574526438266e-01
9.983581393671554505e-01
1.001049919881348282e+00
1.002576093775320309e+00
1.001615476628250123e+00
1.003062858235425514e+00
1.002910570079633468e+00
1.003197072806102375e+00
1.002574949845779662e+00
1.003454813810816804e+00
1.003109628413064502e+00
1.001706340419831420e+00
1.001721320452435338e+00
1.001613956092386903e+00
1.000947456085424792e+00
1.000627660914735761e+00
1.000528847458816095e+00
9.995515164531806329e-01
1.001063548669857584e+00
9.996382430199228786e-01
9.998648589986077750e-01
9.986685732100355484e-01
9.988044045520513281e-01
9.992938339704797723e-01
9.992789145225922098e-01
9.993765038813581247e-01
9.990085619591012600e-01
9.985930067462573945e-01
9.996797899788409936e-01
9.994408129094253246e-01
9.995942731432733153e-01
1.000527899629265249e+00
1.000042488267374408e+00
1.000101609267780134e+00
1.000217504621427445e+00
1.000015774175145644e+00
1.000664407345936091e+00
1.000282038612929858e+00
1.000782292662440787e+00
1.000037986146669944e+00
1.000700752832706319e+00
1.000351589733583069e+00
1.000258082543970639e+00
1.000351045565991859e+00
1.000327048402152252e+00
9.998649603820417564e-01
1.000059884167134650e+00
1.000472114735214690e+00
9.995943039694153986e-01
9.998136749542231305e-01
9.993435755406581134e-01
9.996257721802050966e-01
1.000093774096787458e+00
9.990716557482423044e-01
9.995335823401362285e-01
1.000052854962879767e+00
1.000125145083695877e+00
9.990837711153877088e-01
9.999165016456157407e-01
9.996430084206147093e-01
9.995379478717818511e-01
1.000092797671428446e+00
1.000007010973237298e+00
9.996651346742646549e-01
9.997859610194796964e-01
9.997916274043706641e-01
1.000720979698806135e+00
1.000550810322471618e+00
9.997922094964374340e-01
1.000201077354787582e+00
9.999129226393446146e-01
1.000330934981263908e+00
9.998412033706671753e-01
9.999653588626048473e-01
9.999631322269009193e-01
1.000123022799659589e+00
1.000136383847443078e+00
1.000473391222226782e+00
1.000755518039928127e+00
1.000072386512383726e+00
9.997404344685900668e-01
9.999280708810874829e-01
9.995765791446927784e-01
1.000030951012720104e+00
1.000229027997556086e+00
1.000089436911268503e+00
1.000186420544766808e+00
9.997256295723883079e-01
1.000183687819290013e+00
9.998005176396128624e-01
9.996792011709068060e-01
9.998263561142807232e-01
1.000397583609159424e+00
9.999044024607376402e-01
1.000072146706049825e+00
9.999671410362477308e-01
9.999419426379111409e-01
9.999729230642527833e-01
9.999310016849806138e-01
1.000262369843009536e+00
1.000283453254435573e+00
1.000084349430563568e+00
1.000094381396751997e+00
1.000063415170516334e+00
1.000377815637083057e+00
1.000027158813260098e+00
9.999216703843211151e-01
9.997754308510777843e-01
9.997490654676616240e-01
1.000544612508438291e+00
1.000203465884052623e+00
1.000049472780250692e+00
9.999931149832719246e-01
1.000347274618859750e+00
1.000486172799644358e+00
1.000583813037760894e+00
9.999950458510404872e-01
1.000120438780111032e+00
9.997413593181150304e-01
9.997372810102934659e-01
9.997601499495937238e-01
9.999646345977900586e-01
1.000311990677645646e+00
1.000734829470999454e+00
1.000685335129450459e+00
1.000274369312873723e+00
1.000352669766772395e+00
1.000271686345691302e+00
1.000161672525965439e+00
9.995084685682884551e-01
1.000225868408420205e+00
1.000276329611472725e+00
1.000501062687245479e+00
1.000312264387641426e+00
1.000259100926273570e+00
1.000288226189530727e+00
1.000127102565099513e+00
1.000054673541358019e+00
1.000104916341185035e+00
1.000195683765574772e+00
1.000305533676134173e+00
1.000151981542990676e+00
9.997916776784981918e-01
1.000043511329354873e+00
1.000376423198118481e+00
9.997967907630930240e-01
1.000313800926901919e+00
9.998702068613030125e-01
1.000093793128535635e+00
9.997720585196964160e-01
1.000314522705338272e+00
9.999387513920326986e-01
1.000272438380604978e+00
1.000141580118446560e+00
1.000004391122462089e+00
1.000191673132655890e+00
9.999096007975850631e-01
1.000468051074969278e+00
1.000120619731845739e+00
9.999936546231013024e-01
1.000223868997825338e+00
9.996782497754904684e-01
1.000065475742599519e+00
1.000240328376426291e+00
9.997441819068018098e-01
9.998619136636475169e-01
9.999987881838331427e-01
1.000169272340273308e+00
1.000134696885903285e+00
9.996895431757562012e-01
1.000166578865931299e+00
1.000146885114516548e+00
9.998261669249802752e-01
1.000043084058122922e+00
9.998378268226878474e-01
9.997821376212041589e-01
9.999337851838713265e-01
1.000045748756663855e+00
1.000136512979591163e+00
1.000171011249783914e+00
