0.000000000000000000e+00
0.000000000000000000e+00
0.000000000000000000e+00
0.000000000000000000e+00
0.000000000000000000e+00
0.000000000000000000e+00
0.000000000000000000e+00
0.000000000000000000e+00
0.000000000000000000e+00
0.000000000000000000e+00
0.000000000000000000e+00
0.000000000000000000e+00
0.000000000000000000e+00
0.000000000000000000e+00
0.000000000000000000e+00
0.000000000000000000e+00
0.000000000000000000e+00
0.000000000000000000e+00
0.000000000000000000e+00
0.000000000000000000e+00
0.000000000000000000e+00
0.000000000000000000e+00
0.000000000000000000e+00
0.000000000000000000e+00
0.000000000000000000e+00
0.000000000000000000e+00
0.000000000000000000e+00
0.000000000000000000e+00
0.000000000000000000e+00
0.000000000000000000e+00
5.613711789508181015e-04
5.964702346361980441e-03
5.454996149253438925e-02
2.537633370259415599e-01
6.117679320050030123e-01
1.011235769855169719e+00
1.318918153515120206e+00
1.516652748633532166e+00
1.563968364615527795e+00
1.591220937831131943e+00
1.595123485442633271e+00
1.558397610234497632e+00
1.536139346905343261e+00
1.476998687690246781e+00
1.420419890421313003e+00
1.355729413586826526e+00
1.324454667611708381e+00
1.288951738873629571e+00
1.265951430989908033e+00
1.275354497214394867e+00
1.259067898990640533e+00
1.257709008260071482e+00
1.221875298782572061e+00
1.155338888270684761e+00
1.106532667988203711e+00
1.058088427427672729e+00
1.024456504787382150e+00
1.021831318395238775e+00
1.023210925277963756e+00
1.016447078413766247e+00
1.000436017153937929e+00
1.014975648537988384e+00
1.006644021466099881e+00
1.015123909539598301e+00
1.012387995651240047e+00
1.004881233667084706e+00
1.012244915983412819e+00
1.007424873466260085e+00
1.026345444671842966e+00
1.017602415944489413e+00
1.028658177218328529e+00
1.034172697592294021e+00
1.040285336795591764e+00
1.035662905369248321e+00
1.053526459163878659e+00
1.051304491483741721e+00
1.041698706461987145e+00
1.055915344103762976e+00
1.055796488937497779e+00
1.050942398889575857e+00
1.052664421331231948e+00
1.054850898851831031e+00
1.038079167717874896e+00
1.040304994457814658e+00
1.025385668202831058e+00
1.021734751997652957e+00
1.025004076902647387e+00
1.012669117181691947e+00
1.011851294315649463e+00
9.937566830845705468e-01
9.992935053339007112e-01
9.971993609818642357e-01
1.002632158428465869e+00
1.001970227743037345e+00
9.982655053036780801e-01
1.010491026148599536e+00
1.003453289856551800e+00
1.007422937554740772e+00
1.009841125516012905e+00
1.019432275368836072e+00
1.014637743395402802e+00
1.012131432687066512e+00
1.023000519806361197e+00
1.012379920219695029e+00
1.012211044167178109e+00
1.010771770159953675e+00
1.016789958650933690e+00
1.018840102072283260e+00
1.011355504075039047e+00
1.008590158569403483e+00
1.005345342554066379e+00
1.004910727554658934e+00
1.009779595114280060e+00
1.005767470684064913e+00
1.001355770890016705e+00
1.005349420164447505e+00
1.004159202731738532e+00
1.006671686702756308e+00
9.997454844062692025e-01
1.008366986615048866e+00
1.004504631011589710e+00
9.996770867632644997e-01
1.002169640615030888e+00
1.005694812883443090e+00
1.008056913724759029e+00
1.008801548330048314e+00
1.004947280318071900e+00
1.004087835755468561e+00
1.004893979149977357e+00
9.990572681109931574e-01
1.003727847916568994e+00
1.003037217718109719e+00
1.008609127882357903e+00
9.999047013023762975e-01
1.004184059768806092e+00
1.004587658538403927e+00
1.005338849101059084e+00
1.004995167983121496e+00
1.010519098507418390e+00
1.007990163065501710e+00
1.010157502602943236e+00
1.011493615707757421e+00
1.003013877580670732e+00
1.007200261592818391e+00
1.006064269571845138e+00
1.007306532241116992e+00
1.006085186138141907e+00
1.001027452166845411e+00
9.976088948977234194e-01
1.003710117660342460e+00
1.008631643360668795e+00
1.003453282797695856e+00
1.005038138576976881e+00
1.009355958026951994e+00
1.002852175214218322e+00
1.004099185349539347e+00
1.004926896986120699e+00
1.000164730524458978e+00
1.010008358418231111e+00
1.002693564148058769e+00
1.005828530711705193e+00
1.005358470420612882e+00
1.001026403914005991e+00
1.003979417845733302e+00
1.002733876061999707e+00
1.002067906190513780e+00
1.005691086273610146e+00
1.006848336579424297e+00
1.006901789103712419e+00
1.004496506425065050e+00
1.004707161236805257e+00
1.010870010697061394e+00
1.006028789932152279e+00
1.003273163343288088e+00
1.001417746080668802e+00
9.987084871519447127e-01
1.007832103689564995e+00
1.002199505964637360e+00
1.002016758991233658e+00
1.003331936637547495e+00
1.003995489808096275e+00
1.000694070888658915e+00
1.006875589649683711e+00
1.006561008270256741e+00
1.002747132312491907e+00
1.004865871833734214e+00
1.004424151460585390e+00
1.001944036607424815e+00
1.004614053136908547e+00
1.000157236730983223e+00
1.002612598608186634e+00
1.000708855331677194e+00
1.002722608037664331e+00
1.003651047518973494e+00
1.000968650308778018e+00
1.000556785700085216e+00
1.000466632993375571e+00
1.003165502718060820e+00
1.001336722669613044e+00
9.999315099761588721e-01
9.997343054173674082e-01
1.004199559468241576e+00
9.998759858573185166e-01
1.002651003856158685e+00
1.001169637038275440e+00
9.997437514945443082e-01
9.998579784958659955e-01
9.972873721770556532e-01
9.993252045869676081e-01
1.001699217310001666e+00
1.000407891063068266e+00
9.989754984049554754e-01
1.003084918451159213e+00
9.989961159568083726e-01
9.958251574121234073e-01
9.994136752585961458e-01
9.973447242677472291e-01
9.990250854399680414e-01
1.002394184123078569e+00
9.995975283484501706e-01
9.999110115102344265e-01
9.994932781222046758e-01
9.970523214595851114e-01
9.992152291673406239e-01
9.989064336608199923e-01
9.978482863412524440e-01
1.004421876297334482e+00
9.971147426234183708e-01
9.984123686943273679e-01
9.991504756478675198e-01
9.992320450389453601e-01
1.000480064280222958e+00
9.982334342762785306e-01
9.976264948416897482e-01
9.978989942713644146e-01
9.998008224523449172e-01
1.001018601986594536e+00
1.000649654967020741e+00
1.000545493052354740e+00
9.978527244053143619e-01
9.991399691342369715e-01
9.971718855138778093e-01
1.000338427985191014e+00
9.987627906979820169e-01
9.978724951206531246e-01
9.971946085111527136e-01
1.000228021607271423e+00
1.000309581303724826e+00
9.984094218045355129e-01
1.002604049894396443e+00
9.986656746006095098e-01
1.002004835582474662e+00
9.979639478564341637e-01
9.954183775481248997e-01
9.985477308698924581e-01
9.974002002738955319e-01
9.991428528948479437e-01
9.994578908936494477e-01
9.975706089839317947e-01
1.000969388273402094e+00
9.989096452152022021e-01
9.986621334279561779e-01
9.973308161223972679e-01
9.977134163410582568e-01
9.985394978805539612e-01
1.000401622904837806e+00
9.960013828765149624e-01
9.965167660224504287e-01
9.976754086526875565e-01
9.967448922166243230e-01
9.997074998176563865e-01
9.967896795533581766e-01
1.000745090334653309e+00
1.001520798390035605e+00
9.987029956477768700e-01
9.965441506448230458e-01
9.964328872629959477e-01
9.965030654322255543e-01
9.946589324327305137e-01
9.984224181768329709e-01
9.966198208266718872e-01
9.962126240706591362e-01
9.962726531082605197e-01
9.947431860527506942e-01
9.961894422715366071e-01
9.983791630849002674e-01
9.948322332418400027e-01
9.963651920936898998e-01
9.985202440460283491e-01
9.978404778654149654e-01
9.943388065183430546e-01
9.981838649920252715e-01
9.964552394337239383e-01
9.943813786157533752e-01
9.984909033527630262e-01
9.967883398836215880e-01
9.960959128127545581e-01
9.958662569994751745e-01
9.945036534938486161e-01
9.940375295271617340e-01
9.977120642755901159e-01
9.984146765589024808e-01
9.952032794849202668e-01
9.950458244294609900e-01
9.963822761631740965e-01
9.974672926980041598e-01
9.961912803527684934e-01
9.985340218079333807e-01
9.986725559096502058e-01
9.964731119813585725e-01
9.978673453003970018e-01
9.953424880210162140e-01
9.977406722703148212e-01
9.970786140314039647e-01
9.966511956388535154e-01
9.967040964683885340e-01
9.928348916738428676e-01
9.966276978161145994e-01
9.984416109182981947e-01
9.951636448941226787e-01
9.980997788297952811e-01
9.982281278504279154e-01
9.946733854704024047e-01
9.978190113046063736e-01
9.985032088842621389e-01
9.948831755381266628e-01
9.980234081008449998e-01
9.978557303337796114e-01
9.952582018184600310e-01
9.959544417518484405e-01
9.982879350822896347e-01
9.974480490681446598e-01
9.950775066306614125e-01
9.980094271388533222e-01
9.948922085068833132e-01
9.974920943309408816e-01
9.969240912995749326e-01
9.975801934727890341e-01
9.975441707590112506e-01
9.955866667422069716e-01
9.957896066915191691e-01
9.954058561787787474e-01
9.945540026143032675e-01
9.979001093879282802e-01
9.959627713846079811e-01
9.967830760586836591e-01
9.958736128403574694e-01
9.970282925604676549e-01
9.950658365542595085e-01
9.962064219307443791e-01
9.955663118774293885e-01
9.977593386724675772e-01
9.896349011359587555e-01
9.798741523108500662e-01
9.726027669343291215e-01
9.651399852248788713e-01
9.533937507913720077e-01
9.472897726395496099e-01
9.371320320364272538e-01
9.287293123417298402e-01
9.215345101726950539e-01
9.158277226166990914e-01
9.053369143367218097e-01
8.962373824940734757e-01
8.890531274271852302e-01
8.804197175982472201e-01
8.738656644285450747e-01
8.639011174360139433e-01
8.574482790788727771e-01
8.500350300438680451e-01
8.427970129314507064e-01
8.335419498821061701e-01
8.283047350713548251e-01
8.196273964966153125e-01
8.109501221316789410e-01
8.049463186156191608e-01
7.984335277823522148e-01
7.907298708041941016e-01
7.820173053356006543e-01
7.753388421763039995e-01
7.685020522835441792e-01
7.630790193375487362e-01
7.537957319338610684e-01
7.473579400189060973e-01
7.400607130053986626e-01
7.338739673867895608e-01
7.262111128464182608e-01
7.192273128760886536e-01
7.102387850216187459e-01
7.048408695334316132e-01
6.970103830510029352e-01
6.913336679440341692e-01
6.839925649793400231e-01
6.766968241095099312e-01
6.691473742287363802e-01
6.636220886623620530e-01
6.567985431074052638e-01
6.492639332584131395e-01
6.422920923739109389e-01
6.363678907549802366e-01
6.296134859802909878e-01
6.233374071368118496e-01
6.189813057247919303e-01
6.098084104849601506e-01
6.042243329617222880e-01
5.989334791634923771e-01
5.929098069016822681e-01
5.857784862079778998e-01
5.793837344803712819e-01
5.729146154776230127e-01
5.668755605519852914e-01
5.604432110726867977e-01
5.553187752224139073e-01
5.468844929836601532e-01
5.428283286213090308e-01
5.355326299723243144e-01
5.288817085712408383e-01
5.236166172905382110e-01
5.184474366657997324e-01
5.119910025788885211e-01
5.046645764703349135e-01
4.999230578894188204e-01
4.930664053868336061e-01
4.886333545504140674e-01
4.816194508093588622e-01
4.762515896510987057e-01
4.709382878309414378e-01
4.654293844800716506e-01
4.603668251419446578e-01
4.547187426325864368e-01
4.494788153554235555e-01
4.429978490873605068e-01
4.373965195630766800e-01
4.326211857646281023e-01
4.272709970637473265e-01
4.217092390321455220e-01
4.152445807777760955e-01
4.112911611609137985e-01
4.053558924679552256e-01
3.996704015650514585e-01
3.954713645406021660e-01
3.893699605416402476e-01
3.848657183528436110e-01
3.778685517163916097e-01
3.728035972977666312e-01
3.690512450097074848e-01
3.624313824591162692e-01
3.571387595124349557e-01
3.524115500612609586e-01
3.464769451871860251e-01
3.414930328396786896e-01
3.367488057423277947e-01
3.308596316917247204e-01
3.265884291686182439e-01
3.209382781399548468e-01
3.167005233885680782e-01
3.110056214978811906e-01
3.063937725005244639e-01
3.020460574503590068e-01
2.963117900312469688e-01
2.918205290525944240e-01
2.865904949135365531e-01
2.813150204111991570e-01
2.766536464074954571e-01
2.719514975243505495e-01
2.672333296117064272e-01
2.610779632614105839e-01
2.575519368153915134e-01
2.525514030780957597e-01
2.468139646638225493e-01
2.425156989378552674e-01
2.377825762228902018e-01
2.337680420337337195e-01
2.287774004134496830e-01
2.239890817573814419e-01
2.196778525858045783e-01
2.142277089740888263e-01
2.100344798364764121e-01
2.054554528276837655e-01
2.010816049139255712e-01
1.962401755633572664e-01
1.917518110869825543e-01
1.870192624623070454e-01
1.823926965450465287e-01
1.786192148069691010e-01
1.736292834626167736e-01
1.693893517176740526e-01
1.649373188970447435e-01
1.603532233589755884e-01
1.556206300785648033e-01
1.518746013639351855e-01
1.478039039554556455e-01
1.426410332601325825e-01
1.390312995129960594e-01
1.343724249845243968e-01
1.301945669660642402e-01
1.259461378708793822e-01
1.213186083676311144e-01
1.174844503653694611e-01
1.143009855370508282e-01
1.109140530370459204e-01
1.070112141711529741e-01
1.040389391685279247e-01
1.013476093625224478e-01
9.798869312263715214e-02
9.545058885989209096e-02
9.234069197043705268e-02
8.953166836617590385e-02
8.688673730548157614e-02
8.461796218908294864e-02
8.197950833129025172e-02
7.987736287028265880e-02
7.741783027655933791e-02
7.486327488318279821e-02
7.254368580101286379e-02
7.096343870519307429e-02
6.864702957483292955e-02
6.673150714307024556e-02
6.435040652982594589e-02
6.281537710697103483e-02
6.075767557399769370e-02
5.917936400536174396e-02
5.756421575928034884e-02
5.545722419657938412e-02
5.378922019093562018e-02
5.202443834388260219e-02
5.026952324409148659e-02
4.898612088272521342e-02
4.753256070760018825e-02
4.586360660555272029e-02
4.420379395014027019e-02
4.331351431576725003e-02
4.138958463899838902e-02
4.016847278469566629e-02
3.865213177142791390e-02
3.729738325395026005e-02
3.620587796929822938e-02
3.492217519672136117e-02
3.374200233354834183e-02
3.252965972235771080e-02
3.111986721589721228e-02
3.001770318406138394e-02
2.957825695993714088e-02
2.802739087044614497e-02
2.708075994399238365e-02
2.622511991606571793e-02
2.505321704711365935e-02
2.401397654751225713e-02
2.316557261747332133e-02
2.233067489473715764e-02
2.140345419681749170e-02
2.067454933893596997e-02
1.950651354045753599e-02
1.880364147910150441e-02
1.816459230762769092e-02
1.748996366079383358e-02
1.662725174311097467e-02
1.590447918872948604e-02
1.511533364249707627e-02
1.451635448774941071e-02
1.367385126282211726e-02
1.315695515717463238e-02
1.249674108670438023e-02
1.195516273219791870e-02
1.136598695029750715e-02
1.068182303404480345e-02
1.023838481223645312e-02
9.616918921844040680e-03
9.085942443250302411e-03
8.734153217748561945e-03
8.251587510754280347e-03
7.801658418741289416e-03
7.325075495308156805e-03
6.989913114945537839e-03
6.401221144398798815e-03
5.941674039158808228e-03
5.716795491253775716e-03
5.296124811470778737e-03
4.965717791323437033e-03
4.584681649623969374e-03
4.201073245089725905e-03
3.996662540852130227e-03
3.664336249264932722e-03
3.409425485148771199e-03
3.048718351424773571e-03
2.894091059622157583e-03
2.599805550685755848e-03
2.314566430449443123e-03
2.090563292777866330e-03
1.920164938152447032e-03
1.651554966209929079e-03
1.515113384080608036e-03
1.318091632929036623e-03
1.190097032556687367e-03
1.010250976975998012e-03
9.101511772301035252e-04
8.068022430628846164e-04
6.105143091098150449e-04
5.326593842074741009e-04
4.378823034073721495e-04
3.591817406270059881e-04
2.603114916353470656e-04
1.923081143491397788e-04
1.333573614311208625e-04
9.385144328737779940e-05
5.697971746115329078e-05
3.218211948619354058e-05
1.226445133842714891e-05
2.350802698151868613e-06
0.000000000000000000e+00
0.000000000000000000e+00
0.000000000000000000e+00
0.000000000000000000e+00
0.000000000000000000e+00
0.000000000000000000e+00
0.000000000000000000e+00
0.000000000000000000e+00
0.000000000000000000e+00
0.000000000000000000e+00
0.000000000000000000e+00
0.000000000000000000e+00
0.000000000000000000e+00
0.000000000000000000e+00
0.000000000000000000e+00
0.000000000000000000e+00
0.000000000000000000e+00
0.000000000000000000e+00
0.000000000000000000e+00
0.000000000000000000e+00
0.000000000000000000e+00
0.000000000000000000e+00
0.000000000000000000e+00
0.000000000000000000e+00
0.000000000000000000e+00
0.000000000000000000e+00
0.000000000000000000e+00
0.000000000000000000e+00
0.000000000000000000e+00
0.000000000000000000e+00
0.000000000000000000e+00
0.000000000000000000e+00
0.000000000000000000e+00
0.000000000000000000e+00
0.000000000000000000e+00
0.000000000000000000e+00
0.000000000000000000e+00
0.000000000000000000e+00
0.000000000000000000e+00
0.000000000000000000e+00
0.000000000000000000e+00
