0.000000000000000000e+00
0.000000000000000000e+00
0.000000000000000000e+00
0.000000000000000000e+00
0.000000000000000000e+00
0.000000000000000000e+00
0.000000000000000000e+00
0.000000000000000000e+00
0.000000000000000000e+00
0.000000000000000000e+00
0.000000000000000000e+00
0.000000000000000000e+00
0.000000000000000000e+00
0.000000000000000000e+00
0.000000000000000000e+00
0.000000000000000000e+00
0.000000000000000000e+00
0.000000000000000000e+00
0.000000000000000000e+00
0.000000000000000000e+00
0.000000000000000000e+00
1.855566878467034475e-03
2.643303657772059778e-01
2.141082948867282898e+00
3.590020632114128585e+00
2.608291033611094267e+00
1.314742119267883869e+00
6.101627920661191196e-01
3.265816945743763577e-01
2.826997003034880107e-01
4.078433743321473459e-01
5.899853068745672946e-01
7.388769339712044637e-01
8.194314847522492506e-01
8.461503921016053642e-01
8.476225862025091873e-01
8.603581828206009474e-01
8.856646466743652857e-01
9.409885412790911507e-01
1.005941902815111533e+00
1.054641272277061059e+00
1.084786515366779280e+00
1.124270108264761259e+00
1.160011357452601644e+00
1.187672878827011891e+00
1.201409080433789356e+00
1.200462763269086963e+00
1.186510033500865813e+00
1.152065619350810755e+00
1.101460013303553920e+00
1.057550795314194270e+00
1.015049059629145045e+00
9.854738770981940066e-01
9.692472853615980988e-01
9.632287905936608441e-01
9.600716742167610951e-01
9.619256675386926858e-01
9.614370443497706198e-01
9.674994144133907126e-01
9.631818162990044563e-01
9.673339915715680748e-01
9.685525992128357631e-01
9.709480001462960086e-01
9.746924282160781550e-01
9.789769266972201400e-01
9.855672794161699501e-01
9.877861080284485729e-01
9.930027002793522239e-01
9.945340662502207829e-01
9.974311960581040415e-01
9.977290662713770297e-01
9.993089048244382377e-01
1.002209910478649713e+00
1.000174168526364316e+00
1.003135809361171971e+00
1.002453694016510743e+00
1.003306217320935723e+00
1.003960983021859432e+00
1.006037568658178394e+00
1.007750242680794051e+00
1.008731406810750686e+00
1.009092888729899773e+00
1.009042780895004654e+00
1.008130606074608027e+00
1.007294036187681208e+00
1.004694401997663133e+00
1.004951250333871116e+00
1.000729103587225666e+00
9.990229079506293131e-01
9.975695051182607020e-01
9.957878590057944734e-01
9.937823913495942296e-01
9.941282077230765291e-01
9.947628222196193137e-01
9.947881848870118171e-01
9.928025541966567502e-01
9.948505105735778731e-01
9.943816011945638689e-01
9.957093504567520181e-01
9.972831624985241117e-01
9.977941055152255156e-01
9.974857612379357530e-01
9.996351007466666161e-01
9.996345386906612118e-01
1.000114647992943695e+00
1.001303515342859329e+00
1.002743854321277217e+00
1.001862305781904050e+00
1.001477638347432642e+00
1.002536599975426101e+00
1.001830178673668970e+00
1.001460642311126525e+00
1.001647846090869542e+00
1.001548585633723398e+00
1.000208626653833477e+00
1.000714663183634334e+00
1.000645615938524635e+00
1.000035658707642661e+00
9.990265310247165020e-01
1.000322772161728491e+00
9.992989263050215953e-01
9.994550228514675894e-01
1.000036457885612240e+00
1.000004665030365558e+00
1.000444488271368781e+00
9.991940823723843845e-01
9.995829663458332126e-01
9.992233177932812183e-01
1.000402609023903544e+00
1.000340211659376033e+00
9.998592519881734919e-01
9.999405047667908608e-01
9.998021984917903060e-01
9.990807914727646288e-01
9.993625634949006020e-01
1.000982309300618045e+00
1.000815095831434576e+00
1.000417132025174682e+00
1.000123271743479147e+00
1.000896444880185587e+00
1.000543625093792022e+00
1.000284692917682738e+00
1.000832370975363483e+00
1.000364359547854409e+00
1.000997274435430962e+00
1.000513762305136556e+00
1.000230905600582920e+00
1.000225529473035113e+00
1.000224277701954767e+00
1.000346070115553765e+00
1.000600613830077590e+00
1.000087958047064296e+00
1.000644937891363329e+00
9.998442178417328297e-01
1.000319378394796788e+00
1.000331887983776369e+00
1.000539363350843924e+00
1.000549761540918459e+00
1.000046308736567191e+00
9.997241854259039107e-01
1.000570798367488301e+00
1.000989167244091593e+00
1.000987573073348402e+00
1.000177711498887678e+00
1.000528107591230231e+00
1.000023478754878514e+00
1.000827012833991558e+00
1.000375949038860179e+00
1.000638579865550604e+00
1.000789123119254276e+00
1.000759911614869102e+00
9.997456113299195701e-01
1.000410438869205443e+00
1.000158882990415554e+00
9.999966196916196814e-01
1.000035871429850065e+00
1.000204551973342459e+00
9.998536910001849520e-01
1.000495332156018380e+00
1.000391760545499498e+00
1.001413209371047941e+00
1.000949768200001699e+00
1.000867291515403323e+00
1.000737346470968125e+00
1.000505673507275928e+00
1.000843246118601648e+00
9.995555848210931904e-01
1.000932024786958197e+00
9.998653284870152591e-01
9.999683392921919767e-01
1.000074399061104735e+00
9.997181523634312006e-01
1.000403296167950318e+00
1.000383503661710360e+00
1.000466097676984356e+00
1.000581923224010517e+00
1.000273564264969828e+00
9.996681164805468756e-01
1.000451072794942275e+00
1.000217093688475112e+00
1.000638482557630882e+00
9.995368268765002506e-01
9.997249701080708206e-01
1.000229994502790376e+00
1.000659442391974574e+00
9.999297541787304233e-01
1.000592883480791784e+00
1.000453567869737270e+00
1.000042449965445446e+00
1.000810684216156154e+00
1.000339426223019634e+00
1.000629569442980094e+00
1.000594159695796792e+00
1.000472908538539318e+00
9.998315452134040049e-01
9.999805236263569208e-01
1.000060880821849185e+00
9.996895866887023363e-01
9.996841118181352126e-01
1.000074740727610934e+00
1.000507380487722253e+00
9.996704421597994994e-01
9.999899278543523673e-01
1.000179069252193242e+00
1.000384700094745671e+00
1.000179814797126809e+00
9.998542159521481842e-01
1.000195734567832506e+00
1.000270891960042707e+00
1.000074838646768605e+00
1.000445349077258461e+00
1.000390854078341940e+00
1.000333336374042759e+00
1.000045993333239069e+00
1.000056372922892622e+00
9.999090284836240627e-01
1.000563397386800224e+00
9.999544371771653672e-01
1.000140793718137466e+00
9.999695545037354805e-01
1.000230998485305722e+00
1.000045552573919139e+00
1.000283445635775204e+00
9.998527947547886097e-01
1.000307854900864379e+00
1.000109231503411023e+00
9.998758028624061822e-01
1.000157833493313442e+00
9.999987818443110132e-01
9.999102408798107300e-01
9.996853346040288635e-01
9.999941539058649909e-01
1.000037129806844671e+00
1.000077546033335318e+00
1.000070360835111360e+00
1.000399973201192338e+00
1.000015816686516512e+00
1.000306613408317391e+00
1.000691121778936044e+00
1.000385251228524286e+00
1.000221265070831089e+00
1.000099921941153713e+00
1.000101279996665982e+00
1.000198753600619384e+00
9.999904080920113403e-01
9.997922596272794671e-01
9.999978774119124836e-01
9.999714174248519605e-01
1.000275069663489003e+00
1.000647807449197346e+00
1.000169842607895543e+00
1.000484057068520505e+00
1.000087463783619679e+00
9.999442653286005900e-01
1.000268896461426582e+00
1.000402524764608225e+00
1.000522178648639349e+00
1.000218721694639656e+00
9.998844281120552457e-01
9.999920859456088440e-01
