0.000000000000000000e+00
0.000000000000000000e+00
0.000000000000000000e+00
0.000000000000000000e+00
0.000000000000000000e+00
0.000000000000000000e+00
0.000000000000000000e+00
0.000000000000000000e+00
0.000000000000000000e+00
0.000000000000000000e+00
0.000000000000000000e+00
0.000000000000000000e+00
0.000000000000000000e+00
0.000000000000000000e+00
0.000000000000000000e+00
0.000000000000000000e+00
0.000000000000000000e+00
0.000000000000000000e+00
0.000000000000000000e+00
0.000000000000000000e+00
0.000000000000000000e+00
1.575007226645709808e-03
2.668741964586257009e-01
2.139945408375330427e+00
3.585311798707647046e+00
2.602157444944706910e+00
1.314249705024909565e+00
6.106092054518025281e-01
3.258580818167610138e-01
2.835240012794179587e-01
4.082311420529635693e-01
5.894134416243003161e-01
7.374211136125964350e-01
8.199212203061196913e-01
8.437239778136561563e-01
8.510599719129100516e-01
8.586515060506978436e-01
8.859807671361912274e-01
9.386229714603306906e-01
1.008262201060692531e+00
1.051732936131002161e+00
1.085085010072629697e+00
1.121373608679392619e+00
1.158433978267957354e+00
1.187585506664494694e+00
1.202455025357949125e+00
1.203774332013321846e+00
1.186277341985243039e+00
1.149727465995295850e+00
1.102046967397346755e+00
1.056283432873676764e+00
1.015330908273183175e+00
9.846961598739808474e-01
9.693176210266568615e-01
9.611064235077442230e-01
9.603640029851957527e-01
9.611034877019225542e-01
9.610958730868949251e-01
9.645661176218106592e-01
9.632950558991122403e-01
9.645597899954626575e-01
9.659107126248905884e-01
9.711290749172279968e-01
9.716980595449824509e-01
9.786989386330169349e-01
9.842246436223996975e-01
9.881280706686376147e-01
9.926640244953819359e-01
9.961172119732620844e-01
9.974225075751836922e-01
9.996822892813121975e-01
9.989353472233276632e-01
9.993927313391166578e-01
9.993417032861110494e-01
9.998184687909251744e-01
1.001953128805643578e+00
1.003127509272299545e+00
1.005263918292169434e+00
1.003611765031343861e+00
1.006273660692313499e+00
1.007588327640755343e+00
1.006935579139822012e+00
1.008762327305148254e+00
1.006602931638147735e+00
1.004804736938835097e+00
1.004472078880112473e+00
1.002451507750554915e+00
9.993355438700550764e-01
9.987474301060852433e-01
9.981282006275498109e-01
9.960900155202183637e-01
9.947182681114850045e-01
9.930347600471838287e-01
9.928726803213904217e-01
9.931670299604756780e-01
9.932469893541602257e-01
9.941569953324245201e-01
9.928235898345386667e-01
9.949886313460921672e-01
9.959538876025136878e-01
9.961112836730309228e-01
9.979300201126111158e-01
9.987281051239720320e-01
9.991939351365577426e-01
1.000577738768706038e+00
9.995520263064783251e-01
1.001116726702035997e+00
1.001952555884988660e+00
1.000210835417808752e+00
1.001119482575236308e+00
1.001309910647333989e+00
1.001460064749062795e+00
9.998519038548715487e-01
9.997933460510166626e-01
1.000918588694866163e+00
9.998756602156042561e-01
9.992432254954478621e-01
9.995198018506199489e-01
9.991935568053869066e-01
9.995499651132846441e-01
9.991171343529590132e-01
9.996553517774796616e-01
9.987628581587500998e-01
9.985152080854027279e-01
9.998370193699651631e-01
9.987305260950013475e-01
9.994626321540636127e-01
9.991052345146930191e-01
9.990793597130548376e-01
9.994010278441859407e-01
1.000336433042431805e+00
9.993464620919823016e-01
9.990594101571808050e-01
1.000208926248587593e+00
9.988189164011672672e-01
9.984945758870167332e-01
1.000807068975034353e+00
9.986998502519630616e-01
1.000202331002214784e+00
9.998025063808583246e-01
9.994375556721414311e-01
1.000063196847705616e+00
9.997151550791644192e-01
1.000185843730804214e+00
1.000320509921607481e+00
1.000115235733700203e+00
1.000383316011689505e+00
1.000326388720518045e+00
1.000139270616454468e+00
1.001339355221648519e+00
1.000227500807999270e+00
1.000752787283833989e+00
9.993655261739378126e-01
9.991443900167032988e-01
9.998419185714513269e-01
9.997224038369130206e-01
1.000519247616731278e+00
9.995807410764964152e-01
9.994137729319944041e-01
9.999993377112016413e-01
9.996708939361943491e-01
9.991585154017447179e-01
1.000222969425146990e+00
9.990258561386919922e-01
9.997392571289067664e-01
9.997816180339834657e-01
9.997410268018089852e-01
1.000002887752501568e+00
1.000096741691839153e+00
9.993021901570261489e-01
1.000044997761354582e+00
1.000088335511059467e+00
1.000800409637103261e+00
9.993411178552061847e-01
1.000295510774237728e+00
9.998839416465689078e-01
9.996921744048498093e-01
1.000615845301452866e+00
9.997017603931601659e-01
9.999677041764949426e-01
9.992343716012072052e-01
9.993986878081233538e-01
9.996761989964364492e-01
9.998509076743722357e-01
9.995612118533599988e-01
9.992898064518129786e-01
9.994208105201400905e-01
9.999799958955200019e-01
9.994043757747035350e-01
9.995954722331621412e-01
9.999689645811992156e-01
9.999995474879962432e-01
9.999780109079544621e-01
1.000796098871699069e+00
9.999047635138058610e-01
9.998084538477818306e-01
9.994772973701719909e-01
9.997333892403583722e-01
9.998250547852977066e-01
1.000363367459887520e+00
9.995520268863424818e-01
9.998254899599867684e-01
9.997204802950014901e-01
9.999667945497839883e-01
9.995554732457548885e-01
9.997847900317753389e-01
9.996321599128986657e-01
9.991922548953348082e-01
1.000487817628727516e+00
9.993650885235642045e-01
9.998552338935490225e-01
1.000206407819352217e+00
9.997636222701254960e-01
9.991501741988988439e-01
1.000027381434989593e+00
9.995571324569406668e-01
1.000386689783296257e+00
9.995163344268105376e-01
9.996416063728131851e-01
9.997789608632500213e-01
9.994321837031163724e-01
9.996109678315779901e-01
1.000353709879856057e+00
9.999026890600909434e-01
9.996548927430877196e-01
1.000511420332548918e+00
9.999250877214967970e-01
9.997318939121699888e-01
9.996740957985618126e-01
9.995691707353705491e-01
1.000237923092986536e+00
9.997077584661309135e-01
9.996796142613282310e-01
9.998945191028962842e-01
9.999818891090901385e-01
9.999460752940051433e-01
9.997947509469584659e-01
9.996361112018441464e-01
9.994529927356415877e-01
1.000485226928662597e+00
9.999506937379800675e-01
9.999950813180152887e-01
9.995393842344379998e-01
9.996137487542028355e-01
9.999177283119965454e-01
1.000255252124159888e+00
1.000049759216295131e+00
1.000272929041956527e+00
1.000244617343329701e+00
9.997564497031855568e-01
1.000216748040875681e+00
9.999894050197728479e-01
1.000054863357155099e+00
1.000171395497066795e+00
1.000581832715535580e+00
9.995296649060542160e-01
9.996354381931066291e-01
1.000269064625264548e+00
1.000248294712521746e+00
1.000090126696852044e+00
1.000306496803312184e+00
1.000212041584854994e+00
1.000265205711074801e+00
1.000070562953020437e+00
1.000169814226435472e+00
9.996672384130761424e-01
1.000445249594017927e+00
9.999348310119464678e-01
1.000402585178812309e+00
1.000002983012545643e+00
1.000056533615398813e+00
1.000753798782158643e+00
1.000287824668722125e+00
1.000600365037888295e+00
1.000288700877906445e+00
9.999713977458311032e-01
9.999040696899803571e-01
1.000199384322403517e+00
1.000418873410880316e+00
1.000491337004747239e+00
