0.000000000000000000e+00
0.000000000000000000e+00
0.000000000000000000e+00
0.000000000000000000e+00
0.000000000000000000e+00
0.000000000000000000e+00
0.000000000000000000e+00
0.000000000000000000e+00
0.000000000000000000e+00
0.000000000000000000e+00
0.000000000000000000e+00
0.000000000000000000e+00
0.000000000000000000e+00
0.000000000000000000e+00
0.000000000000000000e+00
0.000000000000000000e+00
0.000000000000000000e+00
0.000000000000000000e+00
0.000000000000000000e+00
0.000000000000000000e+00
0.000000000000000000e+00
1.556789875259411652e-03
2.643174633230552795e-01
2.142273980998798955e+00
3.583160681397318470e+00
2.603151174065609030e+00
1.309732656493738157e+00
6.099559598845730735e-01
3.215174139516999152e-01
2.849505040497368191e-01
4.069418613307084209e-01
5.898637355451424868e-01
7.392568217984706314e-01
8.192013329577125802e-01
8.455079379681624818e-01
8.481489756449009931e-01
8.589970402656679216e-01
8.854666867045776213e-01
9.402312138793810226e-01
1.006944097962355400e+00
1.050347341681270086e+00
1.084961949839718720e+00
1.121829089653090694e+00
1.160111741592537493e+00
1.185478570036937462e+00
1.202656154262212285e+00
1.201807213143463837e+00
1.184376804853890963e+00
1.148622309694661281e+00
1.102738316380339034e+00
1.057673100770773367e+00
1.016509386809373749e+00
9.886154833635293349e-01
9.703154528097587272e-01
9.629098738208401453e-01
9.612039877121438813e-01
9.636024641627563003e-01
9.643112114802293577e-01
9.662318935273629394e-01
9.639539184222125634e-01
9.654290147289058543e-01
9.670714781839561125e-01
9.725085401267378193e-01
9.726876209703974041e-01
9.798545132404353764e-01
9.867295959916470016e-01
9.874776739760772193e-01
9.927549328696764208e-01
9.960613333773419287e-01
9.977827506485456022e-01
9.989845005991272453e-01
9.998552021200446394e-01
1.000903930810354225e+00
1.000679959077626302e+00
9.996503787532113883e-01
1.001570822336345090e+00
1.003472469823138979e+00
1.003160235903495456e+00
1.005824807353727923e+00
1.008155246001435357e+00
1.008155242834200882e+00
1.011081662120625557e+00
1.010176429228306194e+00
1.008154618825298332e+00
1.007348600012465178e+00
1.006349474094935248e+00
1.002826754521077390e+00
1.000733818791609053e+00
9.990195572470212948e-01
9.976252926272098920e-01
9.952089150174586729e-01
9.950314056049260891e-01
9.938028701160684930e-01
9.940503611313191712e-01
9.936571943255685380e-01
9.939988829494381672e-01
9.942573209517677757e-01
9.942798001640210659e-01
9.948680166178065498e-01
9.953121556826080019e-01
9.963997359828168365e-01
9.983639804755772840e-01
9.989968291201650752e-01
1.000475223702731453e+00
1.001628503460047392e+00
1.001074928111628903e+00
1.001758910758564269e+00
1.001073256700920178e+00
1.001579115152843702e+00
1.002565142322581870e+00
1.002325504053118266e+00
1.001510717286002938e+00
1.000720125918384662e+00
1.001016994041941777e+00
1.000759553995530737e+00
9.997253967781456474e-01
1.000499343332982738e+00
9.992800281772999949e-01
1.000145333960258176e+00
9.997702186471796315e-01
1.000021635552247545e+00
9.995817033699941900e-01
1.000638497420153428e+00
9.995832723509383566e-01
9.998740724285603010e-01
1.000023398730528923e+00
9.996079181495678423e-01
1.000042805272804536e+00
9.997039975340492601e-01
9.994532268005538178e-01
9.984722771405716291e-01
1.000005674617288953e+00
1.000184817528990466e+00
1.000288187435091958e+00
9.992471630588350973e-01
9.990205444270447988e-01
9.995896196299695058e-01
9.991210789490373445e-01
9.998704835761199616e-01
9.998111269459761807e-01
1.000185502626991241e+00
9.994209840810424073e-01
9.999048148204214836e-01
1.000061717044779419e+00
1.000935988488321771e+00
1.000267458367626983e+00
1.000267481705351624e+00
9.999772493722781652e-01
9.993040819248828477e-01
9.994635113358523171e-01
1.000116873453099187e+00
9.996566384161648111e-01
9.996017740573046595e-01
1.000054351713274059e+00
1.000004084918885594e+00
9.998261838743828234e-01
9.994517293958042892e-01
9.984653179194531436e-01
1.000542844804261700e+00
9.993709199329393611e-01
9.986280170625070340e-01
1.000406846980858466e+00
9.997045441147222045e-01
1.000043421205004668e+00
9.993044650821767405e-01
9.998605409555471057e-01
1.000191426262108330e+00
9.999767634007488137e-01
1.000371753232229377e+00
9.996167141523497612e-01
9.994751219822579635e-01
1.000203736186517700e+00
9.997986659166960832e-01
9.997579424981110074e-01
9.995272885125832119e-01
9.991471524898325463e-01
9.994067178522653139e-01
1.000275329768998578e+00
1.000249625551065114e+00
9.995467936813697829e-01
1.000066054216615097e+00
1.000165412890826833e+00
1.000323664726042505e+00
1.000622757188970535e+00
1.000000884279453217e+00
9.995662577062311982e-01
9.998265759329476587e-01
9.997188246944543888e-01
1.000190677083618196e+00
1.000158648313669962e+00
1.000045070917034096e+00
1.000684463996469820e+00
1.000536501498819453e+00
1.000092932060100193e+00
9.996754745027557343e-01
9.995164968028436014e-01
1.000114521280611513e+00
9.999559676915036333e-01
1.000461393730295079e+00
1.000184883441186834e+00
1.000522290506083545e+00
9.994535112925319043e-01
9.998690429902378218e-01
1.000001003118378362e+00
9.996579078569034493e-01
9.994808181079404275e-01
1.000521079530959367e+00
1.000758115201241027e+00
1.000236595136275053e+00
1.000232775626397785e+00
1.000046283908948563e+00
9.998679835043440267e-01
1.000410206318368855e+00
1.000334840404519587e+00
1.000281509864191731e+00
9.999903727756489502e-01
9.998694011583204588e-01
1.000511659711184054e+00
9.998782818568278108e-01
1.000408948841074563e+00
1.000155328322032355e+00
1.000629457273584100e+00
1.000270095989695074e+00
1.000093472576191633e+00
1.000126805553781306e+00
1.000013973508219411e+00
1.000338539452549025e+00
1.000543737054263582e+00
1.000462025008037825e+00
1.000465140047631207e+00
9.995905486165946874e-01
1.000054054636778877e+00
1.000076036832010073e+00
1.000111230773006676e+00
1.000687641704389952e+00
1.000404158958756673e+00
9.999766318193819004e-01
1.000354460016424918e+00
1.000653433567580741e+00
1.000109912112005395e+00
9.998976310422376113e-01
1.000215217231240628e+00
1.000117206837847883e+00
1.000500435944030375e+00
1.000247198013447525e+00
1.000292591448892265e+00
1.000567680676529125e+00
9.998415670647016196e-01
1.000048906485225819e+00
1.000190017306509249e+00
1.000011918839038172e+00
1.000266868621551009e+00
1.000547917494686967e+00
1.000374376116653474e+00
1.000037438911168586e+00
1.000272488164049234e+00
1.000054077347067638e+00
1.000453807861148459e+00
1.000057751426340014e+00
1.000374699716937599e+00
1.000107262210337522e+00
1.000016285507125735e+00
9.999211059261856605e-01
1.000225027398123911e+00
1.000136890338267914e+00
1.000075365126944060e+00
9.996617134320247011e-01
1.000189744419223148e+00
1.000001376575896384e+00
1.000643443081627115e+00
1.000608569045069896e+00
1.000509589897831120e+00
9.999497777113757202e-01
1.000377512435507654e+00
1.000200300807459808e+00
1.000179582671399059e+00
1.000366224695471429e+00
1.000627235853856600e+00
1.000163540908749038e+00
1.000422693993954226e+00
