0.000000000000000000e+00
0.000000000000000000e+00
0.000000000000000000e+00
0.000000000000000000e+00
0.000000000000000000e+00
0.000000000000000000e+00
0.000000000000000000e+00
0.000000000000000000e+00
0.000000000000000000e+00
0.000000000000000000e+00
0.000000000000000000e+00
0.000000000000000000e+00
0.000000000000000000e+00
0.000000000000000000e+00
0.000000000000000000e+00
0.000000000000000000e+00
0.000000000000000000e+00
0.000000000000000000e+00
0.000000000000000000e+00
0.000000000000000000e+00
0.000000000000000000e+00
0.000000000000000000e+00
0.000000000000000000e+00
0.000000000000000000e+00
0.000000000000000000e+00
0.000000000000000000e+00
0.000000000000000000e+00
0.000000000000000000e+00
0.000000000000000000e+00
0.000000000000000000e+00
0.000000000000000000e+00
0.000000000000000000e+00
1.310687946717507607e-03
6.908224703780087295e-02
9.747106542811073693e-01
4.278803372589436549e+00
8.444310897718001030e+00
1.041887471002912235e+01
9.505483008710356785e+00
7.364800652878976450e+00
5.326799618160062089e+00
3.710640525668711387e+00
2.599909538637617423e+00
1.963745315633016908e+00
1.502444395163197166e+00
1.267938965636483228e+00
1.119869602343989357e+00
9.885361849861282746e-01
9.487820612546709054e-01
9.040555251035827800e-01
9.190947829864295482e-01
9.813638046899375578e-01
9.950686146251968012e-01
1.001268209329904568e+00
1.101900990218978693e+00
1.148850252531730787e+00
1.173599321198484757e+00
1.203484270233575959e+00
1.229039249377902099e+00
1.248691209806126690e+00
1.252387816366658413e+00
1.281175232309617718e+00
1.224202673971532374e+00
1.201400495239650423e+00
1.205037845004258701e+00
1.135285496299732966e+00
1.092945898099710877e+00
1.067184007773430032e+00
1.012353415067128726e+00
1.026139049704580364e+00
1.005870943764120007e+00
9.865981538610755219e-01
9.993433300363178118e-01
1.015647455961906864e+00
1.019496787674310623e+00
1.038817573894100788e+00
1.071690640044395515e+00
1.061501211221239638e+00
1.104503198305536227e+00
1.134942603470733502e+00
1.073591367127085361e+00
1.107021168154655566e+00
1.097841120852562691e+00
1.087589207579512829e+00
1.064714692889427772e+00
1.076507795645065935e+00
1.076556816506160530e+00
1.064025707994318948e+00
1.028979511019411763e+00
1.010435305355661173e+00
1.016459119703210678e+00
1.003292981478585588e+00
1.012947479282599428e+00
9.983645071965379092e-01
1.017501421632591274e+00
9.862850392950359701e-01
1.008620094489545593e+00
9.976491183618754199e-01
1.012456793274242761e+00
1.020317412631434051e+00
1.008475471068878138e+00
1.016655056469826679e+00
1.035262753587649076e+00
1.017810142897242365e+00
1.014652224763946231e+00
1.044767610923250212e+00
1.033418299974992349e+00
1.031533606048698148e+00
1.028248815352974299e+00
1.015904750145783186e+00
1.018464324382995168e+00
1.019209952114334516e+00
1.024909749964218131e+00
1.022083258233123182e+00
1.027435954680143926e+00
1.011797679607918665e+00
1.041631365848217250e+00
1.008533632568558325e+00
1.015542812505568993e+00
1.006761559045928678e+00
9.918375660095732904e-01
1.003245634009344300e+00
1.004093903297660129e+00
1.011046699059377163e+00
1.022113560790518738e+00
1.004571313597017346e+00
9.909146247703748411e-01
9.870999506957841563e-01
1.002400843473197023e+00
9.950702719731354673e-01
1.002316764238495583e+00
9.936157638272021808e-01
1.003673635397700492e+00
9.954522846192176422e-01
9.962414923748352802e-01
1.005495611106780096e+00
1.005009851066665627e+00
1.003919190113590210e+00
1.014159096379123826e+00
1.010841267287710954e+00
1.006603031363500378e+00
1.017250233695828676e+00
1.002886827544781090e+00
1.001127585280448207e+00
1.005885258293316431e+00
1.015976941827417379e+00
1.013508004574748655e+00
1.001848567219594033e+00
1.005227125194598781e+00
9.975853147766871043e-01
1.004544025476162838e+00
1.000133498557732592e+00
1.004086533556314054e+00
1.001270878062985092e+00
1.000763829016651840e+00
9.993280904624757266e-01
1.002030344848013899e+00
1.011002147951714392e+00
1.007103109649078565e+00
1.008120079541795500e+00
1.003014004282342331e+00
1.012554471322154370e+00
1.009673177852745463e+00
1.005232641270810356e+00
9.946342469936562125e-01
1.003779862826408742e+00
9.963034615616442879e-01
1.005514434313571570e+00
1.001807344694779722e+00
1.004623173420917448e+00
1.007399465913495940e+00
9.890954475712094851e-01
9.971099408580479384e-01
9.868908689607865936e-01
9.889799051303974631e-01
1.014197342747594544e+00
1.004959790838318989e+00
1.008785062134178290e+00
9.931250557862721928e-01
1.000997460742464984e+00
9.840724248635992488e-01
1.004149644372557493e+00
1.013544433540660927e+00
1.007132919275983474e+00
1.003403555044068751e+00
1.006415214325496521e+00
9.970845114258013453e-01
1.007507267053165068e+00
1.002495863990406466e+00
1.004126758002622521e+00
1.012230272310506551e+00
1.014447118823304628e+00
1.008306239811897376e+00
1.001461261349014809e+00
1.003560157179119727e+00
9.997316237140135842e-01
1.002813393602510095e+00
1.003722945648245490e+00
9.867131562977898840e-01
1.013789612449107480e+00
1.013793331367530914e+00
1.008427501378333035e+00
1.007237120421249355e+00
1.012373578671576846e+00
1.000973944641578406e+00
1.007484424858344108e+00
9.983997175873452479e-01
1.008607946607393835e+00
1.010867563844535466e+00
9.996315285723313959e-01
1.014090902029351593e+00
1.004400272861885712e+00
1.009134582855886864e+00
1.008086745254887617e+00
9.979268811404089501e-01
1.004875315973159600e+00
1.008581118726639358e+00
1.000089093036587995e+00
1.005252878685700679e+00
1.003556974922174660e+00
1.006064895648697055e+00
1.006370243421319088e+00
1.013369418643818465e+00
1.008285053166066980e+00
1.012453487223085702e+00
1.014166929105965398e+00
9.975401490682989092e-01
1.004653078166380054e+00
1.015289440613174943e+00
1.013584558083117537e+00
1.001707968235364898e+00
9.997378720315518441e-01
1.005345865663305638e+00
1.003939633470997128e+00
1.003754473829881588e+00
9.936504217163821817e-01
1.008459305006863982e+00
1.009655846109977606e+00
1.001815395966275446e+00
9.916566856173926192e-01
1.012367035531287263e+00
9.981605795781929302e-01
1.001929096693406684e+00
1.002403106573255265e+00
1.008602742384497652e+00
1.010900918412741989e+00
1.000755944912398387e+00
1.007783596575901885e+00
9.975366168579091752e-01
1.002322827018126583e+00
9.987049054128609438e-01
1.002292273924757504e+00
9.978218774058285057e-01
9.987122686250430315e-01
1.016765471467516946e+00
1.003116840541983468e+00
9.927642186582389394e-01
1.005928240736868151e+00
9.892304020347058024e-01
9.955607166315372236e-01
9.910331228862416797e-01
1.002398778616015118e+00
9.997389405532379758e-01
9.910086414409862154e-01
1.004645424246602969e+00
9.994683349904774916e-01
9.961144857281980514e-01
9.953561381299910193e-01
9.947542763805259369e-01
9.975651911635692315e-01
1.000723708812676804e+00
9.995262350443694377e-01
9.965667056150075975e-01
9.963630021458407260e-01
9.990206037936133487e-01
9.999352323628134531e-01
9.961382346898223217e-01
9.960736445248363768e-01
9.920571929353421137e-01
9.953567536108518521e-01
