0.000000000000000000e+00
0.000000000000000000e+00
0.000000000000000000e+00
0.000000000000000000e+00
0.000000000000000000e+00
0.000000000000000000e+00
0.000000000000000000e+00
0.000000000000000000e+00
0.000000000000000000e+00
0.000000000000000000e+00
0.000000000000000000e+00
0.000000000000000000e+00
0.000000000000000000e+00
0.000000000000000000e+00
0.000000000000000000e+00
0.000000000000000000e+00
0.000000000000000000e+00
0.000000000000000000e+00
0.000000000000000000e+00
0.000000000000000000e+00
0.000000000000000000e+00
0.000000000000000000e+00
0.000000000000000000e+00
0.000000000000000000e+00
0.000000000000000000e+00
0.000000000000000000e+00
0.000000000000000000e+00
0.000000000000000000e+00
0.000000000000000000e+00
0.000000000000000000e+00
0.000000000000000000e+00
0.000000000000000000e+00
0.000000000000000000e+00
2.713649495639116477e-02
4.553193463743686609e-01
1.978799430170977480e+00
4.047652757949458113e+00
4.929304196704635821e+00
4.552832555922014635e+00
3.551132581606211591e+00
2.507821128990225024e+00
1.817340429909928501e+00
1.299429825005917527e+00
9.568922502423267140e-01
7.549851172868232707e-01
6.723489534697905112e-01
6.126920249021661213e-01
6.383983531081224294e-01
6.600143043536819132e-01
7.375723726856555640e-01
8.275293660421597641e-01
8.703434636114977252e-01
9.266539175124067773e-01
1.005028246507697398e+00
1.054009040505803574e+00
1.111422881601913382e+00
1.086523458082681914e+00
1.077323376290000967e+00
1.073370653983907186e+00
1.024300020663796884e+00
1.017194128389595997e+00
9.893254433875640075e-01
9.910565973906363402e-01
9.501324184397050843e-01
9.581684955425652239e-01
9.401062060328900793e-01
9.342713725356663890e-01
9.247210633219423714e-01
9.209316869053439936e-01
9.414802304633783647e-01
9.369650780544080959e-01
9.630671800810500782e-01
1.004765180955775161e+00
1.007592821097057723e+00
1.020383309541412098e+00
1.022675665272124723e+00
1.047445633387493524e+00
1.054240418301149784e+00
1.061923785892259886e+00
1.065494364512880932e+00
1.036303254115341854e+00
1.048648026237054109e+00
1.023685728715107990e+00
9.971293495900482862e-01
9.842350727355163587e-01
9.920251917531184294e-01
1.000304190797882242e+00
9.932114070749554768e-01
9.708929994937471886e-01
9.736001737946536894e-01
9.835574058058571545e-01
9.687906082044285272e-01
9.727927538001099883e-01
9.850331938846345059e-01
9.823561543218973791e-01
9.925526627653754597e-01
9.929008059088292315e-01
9.844339671205224462e-01
9.912290935415698501e-01
1.013074783775470555e+00
9.922607177415119217e-01
1.002434864337206744e+00
9.932484372628946900e-01
1.016794541240983341e+00
1.004780286614360474e+00
9.903625452298284726e-01
9.864980695451752712e-01
1.001053503899316244e+00
9.932696569688488353e-01
9.960507667492759509e-01
9.812789553244227747e-01
9.991110310532764771e-01
9.955930575809117666e-01
1.004992680017407158e+00
9.876733818219892713e-01
9.883902157007560252e-01
9.874070070633145235e-01
9.800971564717134710e-01
9.954191948782068478e-01
9.887658769913141299e-01
1.004409672840079537e+00
9.993382595127132673e-01
9.799065051523637715e-01
9.932373533749663252e-01
9.971732564454675041e-01
9.909699251224063365e-01
9.939642162833268735e-01
9.845652888084742704e-01
9.861106762536596682e-01
9.882340367733302156e-01
9.871284332549109530e-01
9.888240870162831042e-01
9.826286820470188088e-01
9.968195914588484641e-01
9.924213756492056282e-01
9.927564438648822653e-01
9.870683949649841082e-01
9.887624637728357202e-01
9.849643529446850954e-01
9.913103279637138776e-01
9.981479067231378011e-01
9.936658051341720199e-01
1.001004939780150149e+00
9.921443857239714559e-01
9.953001306976918539e-01
9.964120139321673841e-01
9.927567196463511490e-01
9.892995104951942675e-01
9.947279755386621014e-01
9.907560850474533831e-01
9.927607064921268876e-01
9.922136396729535068e-01
9.917145529029548490e-01
9.948750638526554502e-01
1.000248738895405332e+00
9.819003960618286619e-01
9.919448316570356194e-01
9.982236720793965512e-01
9.920046695648512269e-01
1.000310229527105799e+00
9.950853991700150392e-01
1.000024042664917401e+00
9.970333254869623296e-01
9.989086596058126544e-01
9.923003889331742933e-01
9.934103110777957601e-01
9.909514329408386502e-01
9.953389046650210625e-01
9.906786500902099446e-01
1.002730784464477276e+00
9.936222551062676711e-01
9.938355768148863234e-01
9.957916036223993794e-01
9.879099875666771391e-01
9.968508763294753328e-01
9.957934620296524653e-01
9.960957676621056134e-01
9.974485248524813663e-01
9.923650388722411453e-01
1.000050480686317078e+00
9.882992099500875760e-01
9.937862696694327314e-01
9.885989268422857856e-01
9.952442138355583889e-01
9.973972000052030440e-01
9.971126248561525962e-01
9.930752910119049481e-01
9.895199750995703480e-01
9.864710177715928507e-01
9.867079565907562744e-01
9.904904725543686173e-01
9.904031467875384909e-01
9.900026620941068112e-01
9.878752397171931543e-01
9.928932917565059801e-01
9.907122892815909410e-01
9.994414152380587391e-01
9.853711456253133605e-01
9.960566867637028476e-01
9.935397513775142686e-01
9.939160436598760695e-01
9.905706372298115348e-01
9.995650608168757945e-01
9.929746651026061244e-01
9.935987237295005325e-01
9.890497288935712339e-01
1.000287435594523489e+00
1.002067452891946653e+00
9.906791269581523007e-01
9.956586815878311070e-01
9.927509441686210856e-01
9.897452353255151714e-01
1.000072609648105182e+00
9.913639920270953532e-01
1.000390618069784354e+00
1.001084248242403829e+00
9.918872658824372524e-01
9.985022132756640190e-01
9.937185490729919524e-01
9.963217294487156650e-01
9.957475839850729038e-01
9.969631398070473161e-01
9.946771494129511559e-01
9.990711057543585349e-01
1.000326049059322875e+00
9.945091904491619728e-01
9.986726702072715733e-01
1.000798828846524824e+00
9.997871960107942435e-01
9.984003240573674498e-01
9.996705880587897219e-01
9.967357301508418255e-01
9.975789115109863214e-01
9.951972516738221142e-01
9.931093590757619216e-01
9.932924609982110020e-01
1.000243443339659200e+00
1.001642956084233926e+00
9.855582447397960300e-01
9.946739962202344465e-01
9.947725857287654794e-01
9.992029658090469946e-01
9.990772968747894112e-01
9.942503331792909016e-01
9.985118163788329060e-01
9.942182813871944802e-01
9.910208387906709326e-01
9.948032024152126951e-01
9.933253278029583466e-01
9.945300318756662428e-01
9.954191388430844167e-01
9.936034764959956744e-01
9.925778367144424408e-01
9.894154873871039424e-01
9.974932114809473838e-01
9.903153262852760763e-01
9.911620196832645613e-01
1.006309199337833471e+00
9.898683577478866180e-01
9.995431744341284341e-01
9.934547018983913569e-01
9.914991116139265648e-01
9.958127090467681075e-01
9.958453167326979383e-01
1.000894894558779002e+00
9.984854112236639656e-01
9.921659331131071902e-01
9.975498527656622150e-01
9.954523264575032560e-01
9.974182974049903283e-01
1.001522744948243338e+00
9.923087372153892582e-01
9.956750292332873231e-01
9.962358534499005103e-01
9.937122608921172828e-01
9.953119632259128657e-01
9.918648571503219102e-01
9.865718514709319598e-01
9.948315558427806016e-01
9.953279663232578178e-01
