0.000000000000000000e+00
0.000000000000000000e+00
0.000000000000000000e+00
0.000000000000000000e+00
0.000000000000000000e+00
0.000000000000000000e+00
0.000000000000000000e+00
0.000000000000000000e+00
0.000000000000000000e+00
0.000000000000000000e+00
0.000000000000000000e+00
0.000000000000000000e+00
0.000000000000000000e+00
0.000000000000000000e+00
0.000000000000000000e+00
0.000000000000000000e+00
0.000000000000000000e+00
0.000000000000000000e+00
0.000000000000000000e+00
0.000000000000000000e+00
0.000000000000000000e+00
0.000000000000000000e+00
0.000000000000000000e+00
0.000000000000000000e+00
0.000000000000000000e+00
0.000000000000000000e+00
0.000000000000000000e+00
0.000000000000000000e+00
0.000000000000000000e+00
6.190677801197017049e-03
1.999230724103014945e-01
1.228721397780460300e+00
2.725057788757660582e+00
3.147727729671408348e+00
2.497697241669563972e+00
1.666887848237325054e+00
1.073967670291420484e+00
7.261098274968723620e-01
5.534987503077074544e-01
4.896118210438888951e-01
5.099637236215345260e-01
5.603062270479700624e-01
6.385806104679188078e-01
7.402339795324545113e-01
8.379601387698343284e-01
9.454405027675218953e-01
1.046083335097691913e+00
1.123447519264705319e+00
1.181977595790556945e+00
1.213603026397584328e+00
1.228836857881431710e+00
1.215427253284852904e+00
1.196862768182705317e+00
1.160877091121210292e+00
1.118668115975514965e+00
1.078025140364625711e+00
1.028096336634206631e+00
9.928268976545111535e-01
9.575072211525011978e-01
9.161701876314015669e-01
8.908933001151454478e-01
8.665999739867663587e-01
8.583571369674669604e-01
8.574418671862648056e-01
8.725686773787191264e-01
8.932947709818509496e-01
9.279604842902458017e-01
9.582620074379619712e-01
9.881732159344293054e-01
1.014491306932809422e+00
1.038057981554803000e+00
1.053426691887266564e+00
1.066959250041912277e+00
1.077981387230094956e+00
1.072082673926086693e+00
1.072007497175397894e+00
1.055305023226940531e+00
1.041772735319242971e+00
1.032799066682758671e+00
1.019584688869169975e+00
1.004714729401018136e+00
9.979560979533350640e-01
9.884518856502649831e-01
9.800419914649444175e-01
9.816604366854921881e-01
9.772680739797183769e-01
9.788291579334033043e-01
9.847330096080846307e-01
9.858276344699110627e-01
9.872113019244813659e-01
9.945834819823095030e-01
9.992189135493809715e-01
9.964698835994966197e-01
1.001978616376800524e+00
1.008302272968585767e+00
1.003856983328196950e+00
1.007235543747943218e+00
1.007358671048483423e+00
1.005027608272628159e+00
1.005779535604933494e+00
1.006434209737740337e+00
1.000878719516729909e+00
1.002164029334300377e+00
9.987047085929320334e-01
9.984040230513619996e-01
9.997919662316862022e-01
9.957331488320039226e-01
9.983555981294365278e-01
1.000940443239018984e+00
9.985352246880432325e-01
1.002794563594246569e+00
1.003958798163713029e+00
1.006149951628264594e+00
1.002844982655642481e+00
1.004755887122564584e+00
1.005626185264166805e+00
1.003199019611560550e+00
1.003338646243926213e+00
1.003786224191060672e+00
1.003663161871706899e+00
1.003488931391646188e+00
1.002677798429061795e+00
1.000508380797959340e+00
9.993194839502044236e-01
9.985823670673061869e-01
1.000455004954705629e+00
1.000125208331660298e+00
1.000041311279646683e+00
9.999282757926242216e-01
1.002169928020514078e+00
9.971932474633175003e-01
1.000184671869618125e+00
1.000884523091845280e+00
1.001032973133296977e+00
1.001041890989557759e+00
1.002668741058373669e+00
1.001250238774305190e+00
1.003523594334412961e+00
1.002151395537873357e+00
1.001413126778130103e+00
1.001537722884432213e+00
1.000953003864607060e+00
1.002527400317756889e+00
1.002124529651693186e+00
1.001311545870949393e+00
1.002916591814043690e+00
9.993053473404096554e-01
1.000913724450744002e+00
9.992499908432025402e-01
1.001666734460061603e+00
1.000965932664033442e+00
1.000078381790757920e+00
9.999097303981877571e-01
1.000985593429160048e+00
9.996339902518661669e-01
1.000733131917874941e+00
1.001712597046623188e+00
1.001619592774510625e+00
1.000657899778085058e+00
1.001508913994388905e+00
1.000286042424015420e+00
1.002135942937000923e+00
1.000711846438784969e+00
9.995935514878995232e-01
1.001189563455456399e+00
1.002098370411997230e+00
1.000529456189826805e+00
1.001571184499746359e+00
1.001356641087390198e+00
9.991661042562284267e-01
9.995510106200174993e-01
9.999351425374768398e-01
1.001740544668731303e+00
9.994626787414977453e-01
1.000911110530403381e+00
9.990043211763093289e-01
9.997425563596817888e-01
1.000681120400792379e+00
1.000907426528106159e+00
1.001349873802521939e+00
9.998763078841484964e-01
1.000359424149394272e+00
1.000619033848672901e+00
9.988649520714525387e-01
1.000242625336992930e+00
1.000142704106829816e+00
1.000836907005500764e+00
1.001336977279392304e+00
1.001768745489061141e+00
1.000607174917153452e+00
1.001183456861549859e+00
1.000489614393521576e+00
1.001668212435020022e+00
1.000734098109652637e+00
1.000131029070129740e+00
1.000514606449318444e+00
9.992329295614253981e-01
1.000227384338135295e+00
1.000759012196312359e+00
1.001852839263156714e+00
1.002075228743092294e+00
1.000865960317847581e+00
9.997666384902307302e-01
9.998073219494391095e-01
1.001176000094272878e+00
1.000536005475503920e+00
9.986573246835828144e-01
1.000915540773803070e+00
9.999278063715231202e-01
1.000289415031691886e+00
9.999394197456982214e-01
1.000437895501943508e+00
1.001186192711885026e+00
1.000075500947845919e+00
1.000207094399036878e+00
9.998333444888992672e-01
9.990868306289863998e-01
1.000378495165429094e+00
1.001674797900716563e+00
1.000445769630772253e+00
1.000971358079897344e+00
1.001082637946427489e+00
1.000765347957478957e+00
1.000302332773076674e+00
1.000812920920101545e+00
9.998159210512104211e-01
1.000134485228111769e+00
1.000943121822043924e+00
1.000002527215307691e+00
9.995391499497974230e-01
9.998199261819010752e-01
9.999447110337628120e-01
9.996212022298668343e-01
9.994077806348999893e-01
1.000705603529951526e+00
9.998440283710392507e-01
1.000942351671316954e+00
9.998456253640305436e-01
9.996066083652885847e-01
1.001540890998906974e+00
1.001117557017731086e+00
9.999455337233559282e-01
9.997958823839844245e-01
9.993456615023328382e-01
1.000278485328580658e+00
1.000773145471891112e+00
1.000379824780865290e+00
1.000076646396213853e+00
1.000328807175909995e+00
1.000351540417002028e+00
1.002197696096649659e+00
1.001128351687586848e+00
1.001101796632713592e+00
9.991984226350345555e-01
9.993831268012268731e-01
1.000291097458023915e+00
1.000178193480762978e+00
9.995467198232611539e-01
1.000579846591343136e+00
1.000126467853616141e+00
1.000890819598513115e+00
1.000583124327918405e+00
1.000472424726964960e+00
1.001021287946073590e+00
1.000750461419894322e+00
1.000775357003546917e+00
1.000525404028216769e+00
1.000326850484049013e+00
1.000545088381651571e+00
9.997383565623325641e-01
9.996811214979056670e-01
1.000825186861703742e+00
1.000582397500734189e+00
1.000677197166223831e+00
1.000588968242796417e+00
1.001255536736299190e+00
1.000950503545345871e+00
1.000065391440892570e+00
1.000680187717496450e+00
9.997492434461713318e-01
