0.000000000000000000e+00
0.000000000000000000e+00
0.000000000000000000e+00
0.000000000000000000e+00
0.000000000000000000e+00
0.000000000000000000e+00
0.000000000000000000e+00
0.000000000000000000e+00
0.000000000000000000e+00
0.000000000000000000e+00
0.000000000000000000e+00
0.000000000000000000e+00
0.000000000000000000e+00
0.000000000000000000e+00
0.000000000000000000e+00
0.000000000000000000e+00
0.000000000000000000e+00
0.000000000000000000e+00
0.000000000000000000e+00
0.000000000000000000e+00
0.000000000000000000e+00
0.000000000000000000e+00
0.000000000000000000e+00
0.000000000000000000e+00
0.000000000000000000e+00
0.000000000000000000e+00
0.000000000000000000e+00
1.626145514367296650e-05
2.498171885089882013e-03
6.304044248079439250e-02
4.768086052135759312e-01
1.553823782357261152e+00
2.664926278581974728e+00
2.886948900488726100e+00
2.394941994966605758e+00
1.759171877228747682e+00
1.280187511100187470e+00
9.829323746735417755e-01
8.114987017139240200e-01
7.349416622140040323e-01
7.059137397984450724e-01
7.155079980569333253e-01
7.424114501366115837e-01
7.951462831404134679e-01
8.502823715768111912e-01
9.097715643406717456e-01
9.685881443915622668e-01
1.013477671546905823e+00
1.052886346720544486e+00
1.079366039576147962e+00
1.086469688579626336e+00
1.085470758861240670e+00
1.075030966790272435e+00
1.057348533743084795e+00
1.030158070053811326e+00
1.013749819715777045e+00
9.871948138643519277e-01
9.644988831924901085e-01
9.489171316080490248e-01
9.258911364957209678e-01
9.139635947836225460e-01
9.067675184483079409e-01
9.086122876776812074e-01
9.192863744116100966e-01
9.293694154564829946e-01
9.536034932209555004e-01
9.758481924734901947e-01
9.969921382635151819e-01
1.013855053199476330e+00
1.035098633178206828e+00
1.045188421103916854e+00
1.053742593368154123e+00
1.055426307288887422e+00
1.054568564264326325e+00
1.054262620810392903e+00
1.044273282497759414e+00
1.035064617669532616e+00
1.026359263586886117e+00
1.015906583458816126e+00
1.006171299497582439e+00
9.979317463273004174e-01
9.901744306699679088e-01
9.853961435570978145e-01
9.807342238520506683e-01
9.797017768832745332e-01
9.802458628917148920e-01
9.807956512926518933e-01
9.846787732999384701e-01
9.891262189032891117e-01
9.901084855190432910e-01
9.951593492000639918e-01
9.970202634087944604e-01
1.001096957071551996e+00
1.001736126071106181e+00
1.003687332881090466e+00
1.006197936193351072e+00
1.002532013534800148e+00
1.004623436492120270e+00
1.004496887384465742e+00
1.002745061989271935e+00
1.000645743207113414e+00
1.002306820326699377e+00
1.000439812142009943e+00
9.999041138419506591e-01
9.996166804249554394e-01
1.003269937115557786e+00
1.000575946244796954e+00
9.996748316218091457e-01
9.994882635593044240e-01
1.002474393514295903e+00
1.002202656012101123e+00
1.001503344644744553e+00
1.003058061075075891e+00
1.002505704903478456e+00
1.001609403567262468e+00
1.003825135759633724e+00
1.002036001548865407e+00
1.002007896780242158e+00
1.000880708173275124e+00
1.000630871612912642e+00
9.987666004817323806e-01
9.999229988347523301e-01
9.983097505876887823e-01
9.976850628768947349e-01
9.976585369085061439e-01
9.990007650242499482e-01
9.991023230956954659e-01
9.999372668733083058e-01
1.000182127553338907e+00
9.980303824998251194e-01
9.992745987994612333e-01
9.999190202358871904e-01
1.000217257529245618e+00
1.001861521999324323e+00
1.001796383806151658e+00
1.000262847427832114e+00
9.991946266557701906e-01
1.001034222156138354e+00
1.000623932608009969e+00
1.000956104125354740e+00
1.001487126344157375e+00
1.001093601127454713e+00
1.000033418236232485e+00
1.000641704094189066e+00
9.996318697383750340e-01
1.000813354053729620e+00
9.999274566937040865e-01
1.001318972787547334e+00
9.994664514126593291e-01
9.987507899566812064e-01
1.000528783823448231e+00
9.999475625850781091e-01
1.000092996671451573e+00
1.000622690927881031e+00
9.986914911772371006e-01
1.000551508199063022e+00
9.987247789137996268e-01
1.000511256689443407e+00
9.991957331291820843e-01
1.000134204279159444e+00
1.000125277639531740e+00
1.000498225832112897e+00
9.995627149813458567e-01
9.995146567468153886e-01
9.994325199453923947e-01
1.001756677645714522e+00
9.993106854713716958e-01
1.000701731901296521e+00
1.000186553249843735e+00
1.000404511206322677e+00
1.000444481580778255e+00
1.000719080866165900e+00
9.994808858390138440e-01
1.000278596969369937e+00
9.995537141361642286e-01
1.000059363955215552e+00
1.000499679701702505e+00
1.000421207271938062e+00
1.000756089473096688e+00
9.999007071838764693e-01
1.000450130595091247e+00
9.996151877697707633e-01
9.994496361703595344e-01
9.993389834931811766e-01
9.999954251176201847e-01
9.996332073240216110e-01
1.000905086942319278e+00
9.996487077830598089e-01
1.000456021586900501e+00
1.001068394331562583e+00
9.996183334298418544e-01
1.001284362775064496e+00
1.000631196991932370e+00
1.000623881863524911e+00
1.000881449832449421e+00
9.994952770631798655e-01
1.000319238757369389e+00
1.000533920068516602e+00
9.996038276431339353e-01
9.992403210684761561e-01
1.000197301095734792e+00
1.000530260202160404e+00
9.998525950020168418e-01
9.999001932071540644e-01
1.000655454110068510e+00
9.999012420879789254e-01
1.000207222449394306e+00
1.000180077592748296e+00
9.998581861944796367e-01
1.000534795654304920e+00
9.992904198557825968e-01
1.000505922147146620e+00
1.000091771484006742e+00
1.001501070867281129e+00
9.993811359930919735e-01
1.000217931911397962e+00
1.000669191091655641e+00
9.996654281375605411e-01
9.996857940895534922e-01
1.000374969629477029e+00
1.000015145201289313e+00
1.000006072998746109e+00
1.000244202744488220e+00
9.991207843820146817e-01
1.000714173130677676e+00
9.997684124310391995e-01
9.995772930304418491e-01
9.992567897286013245e-01
1.000117666414357842e+00
9.999119581396058720e-01
1.000414780461274633e+00
1.000932204228333733e+00
1.000081820517644271e+00
1.000726048391056944e+00
9.999000194639779959e-01
9.997883797102485870e-01
9.999788654355439288e-01
1.000413067625072649e+00
9.995801749827736282e-01
9.995631550524008979e-01
9.999953940820954790e-01
9.997099156657102137e-01
1.000520329513776785e+00
9.999825205810501938e-01
9.996127953439498670e-01
1.000528242240172005e+00
1.000082706837523983e+00
9.997044511347821238e-01
9.999443888979965278e-01
1.000440383991768822e+00
1.000153959334707743e+00
1.000184420428288146e+00
1.000346804207221885e+00
1.000214065722422774e+00
9.991796072417350461e-01
1.000682413176740226e+00
1.000173841834874011e+00
1.000328723668226560e+00
9.998424195069052223e-01
1.000666798547104275e+00
9.997865513431178908e-01
1.000409733066951912e+00
9.999675660117498532e-01
9.999668508372510090e-01
1.000404310805164787e+00
1.000096691317134967e+00
1.000259049040348902e+00
1.000495361789259130e+00
9.995404897032718061e-01
1.000576668212095122e+00
1.000204177703172048e+00
1.001176871777971877e+00
1.000418616939088290e+00
1.000581369767921336e+00
9.994929704718470420e-01
9.998525239830292621e-01
1.000361076691721252e+00
1.000325415198808132e+00
1.000123818122469865e+00
9.998565106570743710e-01
