0.000000000000000000e+00
0.000000000000000000e+00
0.000000000000000000e+00
0.000000000000000000e+00
0.000000000000000000e+00
0.000000000000000000e+00
0.000000000000000000e+00
0.000000000000000000e+00
0.000000000000000000e+00
0.000000000000000000e+00
0.000000000000000000e+00
0.000000000000000000e+00
0.000000000000000000e+00
0.000000000000000000e+00
0.000000000000000000e+00
0.000000000000000000e+00
0.000000000000000000e+00
0.000000000000000000e+00
0.000000000000000000e+00
0.000000000000000000e+00
6.788738870379777893e-06
1.689283447833976604e-02
7.071540033625022259e-01
2.971644027389948484e+00
3.504389154627977288e+00
2.153923236169179578e+00
1.011495597239630007e+00
4.559151301131071365e-01
2.408489777993007841e-01
2.345591207392116462e-01
3.765436988461632328e-01
5.717169345804475888e-01
7.342071687877756991e-01
8.259008287494695733e-01
8.661644038710551996e-01
8.816240369842117675e-01
8.986680703142392312e-01
9.334036406606673886e-01
9.887521546879626255e-01
1.043729311911627322e+00
1.090457924587298066e+00
1.141470730563635350e+00
1.194875838798300061e+00
1.238402261334145438e+00
1.265464420903581244e+00
1.265051547435234403e+00
1.240541353877248731e+00
1.203614755426660743e+00
1.148110222924767720e+00
1.084345347917194724e+00
1.025330697991535311e+00
9.774705129523613145e-01
9.459157282740877637e-01
9.275903768408241268e-01
9.183445548741411280e-01
9.177174107787272606e-01
9.198117239108088983e-01
9.237265972326762498e-01
9.283310440731115110e-01
9.353509043311918347e-01
9.439532649097572836e-01
9.561632353124730477e-01
9.686867540570883728e-01
9.802852634344091376e-01
9.926749615992226383e-01
1.003072691524279358e+00
1.010756015740047919e+00
1.015834243091334743e+00
1.015205515659430402e+00
1.015658946115106875e+00
1.015065174158277461e+00
1.011485342552641331e+00
1.009152418861879230e+00
1.007969284555009004e+00
1.005119595405016053e+00
1.006362797424323885e+00
1.005996020739251096e+00
1.004754723836997821e+00
1.004431969091387655e+00
1.005045378449772597e+00
1.005495959604203238e+00
1.003353236987326369e+00
1.004171469057656196e+00
1.003008270558900961e+00
1.001221702458084062e+00
9.994674846138338342e-01
9.985189986562563735e-01
9.975519370218876025e-01
9.968448030006532568e-01
9.955634418227231608e-01
9.948112977816317981e-01
9.943472115671273537e-01
9.934664514022559789e-01
9.940642679263175241e-01
9.942869280532968812e-01
9.940032370564874098e-01
9.944329942398478783e-01
9.953456926534193228e-01
9.959815283650210738e-01
9.967119420740671032e-01
9.976306668672811906e-01
9.999961507563943641e-01
1.000092829042525944e+00
1.002289676158585774e+00
1.004612676926773585e+00
1.004118788054144229e+00
1.004064984346450418e+00
1.004814744055896547e+00
1.005756905375113419e+00
1.004247758029533477e+00
1.003738554510574810e+00
1.002136666113877084e+00
1.002157205837564069e+00
1.001052346549238248e+00
1.001965622072738871e+00
1.000263328308515609e+00
1.000692835393578672e+00
1.000768808809329613e+00
9.985552352797202325e-01
9.986999327310853714e-01
9.989524777455429660e-01
9.984633741841927312e-01
9.997994746220763007e-01
9.998354654771750560e-01
9.995109982456902298e-01
9.998798947394732517e-01
9.991464718725915350e-01
9.996062856065199842e-01
1.000313257110276854e+00
9.997839858446518901e-01
1.000491167413386062e+00
1.000531746097831132e+00
1.000947825112653788e+00
1.000475801334586023e+00
1.000664560057634933e+00
1.000516536559363789e+00
1.001135006292810603e+00
1.000372916120546352e+00
1.001396632039218693e+00
1.001878154555013500e+00
1.000746986459853050e+00
1.001060144072144942e+00
1.000726504383134152e+00
1.000543389273705674e+00
1.000819260395954480e+00
1.000786688031998439e+00
1.000129252719888395e+00
1.000526731665924096e+00
1.000468930923531730e+00
1.000058601877711117e+00
1.000539603209809725e+00
9.998154370484536591e-01
9.995047713034114212e-01
9.998113659691241217e-01
9.999886480364807984e-01
1.000445228843534373e+00
9.996229426055902589e-01
9.997597704135162688e-01
9.994633914850399314e-01
9.999902349266230894e-01
9.998292183143292489e-01
9.998896874500059484e-01
1.000345503349018950e+00
9.999587884201199817e-01
1.000223102816172105e+00
1.000140081075372223e+00
9.998342386402290227e-01
1.000155077054537323e+00
1.000606939474563806e+00
1.000276642903070723e+00
1.000043858027436672e+00
9.995345439444935920e-01
1.000366621123653266e+00
1.000335183388642690e+00
1.000422526819752189e+00
1.000113293957394456e+00
9.999142651559703721e-01
9.995904684456478062e-01
1.000247331060237332e+00
1.000148182003886665e+00
1.000411629260296476e+00
9.994733830948154818e-01
1.000226642820131850e+00
1.000367054414416312e+00
1.000560255847746438e+00
9.997944733108375948e-01
1.000177196447897376e+00
1.000629230898913535e+00
1.000001994256809468e+00
9.998870419575102142e-01
1.000473532569075452e+00
1.000226051413305228e+00
9.998397597520384261e-01
1.000045285107189263e+00
9.999462503716626260e-01
1.000066279776020917e+00
9.999022423297478923e-01
1.000037511437908089e+00
1.000130822984346857e+00
1.000151582173927078e+00
1.000009592147958370e+00
1.000151885888253211e+00
1.000053184904050152e+00
1.000522201982557480e+00
1.000222774316036345e+00
1.000250645137071404e+00
9.999470658459588268e-01
1.000218220085627330e+00
9.999723323787037543e-01
9.995421268953996741e-01
9.998678846421249489e-01
1.000015351148230591e+00
1.000086947930918457e+00
9.998914685884885412e-01
9.999642661451383363e-01
1.000093424315176449e+00
9.999607445911417036e-01
1.000231270515079984e+00
1.000200347584673688e+00
1.000173182277445338e+00
1.000419944399854266e+00
9.997305727692933353e-01
1.000092051682049066e+00
1.000330671984031028e+00
1.000246523803852705e+00
9.997862517107273250e-01
1.000224760325656215e+00
1.000484619923022844e+00
9.998000795553972919e-01
1.000012092100880601e+00
9.997814365109999324e-01
1.000038868506734957e+00
9.994829697860853068e-01
1.000037590768332096e+00
9.998485308665167048e-01
9.998938013131967173e-01
1.000152388801929471e+00
9.997879884516293059e-01
1.000264943523451189e+00
1.000639840208081610e+00
9.999452997859908931e-01
1.000031794788872164e+00
1.000421605723222473e+00
1.000144783160613171e+00
9.999523776088387050e-01
1.000238971519385567e+00
1.000041681888018896e+00
1.000482970543391970e+00
1.000017340145737066e+00
1.000245964942229726e+00
9.999823741255665643e-01
9.997027989293802985e-01
1.000130018942412047e+00
1.000509362530784596e+00
9.998437358258225327e-01
9.999733476554031331e-01
1.000070721749302116e+00
1.000201795033102581e+00
9.999683813081866601e-01
1.000321338046532560e+00
1.000013666731833339e+00
1.000176635179550466e+00
9.998373721354771870e-01
9.999449708344076981e-01
9.999230031704975374e-01
1.000026297024472210e+00
9.999578562974317242e-01
1.000071248372509158e+00
1.000209558896505646e+00
1.000104395395721379e+00
1.000178031037192605e+00
9.999645443047993076e-01
1.000358429346969613e+00
1.000247293140438698e+00
1.000015939798876152e+00
1.000140660910988410e+00
1.000398213772898171e+00
1.000049496668788285e+00
1.000209577924310755e+00
1.000058097672437585e+00
9.998849448407215457e-01
1.000138955167595656e+00
9.999864867362294740e-01
9.998839546291452551e-01
1.000000458405769788e+00
9.999886798133356125e-01
9.998235850546588477e-01
1.000210080764027065e+00
9.997420560560102976e-01
1.000278656598988292e+00
1.000304543319262551e+00
1.000275636439726279e+00
1.000186986005386025e+00
9.999669696590850476e-01
1.000188377604734447e+00
9.998228586343930191e-01
9.998915301823647628e-01
1.000100213101403179e+00
1.000387999203484757e+00
1.000119059687875511e+00
1.000115688652570167e+00
1.000286584396868905e+00
9.999414064215009779e-01
1.000190790557700771e+00
1.000248869350403025e+00
1.000267878443904301e+00
1.000392070956259705e+00
1.000181300760255576e+00
1.000000028808308405e+00
1.000025867564918736e+00
9.999141916028349009e-01
9.998722063342364574e-01
1.000124892805146493e+00
1.000009843899174244e+00
1.000275687932594915e+00
1.000074078177005221e+00
1.000416647531027881e+00
1.000071718176140712e+00
9.999141483171529732e-01
1.000079822896418058e+00
9.999033873580424059e-01
1.000226045188310486e+00
1.000044386659138640e+00
9.997491130309875684e-01
1.000061431097140741e+00
1.000167444500384972e+00
1.000235812051543105e+00
1.000086516663660996e+00
1.000334411832116244e+00
1.000194865001709399e+00
9.998818399809614732e-01
9.967756164925726248e-01
9.878469647747147864e-01
9.787513732509516284e-01
9.700563593468378709e-01
9.611526834043055967e-01
9.522793664536423064e-01
9.435094390800962127e-01
9.351274065203831753e-01
9.260861827719250039e-01
9.173617571368468671e-01
9.090358009984956800e-01
9.005974743853406572e-01
8.922074452722250637e-01
8.838593614793865960e-01
8.759139049084115891e-01
8.671624861651122673e-01
8.589163325772901647e-01
8.506085238016927175e-01
8.425097787640384306e-01
8.343362689374036467e-01
8.262180050703731293e-01
8.184059083811424662e-01
8.105237657393666861e-01
8.023732486909583850e-01
7.944212421727625539e-01
7.866211920237856647e-01
7.789562113117125541e-01
7.712411018795131135e-01
7.633146840415552248e-01
7.558048866161698465e-01
7.483523696936023040e-01
7.406377264777389557e-01
7.331344010573899173e-01
7.255846715652328749e-01
7.180355177047818005e-01
7.106841134874922750e-01
7.033149332315967728e-01
6.957146687942613594e-01
6.886125293462775909e-01
6.815158351428020067e-01
6.742714123994710818e-01
6.668965043783001700e-01
6.597682942224865066e-01
6.528656527192919778e-01
6.457484108224548214e-01
6.386252238363234746e-01
6.318384540316644982e-01
6.245710670782159690e-01
6.177800757606775051e-01
6.110624157162137804e-01
6.040204638845849683e-01
5.972627708540766411e-01
5.905192358231032834e-01
5.838574674897383243e-01
5.770141945896303248e-01
5.703685257878174930e-01
5.637772411000487871e-01
5.570948510608859650e-01
5.504494150486860526e-01
5.440086705837421377e-01
5.374826830002609190e-01
5.311150772200212700e-01
5.246580220515999482e-01
5.182616195295534078e-01
5.118987281623258445e-01
5.055591934049087355e-01
4.991736822707130705e-01
4.930621668304815963e-01
4.866714732126074527e-01
4.803609903145713012e-01
4.744416957683690317e-01
4.680029360688127693e-01
4.622097623919814713e-01
4.560674710470185578e-01
4.500209589687773626e-01
4.436902810925045237e-01
4.379628068268970331e-01
4.318793717179480462e-01
4.260089143417774560e-01
4.201945454717134765e-01
4.141138398823004940e-01
4.084223387108862902e-01
4.025860890826140071e-01
3.966822873966112661e-01
3.910209178993519497e-01
3.852917982317781154e-01
3.795103710922984042e-01
3.739623936444642638e-01
3.681734856814711243e-01
3.625553355699239755e-01
3.570038004173528567e-01
3.513964416817525471e-01
3.459124134762711633e-01
3.403033359533418345e-01
3.347688580184212115e-01
3.293881524024515617e-01
3.238908427345197349e-01
3.184110523873024401e-01
3.130756216792741076e-01
3.076663441732451765e-01
3.024747787115511510e-01
2.970402049721999616e-01
2.917635151476615230e-01
2.864144099024412138e-01
2.810494050772634478e-01
2.759525898191125259e-01
2.706916823375317693e-01
2.655954677615008364e-01
2.605831242806415093e-01
2.552419038250466898e-01
2.502145682977721108e-01
2.450993408884926950e-01
2.399921957392906757e-01
2.349517431243920151e-01
2.300458646647573213e-01
2.249098774233943832e-01
2.199378855765204421e-01
2.150564530559232190e-01
2.101528504152979648e-01
2.052991257881212339e-01
2.003316842330218062e-01
1.954211092529238303e-01
1.906450067365241807e-01
1.858391845748335325e-01
1.810529685377040843e-01
1.761622898080398292e-01
1.715091726932265470e-01
1.666244292633975443e-01
1.620714176508692983e-01
1.573247582501129671e-01
1.526923270293266410e-01
1.479586814871922118e-01
1.432869489683697983e-01
1.387992607827575886e-01
1.341352797549962839e-01
1.296621006275188448e-01
1.250424071681914551e-01
1.205794200656002679e-01
1.164937551556663731e-01
1.126548528358083529e-01
1.090150055131527129e-01
1.055049956438364189e-01
1.022586467232537016e-01
9.898141220470191293e-02
9.598780719116613291e-02
9.295626128671596877e-02
9.003268045374496209e-02
8.728786467025237417e-02
8.457794727033182691e-02
8.198492703999578357e-02
7.941929313189477480e-02
7.693958179439853995e-02
7.451511981222616599e-02
7.224364229227575596e-02
6.993322014169252310e-02
6.770923461589105352e-02
6.555741359570102511e-02
6.351631675407010125e-02
6.147918746541188723e-02
5.949604408033829644e-02
5.758612355399114063e-02
5.573620762923499339e-02
5.389406070429800938e-02
5.214924366769104619e-02
5.038673635505474396e-02
4.870237469798401053e-02
4.701602018453422682e-02
4.547792259930127229e-02
4.391673282833399167e-02
4.238090404711895159e-02
4.093291349236077847e-02
3.951509878507850765e-02
3.808501503115704206e-02
3.679768228548342679e-02
3.541990274158508117e-02
3.412570694310309433e-02
3.289786434731215709e-02
3.169533139358676060e-02
3.048941223084168997e-02
2.935302082758173628e-02
2.820620956962194628e-02
2.711860241375666988e-02
2.604450459912579369e-02
2.499306482393653245e-02
2.400914368838495336e-02
2.298827858395582902e-02
2.204496220986651434e-02
2.109594440439551202e-02
2.022443942847318085e-02
1.936591576244048318e-02
1.853808047588515959e-02
1.770073545141884891e-02
1.690307077265340921e-02
1.611860536335065971e-02
1.535829358093787969e-02
1.464356696391347357e-02
1.395352659521656609e-02
1.326238756366718806e-02
1.257457385286974566e-02
1.193624756646607769e-02
1.131704621613675854e-02
1.072409415468665757e-02
1.015157532282806238e-02
9.581783671507655004e-03
9.055240758022936945e-03
8.540127567513242784e-03
8.033522493034470427e-03
7.530588584496175804e-03
7.060001382486263792e-03
6.630760142786687288e-03
6.186313904894786414e-03
5.791684893049312520e-03
5.375736329544330942e-03
4.972955581345785137e-03
4.623932691364488097e-03
4.277113472251995244e-03
3.943352062140484393e-03
3.636474339395540534e-03
3.322796159175549300e-03
3.038536400453006794e-03
2.759166747303626929e-03
2.502971138831848030e-03
2.262988494984453664e-03
2.033108905992678066e-03
1.809066729843579469e-03
1.607877249746517264e-03
1.413755519566348325e-03
1.239912759315801557e-03
1.078806517089615563e-03
9.230647048509910742e-04
7.833672752357544178e-04
6.544687377282643916e-04
5.406872397096726662e-04
4.345486180127265392e-04
3.423361849451683346e-04
2.608902842057640161e-04
1.921102033210905162e-04
1.340274198769383896e-04
8.583554300594418518e-05
5.010577244046062303e-05
2.274178364317156118e-05
6.651585865799609957e-06
8.242132395707610185e-07
8.645751724281592792e-09
0.000000000000000000e+00
0.000000000000000000e+00
0.000000000000000000e+00
0.000000000000000000e+00
0.000000000000000000e+00
0.000000000000000000e+00
0.000000000000000000e+00
0.000000000000000000e+00
0.000000000000000000e+00
0.000000000000000000e+00
0.000000000000000000e+00
0.000000000000000000e+00
0.000000000000000000e+00
0.000000000000000000e+00
0.000000000000000000e+00
0.000000000000000000e+00
0.000000000000000000e+00
0.000000000000000000e+00
0.000000000000000000e+00
0.000000000000000000e+00
0.000000000000000000e+00
0.000000000000000000e+00
0.000000000000000000e+00
0.000000000000000000e+00
0.000000000000000000e+00
0.000000000000000000e+00
0.000000000000000000e+00
0.000000000000000000e+00
0.000000000000000000e+00
0.000000000000000000e+00
0.000000000000000000e+00
0.000000000000000000e+00
0.000000000000000000e+00
0.000000000000000000e+00
0.000000000000000000e+00
0.000000000000000000e+00
0.000000000000000000e+00
0.000000000000000000e+00
0.000000000000000000e+00
0.000000000000000000e+00
0.000000000000000000e+00
0.000000000000000000e+00
0.000000000000000000e+00
0.000000000000000000e+00
0.000000000000000000e+00
0.000000000000000000e+00
0.000000000000000000e+00
0.000000000000000000e+00
0.000000000000000000e+00
0.000000000000000000e+00
0.000000000000000000e+00
0.000000000000000000e+00
0.000000000000000000e+00
0.000000000000000000e+00
0.000000000000000000e+00
0.000000000000000000e+00
0.000000000000000000e+00
0.000000000000000000e+00
0.000000000000000000e+00
0.000000000000000000e+00
0.000000000000000000e+00
0.000000000000000000e+00
0.000000000000000000e+00
0.000000000000000000e+00
0.000000000000000000e+00
0.000000000000000000e+00
0.000000000000000000e+00
0.000000000000000000e+00
0.000000000000000000e+00
0.000000000000000000e+00
0.000000000000000000e+00
0.000000000000000000e+00
0.000000000000000000e+00
0.000000000000000000e+00
0.000000000000000000e+00
