0.000000000000000000e+00
0.000000000000000000e+00
0.000000000000000000e+00
0.000000000000000000e+00
0.000000000000000000e+00
0.000000000000000000e+00
0.000000000000000000e+00
0.000000000000000000e+00
0.000000000000000000e+00
0.000000000000000000e+00
0.000000000000000000e+00
0.000000000000000000e+00
0.000000000000000000e+00
0.000000000000000000e+00
0.000000000000000000e+00
0.000000000000000000e+00
0.000000000000000000e+00
0.000000000000000000e+00
0.000000000000000000e+00
0.000000000000000000e+00
0.000000000000000000e+00
0.000000000000000000e+00
0.000000000000000000e+00
0.000000000000000000e+00
1.966406303086563629e-03
1.089133086168806754e-02
6.891381482022546079e-02
2.169538067467549902e-01
4.534047183340106923e-01
9.291175641606083113e-01
1.273974827254152231e+00
1.651192099287923876e+00
1.638319881421634205e+00
1.534613964942720399e+00
1.207937345775452531e+00
9.994123515560608961e-01
7.735120183569738073e-01
6.841243583230629532e-01
7.215194430366917988e-01
6.846946091502460474e-01
6.829671543414153057e-01
7.779368973020853728e-01
7.711694680187309858e-01
8.521553512487693993e-01
8.786681848577702070e-01
9.197288478100821285e-01
9.881472068544184806e-01
1.009763725969525572e+00
1.032288631936199463e+00
1.095065214253200914e+00
1.127113713995087085e+00
1.160767391837129070e+00
1.231322534356555254e+00
1.259547471081528203e+00
1.299198311168973774e+00
1.230958854990889195e+00
1.216615600252249907e+00
1.200731620072751138e+00
1.205909821807607196e+00
1.136373631328044365e+00
1.120082113851740058e+00
1.047124786946913577e+00
1.022951607649318140e+00
1.049831440701496810e+00
1.035124092523141082e+00
1.023570168356390919e+00
1.021046875771484341e+00
9.936091797775196133e-01
9.950006115366847315e-01
9.880805610907168468e-01
9.994381691249702993e-01
9.756033123559908482e-01
9.758264780155345708e-01
1.010857567723778105e+00
1.000067409119004713e+00
9.861769659290142709e-01
1.034189153829277119e+00
1.015927736242781210e+00
1.001511886553704045e+00
1.014764900893907029e+00
1.010841573224892764e+00
1.008936756024638726e+00
1.003878201075433019e+00
1.013670556981380200e+00
1.000401610405593278e+00
1.003297867507151997e+00
1.011000026458407364e+00
1.004213281285952108e+00
9.965690571260579222e-01
9.997719923686401167e-01
9.887540017806391024e-01
9.799502080431360396e-01
1.000543133603986279e+00
1.014094182196224381e+00
9.871936549916833226e-01
9.821601893609783751e-01
9.820661876239696886e-01
9.759329160159605498e-01
9.765369483773480574e-01
9.928976054587094202e-01
9.870284318817308389e-01
1.010645166835847375e+00
9.754034704110948750e-01
9.955468989107033595e-01
9.763684776041511304e-01
9.933715056126068976e-01
9.871897662556701203e-01
9.799413866446226029e-01
9.868301207929169871e-01
9.755831426196019951e-01
9.903934637340712221e-01
9.859069404389328994e-01
9.734012098922648626e-01
9.795086156653806109e-01
9.676966346959816612e-01
9.805686161852358307e-01
9.860736304940025398e-01
9.868037749391230795e-01
9.750951272061011421e-01
9.883557134806647548e-01
1.003238728632003696e+00
9.850332898457341280e-01
9.923808645172076393e-01
9.888361404320504811e-01
9.832966489806715948e-01
9.998429664937810157e-01
9.824747861615342748e-01
9.767094827144746638e-01
9.858027837855037889e-01
9.779576686326251211e-01
9.836145915890834868e-01
9.896696591687719202e-01
9.745859692692604437e-01
9.826932621351260888e-01
9.736818550512570392e-01
9.801952257055804862e-01
9.771637087306939140e-01
9.773007777304854038e-01
9.792397905638675626e-01
9.747747961600683464e-01
9.877394567375500367e-01
9.882728505944915476e-01
9.850315649878876867e-01
9.846506853024324935e-01
9.797761217048684967e-01
9.773398481653788883e-01
9.838441034292609855e-01
9.823778025924355672e-01
9.969211516977549703e-01
9.882770493360545361e-01
9.869662393040901094e-01
9.921357542930697715e-01
9.972882846360409115e-01
9.917516374729030693e-01
9.927528713579667485e-01
9.969173859329083509e-01
9.899054238425384344e-01
9.947449912939769767e-01
9.825615719262981163e-01
9.917641468335097743e-01
9.903967264033139983e-01
9.889417597878230604e-01
9.895039225393512661e-01
9.932020641303112019e-01
9.844788776462360946e-01
9.820565378765895304e-01
9.963137169820365235e-01
1.001241318100896338e+00
9.955460062048312464e-01
1.000721394884897419e+00
9.918597721520659993e-01
9.911232871063554439e-01
9.927968414597372337e-01
9.852679140897495635e-01
9.825367978797353574e-01
9.904204868538895035e-01
9.985176686763043152e-01
9.821278163303209796e-01
9.855298335489846018e-01
9.970022741703936653e-01
9.869278579627054349e-01
9.865106864614306970e-01
9.982714416788218692e-01
1.005300573512917905e+00
9.975537140472680031e-01
9.952668411540974702e-01
9.826878195570752927e-01
9.891238115134153297e-01
9.954347274425716652e-01
9.873563317622782165e-01
9.949737922505407228e-01
9.799097690751386036e-01
9.964514224324623193e-01
9.933988370166557669e-01
9.823052729358865420e-01
9.863970504649889337e-01
9.902020009772892761e-01
9.900056782130052246e-01
9.857483823433617065e-01
9.804290432047993997e-01
9.908182821491441361e-01
9.907192188839191171e-01
9.909480292839676352e-01
9.946307425152222104e-01
9.999161083053854648e-01
9.961065181404953339e-01
9.870637343370153305e-01
9.880188976146349056e-01
9.917073533196548718e-01
9.863777677234860652e-01
9.962102552095641883e-01
9.859148454264607953e-01
9.904345926147514190e-01
9.834831998277143716e-01
9.955274849119355451e-01
9.927917269944871448e-01
9.814253212231854873e-01
9.981993360445383656e-01
9.919269677754477543e-01
9.879078555907826464e-01
9.977845353634299252e-01
9.947386661685372333e-01
9.935432189077129106e-01
9.877445834141365122e-01
9.878886428010146270e-01
1.001781115746282591e+00
9.949568329746567574e-01
9.956036096621921905e-01
9.949348402392459434e-01
9.967949764014487624e-01
9.985187932100405561e-01
1.002664785179904872e+00
9.993213075560649639e-01
1.003771150514357835e+00
1.002548851068124858e+00
9.940527254287754300e-01
1.004406136660427107e+00
1.005174333402483855e+00
1.002387041171439952e+00
9.955979756273476422e-01
9.986223194927410507e-01
9.913003731977624300e-01
1.006969828809502365e+00
1.003076273134843710e+00
1.002312920029987842e+00
9.984731620118050266e-01
9.933803373268177417e-01
9.975873576336591331e-01
1.001828439324357278e+00
1.002499248487416672e+00
9.888674579614820104e-01
9.973870864162858174e-01
1.004463407769120131e+00
1.003240969164265639e+00
1.004667674890849405e+00
9.960592402517473021e-01
1.003325976625716098e+00
1.003008052757494051e+00
9.990964291311406065e-01
9.949347092963117811e-01
1.008568654046927637e+00
1.001853697745402005e+00
1.002458407075672353e+00
9.982474903857792015e-01
9.986611601146444528e-01
1.001770041852969584e+00
1.002909372881147343e+00
1.004036694530317630e+00
1.000796476731774964e+00
1.002046334634510982e+00
1.008655137776557131e+00
1.004777893123381949e+00
1.000342078736151663e+00
1.005854989873188998e+00
1.008989474556513777e+00
1.002611185625332357e+00
1.007215381931937159e+00
1.004905486690912619e+00
9.996043949547777085e-01
1.000367600296364179e+00
9.964433729488048064e-01
1.008236449154126024e+00
1.002324081061679140e+00
1.004900739843887836e+00
1.013425409202291405e+00
1.005585440720499601e+00
1.006746819769855916e+00
1.005097025382513110e+00
1.005417336346729806e+00
1.003047109964084527e+00
9.971465303915257872e-01
1.000569634769899130e+00
1.003660537385546947e+00
1.003506815755995429e+00
1.000909250053577670e+00
9.925240740052182487e-01
9.989194453594978373e-01
9.961900432392553073e-01
9.993307037496496070e-01
1.000406884795340678e+00
9.952630863184882548e-01
9.899056776437843430e-01
9.979624054821005785e-01
9.924349721841639882e-01
1.008246118138251823e+00
9.989368460086700541e-01
9.952691010539165273e-01
1.003350911885514618e+00
1.004447883831040444e+00
1.003698156398486141e+00
1.001467891155492618e+00
9.964230097621888937e-01
1.002362002751638004e+00
9.982236674062606729e-01
9.949053270300854956e-01
1.002377366243026202e+00
1.009770611539562601e+00
9.954683994541037029e-01
9.981645669557815959e-01
1.003421086442659371e+00
1.004443927071332787e+00
9.971315928160017217e-01
9.977108297376416912e-01
9.978239317292911803e-01
1.000573647602136518e+00
9.956162309159062307e-01
9.997812478497353217e-01
9.989460683175284128e-01
9.989667282524312686e-01
1.000469227756449531e+00
9.928570374767282658e-01
9.939444395225821571e-01
1.004835079367355721e+00
1.000293448636513149e+00
1.001042235385579238e+00
9.975168151970850161e-01
1.008673756288965606e+00
9.993577916833797925e-01
1.003197876902924390e+00
9.994885234025780996e-01
9.984425021700069625e-01
1.001572130425110840e+00
1.007415670780293038e+00
1.002789219832997070e+00
9.995024733044184373e-01
1.002635354882224883e+00
9.952144842752356224e-01
1.003239761853147005e+00
9.962366911484231702e-01
9.971253238381220241e-01
9.946243743787130942e-01
1.002626709030394636e+00
1.000603818245399790e+00
9.980870555051386539e-01
9.996501634098684530e-01
9.948468196838001765e-01
1.000438259741507796e+00
1.000557468383464377e+00
9.969857131964965369e-01
1.005933663418942858e+00
1.002922194927440058e+00
9.960442666649821364e-01
9.970964793086564137e-01
9.795210080312098944e-01
9.754510317660225471e-01
9.692016935509982778e-01
9.619161629580562645e-01
9.435422202091122701e-01
9.458436666828319295e-01
9.332604997293328930e-01
9.258903087973455737e-01
9.167981449423268092e-01
9.140348007387532059e-01
8.997961741449920225e-01
8.962093331428498955e-01
8.830364689121419364e-01
8.727389317555318549e-01
8.709957677236410678e-01
8.618097461618793309e-01
8.517493036606048618e-01
8.478652573140860182e-01
8.409442050422265558e-01
8.324055590451340247e-01
8.184140542523246076e-01
8.166299151119180699e-01
8.139159068144080633e-01
8.004399578442482621e-01
7.960231011928123879e-01
7.897091743312816270e-01
7.802825341784351831e-01
7.770654748351955021e-01
7.682563231729844233e-01
7.607987647230856076e-01
7.557170296947686161e-01
7.464671492070454883e-01
7.332935990027332762e-01
7.329033696941302800e-01
7.251561051253888612e-01
7.209562789091632506e-01
7.158352027818658536e-01
7.035363488302377455e-01
7.018156861813944492e-01
6.953233103554244954e-01
6.881325240264923870e-01
6.803260607616989919e-01
6.717696950510138043e-01
6.657538836814201888e-01
6.613956003724674737e-01
6.498845074623617046e-01
6.455879842646033984e-01
6.394130613264005225e-01
6.364206644319841955e-01
6.310700914347187052e-01
6.208686800657274851e-01
6.139875931135113651e-01
6.089638483230193078e-01
5.996667708660744500e-01
5.928152949418956652e-01
5.906798765273461038e-01
5.809577448990507209e-01
5.766556388105211761e-01
5.691319055436168117e-01
5.648604232104856848e-01
5.550545089396112797e-01
5.533530868496741029e-01
5.434459535639023509e-01
5.399919800165743355e-01
5.321267202744440761e-01
5.284629558504492230e-01
5.204311166021897694e-01
5.174237449508801712e-01
5.097341901943830411e-01
5.061365109246732663e-01
4.996894792913109118e-01
4.929024319496568829e-01
4.894712507244398103e-01
4.828816636312453503e-01
4.777471641560129823e-01
4.676016946826245246e-01
4.655923545894457560e-01
4.640527038511717550e-01
4.564901799287096607e-01
4.480386324402211295e-01
4.429955591599766818e-01
4.366907792537045863e-01
4.331979469066519206e-01
4.285062646588721491e-01
4.235397140590488330e-01
4.180145426590620161e-01
4.136735983688440976e-01
4.074475274282506332e-01
4.016662806028979960e-01
4.001811917161486876e-01
3.898714402438992477e-01
3.813628763646402242e-01
3.804128257766956067e-01
3.768956150409099592e-01
3.702301362521002726e-01
3.682294675009160079e-01
3.611045004847399098e-01
3.553182482747088700e-01
3.513246560381082517e-01
3.457010945198761842e-01
3.416778203941852055e-01
3.350870615927708518e-01
3.289256246840588371e-01
3.228030337229851332e-01
3.223363638324939218e-01
3.155458324308168527e-01
3.087833909378591146e-01
3.047312083856885123e-01
2.997600816721670558e-01
2.929670146565179767e-01
2.913359690102979571e-01
2.855267711099484518e-01
2.821968594919138096e-01
2.756636293887426148e-01
2.726463323575748499e-01
2.656818066920610399e-01
2.632552641147702377e-01
2.572572485414748589e-01
2.527171719002500039e-01
2.509963177108114896e-01
2.413290673993925550e-01
2.394689166440736594e-01
2.356036982407846148e-01
2.308005906222005132e-01
2.267600889661596508e-01
2.200496761380357491e-01
2.146533963486961794e-01
2.106436785175740678e-01
2.068504786536522755e-01
2.013877676171052233e-01
1.966898236376736775e-01
1.946399374575878138e-01
1.892777387068842465e-01
1.861072902782356375e-01
1.795266860241404305e-01
1.759853706475853485e-01
1.714868043173967960e-01
1.676023951330251893e-01
1.620108712088217384e-01
1.581829319583376581e-01
1.551244904688108550e-01
1.499601280226529609e-01
1.428350026180437993e-01
1.424786226195408068e-01
1.366742052064721935e-01
1.316995575034186905e-01
1.278588324311728808e-01
1.248942239617716887e-01
1.216720517171388793e-01
1.159751309873485459e-01
1.131421156833695152e-01
1.095587192414213262e-01
1.053447885687711361e-01
1.040433917331617802e-01
1.015081921510541663e-01
9.731437779106298647e-02
9.406189614406466892e-02
9.191429408856015282e-02
8.978679767811435786e-02
8.672360337339855840e-02
8.525970709067171027e-02
8.159638695651333373e-02
7.856733491952688775e-02
7.677865021369270626e-02
7.457021761041261743e-02
7.259770947419877385e-02
7.022271674666479002e-02
6.815452903347275770e-02
6.693298991184921942e-02
6.477925611363023750e-02
6.181996024141727525e-02
6.103515728884187364e-02
5.860499301445014353e-02
5.755825376300066631e-02
5.471692254945743211e-02
5.377705228256014075e-02
5.254769042510271104e-02
5.120582404067952620e-02
4.918909034010928577e-02
4.801716758559386455e-02
4.641392734192664044e-02
4.561449072540550709e-02
4.260694206183884836e-02
4.202032239308427231e-02
4.047284227061258982e-02
3.920317945439831531e-02
3.796593994851518716e-02
3.632061674939933427e-02
3.511002563771557783e-02
3.366044977737992633e-02
3.341562714315483851e-02
3.182088393070677673e-02
3.121292041447286392e-02
2.978575880473430942e-02
2.914345616081816595e-02
2.797193092296480776e-02
2.749869463738279993e-02
2.593142565800122396e-02
2.533366790725952861e-02
2.468029783279451772e-02
2.339567031226022498e-02
2.278310047368245841e-02
2.211564976571795890e-02
2.117688138194664949e-02
2.041319994752746961e-02
1.950499856630793366e-02
1.889422906265317281e-02
1.805911374053115540e-02
1.691888648464178954e-02
1.641681651000066397e-02
1.586789346884971003e-02
1.507947224396846003e-02
1.440692381852869478e-02
1.417228506486194022e-02
1.301179261546631799e-02
1.267759733958803182e-02
1.201870922408496481e-02
1.123466482238908576e-02
1.081552446381954177e-02
1.012434040224186732e-02
9.763747489257667070e-03
9.391739353132236637e-03
8.670967074291919749e-03
8.102621735553140053e-03
7.712521988047931626e-03
7.284121797967391121e-03
6.732891918018552198e-03
6.232748409211731101e-03
5.989002187988243242e-03
5.743501907267521342e-03
5.335403014174049802e-03
4.936695376314209453e-03
4.460739690139076119e-03
4.269954673336674895e-03
4.083727481534397095e-03
3.694391512277404085e-03
3.484998729107442392e-03
3.110020109304769027e-03
3.001802947382882242e-03
2.666645996556862679e-03
2.489271618504333618e-03
2.103071290924470906e-03
1.999534593795420680e-03
1.781135624485643849e-03
1.576957439800466152e-03
1.447439118544267952e-03
1.267917786099073121e-03
1.073727262619669515e-03
8.902701344576811806e-04
9.377124825774602480e-04
6.837431352208264007e-04
6.127423767219971262e-04
5.421990520399285092e-04
4.037781472664119919e-04
3.034015342713758563e-04
2.900775153204938721e-04
1.753306551716322145e-04
1.716999137743421735e-04
8.863012339964911122e-05
5.483519799113563853e-05
3.643962953474906579e-05
3.632302281990136170e-05
6.034495820423516548e-06
0.000000000000000000e+00
0.000000000000000000e+00
0.000000000000000000e+00
0.000000000000000000e+00
0.000000000000000000e+00
0.000000000000000000e+00
0.000000000000000000e+00
0.000000000000000000e+00
0.000000000000000000e+00
0.000000000000000000e+00
0.000000000000000000e+00
0.000000000000000000e+00
0.000000000000000000e+00
0.000000000000000000e+00
0.000000000000000000e+00
0.000000000000000000e+00
0.000000000000000000e+00
0.000000000000000000e+00
0.000000000000000000e+00
0.000000000000000000e+00
0.000000000000000000e+00
0.000000000000000000e+00
0.000000000000000000e+00
0.000000000000000000e+00
