0.000000000000000000e+00
0.000000000000000000e+00
0.000000000000000000e+00
0.000000000000000000e+00
0.000000000000000000e+00
0.000000000000000000e+00
0.000000000000000000e+00
0.000000000000000000e+00
0.000000000000000000e+00
0.000000000000000000e+00
0.000000000000000000e+00
0.000000000000000000e+00
0.000000000000000000e+00
0.000000000000000000e+00
0.000000000000000000e+00
0.000000000000000000e+00
0.000000000000000000e+00
0.000000000000000000e+00
0.000000000000000000e+00
0.000000000000000000e+00
0.000000000000000000e+00
0.000000000000000000e+00
0.000000000000000000e+00
0.000000000000000000e+00
0.000000000000000000e+00
0.000000000000000000e+00
0.000000000000000000e+00
0.000000000000000000e+00
0.000000000000000000e+00
0.000000000000000000e+00
0.000000000000000000e+00
5.688486260780585904e-03
5.908470280267864860e-02
2.593559368917725538e-01
5.919776698384932034e-01
9.784227593859354810e-01
1.248746726222634829e+00
1.382294605790387987e+00
1.466837260481688388e+00
1.485114878812244354e+00
1.462161735845626698e+00
1.421921902860753040e+00
1.384749101543850447e+00
1.322323599095623248e+00
1.293843041179639997e+00
1.245057491811904393e+00
1.235183155791025333e+00
1.204919212646239357e+00
1.209535119167525430e+00
1.209147155588454092e+00
1.204374838047158391e+00
1.192391920557009488e+00
1.150995039722966684e+00
1.105505397818982383e+00
1.034293458994345549e+00
1.006071675737557625e+00
9.782146374735094518e-01
9.683563657889650012e-01
9.484492149846744935e-01
9.573903274461506019e-01
9.730542253123586338e-01
9.695174861129924881e-01
9.790125204606140441e-01
9.920820261904846893e-01
9.961196931963919310e-01
1.007121090943382091e+00
9.997711655312274681e-01
1.001527969321909683e+00
1.013243330724232338e+00
1.010666877494150295e+00
1.019699270452228745e+00
1.016417832957906775e+00
1.008875676735631499e+00
1.016407445202009763e+00
1.016361801474080284e+00
1.017139061101624220e+00
1.014634957034679097e+00
1.014314454709615454e+00
1.017552395032198964e+00
1.012538938944272937e+00
1.013129228417974259e+00
1.018452779505957251e+00
1.013473237532499294e+00
1.002847768702433973e+00
1.006325463605425297e+00
1.001281039070376799e+00
9.973098335372505563e-01
9.927846000335185384e-01
9.903974139730191695e-01
9.917908263521747481e-01
9.904103875308317706e-01
9.890438640749531496e-01
9.837827339253694126e-01
9.878391344136298047e-01
9.890117960736289904e-01
9.976965095621762591e-01
9.930467734003917135e-01
1.001138043606290218e+00
9.946026317369940362e-01
1.001885773310322136e+00
1.002947109713467677e+00
1.005364404651410970e+00
1.003999496294468718e+00
1.006277519645184082e+00
1.003193770262989615e+00
1.010437590653182616e+00
1.002059123997571799e+00
1.008580662764438696e+00
1.005428277422411698e+00
1.009506139224611632e+00
1.001566507712378096e+00
1.005150625281752808e+00
1.002777679408893841e+00
1.001886266292686178e+00
1.001490299472370671e+00
1.002147374190511586e+00
9.975728561148304863e-01
1.002196036880184327e+00
1.001584091425298695e+00
9.966233250163281099e-01
9.967424260543504833e-01
1.000993752705412243e+00
9.998212185876661495e-01
9.973332242746899556e-01
9.956891035175979843e-01
9.999280404516130982e-01
9.987774664301179994e-01
1.000357069827734424e+00
9.987286989676735782e-01
9.981234884913676719e-01
9.985576903292294748e-01
9.975883377091707693e-01
1.001053992444196794e+00
9.955314145023008710e-01
1.001677855169125220e+00
1.000922013917836306e+00
1.005002411086566294e+00
9.980988487890020133e-01
1.003854135088716681e+00
1.001187588967026088e+00
9.992125710577978159e-01
1.003624350150743139e+00
9.978435333681606734e-01
9.995168488719284872e-01
1.000247596747692480e+00
1.000662659932689547e+00
1.001921059084762922e+00
9.977174180641906753e-01
9.998433994154970472e-01
9.976632620402045015e-01
9.977660876421182712e-01
9.990739340150142089e-01
9.967995284495787534e-01
9.951548276248897151e-01
9.941026422007462893e-01
9.994303882509202319e-01
9.975095539724274651e-01
1.000245318409546336e+00
1.000492622790150721e+00
9.979715355374155772e-01
9.917680713410049753e-01
9.993577107052449282e-01
9.953602258080563869e-01
9.964892368066690098e-01
9.979345187577919329e-01
9.956714702169735531e-01
9.970250898348255175e-01
9.933974048809267599e-01
9.942943656024131327e-01
9.988081979137191091e-01
9.970222121922291958e-01
9.964265561136618210e-01
9.950116880363114591e-01
1.000140594168412944e+00
9.948000902750073760e-01
9.910306137535825899e-01
9.978810806689574209e-01
9.961445855287502926e-01
9.979743455895753179e-01
9.971001156596160930e-01
9.942094308723719021e-01
9.959612920353145826e-01
9.954182704858247632e-01
9.957072237639561507e-01
9.972330460575214994e-01
9.977922394467412248e-01
9.965949118137492624e-01
9.959055516723237522e-01
9.956452885542728115e-01
9.948130369858132482e-01
9.984336801073719903e-01
9.942166558050619107e-01
9.909959976110750413e-01
9.963678388477761327e-01
9.976271084625870644e-01
9.967352659232275869e-01
9.956995229289452576e-01
9.937270691992480254e-01
9.966795189360879714e-01
9.933279645999697482e-01
9.928071924933294934e-01
9.965052176815010210e-01
9.935912208654221756e-01
9.976277072682175895e-01
9.936607349264870992e-01
9.926339907814961672e-01
9.941006455116201401e-01
9.939321025435016166e-01
9.953674480697065619e-01
9.936167530952346727e-01
9.953540512435975485e-01
9.946783980099680456e-01
9.930845034542545857e-01
9.943998277132218844e-01
9.957401071510055823e-01
9.945541985317830624e-01
9.930340878524414050e-01
9.973558002138840362e-01
9.947059680400286430e-01
9.959889250075565359e-01
9.962307421407540220e-01
9.954290093368909353e-01
9.957932766847195083e-01
9.958702484835701974e-01
9.957710903848434603e-01
9.958879555869055711e-01
9.960469844530213113e-01
9.960083426084631597e-01
9.935679972802308191e-01
9.940138290463058635e-01
9.953206358909056917e-01
9.944810921286458827e-01
9.964524237591193545e-01
9.951069313106249981e-01
9.944085596132258287e-01
9.957832366231683663e-01
9.947988658180515475e-01
9.949022231897055590e-01
9.959425266671931842e-01
9.965167343450631599e-01
9.927712481552573021e-01
9.948114426319280001e-01
9.954893177992268916e-01
9.958423007104881819e-01
9.977650371844462018e-01
9.954494420671460286e-01
9.973067745863215539e-01
9.959615369366116022e-01
9.955007521786416458e-01
9.955183599778446579e-01
9.964408759818038641e-01
9.932912000904852157e-01
9.956611289763301897e-01
9.959955133718683129e-01
9.963827047334590237e-01
9.949500654660980992e-01
9.967535846991665283e-01
9.972398020430067733e-01
9.979054455907447885e-01
9.953932892082109074e-01
9.950577076160964651e-01
9.951451459374541786e-01
9.955006889772025636e-01
9.958513252639664692e-01
9.936897554271610922e-01
9.941448604008743528e-01
9.979123341822568882e-01
9.958221452836204524e-01
9.947724667300027468e-01
9.971496880639699745e-01
9.959435235328636393e-01
9.976438528514994797e-01
9.962430881796825455e-01
9.978304483233358946e-01
9.947037542997609894e-01
9.991623999004982659e-01
9.987912544810209070e-01
9.953470086871869515e-01
9.986769422652704842e-01
9.954319026082902866e-01
9.986863259033371687e-01
9.982955874056990142e-01
9.966001538986463126e-01
9.983849814723372296e-01
1.000560950292738838e+00
9.986757402755573887e-01
9.987024393634910124e-01
9.966996146269705426e-01
9.970639997647042785e-01
9.989410676274611545e-01
9.988427752343826960e-01
9.971981434896373120e-01
9.987818241849359957e-01
9.985366692643031783e-01
9.993549251225617436e-01
1.000255127027237290e+00
9.973938511800333195e-01
9.984641886677746436e-01
9.983467128713255923e-01
9.975317429520965673e-01
9.988851629205157678e-01
9.975577770126978772e-01
9.979696510216006233e-01
9.976525879395230501e-01
9.975214750107306294e-01
9.976263221899536182e-01
9.985781522085194206e-01
9.968145911310497542e-01
9.992092006336023013e-01
9.972924989159126508e-01
9.975980121224495845e-01
9.975113415129605032e-01
9.980815392092939886e-01
9.988907608216889278e-01
9.996038400376032751e-01
9.975272511459684077e-01
9.994961499995987930e-01
9.984452433718210562e-01
9.976817881328738924e-01
9.996419309068811376e-01
9.985253944487327837e-01
9.969778202212802309e-01
9.978377372543312251e-01
9.974813201252759054e-01
9.965014385596032698e-01
9.996081478067484483e-01
9.992711884566296554e-01
9.969416143712567235e-01
9.986457513190897251e-01
9.980585003263500177e-01
9.983307971119713686e-01
9.974467219364105963e-01
9.978075919644101566e-01
9.994619534427875429e-01
9.993777020808494171e-01
9.977740944425658176e-01
9.989137367524781874e-01
9.983897918074119415e-01
9.988240872246579860e-01
9.960590427765804167e-01
1.000137430772636282e+00
9.989974836604461617e-01
9.985165745493282952e-01
9.986895852166500775e-01
9.978045412299283434e-01
9.981389349968479152e-01
9.974273672566054127e-01
9.933302695919795644e-01
9.847526977302426543e-01
9.764365094002082079e-01
9.685267736055005461e-01
9.590894443716054818e-01
9.510694846462993679e-01
9.439259701984828999e-01
9.354036501128831782e-01
9.258606736471995946e-01
9.177549375592416459e-01
9.108977993178405397e-01
9.020815710338181415e-01
8.944576200279894529e-01
8.858372274838580696e-01
8.769112701088582762e-01
8.701807739882096993e-01
8.633513653527259413e-01
8.562245623976817432e-01
8.449746827362180079e-01
8.389664564367452781e-01
8.317997155849384816e-01
8.235233680821285596e-01
8.162105011040289293e-01
8.085144624603122221e-01
7.999115776667405919e-01
7.938371187171969767e-01
7.858685247296358645e-01
7.782143405652910406e-01
7.726986328184328734e-01
7.634143084766491505e-01
7.555813635623233049e-01
7.494500527659199163e-01
7.415846105662308174e-01
7.358938682121862751e-01
7.280117695106054221e-01
7.198765266090225712e-01
7.144615606895927673e-01
7.049658318506096810e-01
7.007971528320164900e-01
6.916505648050255139e-01
6.843153923751886802e-01
6.788296861117287806e-01
6.703598035189221038e-01
6.649165271561342516e-01
6.584832744844090202e-01
6.511652472973341599e-01
6.439116337486393560e-01
6.371994203308654070e-01
6.304752790005319074e-01
6.253411917028375289e-01
6.168109520500474341e-01
6.106373558027994308e-01
6.038611072059790752e-01
5.991707257420751942e-01
5.928367089557036174e-01
5.854563189648412935e-01
5.794814612396788078e-01
5.720593425767156459e-01
5.658478451661970166e-01
5.596769348413002110e-01
5.542145687736581561e-01
5.469428714870547825e-01
5.415208898389342052e-01
5.346055098618118784e-01
5.299277816854799372e-01
5.232860776655899882e-01
5.159940942095855299e-01
5.112874802357818549e-01
5.049050779412932455e-01
4.986228227883122144e-01
4.919470036889997400e-01
4.861915317229594247e-01
4.803799742137948026e-01
4.752379483297573537e-01
4.689672481797104719e-01
4.622642451979733225e-01
4.564078714641617296e-01
4.510636855036427306e-01
4.448539908422748379e-01
4.392959063734563907e-01
4.344743291309816069e-01
4.283013475466003750e-01
4.221475911558675853e-01
4.164411345222172045e-01
4.111633788665579603e-01
4.052603290612312725e-01
3.997433985890740393e-01
3.947202803415400529e-01
3.882211135324475371e-01
3.836633492284847180e-01
3.781120594678545888e-01
3.727624549632329032e-01
3.668725412008205233e-01
3.608225319798861741e-01
3.561021036372441495e-01
3.502979181468120484e-01
3.452035617508673604e-01
3.394884112263602538e-01
3.344242219893941437e-01
3.301856721839703246e-01
3.246009344105885708e-01
3.189821846262078653e-01
3.144428164628373934e-01
3.090751803590705005e-01
3.032953201468480686e-01
2.982376109562586697e-01
2.934291808208214780e-01
2.889617593228015480e-01
2.837329734569505324e-01
2.792371508410083636e-01
2.736349882007117484e-01
2.683981727546376206e-01
2.639206038025896928e-01
2.585376377098913547e-01
2.532698095788493697e-01
2.492450484370303532e-01
2.445937495134755668e-01
2.386616495730300158e-01
2.345761819307289053e-01
2.289755027823177080e-01
2.255106653093896518e-01
2.199197848444628678e-01
2.151538061351060682e-01
2.114924915260638916e-01
2.055467556788652672e-01
2.011826828073757234e-01
1.961818848056863518e-01
1.914494210892529746e-01
1.871586899078528099e-01
1.828722317548088783e-01
1.782916141277904876e-01
1.736653149503981919e-01
1.689972674195904245e-01
1.646995997367107223e-01
1.602399780274567642e-01
1.557381003806663222e-01
1.510214764536488008e-01
1.470434274585196155e-01
1.425148479545484959e-01
1.380010715814850297e-01
1.332201406601308258e-01
1.290337255160561858e-01
1.248319225442669628e-01
1.209244648802283023e-01
1.165997963736711412e-01
1.130543760863188668e-01
1.092896176546807735e-01
1.063522984910815899e-01
1.030890007504825234e-01
9.976555704932418833e-02
9.674381010394236813e-02
9.444109366259044458e-02
9.133641102378614596e-02
8.845346968307425672e-02
8.620386019537941424e-02
8.319406298328851923e-02
8.072464777755328225e-02
7.870306200359157567e-02
7.612371441393182836e-02
7.405690243511077464e-02
7.161002596996679515e-02
6.951997902215495406e-02
6.738505008592207690e-02
6.555237762865498419e-02
6.357800064049125288e-02
6.125681349555756050e-02
5.951223570609355529e-02
5.771274749520331065e-02
5.606262997390962927e-02
5.420526281430808335e-02
5.257618084196347130e-02
5.087526326779494984e-02
4.895340988033619611e-02
4.756250959017437746e-02
4.612747174341615131e-02
4.474363406027664913e-02
4.323749792475713866e-02
4.181723314260495789e-02
4.035230272729679185e-02
3.900269782484392517e-02
3.752982458109659081e-02
3.648001479659113144e-02
3.519321769505528302e-02
3.398813850673731290e-02
3.279451007600447249e-02
3.161110216567283859e-02
3.045990318897093263e-02
2.936108110756004141e-02
2.815325103963910516e-02
2.727170095425679452e-02
2.609236900332013998e-02
2.529807127497167227e-02
2.424820548766893138e-02
2.333754048978728401e-02
2.238839038235414247e-02
2.141133195248044740e-02
2.067963725419023555e-02
1.966793320421376251e-02
1.897990524586755726e-02
1.812096632564123497e-02
1.724791759760658030e-02
1.651882231453788430e-02
1.599949893457407873e-02
1.515769089342980207e-02
1.447000244954851043e-02
1.379695841458378203e-02
1.317700287613221034e-02
1.259710471586293623e-02
1.189772872123193333e-02
1.127242023145123839e-02
1.079270177143112040e-02
1.016849422459835915e-02
9.668098592525882495e-03
9.107470087949433649e-03
8.628467912465732220e-03
8.169305504885463268e-03
7.594941544947618299e-03
7.184690610512158709e-03
6.680040055174926196e-03
6.400931257300666345e-03
5.921683066462070724e-03
5.529798804504703139e-03
5.107789017898493183e-03
4.813707395287857536e-03
4.556217213642181629e-03
4.190334357736069486e-03
3.845107745692466061e-03
3.590676969525267038e-03
3.293611952967044360e-03
2.997623309908558058e-03
2.752524662231060036e-03
2.523104455886656522e-03
2.261631643286656640e-03
2.056622936646694370e-03
1.854899708521174804e-03
1.675579457140729525e-03
1.464004628720514106e-03
1.268519000657353148e-03
1.126244103772422282e-03
9.685209739475508133e-04
8.359332154949757803e-04
7.396060680876584154e-04
5.991802123283245657e-04
4.710021502860096444e-04
3.786946788791849673e-04
3.155258538444473881e-04
2.198220660371800344e-04
1.759897809014269760e-04
1.234401986605018645e-04
7.992243138626262003e-05
3.997673318196053580e-05
2.408435567372000405e-05
8.890397986147985696e-06
1.476802110410123208e-06
0.000000000000000000e+00
0.000000000000000000e+00
0.000000000000000000e+00
0.000000000000000000e+00
0.000000000000000000e+00
0.000000000000000000e+00
0.000000000000000000e+00
0.000000000000000000e+00
0.000000000000000000e+00
0.000000000000000000e+00
0.000000000000000000e+00
0.000000000000000000e+00
0.000000000000000000e+00
0.000000000000000000e+00
0.000000000000000000e+00
0.000000000000000000e+00
0.000000000000000000e+00
0.000000000000000000e+00
0.000000000000000000e+00
0.000000000000000000e+00
0.000000000000000000e+00
0.000000000000000000e+00
0.000000000000000000e+00
0.000000000000000000e+00
0.000000000000000000e+00
0.000000000000000000e+00
0.000000000000000000e+00
0.000000000000000000e+00
0.000000000000000000e+00
0.000000000000000000e+00
0.000000000000000000e+00
0.000000000000000000e+00
0.000000000000000000e+00
0.000000000000000000e+00
0.000000000000000000e+00
0.000000000000000000e+00
0.000000000000000000e+00
0.000000000000000000e+00
0.000000000000000000e+00
0.000000000000000000e+00
0.000000000000000000e+00
0.000000000000000000e+00
0.000000000000000000e+00
0.000000000000000000e+00
0.000000000000000000e+00
0.000000000000000000e+00
0.000000000000000000e+00
0.000000000000000000e+00
0.000000000000000000e+00
