0.000000000000000000e+00
0.000000000000000000e+00
0.000000000000000000e+00
0.000000000000000000e+00
0.000000000000000000e+00
0.000000000000000000e+00
0.000000000000000000e+00
0.000000000000000000e+00
0.000000000000000000e+00
0.000000000000000000e+00
0.000000000000000000e+00
0.000000000000000000e+00
0.000000000000000000e+00
0.000000000000000000e+00
0.000000000000000000e+00
0.000000000000000000e+00
0.000000000000000000e+00
0.000000000000000000e+00
0.000000000000000000e+00
0.000000000000000000e+00
0.000000000000000000e+00
0.000000000000000000e+00
0.000000000000000000e+00
0.000000000000000000e+00
2.930072811500013166e-03
2.172854490306300526e-02
1.082795173258100097e-01
3.376171769713923743e-01
8.324489953876184067e-01
1.604205026314010407e+00
2.401557559924241136e+00
2.976094672183496215e+00
3.075482552061359787e+00
2.790923273680356420e+00
2.264067589653599555e+00
1.706124155419810107e+00
1.237783516313445631e+00
9.012321518684129895e-01
7.744515398622461300e-01
7.571190466281424447e-01
7.813539207303979994e-01
8.362070358199101827e-01
8.913906365710766444e-01
9.652147928484389183e-01
1.019231063569547402e+00
1.051503921885988735e+00
1.109779975392971352e+00
1.160215435208993728e+00
1.247765354883819455e+00
1.302144087889613777e+00
1.367718236538143728e+00
1.402971839374873797e+00
1.474075669152584256e+00
1.486143814972739730e+00
1.491722712745787938e+00
1.483870074172677356e+00
1.432893554939850267e+00
1.383825356828004782e+00
1.318605672152139086e+00
1.246451677397644842e+00
1.195079822316203799e+00
1.132085486495931770e+00
1.085687370503801041e+00
1.054205326715856872e+00
1.022137271874381970e+00
1.012608623070993419e+00
9.974190471390279589e-01
9.952125242550005080e-01
1.001805652709821137e+00
9.949735926449525536e-01
9.873211153021678177e-01
9.874691040687538779e-01
9.887838500340249137e-01
9.982687560457192966e-01
9.919011432144833051e-01
9.929552257419664851e-01
1.000268135117093671e+00
9.975721926344590651e-01
9.983418300653844613e-01
9.921706154174759762e-01
9.886832761002357639e-01
9.865149815122651322e-01
9.799739513277975211e-01
9.822577673304886403e-01
9.838722167507737426e-01
9.782129601997153756e-01
9.794233613577743025e-01
9.794961267175433806e-01
9.790385368921349363e-01
9.792643802096906436e-01
9.756188070963752734e-01
9.816884240288521468e-01
9.788675322442367266e-01
9.735544324006215611e-01
9.780943812713338570e-01
9.752498602272202666e-01
9.780170930645656346e-01
9.761795194766109685e-01
9.730482292805727740e-01
9.676773764370633080e-01
9.761021828027224290e-01
9.729675727619380154e-01
9.740549530955643354e-01
9.742401440457850725e-01
9.774238533678981655e-01
9.799804852442782765e-01
9.783869125994635318e-01
9.837961644185010401e-01
9.842485288838673796e-01
9.832978192297120446e-01
9.863786842060981996e-01
9.922474683561262054e-01
9.861382618630931685e-01
9.914590212038484340e-01
9.964129721081484981e-01
9.952369487408337934e-01
9.988662686859689499e-01
9.947666027241418574e-01
9.983871802947228424e-01
9.949442331811295670e-01
9.944657503525934361e-01
1.000207258581732095e+00
9.966154105897913063e-01
1.000808285345137216e+00
9.974603714981882252e-01
9.986631491383358705e-01
9.980472111099544241e-01
9.983411786215206085e-01
9.957460793603241100e-01
9.970241201055806135e-01
1.001630430843554853e+00
9.984475943070898474e-01
1.002386791362876783e+00
9.991250221753725791e-01
9.991129435436552075e-01
9.994714123405966655e-01
1.002468850784572041e+00
9.989315427671651149e-01
1.002302630954619689e+00
1.002109218010581948e+00
9.988524488620696973e-01
1.001192335088521901e+00
1.001347160705449602e+00
9.981943066145063659e-01
1.002566639162963513e+00
9.983799840665112946e-01
1.000221381231837015e+00
9.985254931298823688e-01
1.000887035281432524e+00
9.986810583815786124e-01
1.001518913511637798e+00
1.002741500196285163e+00
9.997792899290186552e-01
1.000626208568189845e+00
1.003487338393103112e+00
9.992257098706347485e-01
9.977677234183648380e-01
1.003532010261409813e+00
9.984290874969525831e-01
9.986181855463142076e-01
1.003138495775674377e+00
1.000614112103469067e+00
1.001102175551040530e+00
9.983559813456477361e-01
9.966900980517920949e-01
1.000730627924792504e+00
9.966541314040838762e-01
1.000246000521919587e+00
9.984227502628892914e-01
9.962686843954340343e-01
9.982169865900173411e-01
9.961927843549521766e-01
9.969778885728772799e-01
9.962860642018920299e-01
1.000454754311357997e+00
9.989547561711272783e-01
9.969237686506906559e-01
9.990418384791038831e-01
9.974891561876921831e-01
9.952684008702540330e-01
9.958897745311726668e-01
9.987420355501331892e-01
9.949285718205010953e-01
9.955250504502166642e-01
9.967787882698767588e-01
9.981896653316627566e-01
9.983734872038010355e-01
9.946773320135231522e-01
9.983513660352715258e-01
9.969273422087505665e-01
9.966511129791313373e-01
9.980978084902997205e-01
9.995208569802203069e-01
9.969682198996080436e-01
1.000478391198450279e+00
9.995462512796970955e-01
9.986298091772791707e-01
9.977678155816258609e-01
9.971819811118197707e-01
9.975830745916710596e-01
9.979936686353412245e-01
9.977448013916434544e-01
9.984845339858473556e-01
9.971765423564239450e-01
9.993135798256019831e-01
9.989543523276300796e-01
9.979419384034623475e-01
9.985653465279121788e-01
9.983877417390298881e-01
1.000560651417207403e+00
9.977472802072346880e-01
1.000478968123649670e+00
9.968669426920084842e-01
9.990593094663271501e-01
1.000485770105497885e+00
9.988214676814528570e-01
9.985261804332797864e-01
1.000301154837238915e+00
1.000056514797265317e+00
9.977546295767791840e-01
9.980786373239939335e-01
9.989285833657732816e-01
9.971197086026855061e-01
1.002276681172928452e+00
9.989645658052181965e-01
9.974047156745855514e-01
9.970300355474880361e-01
9.992188276455059581e-01
9.990706143269203476e-01
9.992744390713120817e-01
9.980565371860032897e-01
9.980509876012001458e-01
9.997332535106492335e-01
9.989498309271469534e-01
9.987532837138154429e-01
9.998233725262549720e-01
9.989108111080430286e-01
9.981288625638593537e-01
9.983814435976385848e-01
9.984876814004046697e-01
9.981197060885079742e-01
1.000385723784321668e+00
9.976579619315792957e-01
9.989086279521414147e-01
9.977711353931356664e-01
9.992155284230452850e-01
1.000864231552667905e+00
9.974332518336846976e-01
9.987278598300395327e-01
9.985116365983169873e-01
9.985950023078468130e-01
9.976925310671642677e-01
9.976098913589720452e-01
9.989382080774903416e-01
1.000028400405233553e+00
9.975662243872508439e-01
9.990243307739872236e-01
9.969580196953119477e-01
9.990344596402067623e-01
9.984816163278766865e-01
9.978948412332163675e-01
9.979917829996636236e-01
9.988309250300523301e-01
9.981068580125477263e-01
9.987731802263533076e-01
9.998536640166683087e-01
1.000369725221029071e+00
9.989228845859504657e-01
9.992273865568835900e-01
9.994966411892798330e-01
1.000033507516687514e+00
9.996882123813063403e-01
1.000415450078844248e+00
1.000213318019707698e+00
1.000970378316512921e+00
1.001064375080367830e+00
9.995271667773110158e-01
9.987497792596372603e-01
1.000548438041365396e+00
9.970876950947012984e-01
