0.000000000000000000e+00
0.000000000000000000e+00
0.000000000000000000e+00
0.000000000000000000e+00
0.000000000000000000e+00
0.000000000000000000e+00
0.000000000000000000e+00
0.000000000000000000e+00
0.000000000000000000e+00
0.000000000000000000e+00
0.000000000000000000e+00
0.000000000000000000e+00
0.000000000000000000e+00
0.000000000000000000e+00
0.000000000000000000e+00
0.000000000000000000e+00
0.000000000000000000e+00
0.000000000000000000e+00
0.000000000000000000e+00
0.000000000000000000e+00
0.000000000000000000e+00
0.000000000000000000e+00
3.751550477065391381e-02
1.836527167423051221e+00
8.246084543877158168e+00
9.228396895461312255e+00
5.091838469710793902e+00
2.125089924633243310e+00
8.459266256860229483e-01
3.814051484334807229e-01
1.931497721992210814e-01
1.217059872583259733e-01
9.030023315350114987e-02
8.243040628189689245e-02
9.190631368534508960e-02
1.107582986478123782e-01
1.529569367390223866e-01
2.287853098310906330e-01
3.421548815403632759e-01
5.106277038227885479e-01
7.206515797546716451e-01
9.736020926110667828e-01
1.208330611129927901e+00
1.412577741316784152e+00
1.581465635463157327e+00
1.719438469383881563e+00
1.814003977617071994e+00
1.887681347492133677e+00
1.889824987596352424e+00
1.800891347135452847e+00
1.653588683734595888e+00
1.463207596316110637e+00
1.292034031350503209e+00
1.146075513024482184e+00
1.052593186114701540e+00
9.846281583977154472e-01
9.355382243030623268e-01
9.146122322574773422e-01
8.944210408461196193e-01
8.996505970697490362e-01
9.141232570296172755e-01
9.369053091133301425e-01
9.702299160728229399e-01
9.904661606579362454e-01
1.013725707135366472e+00
1.040293028198844727e+00
1.050842845412370163e+00
1.064098475360182761e+00
1.075200744024191968e+00
1.073078526597335491e+00
1.069487255206953424e+00
1.061386698854061228e+00
1.048839255640996893e+00
1.039105655218933721e+00
1.019520706599820414e+00
1.007492821695453289e+00
9.969234141011649175e-01
9.916850285092910777e-01
9.804706835787430075e-01
9.789183927445346267e-01
9.725714165978488479e-01
9.770250940687699170e-01
9.769643845846182062e-01
9.795188696954859608e-01
9.784608813178026221e-01
9.782026357766977487e-01
9.844332313843068283e-01
9.778885736898373926e-01
9.860878631857310506e-01
9.805702701918459496e-01
9.790414947085708253e-01
9.765256469134182549e-01
9.785347839935436554e-01
9.823541791236859444e-01
9.773378969595378774e-01
9.759471497319068822e-01
9.764310633275083973e-01
9.851266539005011369e-01
9.806465847229459687e-01
9.839397698722321950e-01
9.850276894053875409e-01
9.853697696169764209e-01
9.887252596487713374e-01
9.902079481157239904e-01
9.879151241779577930e-01
9.928999455237360605e-01
9.960872642110760733e-01
9.959864379723296635e-01
9.985338539972314909e-01
9.964854553495150480e-01
9.922058569120578708e-01
9.962232061272652262e-01
9.963747077609572678e-01
9.968622887282636569e-01
9.980082072157342443e-01
9.935200479862000833e-01
9.954486104216239140e-01
9.951210979140696633e-01
9.949675953283892982e-01
9.955378852811417323e-01
9.959280526389379107e-01
9.964207528135480274e-01
9.959442558651326882e-01
9.993769784000917644e-01
9.976618647722764743e-01
1.001089252202910451e+00
9.972533776182256338e-01
9.968186958419321675e-01
9.967453740701446296e-01
1.000652639452654258e+00
9.953935940178760822e-01
9.993423808935490982e-01
9.986409886390475998e-01
1.000667540579669446e+00
1.000974526710436630e+00
9.964088539427878866e-01
9.984233082124879255e-01
9.992754623369516365e-01
9.986297584423988738e-01
1.000249689333407632e+00
9.991475500849048563e-01
1.000854876738552113e+00
9.973577356850491515e-01
9.994066037736325514e-01
9.984647440982002964e-01
9.992432593807256680e-01
9.989842490874646375e-01
9.990850130990499567e-01
1.001519743330234524e+00
9.991834534562515913e-01
1.000415875120670650e+00
1.000645004109096625e+00
9.989065359398878741e-01
9.974816095236425095e-01
9.984216383349272528e-01
1.001204438666687402e+00
9.997535300116257018e-01
1.001000190810025448e+00
9.996901962572566358e-01
1.003726821871198105e+00
1.000384636635576419e+00
9.985832484284649091e-01
1.000688950849276004e+00
9.997056596845652621e-01
9.994630373088453368e-01
9.983741405975392613e-01
1.002934418299773478e+00
9.996564208528669893e-01
1.001349404652950748e+00
1.000792357169683067e+00
1.002369640029065589e+00
9.974058217131670512e-01
9.993675679543606583e-01
9.988165454628826767e-01
9.993792420578493374e-01
9.955928976756690529e-01
9.973477643155485017e-01
9.978946693569188398e-01
9.994652470846830949e-01
9.970214156868522082e-01
1.002068666103548722e+00
9.972735424394225667e-01
9.968955286490612799e-01
9.976260854189618055e-01
9.961776259561497815e-01
9.987402894995074387e-01
9.967881801957912957e-01
9.980192948465295144e-01
9.996203428370681321e-01
9.988954230708552151e-01
9.991144439899350971e-01
9.961425951152624858e-01
9.977143569409233637e-01
9.995919549678896621e-01
9.984864549472767248e-01
9.994097540614094166e-01
1.000795533826337014e+00
9.976606260126338332e-01
9.984824151069572329e-01
9.966524438050108348e-01
9.989233226548349664e-01
9.998727855036138035e-01
9.976037138490481126e-01
9.971655977780347069e-01
1.000537918916150515e+00
9.984873536347033118e-01
9.983226802275042555e-01
9.975891964599875594e-01
9.980186980957281850e-01
9.991906826522541918e-01
9.979667221350133621e-01
9.983686451975537501e-01
9.999379477177103848e-01
1.000039880668925907e+00
1.000251907145104147e+00
9.995029408804060322e-01
9.984461734809256805e-01
1.000924623641897604e+00
9.974485911771262536e-01
9.989625563413806475e-01
1.000024637081015744e+00
9.978040465969643114e-01
9.988549559948469714e-01
9.986946037110350227e-01
9.978832751692011671e-01
1.000918615061094252e+00
9.988150209163021431e-01
9.974538784400459601e-01
9.976918146499873519e-01
9.991032484540355307e-01
9.978959501382502761e-01
1.000234100828943928e+00
9.988467134618456145e-01
9.972979603769284163e-01
9.998449621393766806e-01
1.000660568685210805e+00
9.987883675478739232e-01
9.980502726609835618e-01
1.000256747957541492e+00
1.000368926475801334e+00
9.991259477739040662e-01
9.999369767208944326e-01
9.967527094028777457e-01
1.000772445749231077e+00
1.000434931099733582e+00
9.992885813084345648e-01
9.991014180560645608e-01
1.000221697287723144e+00
1.000962180250373423e+00
9.997138544157252449e-01
9.987216631553811341e-01
9.965086603227472084e-01
9.982295056389351995e-01
9.982181355290020708e-01
9.986133132112562372e-01
9.983260069387454028e-01
9.968312156590225515e-01
1.000448082632287905e+00
9.991870840475064464e-01
9.974099437956293057e-01
9.984263183661388208e-01
9.998884087409475319e-01
9.986634093023299963e-01
9.979196006703592303e-01
9.976562492189384734e-01
9.968212780548399987e-01
9.976959780309162529e-01
9.997800459269041706e-01
9.985858695188671863e-01
9.981575786442198339e-01
9.993268366681379300e-01
9.986948735253795562e-01
9.987960975924140561e-01
9.979787820142227428e-01
9.983847488474949516e-01
9.966366723389209481e-01
9.989643061355721887e-01
9.986676264201702624e-01
9.988619261212620115e-01
9.968177237239491673e-01
