0.000000000000000000e+00
0.000000000000000000e+00
0.000000000000000000e+00
0.000000000000000000e+00
0.000000000000000000e+00
0.000000000000000000e+00
0.000000000000000000e+00
0.000000000000000000e+00
0.000000000000000000e+00
0.000000000000000000e+00
0.000000000000000000e+00
0.000000000000000000e+00
0.000000000000000000e+00
0.000000000000000000e+00
0.000000000000000000e+00
0.000000000000000000e+00
0.000000000000000000e+00
0.000000000000000000e+00
0.000000000000000000e+00
0.000000000000000000e+00
0.000000000000000000e+00
0.000000000000000000e+00
3.774730905505889467e-02
1.896935294450343035e+00
8.280412477672593141e+00
9.404336349367099501e+00
5.213410160612363953e+00
2.198200351616375503e+00
8.669338588945390001e-01
3.737954612279414945e-01
1.942852627174090352e-01
1.164485165389503030e-01
8.907974563755906294e-02
8.775913542282996749e-02
9.560087250606491560e-02
1.177366402343331814e-01
1.537499287168543338e-01
2.310795557389653809e-01
3.514119075308422269e-01
5.077751512195423089e-01
7.205129493375569405e-01
9.737100695748664991e-01
1.210707234306679148e+00
1.432848366296646470e+00
1.587159330221308506e+00
1.709565784920622944e+00
1.834376974350186318e+00
1.890343045631670771e+00
1.891007753655587820e+00
1.800040826542133043e+00
1.650104401523220021e+00
1.451722162054547738e+00
1.285277855900464283e+00
1.149666859954581177e+00
1.055816787421109515e+00
9.846340821298544821e-01
9.318524388210746023e-01
9.093690560173929294e-01
8.963279624072179042e-01
9.028189726862936304e-01
9.154581770896607074e-01
9.521324159998996173e-01
9.643974691739748417e-01
9.925076449113803267e-01
1.020749689033836560e+00
1.037101645572184205e+00
1.054243023470624374e+00
1.067360319098832333e+00
1.069422296740638156e+00
1.072648033903068399e+00
1.070012695109040735e+00
1.061576571565984617e+00
1.047841725611492691e+00
1.042823408235465044e+00
1.023741463376480310e+00
1.005627011401466708e+00
9.918403283373947721e-01
9.817249867875180724e-01
9.783169212937323778e-01
9.759095530225772031e-01
9.703969258326317071e-01
9.697580076621207246e-01
9.743430718556604919e-01
9.708386172700719241e-01
9.770627180560639280e-01
9.754496829843530836e-01
9.756241931182830784e-01
9.732617005507877561e-01
9.810785922389118063e-01
9.815788784678673995e-01
9.811876842171988189e-01
9.768816511619968779e-01
9.793766148095680579e-01
9.836409764811717693e-01
9.787093047425299286e-01
9.776308000739372117e-01
9.782060391304691072e-01
9.786939668303008544e-01
9.777882599271647823e-01
9.828383093867492093e-01
9.822474273534483880e-01
9.844424152158850472e-01
9.882513064367360878e-01
9.937111152925476310e-01
9.952278664413671816e-01
9.944808732370812310e-01
9.943151373531095016e-01
9.986051453160209590e-01
9.980418464559257519e-01
9.974302543238930951e-01
9.965475853531299277e-01
1.000935534337413113e+00
9.986134724792637973e-01
9.964313864942134780e-01
9.957111877242680320e-01
9.995864421165064906e-01
9.974330073303628863e-01
9.955857019511573647e-01
9.935290008025359221e-01
9.983191959370728563e-01
9.961843784575966643e-01
9.931542665941678338e-01
9.992124943912559232e-01
9.990024477898262756e-01
1.001325417596245826e+00
1.002223141722093924e+00
1.002813568232843400e+00
1.000279691145074201e+00
9.995918161696156767e-01
1.001315895177630644e+00
1.002869942004832149e+00
1.002949001083965896e+00
1.004587825596076289e+00
1.000838039770778787e+00
1.000306452891984055e+00
9.995856832548475346e-01
1.004291378536047219e+00
1.002807277410741937e+00
1.003302817118914891e+00
1.005214597015890776e+00
1.004407418399950513e+00
1.002939869793611605e+00
1.001440429884395522e+00
1.003586432676328188e+00
9.979484986882445341e-01
1.000465013935134984e+00
1.003759752232625813e+00
1.002138791188642131e+00
1.002206366159638540e+00
1.003373367674607275e+00
1.004314837818238937e+00
1.004145356246490817e+00
1.002061208066483466e+00
1.002590924467896993e+00
1.000014287066147478e+00
1.001680837267286739e+00
1.001593140197954757e+00
1.002733878766124187e+00
9.994278351576790786e-01
1.002970061509602218e+00
1.000488518921020420e+00
1.001520392772067058e+00
1.000024463524800789e+00
1.002229408656481136e+00
9.994820496822927058e-01
1.000728234255054305e+00
1.000021988968168518e+00
1.001900452477552772e+00
1.002171073510871979e+00
1.000247408069186772e+00
9.992759054862079271e-01
9.984822312456459459e-01
1.001056189997503898e+00
9.993854174220375697e-01
1.000378742400005017e+00
1.001750951468519224e+00
1.000509840169588216e+00
9.984403140423828704e-01
9.990498908469975792e-01
1.002344272432039052e+00
1.000829447810200223e+00
9.998868253109768345e-01
1.000812835356213126e+00
1.001102163477987528e+00
1.000139763316942876e+00
9.996901977310789222e-01
9.990882347394869356e-01
1.000358322339358397e+00
1.000289652556359821e+00
1.000912822178290584e+00
9.984887841987188928e-01
1.000449085154954121e+00
1.000139437877061610e+00
1.000213336233011008e+00
1.000483905032383047e+00
9.998345343417263109e-01
9.991784126047408288e-01
1.000690739406532082e+00
9.995136070806999173e-01
1.000906723103206719e+00
1.000151467667340865e+00
9.983525395852059781e-01
1.000747972620898762e+00
9.993277278116831086e-01
1.001124325486194344e+00
1.001200527563008480e+00
1.000755344859907359e+00
9.986532060236821273e-01
9.990685399618757234e-01
9.995119388741762201e-01
9.996517679645545718e-01
9.990719119874906795e-01
9.997284402043733476e-01
1.000362302217838506e+00
9.968926701878105812e-01
9.971267361791252837e-01
9.954152346591428335e-01
9.980331007790256281e-01
9.990890709859591157e-01
9.991875983385357651e-01
9.992070698458854761e-01
9.971623762832881877e-01
9.977844801823513299e-01
1.000466998161533727e+00
9.986686533582141978e-01
9.975856886935253742e-01
9.986130415652298975e-01
9.993889852052111333e-01
9.989565610140668239e-01
9.993318816633890433e-01
9.983918964534775897e-01
1.000339668994824294e+00
9.995294955762625833e-01
9.979125813056901606e-01
1.000043950681234861e+00
9.980090005061796887e-01
9.999652100028888491e-01
9.988482896103308972e-01
9.999401601527403427e-01
1.000386188004152910e+00
1.000362490454626663e+00
9.981798005231932169e-01
9.973698468941477602e-01
9.996136657962148009e-01
9.997083494713738805e-01
9.988296186518069719e-01
9.986703410719390828e-01
9.993098631145196364e-01
9.989744516174148270e-01
9.999609722317973626e-01
9.996274078184412826e-01
9.988504192359485279e-01
1.000329356608557818e+00
1.000063383349715451e+00
9.985260888646994015e-01
9.997429212155919398e-01
1.002027017248042995e+00
9.989094062999736012e-01
9.986087662777433094e-01
9.979592125748560916e-01
9.975882453420511498e-01
9.983880504530823208e-01
1.000447664378118606e+00
1.000694359650154519e+00
9.992184496778585556e-01
9.989889064981815059e-01
9.996212365141330380e-01
9.973477460741774214e-01
9.979185189964846492e-01
9.990216486842508070e-01
9.986974548887013192e-01
9.991701453786624443e-01
9.974970051215895639e-01
9.992364700267382105e-01
9.993236635653839350e-01
9.983258014255553814e-01
9.996758242078889189e-01
9.981269927191065428e-01
9.983305033267880768e-01
9.974721380571925922e-01
