0.000000000000000000e+00
0.000000000000000000e+00
0.000000000000000000e+00
0.000000000000000000e+00
0.000000000000000000e+00
0.000000000000000000e+00
0.000000000000000000e+00
0.000000000000000000e+00
0.000000000000000000e+00
0.000000000000000000e+00
0.000000000000000000e+00
0.000000000000000000e+00
0.000000000000000000e+00
0.000000000000000000e+00
0.000000000000000000e+00
0.000000000000000000e+00
0.000000000000000000e+00
0.000000000000000000e+00
0.000000000000000000e+00
0.000000000000000000e+00
0.000000000000000000e+00
0.000000000000000000e+00
0.000000000000000000e+00
0.000000000000000000e+00
3.906628172161851929e-04
2.885017873116760279e-02
4.300142160460974083e-01
1.511356156268023998e+00
2.339625228901617060e+00
2.208905309055572808e+00
1.628439636135997626e+00
1.104888799309600156e+00
7.506521312714647953e-01
5.243966082527578010e-01
3.894732976201907837e-01
3.368586231480958926e-01
3.181705276094516366e-01
3.399515149002708680e-01
4.179654438459470267e-01
5.456869783345330571e-01
7.021182322270959064e-01
8.885689287697619010e-01
1.088418977763171869e+00
1.300644617655582591e+00
1.471148466129593269e+00
1.616764280279776589e+00
1.738378940884033108e+00
1.792844442688564133e+00
1.808585068326574063e+00
1.803154653395629081e+00
1.746912612632636641e+00
1.685214350980060782e+00
1.586254160529488644e+00
1.491110816312431808e+00
1.382986958300812530e+00
1.324482483854049653e+00
1.258784545366133267e+00
1.205239148809080785e+00
1.167711203674562048e+00
1.134223217615939250e+00
1.119015937983283582e+00
1.106034621641912352e+00
1.110265218307649793e+00
1.112650469012887999e+00
1.110366862012957867e+00
1.106541351221740799e+00
1.097934276098050832e+00
1.093915970940524174e+00
1.081290793291647345e+00
1.076751126125871760e+00
1.063456126121269163e+00
1.053506197491643537e+00
1.051170339316208180e+00
1.048939721858608287e+00
1.051424782193465246e+00
1.035483036807098634e+00
1.032513236972183890e+00
1.024850788905145693e+00
1.018858664885042176e+00
1.015559908163021108e+00
1.013855800359273029e+00
1.012290939135920498e+00
1.011485607030309319e+00
1.013960126585664367e+00
1.011181962978492166e+00
1.014198740450509506e+00
1.004793863709926960e+00
1.006425850758610574e+00
1.004823392402138582e+00
9.982831667316468538e-01
9.863873987367545171e-01
9.869066537271583561e-01
9.767298557165799977e-01
9.727292596135590497e-01
9.738847893922466525e-01
9.683630112841797866e-01
9.641567767897526453e-01
9.606031012033348082e-01
9.635812134786286842e-01
9.660388727839616108e-01
9.648357216941616521e-01
9.636970944820806295e-01
9.685856150805732812e-01
9.681200083678233037e-01
9.740879589263971017e-01
9.752739696093850608e-01
9.803741577833459120e-01
9.811136151336234956e-01
9.841048017262524761e-01
9.836597807434092067e-01
9.907045179728860562e-01
9.894258263741330106e-01
9.924368308743072298e-01
9.929948295270966119e-01
9.940707405291496768e-01
9.942530713746657867e-01
9.938766074483100788e-01
9.927828253372799061e-01
9.941896864787570509e-01
9.921300891927971044e-01
9.914956698722101613e-01
9.931187588179185566e-01
9.942717000620368006e-01
9.917936626609361594e-01
9.938927830857706702e-01
9.956950943690036082e-01
9.959497639638128508e-01
9.931308956815865230e-01
9.956653635752251708e-01
9.948988092157103891e-01
9.990962007343224816e-01
9.984502421359983115e-01
9.951851203776745924e-01
1.000949088598821923e+00
9.975679342017688134e-01
9.976420341281058146e-01
1.000882696267758831e+00
1.002363998135050949e+00
1.003359040411349712e+00
1.002752343593936279e+00
1.003472028715375552e+00
1.002888233083609526e+00
1.003431743410583943e+00
1.001041105702373368e+00
1.002441991068937943e+00
1.002784901770572779e+00
1.002555188618779569e+00
1.002492824780366165e+00
9.994777198369618754e-01
1.000970658742177388e+00
1.002141654609662869e+00
9.993296390799422113e-01
9.997471156859585317e-01
1.000243110979401218e+00
9.991098294233288213e-01
1.001647335405490225e+00
1.001106090368228285e+00
1.001511769867557078e+00
1.000786644224153532e+00
1.003501730213483656e+00
1.003781948718987849e+00
1.002604797512274715e+00
9.990557740012906418e-01
1.000885300939318379e+00
1.001628116381900746e+00
1.003476549870014001e+00
1.000335551505612042e+00
1.003594666647536160e+00
1.001149092186027767e+00
9.997197445633949631e-01
1.001423504989606084e+00
1.000184979841397759e+00
9.974595360964758628e-01
9.997808225803794802e-01
9.990702632092056668e-01
1.000928403291943214e+00
1.001180372917714889e+00
1.000743442959884932e+00
1.000262633393100398e+00
1.000212615362265245e+00
1.002297827193588731e+00
1.001067439808068560e+00
1.001206786287456962e+00
1.000082181119210434e+00
1.000545592684097373e+00
1.001942808456148137e+00
9.996368163121703843e-01
9.997327869568766179e-01
9.984190265568838596e-01
9.996079804055030271e-01
9.980883707922280079e-01
9.988977486578000109e-01
1.000302605938953926e+00
1.000234597169581852e+00
1.002458498420909505e+00
9.985221004814690549e-01
9.984630461219113906e-01
9.989447208212991480e-01
9.986755859198833685e-01
9.992587860013474321e-01
1.000186156825888739e+00
1.001408399933286120e+00
9.996008945902888909e-01
9.994086484381530244e-01
1.000919237001898665e+00
1.001020312688810421e+00
1.002436461749408370e+00
9.989923266688057746e-01
9.998690552346422011e-01
9.992715427688833030e-01
9.990649783267613326e-01
9.995372238384093722e-01
1.000818504017533250e+00
9.994002349902466609e-01
9.990658622641274134e-01
1.000438185329110219e+00
1.000977040407857066e+00
9.996752424400123793e-01
1.000228129271589328e+00
1.002722793875107321e+00
1.001566478006817196e+00
9.997280629434486254e-01
1.001740718046562950e+00
9.999695026116635077e-01
9.990811309927076778e-01
9.999113816167236601e-01
9.996206115704195927e-01
9.992441925946087267e-01
9.973795884069593942e-01
9.996505275648921440e-01
1.000610829841245053e+00
9.997132030895562460e-01
9.977245042926841112e-01
1.001241201411685600e+00
9.988508356538154942e-01
1.000057201290208253e+00
9.994013272808102144e-01
9.994579925211743987e-01
9.990363745256529704e-01
1.000276581080564942e+00
1.001130183228072124e+00
9.996864980013139279e-01
9.990650529256615009e-01
9.981708814133948282e-01
9.993911031470359418e-01
9.995271753177235041e-01
9.989932186004678583e-01
9.993550684486393054e-01
1.000352874229779809e+00
9.999029826429001178e-01
9.997152283571041353e-01
9.993329132695568662e-01
1.000539225678618305e+00
9.988031795729094275e-01
1.001163252141759274e+00
9.993791144427551787e-01
9.998006238788905709e-01
9.995815050575165284e-01
1.001192489860864177e+00
1.000712479083756046e+00
1.000955957577580602e+00
1.001239330902004454e+00
9.990523816394012435e-01
9.997315605223688895e-01
9.996050889077658930e-01
1.000134208158015570e+00
1.000310243084538975e+00
9.995822355725487718e-01
9.983151703773225361e-01
9.992585246765904872e-01
1.001156693478763238e+00
1.001032771723807224e+00
9.985062485514014652e-01
9.988939175686503136e-01
9.996517353770864034e-01
9.999396567642064859e-01
9.999495578924052497e-01
1.001668557765806433e+00
9.984560645897631037e-01
9.986299653842499735e-01
