0.000000000000000000e+00
0.000000000000000000e+00
0.000000000000000000e+00
0.000000000000000000e+00
0.000000000000000000e+00
0.000000000000000000e+00
0.000000000000000000e+00
0.000000000000000000e+00
0.000000000000000000e+00
0.000000000000000000e+00
0.000000000000000000e+00
0.000000000000000000e+00
0.000000000000000000e+00
0.000000000000000000e+00
0.000000000000000000e+00
0.000000000000000000e+00
0.000000000000000000e+00
0.000000000000000000e+00
0.000000000000000000e+00
0.000000000000000000e+00
0.000000000000000000e+00
0.000000000000000000e+00
0.000000000000000000e+00
0.000000000000000000e+00
1.953332554240664817e-04
2.912092448617485674e-02
4.339419585456646966e-01
1.520130440701750629e+00
2.306806394928009762e+00
2.173692780149902415e+00
1.637719434931042661e+00
1.100408746184258657e+00
7.521578827070061202e-01
5.177146365927759453e-01
3.955848775039947918e-01
3.345357356516528990e-01
3.212100467655508718e-01
3.444991324856456760e-01
4.244958411825008882e-01
5.431744835597025478e-01
7.127766657170071518e-01
8.972581674467854373e-01
1.109105919012498109e+00
1.318782702171640508e+00
1.481021641574109982e+00
1.645269822767988943e+00
1.741079801428514040e+00
1.797175029485630127e+00
1.823632103019935391e+00
1.803554556074123738e+00
1.753481320528857079e+00
1.668650769751597096e+00
1.576079903322336495e+00
1.486065323624711887e+00
1.396245156715731683e+00
1.321925352232375506e+00
1.255857779734920188e+00
1.202696934455312672e+00
1.165392247721533714e+00
1.133803347578206555e+00
1.115294240466398357e+00
1.105983072226814690e+00
1.106868534600827347e+00
1.103107816945273933e+00
1.100568472607156956e+00
1.103230927931944549e+00
1.100636087602735680e+00
1.091275431764159531e+00
1.086686529489983455e+00
1.075984448787543624e+00
1.074142012457753204e+00
1.059239109239912713e+00
1.058419642487685053e+00
1.048027118487750986e+00
1.044969686307552603e+00
1.043196896998829892e+00
1.035328223687334015e+00
1.022058846469351856e+00
1.012436384993197214e+00
1.013472950975993880e+00
1.008056721109601650e+00
1.011523725437770249e+00
1.008333682678629994e+00
1.013860392291255907e+00
1.014648546411490493e+00
1.014448944494020566e+00
1.007334433611609237e+00
1.006902506937252362e+00
1.002437385665123415e+00
9.967774455931821542e-01
9.985737551215785324e-01
9.863277218607529040e-01
9.789593102546010339e-01
9.761320655796148493e-01
9.713006058004509669e-01
9.682950216967751711e-01
9.643673718349997648e-01
9.586693473909067009e-01
9.654818258947927001e-01
9.630927894531203792e-01
9.634748617355824996e-01
9.661704911188419009e-01
9.645376151748935589e-01
9.672424762716849145e-01
9.672300698505483796e-01
9.749460504797279325e-01
9.794167578759415127e-01
9.773684068988389706e-01
9.785508473023994958e-01
9.806715211466141557e-01
9.813406188265259011e-01
9.854500491573769949e-01
9.887586140848630967e-01
9.905100559717896491e-01
9.889683711093029128e-01
9.889619420645197057e-01
9.887797597920036097e-01
9.909491071028586617e-01
9.933974071527463812e-01
9.919793424395768611e-01
9.921430420040536768e-01
9.959282435007588141e-01
9.949570438241334136e-01
9.928755627343812673e-01
9.931153862918317143e-01
9.952503486058177362e-01
9.947610528028902888e-01
9.954882798450286341e-01
9.975602695067024017e-01
9.963801182963898384e-01
9.975804735505201526e-01
9.971339317360099486e-01
9.998734210661609501e-01
9.990011006569570196e-01
1.001184707385797346e+00
9.987755557574258258e-01
1.001619073985129837e+00
1.000770149092256922e+00
1.000107145204389480e+00
1.002903431891974506e+00
1.000276681779354915e+00
1.001805438158041683e+00
1.001203494673715833e+00
1.004361979181713993e+00
1.004344078892585257e+00
1.001935818935402844e+00
1.003703861772235362e+00
1.003008956338564905e+00
1.001856151927988936e+00
1.002294416237529351e+00
1.004486042034501425e+00
1.000033920965327283e+00
1.004095454453806768e+00
1.006224730291408909e+00
1.005952682856606328e+00
1.005599534591306909e+00
1.003346683171523646e+00
1.002362684600583087e+00
9.999442399412280524e-01
1.003838486597686375e+00
1.001239955638295154e+00
1.002807603098598399e+00
1.001669745042234938e+00
1.003335928037316860e+00
1.002205270748539157e+00
1.003700100387133309e+00
1.003762837637177885e+00
1.002546709280625059e+00
1.003039848679249335e+00
1.001292440641817105e+00
1.002572532942808348e+00
1.001783230012851078e+00
1.002728023027641635e+00
1.002838541078778123e+00
1.005177810898442381e+00
1.001350955221877559e+00
1.004233232223651795e+00
1.003977976288800367e+00
9.993078346346407903e-01
1.003559469781684976e+00
9.990445752408532165e-01
1.000970113464025646e+00
1.001415177893448805e+00
1.003205022569739757e+00
1.002158647011570203e+00
1.001647279526898915e+00
1.002916523032088669e+00
1.000097473339087717e+00
9.989268019370933782e-01
9.975356775244189622e-01
1.001905898130582617e+00
1.000136687112485268e+00
9.979750744034395771e-01
9.994078410019711090e-01
9.983716397553756838e-01
9.995655020973152061e-01
9.988232581019814704e-01
9.990699084965414256e-01
1.000003438008022494e+00
9.992122534350171836e-01
9.991177755078582967e-01
9.998250609768384312e-01
9.981290304367173016e-01
1.000236443297720212e+00
1.002093770917338533e+00
9.970089750130423090e-01
1.001737822734235950e+00
9.980117700452808549e-01
1.000101049578350443e+00
1.000282906024045237e+00
1.001317290312697006e+00
9.991285476607143501e-01
9.995412181450993305e-01
9.985478634430114964e-01
1.002500718009533109e+00
9.993164131660675631e-01
9.993190567072727237e-01
1.000832399352575841e+00
1.001563938115481056e+00
1.000293528416070998e+00
1.001507209808509158e+00
9.990814260947281644e-01
9.998753726288206467e-01
9.998498424456837563e-01
9.986473459959226417e-01
9.986006033241963120e-01
1.000535225600762690e+00
9.991584802306332502e-01
9.981234363874998960e-01
9.986046669351954508e-01
1.000034299823915784e+00
9.994206981849862448e-01
1.000799175724309320e+00
9.989246088756432718e-01
1.001524796932865113e+00
1.000783436596974996e+00
9.987922934625973470e-01
9.995952966420386110e-01
9.994869892263165134e-01
9.988836087942695174e-01
1.000418910623428026e+00
1.000888257794660285e+00
9.985271214289774822e-01
1.000743475297369178e+00
9.995996545087812990e-01
9.999957993832643277e-01
1.000735711658599314e+00
9.995415930023137108e-01
1.000347140687565695e+00
9.995300320005571226e-01
1.000759971292473072e+00
1.001745048181458708e+00
9.991352071292911585e-01
9.996748348522074279e-01
1.000071043931058279e+00
1.000197810317734026e+00
1.000549752650891300e+00
1.001419620965865898e+00
1.000239405157218098e+00
9.990484750692985028e-01
9.989012830060121084e-01
1.001840418735011617e+00
1.001018901906239433e+00
1.000670758532475446e+00
1.001278971832897380e+00
9.999165879490495845e-01
9.996642135984571409e-01
1.000792092513535847e+00
9.989378357302015621e-01
1.000936606453558309e+00
1.002241524780614679e+00
9.997369460848413159e-01
1.000664180967247852e+00
1.000738314784409999e+00
1.000607395807917355e+00
9.999043063393519004e-01
1.000428364906000622e+00
9.997615874667998837e-01
1.001446179341917819e+00
1.000219296532158353e+00
