0.000000000000000000e+00
0.000000000000000000e+00
0.000000000000000000e+00
0.000000000000000000e+00
0.000000000000000000e+00
0.000000000000000000e+00
0.000000000000000000e+00
0.000000000000000000e+00
0.000000000000000000e+00
0.000000000000000000e+00
0.000000000000000000e+00
0.000000000000000000e+00
0.000000000000000000e+00
0.000000000000000000e+00
0.000000000000000000e+00
0.000000000000000000e+00
0.000000000000000000e+00
0.000000000000000000e+00
0.000000000000000000e+00
0.000000000000000000e+00
0.000000000000000000e+00
0.000000000000000000e+00
0.000000000000000000e+00
0.000000000000000000e+00
1.189393194402394100e-03
1.147855046170504455e-02
5.443738263351262374e-02
1.708768545193859456e-01
4.144834513879518401e-01
7.882299939782775322e-01
1.202116923839363638e+00
1.507585820302833390e+00
1.612333826017638305e+00
1.539641358597934273e+00
1.335068411135976518e+00
1.128217858877814006e+00
9.482727442193256140e-01
8.230704444416566679e-01
7.402774537363671081e-01
6.895222291006397608e-01
6.779950555698761594e-01
6.897924408735583990e-01
7.241962233337219113e-01
7.641256739332948911e-01
7.885156902704419934e-01
7.930377788596952859e-01
8.159583845608660013e-01
8.416604308287967129e-01
8.770023362235734865e-01
9.213473440731281272e-01
9.563983585013082767e-01
1.007833370299453968e+00
1.061039762251587248e+00
1.100019734102461566e+00
1.142706038145965053e+00
1.163801624411144431e+00
1.170368661315717818e+00
1.160465406452312331e+00
1.149914133076727518e+00
1.130545667616228656e+00
1.110107515998253636e+00
1.089102892641909293e+00
1.063595790382797279e+00
1.045380495366889706e+00
1.024560612130685167e+00
1.009629007122810895e+00
9.934961327969593636e-01
9.779331150358117064e-01
9.753751400959790319e-01
9.673039906290226142e-01
9.637027593288342020e-01
9.637450040932963313e-01
9.614423637883570128e-01
9.715597740979725616e-01
9.794286905847375824e-01
9.857397871306197157e-01
9.892531965888514689e-01
9.974132730379002831e-01
1.003380224527315345e+00
1.002838042885554781e+00
1.008338557743691410e+00
1.008216445290831098e+00
1.006831148779367524e+00
1.007554751760469047e+00
1.010039562017021941e+00
1.008798904123746620e+00
1.007527488434601937e+00
1.005003282276588639e+00
1.004025935801592384e+00
1.002561526397735880e+00
1.000424933041181630e+00
1.003964360102306719e+00
9.988181595674111568e-01
9.981459736130662286e-01
1.000331257721252420e+00
9.988009859122546352e-01
9.968715214156932403e-01
9.972210616332819466e-01
1.000140865598763806e+00
9.958678862087857464e-01
9.961258462533231217e-01
9.955912453696738051e-01
9.962408445927084522e-01
9.951374242258654856e-01
9.934537148525962591e-01
9.965944231153709421e-01
9.917508533968997231e-01
9.952357937288247580e-01
9.940297449446114930e-01
9.950916922385677488e-01
9.940839256446954986e-01
9.960378136709173713e-01
9.984065528633312425e-01
9.948663283020644510e-01
9.979711637689241410e-01
9.970560535249025635e-01
9.985767248442725119e-01
9.979196848076258286e-01
9.986263591988083776e-01
9.942877913045783389e-01
9.967121397962671603e-01
9.957211798585987594e-01
9.964009573221385141e-01
9.958493760655000582e-01
9.991883067217544045e-01
9.973141821235613769e-01
9.959562984374162875e-01
9.982396536222409855e-01
9.985370184807663696e-01
9.933182454096310954e-01
9.946345375536455036e-01
9.977048669033669048e-01
9.954394664480021859e-01
9.975185467966718456e-01
9.971402798291557623e-01
9.957753123854466981e-01
9.955433462296268132e-01
9.974547425510376097e-01
9.990855155188989034e-01
9.963993425691921590e-01
9.974220077590627564e-01
9.959983203782930561e-01
9.970607435700956644e-01
9.960094315264481635e-01
9.941797113308301626e-01
9.966645984988786733e-01
9.969477140246137958e-01
9.995602016138674939e-01
9.957453326197069909e-01
9.981042159785010748e-01
9.969410394956033095e-01
9.983389289125872423e-01
9.976998052747525492e-01
9.982983676425937203e-01
9.980473467513026886e-01
9.979161593919323447e-01
9.961325372968892200e-01
9.963507548392021018e-01
9.990835209884574297e-01
9.983539138802186574e-01
9.980587553542938917e-01
9.972961328509969414e-01
9.978864097936738231e-01
9.989303840159252657e-01
9.980390242649606058e-01
9.977668808727352401e-01
9.993211908509564978e-01
9.973732695690172845e-01
9.974849775400932428e-01
9.988034223101124320e-01
9.963023387370519846e-01
9.979019770438025683e-01
9.976961327243991651e-01
9.979602671503892131e-01
9.985120321883346195e-01
9.987514678816981073e-01
9.994204330539616654e-01
9.995783055077822610e-01
9.983823646204800228e-01
9.982247510273526414e-01
9.963975069117454453e-01
9.976818867743387775e-01
9.986162283395257910e-01
9.984637476896807140e-01
1.000670046208337549e+00
9.968352726054363622e-01
9.999449887122396907e-01
9.985845252282924411e-01
9.979729794423184419e-01
9.989121048122647784e-01
9.993401238905762485e-01
9.994826064300214030e-01
9.983700285155566734e-01
9.994876865579460645e-01
9.968602433471480673e-01
9.976520769622265750e-01
9.991360656300868337e-01
9.995886971934457854e-01
9.989897717124140986e-01
9.984953018972284600e-01
9.998332323226598595e-01
9.991274525843353294e-01
9.988252992083581638e-01
9.975489647682683758e-01
9.976319692099850922e-01
9.996328317492964022e-01
9.976923959291530419e-01
9.995585957924808529e-01
9.970891082125121763e-01
9.987621973141345144e-01
9.991682997564338420e-01
9.990903763599019438e-01
9.991313808289427056e-01
9.986841870482356942e-01
9.977842813302817415e-01
9.979580613123085753e-01
9.982467082354815613e-01
9.989324486606008247e-01
9.985835510068932219e-01
9.988953967132363498e-01
9.999021583448101103e-01
9.980809122736329364e-01
9.995272829665414749e-01
9.991548665647947969e-01
9.996316384804868616e-01
9.990388109535474070e-01
1.000348283211666578e+00
9.993618457618379525e-01
9.991810692496023716e-01
9.975956527012986852e-01
9.985498708384663580e-01
9.992844710400223818e-01
9.992442188779115941e-01
9.993334864641549853e-01
1.000767761457963312e+00
9.973423706815621737e-01
9.983914410861546296e-01
9.993207713642321410e-01
9.989487293015700820e-01
9.993600058306275624e-01
9.981334962898786856e-01
9.994918153638113756e-01
9.992766183514968370e-01
9.990739315100319873e-01
9.976716696880927326e-01
9.991363004103364087e-01
9.985130130608997900e-01
9.975296495115584250e-01
9.992743414697685678e-01
9.991159947233508865e-01
9.973859583881785618e-01
9.985678505340553901e-01
9.990069339846904262e-01
9.994539849241967922e-01
9.995895784102200032e-01
9.980646685180659672e-01
9.998816947300335212e-01
9.989786209845948894e-01
9.991859202116073480e-01
9.999430623612829416e-01
9.997858192692340440e-01
9.998010739899728661e-01
9.999090712729106212e-01
1.001154318482204708e+00
9.993872700685314525e-01
9.994255845271526884e-01
1.000902098347671298e+00
9.987490430647030237e-01
9.995625565574948190e-01
9.991527680989653604e-01
9.992677388153641260e-01
9.992231382577395626e-01
1.000016385912943617e+00
9.998050629893350250e-01
9.998317267988938717e-01
1.000155790103458342e+00
1.000012180681807639e+00
1.000695192238538089e+00
1.000468900344264167e+00
1.000264260805145522e+00
