0.000000000000000000e+00
0.000000000000000000e+00
0.000000000000000000e+00
0.000000000000000000e+00
0.000000000000000000e+00
0.000000000000000000e+00
0.000000000000000000e+00
0.000000000000000000e+00
0.000000000000000000e+00
0.000000000000000000e+00
0.000000000000000000e+00
0.000000000000000000e+00
0.000000000000000000e+00
0.000000000000000000e+00
0.000000000000000000e+00
0.000000000000000000e+00
0.000000000000000000e+00
0.000000000000000000e+00
0.000000000000000000e+00
0.000000000000000000e+00
0.000000000000000000e+00
0.000000000000000000e+00
0.000000000000000000e+00
0.000000000000000000e+00
1.135074825276088158e-03
9.480150703210192889e-03
5.470236165664400796e-02
1.697659015214397216e-01
4.185046852862846500e-01
8.050167362418652051e-01
1.235260579610863552e+00
1.552699350562900982e+00
1.649294319996713831e+00
1.560863727078175778e+00
1.363909654734599686e+00
1.142099048726021193e+00
9.743629186319708868e-01
8.316764693824412191e-01
7.446862301648216054e-01
6.985799716050135055e-01
6.780801312579297635e-01
6.914649630286257009e-01
7.289556376076763433e-01
7.623078626780188660e-01
7.813583394708759622e-01
7.892704693693012308e-01
8.070113793198789853e-01
8.353881216706341428e-01
8.726118664225609445e-01
9.140688355082383643e-01
9.591989404493205251e-01
1.003728781581224139e+00
1.057952482023383656e+00
1.095736844475347249e+00
1.133327572742461209e+00
1.155534224232522389e+00
1.160713676470496614e+00
1.149576034332126850e+00
1.142857605876435478e+00
1.124123356530870810e+00
1.105461117307308339e+00
1.080622372516962360e+00
1.066588167750112115e+00
1.042063607320695695e+00
1.028035239464152761e+00
1.008698823358587848e+00
9.930968532038783048e-01
9.811888082815009016e-01
9.773550845709872981e-01
9.642719781282144131e-01
9.559458763096194689e-01
9.598788980695023287e-01
9.660291823734514782e-01
9.726329035616592122e-01
9.783200378701207844e-01
9.842033987164025000e-01
9.881105691843079519e-01
9.948229534030954557e-01
1.005966683979322873e+00
1.006504352121603052e+00
1.011126414821380104e+00
1.010520460493219419e+00
1.010666824245743944e+00
1.015333166688811017e+00
1.013579995604559691e+00
1.012158794371868398e+00
1.009885836513266799e+00
1.005074187757532211e+00
1.007707163065878042e+00
1.007011000192261863e+00
1.007822761327332284e+00
1.002808658004913145e+00
1.001616297363961738e+00
1.002698678282779365e+00
9.991509207843541907e-01
9.968190387400390762e-01
1.004362242214640988e+00
9.989529111192140265e-01
1.000317523541839781e+00
9.960210899963383158e-01
9.987227723124838530e-01
9.999156864444946891e-01
9.987441860676128380e-01
9.990819164196752533e-01
9.965704025331999505e-01
1.000495755424069877e+00
9.986401408201653895e-01
9.970647783478637782e-01
9.961658843222379600e-01
1.001041088142368363e+00
1.000076460808330348e+00
9.983301284077898963e-01
9.965875652127913487e-01
1.001151560765463300e+00
1.002476798057749807e+00
1.002056820265703196e+00
1.000869914921153958e+00
1.000499392791452280e+00
1.003263904983258570e+00
1.001303874896077639e+00
9.996011872573382639e-01
1.001621338577695086e+00
9.995049586394642027e-01
9.976233518250392507e-01
1.000071267459580415e+00
1.000938584563364930e+00
1.001935451687441025e+00
9.996701469850397537e-01
1.000297477515881051e+00
1.000552165558793227e+00
9.991096917544252110e-01
9.963379644437821980e-01
9.991286228961897553e-01
9.997250676600166752e-01
9.984445177212512013e-01
9.985384038851051747e-01
9.970455600067116286e-01
9.981162778779889555e-01
9.974773553707506624e-01
9.973944006926868111e-01
9.992625306808550212e-01
1.001801688298480153e+00
9.998297431685457815e-01
9.994162545133781217e-01
9.986977319748148174e-01
9.997958855499046171e-01
1.000864829993418414e+00
9.981007291474686127e-01
9.994356823239308740e-01
9.996163806554246856e-01
9.968488838762853410e-01
9.996966403162486081e-01
9.965338773298216823e-01
1.000070967307875369e+00
9.980637532985172644e-01
9.982797588902163621e-01
9.979000178163131007e-01
9.962459686879079346e-01
9.989830818062086504e-01
9.996780792587176556e-01
9.978849355921974862e-01
9.994669688595223533e-01
9.977212267126583933e-01
9.988771340616887651e-01
9.971133351515947263e-01
9.984810061147953997e-01
9.968212684941959445e-01
9.978951969773897090e-01
9.982323400151511539e-01
9.979781961582916416e-01
9.988612506126414159e-01
9.977263492876882189e-01
9.993716273538769679e-01
9.981963674041794965e-01
9.970420059562874471e-01
9.979329224060764503e-01
9.997906837909168454e-01
9.998007402943202004e-01
9.977660010697336768e-01
9.957023325071923114e-01
9.986187578895515671e-01
9.994435584172232101e-01
1.000561554606613779e+00
9.977614753485654076e-01
9.963396345355011174e-01
9.987217619421255854e-01
9.984730613003548472e-01
9.994465537274217493e-01
9.988273025075711242e-01
9.988358988646559578e-01
9.976984149802990975e-01
9.979662316066888472e-01
9.986133553754313885e-01
9.977820860443050721e-01
9.984787405071655630e-01
9.983618532990515826e-01
9.978393035336182715e-01
9.990397135964037556e-01
9.990453550443506581e-01
9.979359152122722065e-01
9.988757129668893731e-01
9.991515533360518786e-01
9.975627228085507392e-01
1.000349385585635131e+00
9.976142512498764603e-01
9.974765784238062150e-01
9.986180698642362907e-01
9.994862876482673020e-01
9.979063800476976054e-01
9.994604975045420225e-01
9.973364333376075752e-01
9.983726689294432077e-01
9.992992827081877971e-01
9.988947942010570902e-01
9.992985756270189590e-01
9.992116685159923017e-01
9.997303126756700298e-01
9.995325322063239870e-01
9.997301092749111273e-01
9.998307444133273103e-01
9.984421999393924274e-01
9.985981062109354767e-01
9.990163178571855873e-01
1.000871401295532870e+00
9.992905484530054672e-01
9.990632531176034670e-01
9.984980385316335472e-01
9.986044386724510780e-01
9.974333734537477181e-01
9.998013400259084804e-01
9.992025752973351382e-01
9.984133448891937546e-01
9.977813775947960151e-01
9.991042336108612032e-01
9.992984676835963143e-01
9.993416299051214313e-01
9.995212137261493268e-01
9.993925452579333069e-01
9.995708770450462133e-01
9.990727155122255398e-01
9.981045039698969168e-01
9.981206120202570364e-01
9.981952101043845005e-01
1.000348461931645394e+00
9.994993328729994131e-01
1.000638458126334340e+00
1.000175957089349144e+00
1.000660811738586897e+00
9.992763387375134254e-01
1.000734733932524989e+00
1.000098562969266913e+00
1.001119397736752514e+00
1.000765381217703531e+00
1.000123212824620911e+00
1.000099968772579562e+00
1.002189304647472579e+00
1.000069887623990628e+00
9.991344541441120608e-01
9.998729272908296606e-01
9.991098424310949078e-01
9.994110808158167547e-01
1.000390752114910686e+00
1.000043755111615251e+00
1.000064365562524982e+00
9.986975587870261517e-01
1.000115745356749075e+00
9.995875940499796553e-01
1.000691367392884334e+00
9.997057447377006856e-01
9.994166316862096444e-01
1.000338632921334625e+00
9.995005079756756894e-01
9.994736174767563375e-01
9.992872213173070728e-01
9.986778061086090119e-01
1.000852414062903373e+00
9.987192441621856043e-01
1.000522645448576275e+00
1.000251684016379317e+00
1.000282965972210780e+00
