0.000000000000000000e+00
0.000000000000000000e+00
0.000000000000000000e+00
0.000000000000000000e+00
0.000000000000000000e+00
0.000000000000000000e+00
0.000000000000000000e+00
0.000000000000000000e+00
0.000000000000000000e+00
0.000000000000000000e+00
0.000000000000000000e+00
0.000000000000000000e+00
0.000000000000000000e+00
0.000000000000000000e+00
0.000000000000000000e+00
0.000000000000000000e+00
0.000000000000000000e+00
0.000000000000000000e+00
0.000000000000000000e+00
0.000000000000000000e+00
2.795211653552744652e-05
3.588294012922536164e-02
1.045032730458825387e+00
3.432977690995385078e+00
3.413801372972145476e+00
1.904585487949147060e+00
8.715446374809716623e-01
4.044295331977627028e-01
2.307655971965508479e-01
2.430965235646991573e-01
3.980972925942167229e-01
5.990011385330180627e-01
7.659889311740454287e-01
8.632578419845856610e-01
9.061016865266298126e-01
9.199544645583026536e-01
9.357788677860872095e-01
9.681557652524349633e-01
1.020725707213187672e+00
1.080318060546722858e+00
1.119805608652655549e+00
1.146478775194757382e+00
1.178106945347867418e+00
1.201977954892532896e+00
1.215587797032510853e+00
1.215065045939428101e+00
1.198190834078135536e+00
1.167362189720281274e+00
1.120221974441754309e+00
1.067675359682915159e+00
1.018721145400999673e+00
9.839937403465831567e-01
9.611316814028513233e-01
9.513589723735206283e-01
9.491605091333622513e-01
9.476654768214847202e-01
9.468488712522088457e-01
9.492934647773555445e-01
9.492145676195338222e-01
9.503323571037678441e-01
9.532810187262420465e-01
9.562290418585535079e-01
9.617381557553281723e-01
9.684461773982229182e-01
9.756092458298232239e-01
9.834597792512825842e-01
9.885964805168168112e-01
9.936852777767981593e-01
9.963119966550070261e-01
9.998137558240848266e-01
1.001277274825029373e+00
1.001927760126249511e+00
1.002902833384557546e+00
1.003708735339240654e+00
1.004617046881391085e+00
1.006114334201148930e+00
1.005761907221048856e+00
1.007794349979551196e+00
1.007594570833707959e+00
1.007230501264616329e+00
1.006071948282097228e+00
1.004740568530037015e+00
1.003502594325409225e+00
1.001079898552278413e+00
9.998680434440355702e-01
9.983534884595878234e-01
9.975159386980743115e-01
9.962248663247764702e-01
9.958054639949339704e-01
9.943026072846919972e-01
9.935923777721262784e-01
9.946623502699645236e-01
9.950039354758687393e-01
9.937414820865658749e-01
9.943843912600677237e-01
9.951448496861330373e-01
9.958155741635167368e-01
9.970996343092447534e-01
9.976622568185772311e-01
9.992275710083713403e-01
9.996571848198586574e-01
9.994261807040256684e-01
1.001681661746324004e+00
1.001695279573427744e+00
1.002710139487718477e+00
1.002236820528425776e+00
1.002669470437527632e+00
1.001728607397392334e+00
1.002468551268733243e+00
1.002090659289651242e+00
1.002622567266606479e+00
1.002023927183420815e+00
1.001990410895094774e+00
1.000864745221781593e+00
1.001986450453465238e+00
1.001247804308129874e+00
1.000987882610313351e+00
1.000967191524538391e+00
1.000574536521803726e+00
9.996532773815971495e-01
9.995959655275300504e-01
1.000349344672449625e+00
9.997608676729982102e-01
9.997588820600408210e-01
1.000054258875510804e+00
9.998001922952696185e-01
9.998778933284839798e-01
1.000255714940553542e+00
1.000136547781899310e+00
1.000534675756170611e+00
1.000481701004751312e+00
1.000929102428405715e+00
9.999225289456384891e-01
1.000682057744280096e+00
1.000433433030783137e+00
1.000778712594432740e+00
1.000206694687300946e+00
1.000359977016167523e+00
1.000437639342578899e+00
1.000173481268942011e+00
1.001136298013442172e+00
9.999345833289828844e-01
1.000336787555494045e+00
1.000936637885401881e+00
9.998946140445778008e-01
9.999653650665146776e-01
9.999733128213652567e-01
1.000297929063822089e+00
1.000176934696382469e+00
9.996163965550894925e-01
9.998090263231348418e-01
1.000291050512174706e+00
9.994385587803863435e-01
1.000207522001927751e+00
9.990038841696031735e-01
9.997567954530942602e-01
9.995827918845027193e-01
9.991929601521855053e-01
9.996531906641745735e-01
1.000015604879526121e+00
9.997031296218992225e-01
9.993448422076848248e-01
9.997091297694352674e-01
1.000251539534314338e+00
9.996128519065741180e-01
9.992350589265902583e-01
9.998451810088432312e-01
1.000061413499498952e+00
9.997256295509054924e-01
9.993410519478405085e-01
9.994621978540562113e-01
9.998630634148011342e-01
1.000160555494090442e+00
1.000078697636835212e+00
1.000403059802124739e+00
9.996527006352622369e-01
9.998662955449489909e-01
9.999518922707134605e-01
1.000045163161980666e+00
9.998618455632773960e-01
1.000488198630077763e+00
9.998180228989870244e-01
9.999506690449697643e-01
9.993754606352079906e-01
1.000225957040882241e+00
9.997678057382257677e-01
9.997425518855042048e-01
9.994668571044148520e-01
9.998503262996260021e-01
9.995199477803280441e-01
9.995215393470848753e-01
9.998384374915660899e-01
9.991700747449753228e-01
9.998265906450739537e-01
9.997603196598494613e-01
9.997052397780747945e-01
9.995742988425337927e-01
9.996820412993295824e-01
1.000121600282239509e+00
9.999007442901711729e-01
9.999383666642721602e-01
9.999728111842312028e-01
1.000177168102639458e+00
1.000081259647012777e+00
9.997223886772053092e-01
1.000021726311060677e+00
1.000042346836416352e+00
9.999918873014214116e-01
1.000179086218554891e+00
9.998619637780430391e-01
9.999408318645089944e-01
9.995743759307234022e-01
1.000259823387483760e+00
9.999296383879004990e-01
1.000104501520964639e+00
9.997765579819740678e-01
1.000248902834915965e+00
9.995249556838819993e-01
1.000273860541276205e+00
1.000003488463264700e+00
1.000141068560902236e+00
9.999753352032476617e-01
1.000103099291232533e+00
9.999207364738571524e-01
1.000305937054673633e+00
1.000376691311791522e+00
1.000058772872898016e+00
1.000014919302764538e+00
1.000238571513465846e+00
1.000331222500600470e+00
1.000363166376426971e+00
1.000466932544995080e+00
1.000079510766997748e+00
1.000606218348273346e+00
1.000146289599418203e+00
1.000377807724896595e+00
1.000055510172945361e+00
1.000388160747906596e+00
1.000369219735332660e+00
1.000522101845163547e+00
1.000408235698180492e+00
1.000260934276010927e+00
1.000244107362799006e+00
1.000345525522047030e+00
1.000538002359115719e+00
1.000217872454011614e+00
1.000350076416815837e+00
1.000312000964752590e+00
1.000171094046961473e+00
1.000445090913909763e+00
1.000465161379529233e+00
1.000228817876168907e+00
1.000473042553310821e+00
1.000217569445491117e+00
1.000328808090334087e+00
1.000222788603077229e+00
1.000227160213587707e+00
1.000396067961684121e+00
1.000341516656765073e+00
1.000155815693156258e+00
9.998345052500290375e-01
1.000256558445651756e+00
1.000565556438753001e+00
1.000219589922551444e+00
1.000421610493315683e+00
1.000711455889341295e+00
1.000316795322661934e+00
1.000168744314660074e+00
1.000188952990977320e+00
9.997732146149436172e-01
1.000423580377681754e+00
1.000364841675453142e+00
1.000242962182966489e+00
1.000545146918460748e+00
1.000007745927536718e+00
1.000353373048849859e+00
1.000295328201077805e+00
1.000111285685068019e+00
1.000255311875906994e+00
1.000524391146705439e+00
