0.000000000000000000e+00
0.000000000000000000e+00
0.000000000000000000e+00
0.000000000000000000e+00
0.000000000000000000e+00
0.000000000000000000e+00
0.000000000000000000e+00
0.000000000000000000e+00
0.000000000000000000e+00
0.000000000000000000e+00
0.000000000000000000e+00
0.000000000000000000e+00
0.000000000000000000e+00
0.000000000000000000e+00
0.000000000000000000e+00
0.000000000000000000e+00
0.000000000000000000e+00
0.000000000000000000e+00
0.000000000000000000e+00
0.000000000000000000e+00
0.000000000000000000e+00
0.000000000000000000e+00
0.000000000000000000e+00
0.000000000000000000e+00
0.000000000000000000e+00
0.000000000000000000e+00
0.000000000000000000e+00
0.000000000000000000e+00
0.000000000000000000e+00
0.000000000000000000e+00
0.000000000000000000e+00
0.000000000000000000e+00
3.907066675243378844e-04
6.214649645559895685e-02
8.307493791110502901e-01
3.552680020998111310e+00
7.182010137673893624e+00
8.822585042803970268e+00
8.100454126043695524e+00
6.132026964628011001e+00
4.461464271865111186e+00
3.120654154998268925e+00
2.220169404932717416e+00
1.652756099326527117e+00
1.267951713242895906e+00
1.041393112076202332e+00
9.029882766176444697e-01
8.198235695822011504e-01
7.584696022714655372e-01
7.579475489363093343e-01
7.447345018988412724e-01
7.744463629568041352e-01
7.865520561806074173e-01
8.488396053088720361e-01
9.152385020038722452e-01
9.562463453650120737e-01
9.883734350679194147e-01
1.010466743710923376e+00
1.047609242530848306e+00
1.035890766360210602e+00
1.039928256735669576e+00
1.064217095689456549e+00
1.047656774620523645e+00
1.031808249783118914e+00
1.010875946272684622e+00
9.912121607007355895e-01
9.635858037533909792e-01
9.409537107650529641e-01
9.070849659191300152e-01
8.894579780480282860e-01
8.831706344936639530e-01
8.738976053392801813e-01
8.927490019724281245e-01
8.980345864389619459e-01
9.192986244358962722e-01
9.670033202070659195e-01
9.937212285389747102e-01
9.893376704744902828e-01
1.017268982686377221e+00
1.024553797112215614e+00
1.045940439215255813e+00
1.045719621445437175e+00
1.037319275600309565e+00
1.043107006005457249e+00
1.036713886627264269e+00
1.049415056012101388e+00
1.026284504973063783e+00
1.037783656864156079e+00
1.026794049495200145e+00
1.017940088899839335e+00
1.014314023201462245e+00
9.931519112080311462e-01
9.840463792463945980e-01
9.769422462228029014e-01
9.878483092492353901e-01
9.764098621334172945e-01
9.877451527613939630e-01
9.586877414941389342e-01
9.868357650150767491e-01
9.760624470425796062e-01
9.740196016052671268e-01
9.833647407740770952e-01
9.878404676777607918e-01
1.002054594668595477e+00
1.001260426503673751e+00
9.996487217148388726e-01
1.004252096910872583e+00
1.002476404938890564e+00
1.006870674517269748e+00
1.012865505798332233e+00
1.007595601811466901e+00
1.009023565062754813e+00
1.004209004132303296e+00
1.005814198657863923e+00
9.954682376751325945e-01
1.006582290159141690e+00
9.936029816819152982e-01
1.006416785511289769e+00
1.001846787082719459e+00
9.930108131048868136e-01
9.923158990536463664e-01
9.820596338879081788e-01
9.902390147491846317e-01
9.937774754371948571e-01
9.885545228008620899e-01
9.891097862686784037e-01
9.841078962865634772e-01
9.970138046989601710e-01
9.998274718744345479e-01
9.860208510608944321e-01
9.930689811771782338e-01
9.909825637079802130e-01
9.919253293756098433e-01
9.980549171834602884e-01
1.003254429754177668e+00
9.935811428301941639e-01
9.939838899083207613e-01
9.895546780344205429e-01
9.954336716059760670e-01
1.000215881684759500e+00
9.958759860501986694e-01
9.942587065504818744e-01
9.867147933775122226e-01
9.962195564205453824e-01
9.907409204590416074e-01
9.875407015305690539e-01
9.914694958553982307e-01
9.990901652760162399e-01
9.878320235467042965e-01
9.961553014508783832e-01
9.899218878251695442e-01
9.939971579788889899e-01
9.921486641431913611e-01
9.898959759537513392e-01
9.917332968408827387e-01
9.998763695397228091e-01
9.895152332338554846e-01
9.876212832435341538e-01
9.913968131287383967e-01
9.956492306131021763e-01
9.947523960748682059e-01
9.920607623968950017e-01
9.920793626552846245e-01
9.925018918091699227e-01
9.896074909845977707e-01
9.901307901120028898e-01
9.974779650366317751e-01
9.943706944137676862e-01
9.867604836389618495e-01
9.886118472955470748e-01
9.905649744530415912e-01
9.932754457701397088e-01
9.959537585928152081e-01
9.958035501747887208e-01
9.975295476114033333e-01
9.949307381068251965e-01
9.884316062737665831e-01
9.921281592349980860e-01
9.952655649429006379e-01
9.948772310536247998e-01
9.996427898326079031e-01
9.974026756123272053e-01
9.936892972485981135e-01
1.002278757922620445e+00
9.943653832370460410e-01
9.934244828359732882e-01
9.953061639166550512e-01
9.993452718355697595e-01
9.965176519472770389e-01
9.950615662726669530e-01
1.001780720175288630e+00
1.000866622462579292e+00
9.922102224144130345e-01
9.932355425052692421e-01
9.863869602733414954e-01
9.970655023262448013e-01
9.949596384080038325e-01
9.978816331936917194e-01
9.989346902550818585e-01
9.965567676330253644e-01
9.922771672613036609e-01
9.946403721848199320e-01
9.943723109791126058e-01
9.940116397435976303e-01
9.982882623192480542e-01
1.000929728699843535e+00
9.947045538125467434e-01
9.965756623092899558e-01
9.943303441008536359e-01
9.993417731151780226e-01
9.990904946396584885e-01
9.995004794046351559e-01
9.983778792109700984e-01
9.988712370268485463e-01
9.966568738145663575e-01
1.000110422586873549e+00
9.951721684285120828e-01
9.950719034612636182e-01
1.000844731345603034e+00
9.915834503516122167e-01
1.001802533625289593e+00
9.971179823128053510e-01
9.963451875078317421e-01
1.003453201039588683e+00
9.954590064464908794e-01
1.001981380035633418e+00
1.000490255709112208e+00
9.977027224164808361e-01
9.968858908613273950e-01
9.930520880493686198e-01
9.997184101581370053e-01
9.970762053696718974e-01
9.981529493959702126e-01
9.949508326795071245e-01
9.972382478204712131e-01
9.979031501925853531e-01
1.000638902777856609e+00
9.975495695198879353e-01
1.000585987795181930e+00
9.972412571014985794e-01
9.974708933391450705e-01
1.000118072864781382e+00
1.002449133858316133e+00
9.964041240189799309e-01
1.001394541311673381e+00
9.963141137891012855e-01
9.962889298342915145e-01
9.982730947777165298e-01
9.964504060588087464e-01
9.896457163539582602e-01
9.991500404571668215e-01
9.984368826183459555e-01
9.987393917080400474e-01
1.001876862470725493e+00
9.966697966031997646e-01
9.995236459036835885e-01
9.976231088361978694e-01
9.987905129060948850e-01
1.004245809136798062e+00
1.001987783008854160e+00
1.000713943149800667e+00
9.997682295015747345e-01
9.966636022766899305e-01
1.000311942677938326e+00
9.980305228412124086e-01
9.996368517505858087e-01
1.002329982948281017e+00
9.978837609374838769e-01
9.965042825852918895e-01
9.969588683690925324e-01
9.979266339526934315e-01
9.978732901016739154e-01
9.998447508418700780e-01
9.971205941759480051e-01
1.002483064941657176e+00
9.986172335935273869e-01
1.001750271468472286e+00
9.945649042325442890e-01
9.878079139400437469e-01
9.744124694625281302e-01
