0.000000000000000000e+00
0.000000000000000000e+00
0.000000000000000000e+00
0.000000000000000000e+00
0.000000000000000000e+00
0.000000000000000000e+00
0.000000000000000000e+00
0.000000000000000000e+00
0.000000000000000000e+00
0.000000000000000000e+00
0.000000000000000000e+00
0.000000000000000000e+00
0.000000000000000000e+00
0.000000000000000000e+00
0.000000000000000000e+00
0.000000000000000000e+00
0.000000000000000000e+00
0.000000000000000000e+00
0.000000000000000000e+00
0.000000000000000000e+00
0.000000000000000000e+00
0.000000000000000000e+00
0.000000000000000000e+00
0.000000000000000000e+00
0.000000000000000000e+00
3.021914909678071262e-02
7.090146481343374552e-01
2.529636498424378210e+00
2.914287389423482644e+00
1.938792338531766468e+00
9.590373410630564921e-01
4.503205266747453139e-01
2.770634656475424173e-01
2.103943445312502769e-01
2.052332179710827098e-01
2.185434746925050686e-01
2.530269982291273312e-01
2.558371333582684093e-01
2.574058244224382008e-01
2.827110573885527889e-01
2.851432483905910753e-01
3.579356109370529504e-01
4.581226777945433537e-01
6.309491849622580473e-01
8.311601414661788922e-01
1.006929084692205656e+00
1.210737477484260971e+00
1.314128413059185485e+00
1.405866057821401283e+00
1.488946297555148846e+00
1.571403348608108708e+00
1.617783451296741504e+00
1.590966163917002740e+00
1.493493633943751675e+00
1.361831433473115638e+00
1.227315273633874826e+00
1.077517704827622325e+00
9.831213232629697485e-01
9.037706133203302628e-01
8.721959530600452704e-01
8.630957573820821072e-01
8.672310095151559706e-01
8.759249676730727074e-01
8.786967453155607455e-01
9.123445567498716935e-01
9.303654675555518283e-01
9.527776317139076134e-01
9.778427351130348777e-01
9.813319458270530760e-01
9.986759612174741507e-01
1.023407590217527696e+00
1.034191672986183974e+00
1.029557861268289409e+00
1.043428287443222136e+00
1.043713565321199743e+00
1.037677240328089612e+00
1.042446925325788643e+00
1.031172748681499662e+00
1.014047166417520351e+00
1.008980257576384654e+00
9.973187515378112433e-01
9.810518301509476569e-01
9.710505367532676901e-01
9.736894537171525421e-01
9.753393933746009603e-01
9.737097346846057544e-01
9.631257491500808676e-01
9.768966978937301260e-01
9.833562258895899300e-01
9.876994952957889318e-01
9.885477853729442987e-01
1.008443475223556929e+00
9.989482782456212684e-01
1.009685239770454990e+00
1.005188282557198942e+00
1.011132934377903192e+00
1.000382913898843373e+00
1.005856710377790231e+00
1.006758557838726809e+00
9.950222946468662011e-01
9.997459261986161305e-01
1.011457350480069461e+00
9.887388279234271549e-01
9.925303213956810922e-01
9.952210755882566762e-01
9.971701568234454527e-01
9.925266518502541269e-01
9.933767437460659933e-01
9.921264932191964370e-01
9.833929802704525214e-01
9.889752655567093376e-01
9.926192308233575678e-01
9.924901419981597694e-01
1.004087222262525891e+00
9.969799791944550238e-01
9.960185842394447819e-01
9.948317597337809071e-01
1.004665630962184197e+00
9.991708311147562416e-01
1.001531032613763639e+00
9.967834140241117469e-01
1.002582967263714542e+00
9.945619640057702382e-01
1.004251200397015653e+00
9.936061401907368973e-01
9.955146430054534479e-01
9.920052442192088815e-01
9.927235354653836108e-01
9.863048508938224712e-01
9.899531417476121753e-01
9.905159086640571431e-01
9.959826398388267332e-01
9.911664288827110036e-01
9.840241533002982433e-01
9.939811910336798784e-01
9.972476532453456999e-01
9.941458001811640521e-01
9.907085246458657846e-01
9.890475833026529662e-01
9.951005538564170472e-01
9.927487155021249565e-01
9.940180374826311782e-01
9.997697506998285411e-01
9.901862502560738744e-01
9.892131747813847076e-01
9.912009152755435482e-01
9.911265134666175092e-01
9.892536804760473368e-01
9.875743124524306582e-01
9.895442403300273027e-01
9.971146099757892678e-01
9.952839597078099176e-01
9.907112925955136040e-01
9.917932290562243569e-01
9.873684352178705437e-01
9.906399027886128028e-01
9.890688165803531717e-01
9.872382452689302257e-01
9.935828329718990881e-01
9.885197357293805664e-01
9.862399853110576098e-01
9.910813976114938306e-01
9.892945353993813917e-01
9.910284904289299313e-01
9.909936815928076514e-01
9.889225064035973567e-01
9.946492204783992097e-01
9.927872516969472594e-01
9.908353947701626918e-01
9.892076313331220616e-01
9.958909893156111526e-01
9.909413224743262028e-01
9.866081627280823829e-01
9.903138081670455062e-01
9.922713569535572820e-01
9.904586172678930822e-01
9.923597250252790269e-01
9.908636828666737006e-01
9.906957294591850482e-01
9.958562558687967803e-01
9.990787174522814951e-01
9.944878659981041258e-01
9.868236995481817209e-01
9.955012457465496345e-01
9.910898101305760655e-01
9.948077508766950405e-01
9.946079257630968673e-01
9.915779405112414846e-01
9.919086644353430904e-01
9.965974294666086752e-01
9.895194730017378149e-01
9.902185309664147672e-01
9.944478592533976258e-01
9.886936800734480446e-01
9.910131146922285250e-01
9.929012318345296073e-01
9.937991950602143021e-01
9.870551713475351763e-01
9.938552531680392432e-01
9.935416521583195770e-01
9.939068622004081366e-01
9.927117013945819801e-01
9.938289078896465067e-01
9.908899854675742302e-01
9.896598471586254275e-01
9.934039713432730734e-01
9.936685321711192787e-01
9.907359540842985979e-01
9.975645798170150735e-01
9.970468756315274961e-01
9.962005538445328767e-01
9.915202971181164004e-01
9.917514740123630768e-01
9.930624309760860413e-01
9.924396467435465663e-01
9.977947535621279895e-01
9.964551713476608175e-01
9.959608023903594454e-01
9.948004319102088377e-01
9.942849985993202910e-01
9.998943068603614037e-01
9.931417849884215387e-01
9.927360050099776068e-01
9.947853669526459663e-01
9.960870254290287162e-01
9.986108149737296102e-01
9.980397604629990260e-01
9.970020057987768469e-01
1.002580300924843293e+00
9.992065379082943899e-01
9.968493190889660127e-01
9.952345020465949155e-01
9.956240676702201586e-01
9.971904478820868833e-01
9.962142787868788485e-01
9.967832978866094651e-01
9.980530606650958036e-01
9.980976271560141333e-01
9.987973444523986499e-01
9.970839187645210711e-01
9.984014332127649771e-01
1.001275221088551604e+00
1.001898080729946017e+00
1.000335270212506789e+00
9.987796283784481366e-01
9.972762845128891884e-01
1.000222805313330854e+00
9.940666747565539696e-01
9.995661444037521326e-01
9.976505535241753098e-01
9.941821565211957923e-01
9.981175955593113436e-01
1.002244160720163757e+00
1.001104015785474477e+00
1.001920694274934132e+00
9.997205124334133108e-01
9.958100084400443031e-01
9.971418779045320147e-01
9.973917572799483322e-01
9.996600284146255344e-01
1.001721567994173112e+00
9.976252694812722810e-01
9.993672419385993821e-01
9.996954652580581913e-01
9.994931710750213361e-01
9.966963298020257156e-01
9.981532762281911664e-01
1.001136653836638191e+00
9.989020897091033246e-01
9.980509530237151594e-01
9.991023658415493225e-01
9.997379817368515775e-01
1.005736394777384080e+00
1.001196349581318756e+00
9.994843636345669413e-01
9.998780610578983374e-01
9.976021381931665655e-01
9.999659738375537010e-01
9.870909576101779548e-01
9.763364935463065830e-01
