0.000000000000000000e+00
0.000000000000000000e+00
0.000000000000000000e+00
0.000000000000000000e+00
0.000000000000000000e+00
0.000000000000000000e+00
0.000000000000000000e+00
0.000000000000000000e+00
0.000000000000000000e+00
0.000000000000000000e+00
0.000000000000000000e+00
0.000000000000000000e+00
0.000000000000000000e+00
0.000000000000000000e+00
0.000000000000000000e+00
0.000000000000000000e+00
0.000000000000000000e+00
0.000000000000000000e+00
0.000000000000000000e+00
0.000000000000000000e+00
3.900502960819735352e-05
3.402547654746304606e-02
9.998806969470419581e-01
3.327817333707328462e+00
3.312254562576665062e+00
1.853198320063320192e+00
8.400258870235794983e-01
3.874023118363559837e-01
2.007476436374218409e-01
2.228598975508613023e-01
8.262820301343832829e-01
1.719900890772141144e+00
1.902319554669114510e+00
1.463084985743414057e+00
9.876254213181656638e-01
6.933364106035262431e-01
5.771125287820685346e-01
5.662726299963540821e-01
6.162546237019460582e-01
7.017185894511545063e-01
8.062957866775084526e-01
9.094195597844147994e-01
1.005617423651552933e+00
1.092430972308600312e+00
1.160442092555528104e+00
1.206707851416848110e+00
1.234027408542346826e+00
1.240053381254049514e+00
1.215303805834623718e+00
1.183900758117348850e+00
1.138395423369950699e+00
1.091201267131195030e+00
1.049561909927384296e+00
1.015840277544935999e+00
9.839331511779134676e-01
9.593137697870606218e-01
9.414419647354835829e-01
9.304776847765003911e-01
9.238599694291936837e-01
9.183687434311227360e-01
9.196709440955000980e-01
9.250221056228432603e-01
9.349747868277373808e-01
9.489249990694995640e-01
9.609643893338569720e-01
9.770747931390562080e-01
9.896126468499711892e-01
9.969666306464496364e-01
1.007854030130228118e+00
1.014225789898197450e+00
1.021851793320098123e+00
1.022253056682009165e+00
1.024716985664318791e+00
1.023587428173446501e+00
1.022990725628445174e+00
1.020214042220167761e+00
1.015947520653526226e+00
1.011850776579141131e+00
1.005911686180826603e+00
1.004894857699161204e+00
9.997266804552304986e-01
9.999752559793421147e-01
9.980175435607797629e-01
9.983857920518292017e-01
9.965157927166335972e-01
9.978831518988640070e-01
9.985005758932825604e-01
9.970808314616084189e-01
1.000007066353999940e+00
9.977393342163483059e-01
9.998020298635835745e-01
9.976955990767715221e-01
9.970929857018969722e-01
9.975105113492168663e-01
9.987730820917979369e-01
9.959218389037076680e-01
9.959446429952493185e-01
9.990010581509419785e-01
9.979105569947713805e-01
9.977134332133767991e-01
9.982412038447645575e-01
9.984750214648266953e-01
9.993461595424567578e-01
9.993438583454009594e-01
9.999107904271598013e-01
1.001448539263589010e+00
9.999598219802984245e-01
1.001618800904384710e+00
1.001379282134308379e+00
1.002594204136823874e+00
1.002322379631992666e+00
1.002857045092093280e+00
1.002179363290419678e+00
1.002492906133977124e+00
1.001842308175492358e+00
1.001169542034996640e+00
9.997506398330264776e-01
1.000566473890186270e+00
1.000793928283678635e+00
9.990080219943415774e-01
9.992355538913418878e-01
9.998977946999587640e-01
9.996886141433809492e-01
9.997651510034670785e-01
9.998086180006389156e-01
1.000201543860701703e+00
9.992338295150138272e-01
9.985847849610537397e-01
1.000680987661949795e+00
1.000453091507024439e+00
1.000424626021052088e+00
1.000150472695624737e+00
1.000366398155094316e+00
9.995055462769188992e-01
1.001746124537932436e+00
1.000814248335842649e+00
1.001430798952330115e+00
1.000726905500222808e+00
1.000321333480307828e+00
1.000808106913082085e+00
1.001535609341035693e+00
9.997377129111887362e-01
1.001147664402372905e+00
1.000097316472826847e+00
1.000686668688601566e+00
1.000226000010243865e+00
1.000117366182777578e+00
1.000646923984218617e+00
1.000087587194990357e+00
1.000842969813668937e+00
9.993340920626121449e-01
1.000796747751118820e+00
1.000976246287773597e+00
9.999507362151410783e-01
1.001259058297884863e+00
1.000281753131292861e+00
9.998149007397313381e-01
9.998158906648332289e-01
1.000571949606152478e+00
9.997904749295530857e-01
1.000807569577187639e+00
1.001094610428860499e+00
1.000550648738849135e+00
1.000432635258385883e+00
1.000142049400087885e+00
1.000464197260482191e+00
1.000133108137119864e+00
1.000081897663113839e+00
1.000142189752237565e+00
9.997867689419661641e-01
9.992797706073622832e-01
9.999373352076350585e-01
1.000508399656397263e+00
1.000281784770471694e+00
1.000190890114925679e+00
9.997443418385766334e-01
1.000008106052037604e+00
9.993360552840881983e-01
9.999911586953138531e-01
9.992639800393875449e-01
9.999689426961446692e-01
9.999154095257165586e-01
1.001058488795523838e+00
1.000938052086127295e+00
1.000863269779104447e+00
1.000669264718188289e+00
1.000388156891494518e+00
1.000915350875101417e+00
9.999451569916006921e-01
9.999210120724228990e-01
1.000228081726719287e+00
1.000455891550680043e+00
9.996553938423319297e-01
1.001235914746828382e+00
9.994879259510069947e-01
9.995967137483176002e-01
9.998043812367976013e-01
9.992876622704820466e-01
9.997785163129683239e-01
1.000042299043278460e+00
1.000357741522409638e+00
1.000275257188233846e+00
9.995948569752198809e-01
9.991871035130177603e-01
9.997180260202379598e-01
9.998360874699707690e-01
9.991006473741732563e-01
1.000662536676874437e+00
9.994631501514475991e-01
9.998749063495767642e-01
1.000292020868244647e+00
1.000436467730543288e+00
1.000145227211186372e+00
1.000804298567310457e+00
1.000425216498336711e+00
1.000006346887241326e+00
1.000019295606007219e+00
9.992971020026395479e-01
9.999565846452176388e-01
9.998403372726702987e-01
1.000023785020446310e+00
1.000325241461713643e+00
9.998491661625903415e-01
9.999928839856394580e-01
1.000412999678560899e+00
1.000258871415364847e+00
9.999884039967806837e-01
1.000614397239675268e+00
1.000191662579327012e+00
1.000243177266928019e+00
9.999472579201221789e-01
9.995473738680634712e-01
9.997002947393462957e-01
9.998243102894239787e-01
9.998921161704362737e-01
9.998873908919793108e-01
9.995378923803106552e-01
1.000302710607296142e+00
9.997701136599737026e-01
1.000023834869284478e+00
1.000115755625901492e+00
9.995916486492686381e-01
9.997498848648819214e-01
1.000108366720366293e+00
9.995052255199347035e-01
9.998087618468238791e-01
9.994685948003291243e-01
1.000008730230104392e+00
1.000015054521838254e+00
9.997604087563023434e-01
9.999879576945961412e-01
1.000581656829032662e+00
9.993831332792283417e-01
1.000189767349417780e+00
1.000270965228630793e+00
1.000027411328236138e+00
1.000534604714549358e+00
1.000104969199234750e+00
9.992108766831815370e-01
9.993277779929230498e-01
1.000292986568269260e+00
1.000648525905552644e+00
9.993202704941512859e-01
1.000515465259399273e+00
9.996138515186533402e-01
9.995998449067670100e-01
1.000387092246402876e+00
9.997799683627727196e-01
9.997384706206517979e-01
9.998815694917450037e-01
1.000152301391844079e+00
1.000436073085755551e+00
1.000061813706364378e+00
1.000015092815519591e+00
9.996385407104168008e-01
9.997008691219917420e-01
9.999975599876882448e-01
9.988878995754892909e-01
9.895252883727327919e-01
9.793347300089717544e-01
