0.000000000000000000e+00
0.000000000000000000e+00
0.000000000000000000e+00
0.000000000000000000e+00
0.000000000000000000e+00
0.000000000000000000e+00
0.000000000000000000e+00
0.000000000000000000e+00
0.000000000000000000e+00
0.000000000000000000e+00
0.000000000000000000e+00
0.000000000000000000e+00
0.000000000000000000e+00
0.000000000000000000e+00
0.000000000000000000e+00
0.000000000000000000e+00
0.000000000000000000e+00
0.000000000000000000e+00
0.000000000000000000e+00
0.000000000000000000e+00
1.950431819617076535e-05
3.340798618765639105e-02
1.021167878034939802e+00
3.329075011682621099e+00
3.322202173613101106e+00
1.845881526167854725e+00
8.464069671295060271e-01
3.850859518673680482e-01
1.979302692458857482e-01
2.236717636351359950e-01
8.339722064247380162e-01
1.725058230456581576e+00
1.905778409506829751e+00
1.470766038143532572e+00
9.852648283915123040e-01
6.929907158874349937e-01
5.768520732981170518e-01
5.650483177869972673e-01
6.131314661348905570e-01
7.021355090738495841e-01
8.060254856058266526e-01
9.089324529696446442e-01
1.007144626264782739e+00
1.089897899485299915e+00
1.156914595764298781e+00
1.208838984874334388e+00
1.234657151908265416e+00
1.236520046717877408e+00
1.221313116385920550e+00
1.186837430576017871e+00
1.137539523486933213e+00
1.090823067967544802e+00
1.049531065338215718e+00
1.013654303262822687e+00
9.796411509056868194e-01
9.589686523433573750e-01
9.392793410011809341e-01
9.290214275771849772e-01
9.255192641900900075e-01
9.193197328529720824e-01
9.200964312770468778e-01
9.231633691438350109e-01
9.346247091152104502e-01
9.472642418960193211e-01
9.608601315313726188e-01
9.754205089092699010e-01
9.862170759296601252e-01
9.990020886445674098e-01
1.007461512194849584e+00
1.012584978837469007e+00
1.019259330023448040e+00
1.022636238379602380e+00
1.025575995073429780e+00
1.023266270106180764e+00
1.021887405217070333e+00
1.020112783643608356e+00
1.014338016074140203e+00
1.011058492785078977e+00
1.006531537534484322e+00
1.002271582832334751e+00
1.001175319608096137e+00
9.995592114700599939e-01
1.000316497267465410e+00
9.987250379015860657e-01
9.962772673505357890e-01
9.994815592679754390e-01
9.988744991976773457e-01
9.982748728005006456e-01
9.998954249541645023e-01
9.981457993864387701e-01
9.976553012469008275e-01
9.981815001723499670e-01
9.978137379401859075e-01
9.968722265079897893e-01
9.967392805745787232e-01
9.971366641146358623e-01
9.982667193293860430e-01
9.977403211154556306e-01
9.971003907403246380e-01
9.983075108548632448e-01
9.990421141827982021e-01
9.977015495284139446e-01
1.000358567546461908e+00
9.986365126608665044e-01
9.991699321201581441e-01
1.000288230411820356e+00
1.000566203582956337e+00
1.001251714971382434e+00
1.001708657190495622e+00
1.002877678238633052e+00
1.000876159498490070e+00
1.002149224975139585e+00
1.000616350159623247e+00
1.003774401303254127e+00
1.000539831859912132e+00
1.001802924774489068e+00
1.000334780023422354e+00
9.995295726383259804e-01
1.001470883794070676e+00
9.991216416229208308e-01
9.993330344062557602e-01
9.993854748891863871e-01
9.994325005683570851e-01
9.992561228666585471e-01
9.980689182342497023e-01
9.987980665730344931e-01
9.985567237779917615e-01
9.991769001233975489e-01
9.996966195257198651e-01
9.996915678363117452e-01
9.989526016817062981e-01
1.000777268322812663e+00
1.000303867070310826e+00
1.000115472909640202e+00
9.998075688147448625e-01
1.000030268276117296e+00
1.000713352241326737e+00
9.999994519312949137e-01
9.994043404868223623e-01
1.000039126837507730e+00
9.996139780622693705e-01
1.000747345473906202e+00
1.000435198784077606e+00
9.991578561510513490e-01
1.000325710392806267e+00
9.990235102795356203e-01
1.000294265704489538e+00
1.000596637114776311e+00
1.000387510627000820e+00
1.000693790007421757e+00
9.998061870030067189e-01
1.000106333421931337e+00
9.998053757631525373e-01
9.994301283456141771e-01
1.000042748653303892e+00
9.996937777899850275e-01
9.989168877146411551e-01
9.993696400615069697e-01
9.993845834658418026e-01
9.997901153761863391e-01
9.998307823640042447e-01
9.998861924677291402e-01
9.996788565232295198e-01
1.000813732380459120e+00
1.000386620335901755e+00
1.000189451408816099e+00
9.993969557718415109e-01
9.997083014883295649e-01
9.999444778493573605e-01
9.993270589847044194e-01
1.000028426236651224e+00
1.000417801487279990e+00
1.000992698664997738e+00
1.000044739273391547e+00
1.000081181517838314e+00
1.000939555832774497e+00
1.001075879249337053e+00
1.000004311997186202e+00
9.998361008694330865e-01
9.991958266620667439e-01
9.987463709841289949e-01
1.000343595275233533e+00
9.997812381374225899e-01
9.993998241913311098e-01
9.999630718556546949e-01
9.995829276795109575e-01
1.000558444633795618e+00
9.994918982675154995e-01
1.000318879444848097e+00
1.000455690831719036e+00
1.000247603910497940e+00
9.995043975517632351e-01
1.000367522811745236e+00
1.000538715640028942e+00
1.000314354359624458e+00
1.000105493397103418e+00
1.000073061572867905e+00
1.000312420499516630e+00
9.998368426063497516e-01
9.998857354901306005e-01
1.000414147562463940e+00
9.993636174364731728e-01
1.000278076533961613e+00
1.000499178655721133e+00
1.000049438255485201e+00
9.998623425681771870e-01
9.999951328743621470e-01
1.000417662842585154e+00
9.998018647951074644e-01
1.000208137978108258e+00
9.997165939887736608e-01
1.000257730919529964e+00
1.000162910092211366e+00
1.000127413160563750e+00
1.000391927482317644e+00
1.000259640006482709e+00
9.993126154791943661e-01
1.000399341532077102e+00
1.000666899030756118e+00
1.000144640124786877e+00
1.000620259320566419e+00
9.999774328000728962e-01
1.000371357408784467e+00
9.998611613495994588e-01
1.000117391508328346e+00
9.999628142401087993e-01
9.998932628164495240e-01
9.995791003809231245e-01
9.998567449963767784e-01
1.000535995364953523e+00
9.999562433604202161e-01
9.999351974631973672e-01
1.000245752435214186e+00
1.000163364300894919e+00
1.000386662143134542e+00
9.997743761726486378e-01
9.998415348022986482e-01
1.000287799194394811e+00
1.000725310029773274e+00
1.000144034545214833e+00
1.000390372532068639e+00
1.000898878352197041e+00
1.000250948354154401e+00
1.000255601141013084e+00
1.000339306241526671e+00
9.990125578976015719e-01
9.999869713850790820e-01
1.000715776602396634e+00
9.998787780521142254e-01
9.996992951288552476e-01
9.999540879965507223e-01
9.997712972331956882e-01
9.993815479492573761e-01
9.998810288970204629e-01
1.000293210792249976e+00
9.997534227788429373e-01
1.000182768271341116e+00
9.998239230715874060e-01
9.996368627820781949e-01
1.000663805599995460e+00
1.000489260539866532e+00
1.000143526957924411e+00
9.994001847036906305e-01
9.995521441036705479e-01
1.000193541558647592e+00
9.999993204593800034e-01
1.000132606412784675e+00
1.000048628673648077e+00
9.998706043151928125e-01
1.000173143796664110e+00
1.000776323114024313e+00
9.995808741138044740e-01
9.995254188405356954e-01
9.995081630404665241e-01
1.000495206738934995e+00
9.998819908531019207e-01
9.996930479753731724e-01
9.983461736189683799e-01
9.889978120766710346e-01
9.787309746699455193e-01
