0.000000000000000000e+00
0.000000000000000000e+00
0.000000000000000000e+00
0.000000000000000000e+00
0.000000000000000000e+00
0.000000000000000000e+00
0.000000000000000000e+00
0.000000000000000000e+00
0.000000000000000000e+00
0.000000000000000000e+00
0.000000000000000000e+00
0.000000000000000000e+00
0.000000000000000000e+00
0.000000000000000000e+00
0.000000000000000000e+00
0.000000000000000000e+00
0.000000000000000000e+00
0.000000000000000000e+00
0.000000000000000000e+00
0.000000000000000000e+00
0.000000000000000000e+00
1.673121179885724355e-02
7.203194124943426147e-01
3.027245363124602129e+00
3.554869379458973633e+00
2.170150075902324893e+00
1.009531147754103131e+00
4.532022673139216029e-01
2.347639693261306948e-01
2.260803295097109644e-01
3.644796927480935533e-01
5.593905811421887586e-01
7.111104193898313275e-01
7.944767140039119546e-01
8.258220467260322106e-01
8.355410780448893071e-01
8.528702410470851980e-01
8.875739157353275122e-01
9.514034171250893568e-01
1.014149849918478008e+00
1.067135373777583274e+00
1.121109917999925765e+00
1.181069156128202069e+00
1.234391254857984510e+00
1.262528785843321177e+00
1.270192542471104469e+00
1.253759735768768202e+00
1.218946420060759817e+00
1.165693569302761468e+00
1.102421020646368710e+00
1.041004685413261521e+00
9.924021078287887931e-01
9.547920360040328402e-01
9.330052440782873324e-01
9.248994787418149954e-01
9.214699474606851126e-01
9.218265108210264014e-01
9.278421953618025686e-01
9.314807310761160641e-01
9.377486862519940347e-01
9.474283682253934469e-01
9.601856067926275440e-01
9.702697169907829045e-01
9.819430387263785587e-01
9.929195588381539705e-01
1.001907083232679074e+00
1.009125445527494502e+00
1.012061423673818128e+00
1.014178881327788995e+00
1.013866999185414119e+00
1.011542609242105817e+00
1.008565876967945973e+00
1.006404306494154799e+00
1.005311282168205977e+00
1.003994462158673162e+00
1.001214490270970314e+00
1.002489141127065997e+00
1.004338019830461448e+00
1.003540367813149592e+00
1.004886390187942791e+00
1.008113165355153829e+00
1.006598028026234104e+00
1.005559315014975308e+00
1.005408719433715348e+00
1.004645402391299180e+00
1.003958130506292123e+00
1.002299486363954273e+00
1.000714441950147027e+00
1.000031079445700577e+00
9.976261288249868020e-01
9.972265451747627241e-01
9.948874142439557700e-01
9.941005729541375624e-01
9.939404992424453189e-01
9.938188810988275446e-01
9.915042116757705193e-01
9.916365152138134631e-01
9.928148944957564392e-01
9.936449343543553026e-01
9.948662733575384109e-01
9.954586760299422021e-01
9.982899149764737912e-01
9.995168688659014089e-01
1.001661024015942258e+00
1.002800158309260725e+00
1.003762920127544200e+00
1.004680803549795609e+00
1.003399520256635924e+00
1.004073306415563360e+00
1.003783670916658322e+00
1.003071224558762076e+00
1.003342342721243563e+00
1.003142940730651356e+00
1.001690671888774142e+00
1.000914169123725772e+00
9.996898188322153045e-01
1.000727548436998182e+00
9.992139780214063238e-01
9.984063889974713613e-01
9.993459680336215234e-01
9.988716773283163874e-01
9.995293799044144833e-01
9.986541920906431002e-01
9.980742769124225644e-01
9.986175457597775695e-01
9.990866678358562014e-01
9.986684852140315094e-01
9.987895752946905903e-01
9.988122167629123194e-01
9.994237270796637596e-01
1.000170745198796896e+00
1.000282041161052682e+00
1.000261025093872824e+00
1.000876771160112311e+00
1.000480808699462099e+00
1.001006403651615084e+00
1.000032514251014248e+00
1.000681862252637222e+00
1.000947190645080864e+00
1.000487929945842902e+00
1.000006652932796891e+00
1.000400375343321935e+00
1.001127842645876287e+00
1.000631200522441144e+00
1.000912783756741975e+00
1.000670762602556607e+00
1.000531639067150813e+00
1.000497268469191736e+00
1.000078671695376231e+00
1.000015431035326863e+00
9.995463530878765379e-01
9.995212577950891575e-01
1.000423123139893011e+00
9.994044586710628675e-01
9.999221438609018353e-01
9.994836639773231335e-01
1.000600950700209379e+00
1.000041739738357194e+00
9.994035898449687982e-01
1.000545767336670666e+00
1.000188696052132897e+00
1.000019494588873847e+00
9.996247725412542584e-01
9.999877940029466838e-01
1.000205674846946113e+00
1.000297620581249269e+00
9.994444019509117760e-01
1.000481791745633675e+00
1.001062643397003127e+00
1.000282296394901849e+00
1.000657360677138730e+00
9.998834721561529193e-01
9.995639074552979952e-01
1.000201550809891593e+00
1.000363674189034269e+00
1.000319397871602956e+00
1.000082576648615218e+00
9.998312884791656918e-01
1.000230818944201960e+00
1.000800597218179711e+00
9.999043567632667218e-01
1.000673475230840825e+00
9.995482824653435516e-01
1.000042138532911906e+00
1.000303579358548189e+00
1.000452935120813791e+00
1.000542478088685128e+00
9.998271392723332429e-01
9.996793022220619163e-01
9.999409631146726207e-01
1.000076379960279205e+00
1.000497055187111517e+00
1.000548793182175933e+00
9.998551832220270441e-01
9.997970843670594965e-01
1.000291509674818835e+00
9.998300138662330472e-01
1.000609959035892560e+00
9.996336651320287814e-01
1.000058551776860538e+00
9.999726712872604173e-01
1.000269157841126466e+00
1.000133534485641240e+00
1.000090573347605982e+00
1.000270908030059358e+00
1.000061774757217137e+00
9.998865232110152323e-01
9.997662210275086725e-01
9.998218146937885020e-01
1.000681855721873292e+00
9.998241382670485233e-01
1.000253902283206653e+00
1.000097799382005714e+00
1.000107703632252543e+00
9.999101037970894446e-01
1.000173946970785321e+00
1.000419738121319790e+00
1.000486030289171158e+00
1.000263076111584493e+00
1.000577379907382491e+00
1.000352289115497229e+00
9.999636962887422653e-01
9.999475510116088151e-01
1.000009813017882054e+00
9.999110774601763785e-01
1.000245892967822403e+00
1.000399689238459233e+00
1.000288034655566261e+00
1.000358042705324024e+00
9.998339914561016339e-01
9.999318970462052203e-01
1.000082827789855022e+00
9.997880356172320626e-01
1.000120376473977446e+00
1.000354918725149034e+00
9.998663892540170517e-01
1.000308836161016623e+00
1.000464877443278722e+00
1.000143410604095617e+00
9.999394346544965284e-01
9.998775783352058522e-01
9.999183827686342063e-01
9.999484607106918777e-01
1.000383514113416972e+00
1.000188169571018193e+00
1.000011101100792610e+00
1.000312907614607116e+00
1.000208869944554602e+00
9.998837468476118318e-01
1.000432703239580556e+00
1.000155589611205542e+00
1.000485757834684186e+00
1.000172694190563538e+00
1.000082029921427251e+00
9.997686101512525125e-01
9.998594548519208480e-01
1.000061552372560669e+00
1.000037900048922790e+00
9.999526963197329366e-01
9.996628131791930327e-01
9.999157430988009354e-01
9.999411125903089337e-01
1.000144332235408884e+00
1.000238713454135731e+00
9.998714783590574307e-01
9.999047298485150836e-01
1.000216618029316606e+00
1.000016504959434727e+00
1.000578805541782357e+00
1.000303198284100414e+00
9.999531619128190219e-01
1.000549131146229787e+00
1.000180984331291656e+00
1.000365481747070850e+00
9.996009700832401146e-01
1.000264250241238662e+00
1.000114710284119246e+00
1.000313071603960324e+00
1.000093386890085423e+00
9.998642808736865062e-01
1.000018205497812618e+00
1.000244190227368213e+00
1.000018017702441142e+00
9.998104184864921029e-01
1.000455176597903728e+00
1.000180077267143641e+00
1.000305081033383114e+00
1.000151792655944893e+00
1.000140760959522090e+00
1.000156804122993792e+00
9.998789711367807032e-01
1.000075830058929638e+00
9.998556051529561284e-01
9.998307241066813900e-01
1.000384350839727432e+00
1.000280629219209461e+00
1.000210069054793705e+00
1.000105475042768921e+00
1.000025344476974221e+00
1.000180548029833139e+00
1.000130657599479944e+00
1.000212594604233285e+00
1.000368145118177621e+00
1.000622354907478195e+00
1.000223971521420729e+00
1.000068490884653327e+00
1.000116921682241200e+00
1.000268976961906864e+00
1.000036102364640467e+00
9.998170425909327363e-01
1.000041192292504988e+00
1.000435860549370393e+00
1.000344805643585078e+00
1.000181823876179488e+00
1.000272010038843806e+00
1.000163435712869031e+00
1.000161063626902491e+00
1.000487956864156258e+00
1.000249143150679254e+00
1.000003830899197643e+00
1.000253524153512430e+00
9.999402477887053831e-01
1.000127077623033545e+00
1.000130219558158506e+00
1.000247065257690027e+00
1.000517301932507763e+00
1.000233575223302696e+00
1.000051337403587093e+00
1.000545277426354795e+00
1.000434406291051292e+00
1.000079202891300589e+00
9.998242834421504632e-01
9.997274745959440212e-01
1.000205494821022167e+00
1.000076616680564356e+00
1.000222279344889165e+00
9.999021756451310639e-01
9.998508905655268952e-01
1.000193121779884287e+00
9.997493227531324411e-01
9.998222511912456811e-01
1.000005007937251778e+00
1.000175981703331107e+00
1.000160861916745692e+00
1.000296529577221039e+00
1.000391247155081320e+00
9.984241609390785976e-01
9.905714186620799833e-01
9.817138380362709915e-01
9.728978906689789152e-01
9.649435664231813536e-01
9.558584751266809842e-01
9.481475763888586039e-01
9.395335004022127290e-01
9.314126618541918035e-01
9.230461365644480054e-01
9.145810638128236691e-01
9.066580725118583706e-01
8.986589027651646910e-01
8.904611271972007192e-01
8.825989117619115198e-01
8.744043902734227602e-01
8.663762915383675933e-01
8.586162002083314038e-01
8.507003698881275833e-01
8.433103489136386521e-01
8.355310616716813410e-01
8.276835022877913062e-01
8.201903685276872302e-01
8.120915057778309576e-01
8.046041336299214475e-01
7.968980669539194039e-01
7.895942107744808869e-01
7.820542825280435428e-01
7.747865068448670511e-01
7.674002672036043249e-01
7.599057054898141761e-01
7.524916354574011645e-01
7.452961406953866330e-01
7.385854694050111302e-01
7.310244783162896942e-01
7.236046144522912948e-01
7.165800205079572160e-01
7.095122601019235864e-01
7.026524416676004359e-01
6.956351530363713564e-01
6.887292374747374657e-01
6.816591781013784379e-01
6.747298052144614644e-01
6.679003299348610367e-01
6.609900117498114236e-01
6.540752118717670927e-01
6.474115337485197852e-01
6.407074920749373792e-01
6.338746339380030292e-01
6.274883328143444627e-01
6.207369549377489415e-01
6.142753270605690874e-01
6.077958475562946772e-01
6.008936387915395638e-01
5.944650160148158280e-01
5.883387406051929780e-01
5.818424430479306464e-01
5.751534612473001573e-01
5.687644594003914422e-01
5.623203791822311004e-01
5.564676268039739915e-01
5.500085271030344947e-01
5.438677137592934363e-01
5.374234572690320677e-01
5.314788805357758550e-01
5.252197675905300178e-01
5.191629723295079213e-01
5.131234587630887356e-01
5.070480979827459711e-01
5.010511092689647894e-01
4.949841910693514868e-01
4.891255452202892262e-01
4.830424262784294154e-01
4.770711378048864137e-01
4.711651544149275117e-01
4.650524681185815301e-01
4.594973601597507340e-01
4.538937650185416728e-01
4.480764285226139787e-01
4.421535320585031625e-01
4.366357725898304398e-01
4.307172334189775520e-01
4.249782369094052825e-01
4.193109833442187906e-01
4.136965650867366895e-01
4.081003782887525078e-01
4.025981488582347501e-01
3.971648440682817305e-01
3.917436989093022182e-01
3.860812818454737450e-01
3.806092886906053407e-01
3.751800334610570498e-01
3.697058073839576409e-01
3.644801948192133989e-01
3.591445167530024629e-01
3.536753787245707770e-01
3.484015729177415421e-01
3.429262159741133797e-01
3.379496554053676438e-01
3.326847635147022197e-01
3.273882582203670455e-01
3.219651567282929561e-01
3.170014087297543526e-01
3.119622375447760887e-01
3.066831374672752131e-01
3.015402125899568908e-01
2.962979582029921510e-01
2.914035733347969392e-01
2.863297747986873754e-01
2.812923727703663390e-01
2.762865296589349651e-01
2.712302431204682285e-01
2.663071694640953835e-01
2.614414257550916054e-01
2.566054371979383242e-01
2.516399047257725785e-01
2.467074092798372531e-01
2.419634276094942971e-01
2.371642761255329523e-01
2.322942681761716033e-01
2.276008784262757711e-01
2.227318909387615009e-01
2.180430397289665201e-01
2.133127601455291067e-01
2.085950106151586436e-01
2.038066533558609283e-01
1.992244131699375254e-01
1.945699139291001689e-01
1.899504178776182939e-01
1.853185210015838857e-01
1.808000635367160713e-01
1.761357863830115833e-01
1.716593873826540717e-01
1.671009478162401862e-01
1.626537804676822796e-01
1.580866896401310895e-01
1.537252500559692092e-01
1.492220194723273274e-01
1.448240680469443098e-01
1.402779341296636895e-01
1.360074250461500711e-01
1.317032528301545768e-01
1.273286319186182347e-01
1.228655919842479988e-01
1.187257125637998512e-01
1.149210074662551928e-01
1.113038238848376993e-01
1.079879919653937564e-01
1.046674345530997363e-01
1.015408331324075819e-01
9.850447919848076550e-02
9.558462208002785343e-02
9.273953981451392437e-02
8.995534081861966680e-02
8.728641222682521905e-02
8.474735446291346841e-02
8.217865752480331409e-02
7.977554071078120368e-02
7.743778864084455149e-02
7.507902884687728262e-02
7.282421825611691546e-02
7.069459658365324917e-02
6.854896624547715533e-02
6.643985854702368077e-02
6.440333581332624568e-02
6.251401450340984822e-02
6.053304821155471027e-02
5.872160612541046931e-02
5.687399717043938041e-02
5.509515497724850469e-02
5.340519027723664852e-02
5.163939126613088793e-02
5.005433614492262734e-02
4.843571180876553306e-02
4.685421490633935593e-02
4.535711680142570645e-02
4.388476848273024228e-02
4.245116285007262402e-02
4.103612505547961364e-02
3.960803027582378288e-02
3.833361818947580990e-02
3.702411285292291077e-02
3.570628940777955534e-02
3.453282798601069875e-02
3.328980002146102873e-02
3.213357396453848935e-02
3.099764831075503199e-02
2.985021145010904875e-02
2.877427251360380189e-02
2.769205909932202087e-02
2.664326114942026230e-02
2.562892138298278680e-02
2.465879298983647896e-02
2.371226579583084540e-02
2.276756326256190732e-02
2.187953497078549969e-02
2.101062513548042701e-02
2.013396969053862090e-02
1.929551883841302065e-02
1.847553180800047892e-02
1.768581483101931695e-02
1.693518182019089491e-02
1.621798988383651996e-02
1.549128606093929869e-02
1.482004849797462047e-02
1.411435097485253670e-02
1.342912890597710955e-02
1.281423486451681304e-02
1.216168695468179337e-02
1.158940284372825778e-02
1.100597564477381364e-02
1.042562033109447305e-02
9.886359571608526950e-03
9.350669808517288531e-03
8.840042884628609293e-03
8.360149487484574288e-03
7.868305230859840710e-03
7.439081064236127000e-03
6.986663222070204834e-03
6.573274117610125242e-03
6.133930953426268602e-03
5.760867218914307065e-03
5.364157179744278095e-03
4.991564367508456376e-03
4.652129596584422128e-03
4.311615423564878896e-03
4.005113541468197785e-03
3.700571798942106638e-03
3.387083195395461464e-03
3.122636039315033248e-03
2.858683304215099176e-03
2.609047257909190721e-03
2.358032402336462680e-03
2.141500478951723942e-03
1.922862733916496161e-03
1.721106804611302089e-03
1.525138379589472152e-03
1.345683516536544085e-03
1.189696062310039359e-03
1.034243790807359929e-03
8.907108253050882284e-04
7.564391606539923058e-04
6.432920749354978634e-04
5.270863098931070131e-04
4.265639214357959115e-04
3.421174843949611718e-04
2.633838980723764026e-04
2.001065834475230674e-04
1.419847309317678581e-04
9.452797997993584833e-05
5.691383141597683204e-05
2.815508782889618490e-05
1.052290535449892720e-05
1.803956358479473891e-06
1.115970940223612862e-07
0.000000000000000000e+00
0.000000000000000000e+00
0.000000000000000000e+00
0.000000000000000000e+00
0.000000000000000000e+00
0.000000000000000000e+00
0.000000000000000000e+00
0.000000000000000000e+00
0.000000000000000000e+00
0.000000000000000000e+00
0.000000000000000000e+00
0.000000000000000000e+00
0.000000000000000000e+00
0.000000000000000000e+00
0.000000000000000000e+00
0.000000000000000000e+00
0.000000000000000000e+00
0.000000000000000000e+00
0.000000000000000000e+00
0.000000000000000000e+00
0.000000000000000000e+00
0.000000000000000000e+00
0.000000000000000000e+00
0.000000000000000000e+00
0.000000000000000000e+00
0.000000000000000000e+00
0.000000000000000000e+00
0.000000000000000000e+00
0.000000000000000000e+00
0.000000000000000000e+00
0.000000000000000000e+00
0.000000000000000000e+00
0.000000000000000000e+00
0.000000000000000000e+00
0.000000000000000000e+00
0.000000000000000000e+00
0.000000000000000000e+00
0.000000000000000000e+00
0.000000000000000000e+00
0.000000000000000000e+00
0.000000000000000000e+00
0.000000000000000000e+00
0.000000000000000000e+00
0.000000000000000000e+00
0.000000000000000000e+00
0.000000000000000000e+00
0.000000000000000000e+00
0.000000000000000000e+00
0.000000000000000000e+00
