0.000000000000000000e+00
0.000000000000000000e+00
0.000000000000000000e+00
0.000000000000000000e+00
0.000000000000000000e+00
0.000000000000000000e+00
0.000000000000000000e+00
0.000000000000000000e+00
0.000000000000000000e+00
0.000000000000000000e+00
0.000000000000000000e+00
0.000000000000000000e+00
0.000000000000000000e+00
0.000000000000000000e+00
0.000000000000000000e+00
0.000000000000000000e+00
0.000000000000000000e+00
0.000000000000000000e+00
0.000000000000000000e+00
0.000000000000000000e+00
0.000000000000000000e+00
0.000000000000000000e+00
0.000000000000000000e+00
0.000000000000000000e+00
0.000000000000000000e+00
0.000000000000000000e+00
2.048073185817086278e-02
3.138047084245211837e-01
1.319200328631467301e+00
2.908813005143322528e+00
4.043168713572522499e+00
4.409027331537779482e+00
4.595804491477925247e+00
4.618185040016280496e+00
4.449022709492749250e+00
4.011701947063189166e+00
3.602373023700375043e+00
3.281557098777137860e+00
2.822195263995005643e+00
2.565881449192733310e+00
2.135283812868916886e+00
1.986297374037552244e+00
1.917818276015403889e+00
1.781251254987476829e+00
1.779575996661445725e+00
1.831908200606792159e+00
1.739553550112672431e+00
1.746771333268657855e+00
1.621469631147302470e+00
1.661307478318864161e+00
1.613087175427715625e+00
1.561899683705898045e+00
1.550804698489761879e+00
1.649160826201463648e+00
1.624710877504562445e+00
1.727797180966500479e+00
1.742277204037192773e+00
1.699606854639079900e+00
1.699440607659694846e+00
1.621128698619834330e+00
1.586975709664832035e+00
1.507264783875985614e+00
1.442235113336460373e+00
1.414410651647375117e+00
1.345538902181488972e+00
1.320972993389432970e+00
1.290759776411649185e+00
1.314886509143439186e+00
1.274732904179261661e+00
1.268093583077995357e+00
1.267103409341117093e+00
1.274582031518560088e+00
1.237839813307763936e+00
1.274945882625838633e+00
1.307035428584391479e+00
1.305866721128786434e+00
1.258022081594093233e+00
1.226964323078975072e+00
1.264374349378746931e+00
1.198628504118315119e+00
1.217867337644214842e+00
1.197909718987018035e+00
1.192292908199768853e+00
1.178347717488532620e+00
1.174125845214240460e+00
1.144526226709750460e+00
1.175248694170780484e+00
1.106267889001926186e+00
1.126097846183095275e+00
1.128309549019154367e+00
1.140979285160671486e+00
1.096132161167973518e+00
1.116549888778203714e+00
1.094988229601097762e+00
1.097439833519203933e+00
1.090086160949075289e+00
1.099791181655800809e+00
1.113662326537474767e+00
1.083752065839703738e+00
1.090409513817283349e+00
1.138838233703759473e+00
1.106502567539523696e+00
1.097567915337043232e+00
1.078475665947218554e+00
1.096132799220891352e+00
1.072436181322821591e+00
1.070357342969997294e+00
1.066925183475287753e+00
1.081561583447331998e+00
1.042702844241377935e+00
1.069466923876317255e+00
1.045934617549667323e+00
1.040682502946532306e+00
1.036941073840254690e+00
1.067731962595003248e+00
1.038181267332105584e+00
1.033152917066562981e+00
1.021025229596625117e+00
1.057302609735059518e+00
1.056637198580781645e+00
1.048748627074116424e+00
1.035291584477136428e+00
1.050888845159979379e+00
1.047928542087482651e+00
1.031162045983889941e+00
1.039300808546671728e+00
1.033271416208640714e+00
1.004001712109912514e+00
1.026910780574788129e+00
1.024264219919818864e+00
1.029883381991983926e+00
1.035075166643819378e+00
1.045455637739686416e+00
1.036174351468676536e+00
1.034341239048543803e+00
1.021872670094799096e+00
1.025740603087290648e+00
1.031163570316381284e+00
1.028699835407410612e+00
1.041722876520344121e+00
1.033626442017172353e+00
1.025893487138319848e+00
1.041296902066578545e+00
1.015774668483881538e+00
1.034142144763199100e+00
1.032545964912813252e+00
1.027545792705307326e+00
1.026442574485137982e+00
1.042778633214405115e+00
1.020508542918645123e+00
1.029113298285259770e+00
1.020481705529502570e+00
1.041985059435132088e+00
1.019092305242508933e+00
1.034365618776405427e+00
1.002861839016454981e+00
1.022094448935910949e+00
1.032737856015539801e+00
1.018029904344670555e+00
1.015670606227292216e+00
1.032555324010679954e+00
1.031573136836860138e+00
1.017100193530874552e+00
9.940246435796432634e-01
1.027867705694623046e+00
1.026162156444179407e+00
1.025288087844101081e+00
1.007271895576471676e+00
9.946761564280880430e-01
1.006171743800503782e+00
1.013866327063848161e+00
1.012429018919850821e+00
9.972603801758471720e-01
1.028724306087510199e+00
1.017439971230415630e+00
1.021212026150835284e+00
1.007210413533083271e+00
1.005557260555318688e+00
1.000115730030419758e+00
1.006488838474014491e+00
1.007582432876339862e+00
1.005243229201227662e+00
1.019953865458694153e+00
1.030013155538306968e+00
1.017187721672445422e+00
1.002348779978984528e+00
1.000037463915477876e+00
1.009310955311491620e+00
9.974835182041557058e-01
1.019228998180976120e+00
1.007895929124008827e+00
1.023219475926318678e+00
1.016756782057809172e+00
1.018248211184328289e+00
9.919617347042573030e-01
1.013829688433380616e+00
1.015954798319753882e+00
1.008212633305728634e+00
1.014690256744093411e+00
1.005025321242278835e+00
1.009457042340681010e+00
1.007374591842512768e+00
1.011013386443258000e+00
1.006080159017814113e+00
1.017819316303933963e+00
1.009924576367812188e+00
1.009893114925009661e+00
1.014770880795229813e+00
1.007541859317671928e+00
1.010017785930247491e+00
1.013970326527361410e+00
1.004833391791949193e+00
1.004264560782723192e+00
9.941426552680976414e-01
9.876043605965431071e-01
1.001999971658325883e+00
1.000590519304612958e+00
1.012138096668517839e+00
1.011431448668788757e+00
1.002933300608159106e+00
1.006726496056560949e+00
1.002005848487570683e+00
1.004302519206215161e+00
1.000278914797100960e+00
1.008035991513876573e+00
9.978895847559595689e-01
9.898453510854895443e-01
9.982548475488123296e-01
9.900415966711266780e-01
9.964531278781360024e-01
1.003212718749836085e+00
1.000469235641978871e+00
1.004742989700160960e+00
9.925499004629003696e-01
9.973996364327972763e-01
1.013672987991575347e+00
9.848021487573204169e-01
9.925073111290677597e-01
9.858877137918914402e-01
1.001996804945877839e+00
9.977434600132644160e-01
1.000966198592530887e+00
9.981091419500577322e-01
9.954673246678001908e-01
9.844135715496592498e-01
1.005686252405645797e+00
1.000462765357294170e+00
9.922380135242763188e-01
1.003058390617882933e+00
9.996554037794180836e-01
9.991018559087683215e-01
9.999278561774186391e-01
9.997693989835457762e-01
1.002865262561374537e+00
9.969984277351401358e-01
9.931022075429831730e-01
9.947385564892339271e-01
1.000079823124026435e+00
9.884466468258050753e-01
9.973265133599884535e-01
1.004416061647467107e+00
9.953815185358885209e-01
9.896212936432594587e-01
9.900311892534492397e-01
9.972601575308605026e-01
9.851026123037319726e-01
9.972341912242851381e-01
9.929079997715827277e-01
1.007905993610655582e+00
9.965451112725757232e-01
9.944984041573328160e-01
9.861451967973439148e-01
9.913828244255986633e-01
9.876078404457473425e-01
9.763845749766840720e-01
9.879450606593023210e-01
9.865504073081042824e-01
9.978210037619955619e-01
9.903900136882018979e-01
9.844819864563425504e-01
