0.000000000000000000e+00
0.000000000000000000e+00
0.000000000000000000e+00
0.000000000000000000e+00
0.000000000000000000e+00
0.000000000000000000e+00
0.000000000000000000e+00
0.000000000000000000e+00
0.000000000000000000e+00
0.000000000000000000e+00
0.000000000000000000e+00
0.000000000000000000e+00
0.000000000000000000e+00
0.000000000000000000e+00
0.000000000000000000e+00
0.000000000000000000e+00
0.000000000000000000e+00
0.000000000000000000e+00
0.000000000000000000e+00
0.000000000000000000e+00
0.000000000000000000e+00
0.000000000000000000e+00
0.000000000000000000e+00
0.000000000000000000e+00
0.000000000000000000e+00
0.000000000000000000e+00
5.119742046347785895e-03
1.521346354045626792e-01
5.975728462755043324e-01
1.444641136186118446e+00
1.905459394620497626e+00
2.311822358641498099e+00
2.352168468202418872e+00
2.386853545079540950e+00
2.307895412944343416e+00
2.127407410017795986e+00
1.872101075734602604e+00
1.771888236244787196e+00
1.532263462385565767e+00
1.392677386553449415e+00
1.315987331942714667e+00
1.298567528122568149e+00
1.292591103262810348e+00
1.314921467716243519e+00
1.284331658827997824e+00
1.293340866331606609e+00
1.272680373302470302e+00
1.270656089429180957e+00
1.206061631276125867e+00
1.174456939031565783e+00
1.129345770463398901e+00
1.163641592979393957e+00
1.169308673602601711e+00
1.199705153083767462e+00
1.206927909570170598e+00
1.220638065661042493e+00
1.231503689138133240e+00
1.233631413149901768e+00
1.206526944376827393e+00
1.226575501028319470e+00
1.165734010572534229e+00
1.167427521966342585e+00
1.084958340998698034e+00
1.106938142650308876e+00
1.071728839808667511e+00
1.074175925476202220e+00
1.071384714743631950e+00
1.081965285687229050e+00
1.072829089175012074e+00
1.067489004832861355e+00
1.079863047182855640e+00
1.092069875858552752e+00
1.073553425131816175e+00
1.082701032049429024e+00
1.046272526215990428e+00
1.104949867720129930e+00
1.093659950740191622e+00
1.081383718820454254e+00
1.059454463317349937e+00
1.048330344845867845e+00
1.032804615835957840e+00
1.064275851989425759e+00
1.050254440737041106e+00
1.061178009003615363e+00
1.038560344115091461e+00
1.022770743315284170e+00
1.038185779278815613e+00
1.023984593029937828e+00
1.017808074307297472e+00
1.041426817886858203e+00
1.036246611281694596e+00
1.028465952622369839e+00
1.040949527049314760e+00
1.022230050987889216e+00
1.023392628729391962e+00
1.024939699309440844e+00
1.026589311873600252e+00
1.021525721745587756e+00
1.037085627139423982e+00
1.027724767041037879e+00
1.034786810195805984e+00
1.023688504546655720e+00
1.008603152413046766e+00
1.018186701455833454e+00
1.025354576325905098e+00
1.022807963001381104e+00
1.033067960760740256e+00
1.020990382030532384e+00
1.023638086729687480e+00
1.012624183003553169e+00
1.018330683523311242e+00
1.015379312456835992e+00
1.025913972750541303e+00
1.034060541208474460e+00
1.014157449865047855e+00
1.025513290153921675e+00
1.018227673525222254e+00
1.017377915012451783e+00
1.005998341923574957e+00
1.022301621253438153e+00
1.005156825133183718e+00
1.018558000374899075e+00
1.028833500736767714e+00
1.031335672913268775e+00
1.034784926856942233e+00
1.013109268893072956e+00
1.015505834800864093e+00
1.018956287222545942e+00
1.020434652076112947e+00
1.025676902676940339e+00
1.012551686372926030e+00
1.005527884575923236e+00
1.018739918158511060e+00
1.016783783500907035e+00
9.995341580408463322e-01
1.019499823352111978e+00
1.023979733880530318e+00
1.013450646847281700e+00
1.017614070024443151e+00
1.025557823507331490e+00
1.017750819208954161e+00
1.004374340525220122e+00
1.007562780700858474e+00
1.016560279860090121e+00
1.007303410628596740e+00
1.006470111383058530e+00
1.005286388796271746e+00
1.003987044711974086e+00
1.015730241879391427e+00
1.011304018531294702e+00
1.008916203881672802e+00
1.001019922682900853e+00
9.994794290810218307e-01
1.009034255277795777e+00
9.913448801382450659e-01
1.012292675648138740e+00
1.002529389822847117e+00
9.986331621831368022e-01
1.018228498436076324e+00
1.014028390569156723e+00
1.002967366597698362e+00
1.001154640080741842e+00
9.869643011337404515e-01
9.990055867865390571e-01
9.963310268957857874e-01
1.005200487235167861e+00
9.968805544189850432e-01
9.953087782222783675e-01
9.956458815395239359e-01
9.897731366558438770e-01
9.925040080842797430e-01
9.977528976947497297e-01
9.955230176629017436e-01
9.986136032670104301e-01
9.939712793046072692e-01
9.873849629432503994e-01
9.913873713774487006e-01
9.906720269264462919e-01
9.946502716054277382e-01
1.002496191685735560e+00
9.841716227743007028e-01
9.949326350231558758e-01
9.994615153698793719e-01
9.944355969370199944e-01
9.924877554086901643e-01
9.967241400635522552e-01
9.987107980141173291e-01
1.000428019137124203e+00
9.972289594853779304e-01
9.978465372533159572e-01
9.970090571826105696e-01
1.006331927423516071e+00
1.002890239246095438e+00
1.004363532144742832e+00
9.919713629486640594e-01
9.987523181849745635e-01
1.002581507024141727e+00
1.002164570935280441e+00
9.993324262912894884e-01
9.960548389083359044e-01
1.002780913656930339e+00
1.002387491880964987e+00
9.949378694332552397e-01
9.973975128153556025e-01
1.000392111336650069e+00
9.973494531754193426e-01
9.928570564325186476e-01
1.001599784699969575e+00
9.969228616546937927e-01
1.001028169194660533e+00
9.991137838822871098e-01
1.001183169545953433e+00
9.983651436629180642e-01
1.004838005299547588e+00
9.984604905954720389e-01
9.864797757313974458e-01
9.950576586988569838e-01
9.989265038037474786e-01
1.000021832829685264e+00
1.000931395109851296e+00
1.002695482917703718e+00
1.005486329190124817e+00
9.977517483006439480e-01
9.894191814716198907e-01
9.967957276466868910e-01
1.004120655921584948e+00
9.962550912719011498e-01
9.975667683708376865e-01
9.954657904669804713e-01
1.005833992424853829e+00
9.983211759032956101e-01
1.002552479171816779e+00
9.852773072189311421e-01
9.973667356086405311e-01
9.940007015483850461e-01
1.008658243947164301e+00
9.969963095769053263e-01
9.928680754379052287e-01
9.954535012017955431e-01
1.001409020686137907e+00
9.987351035547682443e-01
9.992153619839867496e-01
1.003281737426632292e+00
1.000475755653228660e+00
9.934715451969186040e-01
9.980625239000838755e-01
1.005031911673714751e+00
1.000722812823352070e+00
9.950723035884389001e-01
1.006905219661653472e+00
1.006274165472947901e+00
1.000732366519269778e+00
9.988561261793541535e-01
1.001212176602557458e+00
1.008274770246829766e+00
1.007723557961951455e+00
1.001156633749815450e+00
9.933957686275446397e-01
1.002818705415267964e+00
9.993587071260505716e-01
1.002881236127422415e+00
1.002622402335278329e+00
1.002529735690374624e+00
1.000096392726912198e+00
1.000669289557075681e+00
1.000797109935953166e+00
1.003611907775853185e+00
1.002085400645078783e+00
9.994065738325840220e-01
1.000650952491481949e+00
1.006256081602396213e+00
1.003881622104210614e+00
1.002951420238713975e+00
9.993160240077527678e-01
9.992063979954426411e-01
1.000240607611727617e+00
9.968596953248872738e-01
9.974082167580875513e-01
9.990048954117510815e-01
9.976380879310967620e-01
