0.000000000000000000e+00
0.000000000000000000e+00
0.000000000000000000e+00
0.000000000000000000e+00
0.000000000000000000e+00
0.000000000000000000e+00
0.000000000000000000e+00
0.000000000000000000e+00
0.000000000000000000e+00
0.000000000000000000e+00
0.000000000000000000e+00
0.000000000000000000e+00
0.000000000000000000e+00
0.000000000000000000e+00
0.000000000000000000e+00
0.000000000000000000e+00
0.000000000000000000e+00
0.000000000000000000e+00
0.000000000000000000e+00
0.000000000000000000e+00
0.000000000000000000e+00
0.000000000000000000e+00
0.000000000000000000e+00
0.000000000000000000e+00
0.000000000000000000e+00
0.000000000000000000e+00
1.365139727120129667e-02
1.125059540315060808e-01
6.314513466136804087e-01
1.394935823107841477e+00
2.057295772058515659e+00
2.230692539096730265e+00
2.336069511273949573e+00
2.390906711423110398e+00
2.157664791026758344e+00
1.913255422819609697e+00
1.895317799732216368e+00
1.667757699000772531e+00
1.552336085473594807e+00
1.361058306380745098e+00
1.273490401592260346e+00
1.288706962003584922e+00
1.213517960375996463e+00
1.228034502460952027e+00
1.276346763009973850e+00
1.257331932811036390e+00
1.273118271809335900e+00
1.241326000809471752e+00
1.165192555145831976e+00
1.103917937556122109e+00
1.108565587258909302e+00
1.110215924372955021e+00
1.108328490968126578e+00
1.111248299898358161e+00
1.100701545415057492e+00
1.167223273337077316e+00
1.207739380288775255e+00
1.217569519550428359e+00
1.182603479695528925e+00
1.130323258572124567e+00
1.113567107566275416e+00
1.092541282782367063e+00
1.084552345211178936e+00
1.065226530097433066e+00
1.022370406867888715e+00
1.007314501066530088e+00
1.015188519568076542e+00
1.012687944382558269e+00
1.047700616207528412e+00
1.041339318625506660e+00
1.039255074754513952e+00
1.054695831427628905e+00
1.056810791138485195e+00
1.028250099676851104e+00
1.053518463395626048e+00
1.049764091235545482e+00
1.046868639187738426e+00
1.029605064793919444e+00
1.059552087863729675e+00
1.041597705942216123e+00
1.016435389776215281e+00
1.038557433094694948e+00
1.014941841585207838e+00
1.042860582324826924e+00
1.023023529698174006e+00
1.022021464538354074e+00
1.006055965890181758e+00
1.001976171234846946e+00
1.022152510197112507e+00
1.004675536539146430e+00
1.026786851124318778e+00
1.014772909401182366e+00
9.965924859204975395e-01
1.017475563551996531e+00
1.008402515279681388e+00
1.021560810770699712e+00
1.000241059168272884e+00
1.016389464192711811e+00
1.025626529274083154e+00
1.012014790164981637e+00
1.014401796298180169e+00
1.010449531343861951e+00
1.028245405035444593e+00
1.009478976012654128e+00
1.002652855699792678e+00
9.819049378791844251e-01
9.769714711486233716e-01
1.008348426015475807e+00
9.751872664332468243e-01
9.944399735468794077e-01
1.006851853516220086e+00
1.000344457199034531e+00
1.027903447277122018e+00
9.916361007433952546e-01
9.925822455552640866e-01
9.955930669735062466e-01
1.002240027114838616e+00
9.959305126888657878e-01
9.948111859725018435e-01
9.970306170461822326e-01
9.863288087467322329e-01
9.997923465998392878e-01
9.864909219185304945e-01
9.775734572887456730e-01
9.999738407617461133e-01
9.807535153115195525e-01
9.988614164352744851e-01
9.781675835597081203e-01
1.008292941004832244e+00
9.846341282888044777e-01
1.005632914751419582e+00
9.816636701480515592e-01
9.876545784082921831e-01
9.868336431582350743e-01
9.963290408880524085e-01
9.860508640131404601e-01
1.000472714233876737e+00
9.828038482645320428e-01
9.843450761212249045e-01
9.797674475603184163e-01
9.884552072637112774e-01
9.829733865850193153e-01
9.874038794619585113e-01
9.882984210754001131e-01
9.836783437287802689e-01
9.904703356626630706e-01
9.838073644142382168e-01
9.791063584017432042e-01
9.838987111885821868e-01
9.921219797633339388e-01
9.751718064290125776e-01
9.905896380007415125e-01
9.817636148478791069e-01
9.816788008635403129e-01
9.840745196063661604e-01
9.727965869777397412e-01
9.706314016361474728e-01
9.954498035025924896e-01
9.799708340250838923e-01
9.899098879756207392e-01
9.901280398498039093e-01
9.890242532321851243e-01
9.851040128700024878e-01
9.898580762672666289e-01
9.977014795238886569e-01
9.980639448377592871e-01
9.912990106895982478e-01
9.874433111797900064e-01
9.879145995339863040e-01
9.872214764262962072e-01
9.969482248903300814e-01
9.827888428353537265e-01
9.916460179561500388e-01
9.967306985509045703e-01
9.992331596699661755e-01
9.986956828093193073e-01
9.943359877098273403e-01
9.960210754137092115e-01
9.995244219949370734e-01
9.923615234830811538e-01
9.951908206894920506e-01
9.929498557051011920e-01
9.879273826228165412e-01
9.867635015070214122e-01
9.899676923817566365e-01
9.798802462614766284e-01
9.887649204946958870e-01
9.972684567870953032e-01
9.913363575381134440e-01
9.865082017204851450e-01
9.984700690730715644e-01
9.875138611778140341e-01
9.893442450260195864e-01
9.867629717102511799e-01
9.928310835728714201e-01
9.857105243663816241e-01
9.834630871263005947e-01
9.895370510214755999e-01
9.907852910555411396e-01
9.878334586017565311e-01
9.900486665952362708e-01
9.751102419767263552e-01
9.826009295059465742e-01
9.853540465287723427e-01
9.910441803146947670e-01
9.912701806828605466e-01
9.827326648860699176e-01
9.888153917030584328e-01
9.829370565893758016e-01
9.835972036270325125e-01
9.918548817836074782e-01
9.874811845797180077e-01
9.873656571464480836e-01
9.806358069999210336e-01
9.925604943738304264e-01
9.925316186891939285e-01
9.773496417425706628e-01
9.849265762496541843e-01
9.959390189667680637e-01
9.962131620312628666e-01
9.932615578888017716e-01
9.958187530653601627e-01
9.918746744809306959e-01
9.913680827083330982e-01
9.924481217786276233e-01
9.925508722864414546e-01
9.900901232927801221e-01
9.922191137368673308e-01
9.945254846577004093e-01
1.000940867869915873e+00
9.901092630348907742e-01
9.991734779950249834e-01
9.928583688666822171e-01
9.917582126643255114e-01
9.943893014109225215e-01
9.940227270732089337e-01
9.965623229192173138e-01
9.993214530235122739e-01
9.919703125368879437e-01
9.891572394214520614e-01
9.962609406341762508e-01
1.000767947491229881e+00
9.941412488022274285e-01
9.879936878366505359e-01
9.994753238172394694e-01
9.934175988815528990e-01
9.933817375590263676e-01
9.935879295859317839e-01
9.874122751118948882e-01
9.932208492640005604e-01
9.944361814301392322e-01
9.903712844068265353e-01
9.862830658898472658e-01
1.000766295341267709e+00
1.001946904277314587e+00
9.921915434338167694e-01
9.984602029946150203e-01
9.911721122937522388e-01
9.945843948580591620e-01
9.928425009632526610e-01
9.883252185589811445e-01
9.914892646616787486e-01
1.001029257456964361e+00
9.929279056805810910e-01
9.918753397874378042e-01
9.919495660064903131e-01
9.899191636198316768e-01
9.882263155468217208e-01
9.906207357755270060e-01
9.927379567429333029e-01
9.949278846531350862e-01
9.925224489275540352e-01
9.925464234357006532e-01
9.892750338353987205e-01
9.998307901223431049e-01
9.940541567945235801e-01
9.905451229186735818e-01
9.957762545147749167e-01
9.899515085331213049e-01
9.959053446270456078e-01
