0.000000000000000000e+00
0.000000000000000000e+00
0.000000000000000000e+00
0.000000000000000000e+00
0.000000000000000000e+00
0.000000000000000000e+00
0.000000000000000000e+00
0.000000000000000000e+00
0.000000000000000000e+00
0.000000000000000000e+00
0.000000000000000000e+00
0.000000000000000000e+00
0.000000000000000000e+00
0.000000000000000000e+00
0.000000000000000000e+00
0.000000000000000000e+00
0.000000000000000000e+00
0.000000000000000000e+00
0.000000000000000000e+00
0.000000000000000000e+00
0.000000000000000000e+00
0.000000000000000000e+00
0.000000000000000000e+00
0.000000000000000000e+00
0.000000000000000000e+00
0.000000000000000000e+00
1.706456424603958405e-03
9.983108517335999299e-02
5.813001446599839195e-01
1.302698769652221422e+00
1.874402674332492191e+00
2.142567531105242118e+00
2.374688929043438979e+00
2.348236592492589203e+00
2.172807884561825720e+00
1.911389158991673387e+00
1.786507461012788456e+00
1.624325675927200896e+00
1.503045053623739191e+00
1.311156759900745650e+00
1.224560897949513283e+00
1.148863283654647072e+00
1.196289563944065160e+00
1.273024909309051989e+00
1.248531241464301944e+00
1.239988552050241166e+00
1.203304841019979810e+00
1.221164570185647058e+00
1.197821902691215135e+00
1.138665839001383517e+00
1.134902810513251703e+00
1.135541129135062333e+00
1.093130519798563904e+00
1.162352187506012546e+00
1.165684002996800972e+00
1.187477248309375177e+00
1.180355392168514150e+00
1.238253916076642369e+00
1.194182095202514615e+00
1.164535607009083540e+00
1.143383924392018303e+00
1.080837496706697154e+00
1.130287190168420386e+00
1.093185298790103843e+00
1.065889242894803690e+00
1.027725744942159292e+00
1.019001572455597193e+00
1.034802216932029229e+00
1.021923012733447989e+00
1.019027923610015263e+00
1.014437932378574381e+00
1.036898533351442220e+00
1.072791226180719981e+00
1.022501171822436605e+00
1.042309548700610655e+00
1.046629866797063491e+00
1.046888127020929815e+00
1.036807656128766686e+00
1.020674168198709042e+00
1.028912135631639524e+00
1.019228476779800330e+00
1.046335418217919200e+00
1.014608562731902808e+00
1.028956593595188318e+00
1.024385369477017971e+00
1.006629548856545320e+00
9.871737524286393617e-01
1.015613562581036078e+00
1.013143376143632146e+00
1.030279155516072853e+00
1.021538042262733148e+00
1.028677369598239855e+00
1.006976352926050922e+00
1.029558572717827802e+00
1.023452320343423150e+00
1.021448417684196697e+00
1.021366548204146518e+00
1.003927061142349864e+00
1.025151513224645372e+00
9.869749017602222896e-01
1.008606360728836471e+00
9.933673918602118347e-01
1.009214160211587608e+00
1.001442371693667788e+00
9.884040841819445866e-01
9.799849975177628014e-01
9.875562775249793201e-01
1.002974304234348191e+00
1.002795008449452130e+00
9.972572428237329589e-01
9.897916839857869853e-01
9.993990594257544657e-01
1.010119777328729374e+00
9.915615259196062237e-01
9.897668102834186188e-01
9.974084088124760550e-01
1.003848169308386495e+00
9.892648304632057910e-01
1.011387440042974761e+00
9.856351461428681793e-01
9.917122378959604134e-01
9.884448570652479837e-01
1.000565765259841200e+00
9.898498577400367537e-01
9.979821097066589042e-01
9.934033275294092968e-01
1.004871642961568501e+00
9.987551199105857425e-01
1.006206827379491964e+00
1.000446345914038249e+00
9.834836668063176024e-01
1.002820958073940893e+00
1.006923985227509366e+00
9.938457176363110213e-01
9.835611603225576927e-01
1.016553419728277063e+00
9.949594973783136842e-01
9.983530661842011655e-01
9.901115075015667344e-01
9.969684260176649993e-01
9.910842805883237627e-01
1.002744897507828137e+00
9.949769554553766771e-01
9.947771664545050907e-01
9.828930753026366984e-01
1.000565762744804577e+00
9.823737843878422860e-01
1.006447966950970718e+00
9.866344291197058913e-01
9.953042300299012046e-01
1.009160222978448429e+00
9.976573687054882678e-01
1.007652160485065673e+00
1.002602645003632942e+00
1.000762166177249002e+00
1.003991159159524527e+00
9.913484381187409600e-01
9.957099057764106087e-01
9.984992392079574675e-01
1.008819537816858736e+00
1.018712862445894096e+00
1.007331039126543759e+00
1.005137967461610327e+00
1.015028036778704790e+00
1.002857688087125831e+00
1.001758058219430314e+00
1.000612416310526775e+00
1.011938918519023067e+00
1.001483087753104018e+00
9.944149259451424694e-01
9.977501085916664625e-01
1.001551334632155843e+00
1.004069849603582920e+00
1.003438043721986750e+00
1.007123603833102843e+00
1.009726357557122700e+00
9.985864482108468554e-01
9.979796572013521772e-01
9.952173050847433755e-01
9.977735683517219289e-01
1.006723374963338191e+00
1.002827806354132933e+00
1.007485185185620802e+00
1.012088532916480599e+00
1.001710474717342203e+00
9.911484768212052154e-01
9.952612771323064988e-01
1.008946013613612802e+00
1.005656279418623678e+00
1.004315349698665649e+00
9.989510109533613624e-01
1.006552787704124929e+00
9.972219339041238362e-01
9.997770985473677374e-01
9.909487079541967613e-01
9.962650563683969063e-01
1.013620590924605880e+00
1.000340231295390181e+00
9.933891808606386542e-01
9.925193382942555376e-01
9.974905875375564834e-01
9.956434305941924690e-01
9.777382748126977052e-01
9.909290004634279114e-01
9.965077130890785950e-01
1.000171605911889694e+00
1.002593725404672398e+00
1.001638200033061255e+00
1.003632319471115864e+00
9.998084011107553071e-01
9.864637665816829992e-01
1.006790330878406747e+00
9.847033806852637516e-01
9.982441513670743394e-01
9.980231125612920584e-01
9.979954426545454282e-01
9.977722811615247211e-01
9.979670496582864203e-01
1.000099641632337111e+00
1.006928094668769758e+00
9.968296774604616939e-01
1.003458868241202007e+00
1.007677438258589131e+00
1.000287902465205159e+00
1.004641766609961628e+00
9.956097746397302162e-01
9.964862530856661849e-01
1.004904249949768680e+00
1.008064122158300435e+00
1.002961920347643421e+00
1.003301425241787559e+00
1.007645403961099362e+00
9.984861997536694789e-01
1.004548123862327058e+00
1.000880856645049777e+00
1.005991595317330844e+00
9.981022409441926424e-01
9.993188081130457423e-01
1.000922387348482490e+00
9.921635308960856658e-01
1.011840849384376462e+00
9.959985179153602042e-01
1.003555155815780253e+00
9.997762939836564167e-01
1.006330440618250055e+00
1.003537887905086690e+00
1.002867946938331478e+00
1.006010853624317081e+00
1.001132840691437931e+00
1.013454913553747172e+00
1.005895305526165462e+00
1.012274587789055325e+00
1.013427158872981737e+00
1.007946577022770906e+00
1.002964764357008765e+00
1.006438470994071466e+00
1.012523654805519424e+00
1.010802171558800922e+00
1.007516569277485230e+00
1.008238172507732733e+00
1.009766764973107245e+00
9.942593781016909604e-01
1.003100288874932966e+00
1.011208980305865479e+00
1.008168399992377617e+00
1.008613330900613114e+00
1.005800082766646453e+00
1.008762308665817287e+00
1.008976034204253303e+00
1.007640687871517615e+00
1.003087069759008187e+00
1.008832611661473866e+00
1.005476943231104370e+00
1.001710688564796170e+00
1.006211689930912367e+00
9.966465065576536331e-01
1.010786183579379882e+00
1.005101866440592406e+00
1.004154968160407169e+00
9.993297482959546674e-01
