0.000000000000000000e+00
0.000000000000000000e+00
0.000000000000000000e+00
0.000000000000000000e+00
0.000000000000000000e+00
0.000000000000000000e+00
0.000000000000000000e+00
0.000000000000000000e+00
0.000000000000000000e+00
0.000000000000000000e+00
0.000000000000000000e+00
0.000000000000000000e+00
0.000000000000000000e+00
0.000000000000000000e+00
0.000000000000000000e+00
0.000000000000000000e+00
0.000000000000000000e+00
0.000000000000000000e+00
0.000000000000000000e+00
0.000000000000000000e+00
0.000000000000000000e+00
0.000000000000000000e+00
0.000000000000000000e+00
0.000000000000000000e+00
5.547617626594913021e-04
1.894805719033344077e-02
7.255162220508348803e-02
2.593588256720136265e-01
5.940637994101714003e-01
1.096321640170439426e+00
1.695041669685789953e+00
2.101956912356411689e+00
2.180169087223569058e+00
2.003889942386226419e+00
1.668101042225027308e+00
1.384665405194573928e+00
1.040120844048408433e+00
8.224613346032847438e-01
7.297416315308234980e-01
7.436348549393939633e-01
7.971079900512706429e-01
8.370846082186694792e-01
9.248229724490708570e-01
1.031157098912621972e+00
1.090949324595889447e+00
1.179454411869060859e+00
1.253258475324690702e+00
1.327100203506692111e+00
1.447649522569240732e+00
1.509222470036777786e+00
1.577759710002612614e+00
1.646291331894146337e+00
1.718656100258262986e+00
1.745183404251962944e+00
1.776248799813377577e+00
1.742010286491233906e+00
1.664618712715435711e+00
1.602590343652243510e+00
1.548659795697341135e+00
1.420374963352472708e+00
1.351972703895331529e+00
1.282653343490450348e+00
1.216531099930904469e+00
1.183720996442664930e+00
1.148022195928045441e+00
1.123017239929386735e+00
1.129937854977337786e+00
1.115199676891175162e+00
1.144342362914361866e+00
1.137849375327753210e+00
1.135014030268815644e+00
1.128568669892399789e+00
1.149542889881162377e+00
1.131730357651890673e+00
1.149495857796494880e+00
1.137359485870993003e+00
1.145890517633632033e+00
1.126601961162201571e+00
1.110728414932997676e+00
1.109888168315026347e+00
1.099393137795803943e+00
1.088775012232030992e+00
1.092290917133741823e+00
1.065282143344107313e+00
1.055563186816453669e+00
1.056528637460357523e+00
1.045550327552613679e+00
1.037143961751471721e+00
1.040499281543693089e+00
1.036378518185738118e+00
1.028891112364665350e+00
1.040535740572213541e+00
1.037699069503920990e+00
1.028306948995358461e+00
1.026238194428717110e+00
1.010665125197677705e+00
1.029560704578800889e+00
1.025996778260944486e+00
1.019549885182135629e+00
1.016517541167779592e+00
1.012216360476813737e+00
1.004233576755680257e+00
1.003183427478534728e+00
9.830837096305631295e-01
9.992479242246072868e-01
9.932013759848382639e-01
9.846794667506881815e-01
9.924687453928309200e-01
9.938073719398011763e-01
9.876267230487084658e-01
9.900432194667573294e-01
9.806955341698121442e-01
9.983891354197302892e-01
9.984020613857926829e-01
9.960267668699231969e-01
9.887155121538417912e-01
9.849427975266376034e-01
9.926370073329128241e-01
9.989599155704236288e-01
9.933421472486025916e-01
9.828411978924026515e-01
9.976820783433831830e-01
9.888503773917350914e-01
9.965711837063250256e-01
9.947642527641120669e-01
9.957004324143994278e-01
9.915919584981872648e-01
9.974460082311175091e-01
9.947290301402775814e-01
9.863367412947947610e-01
9.870795550370591309e-01
9.929436297713145620e-01
9.856762717956378816e-01
9.984905841135016669e-01
9.955728158423680085e-01
9.900200501405311826e-01
9.918867982187622445e-01
9.986503196723136577e-01
1.002858745572529520e+00
9.992970734364668983e-01
9.988222539833753189e-01
9.907426380472942329e-01
9.983222908459234990e-01
9.987377800192663857e-01
9.955531274531259633e-01
9.951773176239899765e-01
9.975121134803740519e-01
9.990340876452865615e-01
9.943082860299906622e-01
9.919287588717132786e-01
9.939502590046996877e-01
1.000315767488047403e+00
9.934836633660880656e-01
9.920304117641703945e-01
9.950798170395894759e-01
9.963437363614267017e-01
9.954001359179739383e-01
9.896608277375358309e-01
1.001803809996275385e+00
9.984451972874361925e-01
9.962170263410798920e-01
1.000377284014728918e+00
9.974358996436011315e-01
9.956126670516702859e-01
9.962460061344080575e-01
9.973020685850831901e-01
9.944526868849545842e-01
1.004467647894886850e+00
1.001694803841521653e+00
9.984535986422450327e-01
9.975334920264126159e-01
9.943701870457363201e-01
1.004184856711040297e+00
9.938264414578533712e-01
1.002013360486196047e+00
9.967579019563086451e-01
9.961218322608927922e-01
9.946228436567160491e-01
9.926349137482189944e-01
9.982576776674214614e-01
9.948939527109704750e-01
9.992876921155195991e-01
9.953561762722891171e-01
9.952290100893840252e-01
1.000329335318923540e+00
9.986807214549445755e-01
9.943288431795087590e-01
1.001323710358903885e+00
9.959672580396746744e-01
9.979295542547774733e-01
9.965838628881455996e-01
9.991622607878795082e-01
9.938503008426775587e-01
9.979962952494136896e-01
9.942575604777411646e-01
1.000424281539985971e+00
9.980391499493734830e-01
1.005623467738299803e+00
9.933445329472005980e-01
9.973184856853083424e-01
1.001163935726326004e+00
1.001078137398712542e+00
9.976721465796976052e-01
9.974049259130998157e-01
1.000097498334658441e+00
9.990076397298999211e-01
9.979309853366468142e-01
9.966275202486176710e-01
9.967893265152446558e-01
9.975248563154145431e-01
9.959766784200700940e-01
9.966839030100352881e-01
9.973337341046667470e-01
9.943548665536464659e-01
9.952895735488872520e-01
9.988892785119429796e-01
9.969588181268744798e-01
9.989921723842866141e-01
9.968029861098360866e-01
9.975982930394518000e-01
9.956256613269410805e-01
9.989562310544218837e-01
9.945244886793139782e-01
9.969324271895988465e-01
1.000506992349125213e+00
9.966371415878293449e-01
9.951140323779891217e-01
9.985081931479257156e-01
9.947948600938013586e-01
9.984430352520060614e-01
9.963866454217775726e-01
9.935330117990360810e-01
9.995880108102340733e-01
9.932558016800389078e-01
9.975270520387327089e-01
9.975706270504148820e-01
9.955354476010080944e-01
9.979863975866111181e-01
9.965146365672922224e-01
9.989459442895313179e-01
9.998859844765902727e-01
9.983150623126773038e-01
9.980215775516895205e-01
1.000041497142630353e+00
9.949086148489596493e-01
9.989491088593803747e-01
9.935242915082012072e-01
9.961410995772299604e-01
9.945363310783128519e-01
9.976332724717104083e-01
9.958300306482519293e-01
9.946399061226882665e-01
9.978043463078292152e-01
9.981308872725287440e-01
9.998509411462267460e-01
9.967995502576274536e-01
9.923175202868784739e-01
9.971921651018350596e-01
9.960807154064142965e-01
9.941852263628873088e-01
9.918526397186999688e-01
9.942264201032224857e-01
9.970041349799743102e-01
9.965357483989022436e-01
9.961744616702722377e-01
9.934563575322520323e-01
9.974002879507432029e-01
1.001736975963634313e+00
9.986270114052318014e-01
9.947972799370253805e-01
9.985069171561024026e-01
9.955792017161446683e-01
9.946319332011962500e-01
9.941527221771431222e-01
9.958949775614965860e-01
9.972610831780320817e-01
9.964033069033826351e-01
9.975473589082713977e-01
9.977604863417152137e-01
9.951782187805435775e-01
