0.000000000000000000e+00
0.000000000000000000e+00
0.000000000000000000e+00
0.000000000000000000e+00
0.000000000000000000e+00
0.000000000000000000e+00
0.000000000000000000e+00
0.000000000000000000e+00
0.000000000000000000e+00
0.000000000000000000e+00
0.000000000000000000e+00
0.000000000000000000e+00
0.000000000000000000e+00
0.000000000000000000e+00
0.000000000000000000e+00
0.000000000000000000e+00
0.000000000000000000e+00
0.000000000000000000e+00
0.000000000000000000e+00
0.000000000000000000e+00
0.000000000000000000e+00
0.000000000000000000e+00
0.000000000000000000e+00
0.000000000000000000e+00
5.548396456236651033e-04
7.170541683626396705e-03
3.628090386106736648e-02
1.279360209844284113e-01
3.134751790118218140e-01
5.738796130032355336e-01
8.540843870720503661e-01
1.079321623038532074e+00
1.138640029846971213e+00
1.104327156750683825e+00
9.760404681510933544e-01
8.631587979304483627e-01
7.265117794191776612e-01
6.625852570387761320e-01
6.028853652674027730e-01
5.820336037430144938e-01
5.807562156181910185e-01
6.231150962061594578e-01
6.602459190682994361e-01
7.025842952893883719e-01
7.457913379296894352e-01
7.793343231951814776e-01
8.207322834933069577e-01
8.545947764863736085e-01
9.104834458508801465e-01
9.551549403787787940e-01
1.004947561038500359e+00
1.069906799794442476e+00
1.111410237956504954e+00
1.181850185764300676e+00
1.208628787190872300e+00
1.215858583776852075e+00
1.214415717070098655e+00
1.207702714668572375e+00
1.181172165643236571e+00
1.155821983685398457e+00
1.126074092867757503e+00
1.097017632451462665e+00
1.064369004486030779e+00
1.044492145842627062e+00
1.023965634766021537e+00
1.004778430835545855e+00
9.930899879636676530e-01
9.800762553226778362e-01
9.638443196425985349e-01
9.690282451416716292e-01
9.749061142930297574e-01
9.739213134270939820e-01
9.731581622521788821e-01
9.884146653018043294e-01
9.879238612400724762e-01
9.927801162529711343e-01
1.002908796568767524e+00
1.006115048869524520e+00
1.015157599145829481e+00
1.025037056294069826e+00
1.010754087992967287e+00
1.020051861457733855e+00
1.026377885777209675e+00
1.011734934314082679e+00
1.023267063577181890e+00
1.005576829142480699e+00
1.004207554661538770e+00
1.001811243903422799e+00
1.004773499428726735e+00
1.008746984673766223e+00
9.982088202515568831e-01
1.000141459818106870e+00
9.994024529547169688e-01
9.979136280784072222e-01
9.991729553233511529e-01
1.000106197478942915e+00
9.977102695000108490e-01
9.965507092671878064e-01
9.997296673855569082e-01
1.001268031302757322e+00
1.002844314137177451e+00
1.009224269200991175e+00
9.928145163702181142e-01
1.005702648971319446e+00
9.993119543185903231e-01
1.003590539648356206e+00
9.944059861631828756e-01
9.959803744584746488e-01
1.000723352981264691e+00
9.974049570010856680e-01
9.950106387894416260e-01
9.907061151268009569e-01
9.997925607462100350e-01
9.964220150992859626e-01
1.001844969647998074e+00
9.988791892966046859e-01
9.946891664603682015e-01
1.001377208616640146e+00
9.997761887916984946e-01
9.980766269149252690e-01
1.000298477865634750e+00
1.001556388944583320e+00
9.971908249303259586e-01
1.003939649922129806e+00
1.000362147582076755e+00
9.946136322059024870e-01
9.940416341709144010e-01
9.929451038731337276e-01
1.001243069317192314e+00
9.898815089508411491e-01
9.979459992155346182e-01
9.935067979027544238e-01
9.952440172806645835e-01
9.939771012931564176e-01
9.908056460439410573e-01
9.878822482886284728e-01
9.912841569520457474e-01
9.977510676270656687e-01
9.912091437526788784e-01
9.918805220768365238e-01
9.909559975438769763e-01
9.894260905866156808e-01
9.970845769084026866e-01
9.914292321070715674e-01
9.960916998580985338e-01
9.923354848549542639e-01
9.979082289995709898e-01
9.926369862851375236e-01
9.956486819997394377e-01
9.957490756460540826e-01
9.948030254759447910e-01
9.941216286888369114e-01
9.998176178522723001e-01
9.915618136917212500e-01
9.975428718898697866e-01
9.973790004663100062e-01
9.907595805233967434e-01
9.933983544419622280e-01
9.983182068443584578e-01
9.909521854670350072e-01
9.958784642277731525e-01
9.983914112354167480e-01
9.992220528682570491e-01
9.935407654088499463e-01
1.004485266198924975e+00
1.000616052060861794e+00
9.983350255729185330e-01
9.941849255934195329e-01
1.002152186078942631e+00
9.918172971884452460e-01
9.968428285506931719e-01
9.958234631740057186e-01
9.935349367679963128e-01
9.960960182076261660e-01
9.997803232500087622e-01
9.960326805473649348e-01
1.002324187084516538e+00
9.967553232896095849e-01
9.966213405522884594e-01
9.940352534219931702e-01
9.956777134488810077e-01
9.961519314762511401e-01
9.940408032912180225e-01
9.984204306579053112e-01
9.961692114052212998e-01
9.999292752134184559e-01
9.974658429085226929e-01
1.000531047722357236e+00
1.001309786784542855e+00
9.928753355085703225e-01
9.972102306721928322e-01
9.967411737808297145e-01
9.995853010689488283e-01
9.945068169547176540e-01
9.969945619020125216e-01
9.947779965902581178e-01
9.943663579997861213e-01
9.988862006916485736e-01
9.970809647420136868e-01
9.973245952589793184e-01
9.970622000628237558e-01
9.960380519049591985e-01
9.951276042361030250e-01
9.966360670420498780e-01
9.997600166151751067e-01
9.977597029282059271e-01
9.980906128513865605e-01
9.974095342363287209e-01
9.961630571496991049e-01
9.975434729380019405e-01
9.966840505747091017e-01
9.946644110225656421e-01
9.963820505240991166e-01
9.940340972213761450e-01
9.974889209216577513e-01
9.977779283789313114e-01
9.944658979693105083e-01
9.927919081744882579e-01
9.959138491395457260e-01
9.960030885530209988e-01
9.940801375376530080e-01
9.955966971104865948e-01
9.945800073450836720e-01
9.987760940933549936e-01
9.968804034015766868e-01
9.924603625168145760e-01
9.961984187542449742e-01
9.943364481757034357e-01
9.985612666935478332e-01
9.939635031574526325e-01
9.975139390721361465e-01
9.934114541235862239e-01
9.970941384507736593e-01
9.910065411717229322e-01
9.976156083912957051e-01
9.953893989287208033e-01
9.987213001462292850e-01
9.973263548995054961e-01
9.956766269049878160e-01
9.951664932678927489e-01
9.937032373379078853e-01
9.962535598332874498e-01
9.933273254989046785e-01
9.936540825197333060e-01
9.957029856824682890e-01
9.962901391965469644e-01
9.994964385951498054e-01
9.972542819414256243e-01
9.963453801622218498e-01
9.985117397602811806e-01
9.948737003633540965e-01
9.944846458245563126e-01
9.964685343414629859e-01
9.986468015435676637e-01
9.961934907247965709e-01
9.957021501042035982e-01
9.954564984247576964e-01
9.973874191508328435e-01
9.960411062036640395e-01
9.955589138217846301e-01
9.984415829585427948e-01
9.973835693778525524e-01
9.965712830259589872e-01
9.979349470166128944e-01
9.968070892558504870e-01
9.997080183286899402e-01
9.969446936516647151e-01
9.961357706361381181e-01
9.985685353660548325e-01
9.956500753559363037e-01
9.975363515253229396e-01
9.966159459207637461e-01
9.983780409022752211e-01
9.972935586359233939e-01
9.975046188449026019e-01
9.976512331810947209e-01
9.962970317995782921e-01
9.975122228971163851e-01
9.973637537269549602e-01
9.960662270094934323e-01
