0.000000000000000000e+00
0.000000000000000000e+00
0.000000000000000000e+00
0.000000000000000000e+00
0.000000000000000000e+00
0.000000000000000000e+00
0.000000000000000000e+00
0.000000000000000000e+00
0.000000000000000000e+00
0.000000000000000000e+00
0.000000000000000000e+00
0.000000000000000000e+00
0.000000000000000000e+00
0.000000000000000000e+00
0.000000000000000000e+00
0.000000000000000000e+00
0.000000000000000000e+00
0.000000000000000000e+00
0.000000000000000000e+00
0.000000000000000000e+00
0.000000000000000000e+00
0.000000000000000000e+00
0.000000000000000000e+00
0.000000000000000000e+00
0.000000000000000000e+00
0.000000000000000000e+00
2.553065277000376567e-05
3.816961986430171278e-03
4.760147256289198880e-02
2.307478193518409382e-01
5.958581624017145195e-01
1.000656191645259874e+00
1.306192529945704894e+00
1.440135317277280169e+00
1.454002543883671450e+00
1.397403793492388413e+00
1.332687689321312208e+00
1.288127004128230224e+00
1.258022731526872606e+00
1.238907273945049514e+00
1.165892159108243620e+00
1.087626017092513830e+00
1.044910085614138229e+00
1.026759053425983614e+00
1.031485355013137983e+00
1.042058067048019510e+00
1.053136264456580928e+00
1.059645901740233764e+00
1.055215743186501465e+00
1.046177086469636031e+00
1.035367487981131429e+00
1.041403575741725485e+00
1.044785450757246714e+00
1.049121777022025581e+00
1.053474584267574565e+00
1.053159290997415676e+00
1.047002057240821626e+00
1.038292235098241756e+00
1.022624000451128889e+00
1.008444349703447873e+00
9.958285110700687559e-01
9.835169901601753528e-01
9.765081420102422749e-01
9.747189676177132611e-01
9.763395432653937389e-01
9.799736836412411556e-01
9.858767869485547397e-01
9.933657275968337252e-01
9.991099765362376761e-01
1.011379422881889090e+00
1.018747816554020691e+00
1.023255879262944257e+00
1.024553768051752911e+00
1.029315935350827216e+00
1.035577467848929789e+00
1.036489673739368733e+00
1.035309313718068003e+00
1.031324710983579251e+00
1.030745583483023253e+00
1.026732713495781768e+00
1.020339252537208363e+00
1.016569725621928377e+00
1.011636151695094021e+00
1.005923238679681031e+00
9.992038614787080997e-01
9.983509515037604087e-01
9.957064877225447752e-01
9.929214307278020346e-01
9.937584000200606615e-01
9.927164592135530041e-01
9.947801964411596698e-01
9.953027233641175142e-01
9.959516592098444088e-01
9.988075790896779882e-01
9.984710247900042690e-01
9.994413565357905815e-01
1.000539450000027974e+00
9.999451573358799639e-01
1.001787407546823383e+00
1.001867916040185325e+00
1.003119168745490120e+00
1.001406487124146372e+00
1.001993709848862935e+00
1.001287555189300127e+00
1.000966646307760888e+00
9.991770393761522095e-01
1.002098767385173339e+00
1.002272289020657237e+00
9.992929617310097878e-01
1.000106340170233254e+00
1.001188575808123371e+00
1.001287388709096060e+00
9.980792779209728405e-01
1.000152328037956728e+00
1.000854197398681089e+00
9.996090246237827603e-01
1.000643604149864085e+00
1.001099592183754883e+00
9.996828227377687615e-01
9.984172940266735630e-01
9.984766478743859475e-01
9.984164026114688006e-01
9.984741785724918772e-01
9.987941810989696689e-01
9.991787107151278713e-01
9.993126364947818585e-01
9.997158120465898801e-01
9.978060866590177103e-01
9.979628871143593205e-01
9.978071506852131956e-01
9.981791269142907819e-01
9.979515843494449756e-01
9.978791478064125142e-01
9.985088063710895190e-01
9.988097613451822898e-01
9.990502289570067918e-01
9.987862258846238461e-01
9.994261899905844126e-01
9.990429533096315540e-01
1.000392352087286607e+00
1.000091220728569485e+00
1.000414637489645209e+00
1.000188111125196455e+00
9.997875554579744861e-01
1.000542714791580856e+00
1.000142208052067661e+00
9.998243665381651990e-01
9.997495482205213113e-01
9.986847257609310358e-01
9.999323557388009043e-01
9.988552091057704141e-01
1.000336003351162351e+00
9.989924689056202123e-01
9.994340822047953488e-01
9.993655680673096953e-01
1.000013687214952762e+00
9.993806013809275468e-01
9.980710324553324631e-01
1.000714693850435655e+00
9.987106625440571595e-01
1.000266973457779596e+00
9.991707950131775151e-01
9.999352248211458294e-01
9.994240388022496147e-01
1.000635476120566691e+00
9.990780372728059744e-01
9.997611827880537039e-01
9.990543414927410826e-01
9.997744618613146894e-01
9.989551519769138688e-01
9.998749884503328467e-01
9.997072152738830653e-01
9.998346612632278418e-01
9.994650665306595849e-01
9.994545747876838471e-01
1.000323410435278282e+00
1.000442774009217439e+00
9.999040658992237596e-01
9.999522115415273582e-01
9.991397377758616249e-01
9.991974387762210252e-01
9.996028092571258572e-01
1.000804474481303386e+00
9.990961839695425839e-01
1.000395415051376080e+00
9.998116427228043168e-01
1.000163870938920230e+00
9.997409905026605204e-01
9.999260385860607725e-01
1.000449225715008827e+00
9.999806540803111155e-01
9.996247254401385840e-01
1.000438207330178964e+00
1.000152849940106226e+00
9.996246991875330501e-01
1.000052166811298271e+00
1.000230172365099479e+00
9.996920337759902520e-01
9.983241586786137933e-01
1.000683346836509280e+00
9.996860225187194082e-01
9.993416874350823376e-01
9.989778992262946522e-01
9.996719036933801039e-01
1.000783520693774298e+00
1.000286819500141755e+00
9.999861543788591822e-01
1.000073339408132478e+00
1.000024169176147115e+00
1.000697605237508503e+00
9.998779781217127516e-01
9.996295497072654745e-01
1.000732897014345646e+00
1.000171307606793070e+00
1.000056797807580722e+00
9.998878213410309357e-01
9.995932142751391414e-01
9.991358983789410120e-01
9.994106789706299621e-01
1.000144388663113615e+00
1.000383917512384313e+00
9.995966958728116358e-01
9.991392196387923752e-01
1.000636570054779906e+00
9.995575034684337501e-01
9.996983563952567264e-01
1.000171393499114103e+00
1.000165996201569429e+00
9.999656079068642844e-01
1.000302663552723459e+00
1.000167795507065360e+00
9.996200123572125396e-01
9.997498440476678683e-01
1.000665442012132367e+00
1.000412936313289869e+00
9.997442057745069555e-01
9.997538706001590780e-01
1.000183461907904192e+00
9.996299073100809451e-01
9.997470286818588292e-01
1.000575692898765023e+00
1.000166864180247916e+00
1.000146184489142165e+00
9.995463949537395365e-01
9.999559601822236576e-01
9.994533976835371369e-01
9.999932930782622353e-01
1.000039887131870309e+00
9.996731058798634661e-01
1.000057214569272768e+00
9.996958183522600683e-01
9.999846468478097439e-01
1.000344421393963179e+00
9.995494802176053684e-01
9.995068426364466241e-01
9.991855276348687864e-01
1.000335345898497597e+00
9.994706533831604345e-01
1.000202359837407018e+00
1.000290146058339324e+00
9.998301342101234557e-01
1.000000548377134368e+00
1.000274406583562703e+00
9.997324199235002595e-01
1.000186259235657182e+00
9.991103243625103492e-01
1.001256739658404449e+00
9.999963648495543422e-01
1.000290427912992719e+00
1.000159810688452167e+00
9.999069817685118933e-01
9.997490785137055358e-01
1.000109875780354374e+00
9.999478648963568972e-01
9.996160280186576763e-01
1.000255350333393523e+00
9.996165874160742870e-01
9.999824392051430699e-01
9.993810978104961107e-01
9.998659860413162681e-01
