0.000000000000000000e+00
0.000000000000000000e+00
0.000000000000000000e+00
0.000000000000000000e+00
0.000000000000000000e+00
0.000000000000000000e+00
0.000000000000000000e+00
0.000000000000000000e+00
0.000000000000000000e+00
0.000000000000000000e+00
0.000000000000000000e+00
0.000000000000000000e+00
0.000000000000000000e+00
0.000000000000000000e+00
0.000000000000000000e+00
0.000000000000000000e+00
0.000000000000000000e+00
0.000000000000000000e+00
0.000000000000000000e+00
0.000000000000000000e+00
0.000000000000000000e+00
0.000000000000000000e+00
0.000000000000000000e+00
0.000000000000000000e+00
0.000000000000000000e+00
0.000000000000000000e+00
1.276691681289794211e-04
3.793726748315690098e-03
4.734248838143814697e-02
2.314668373475838592e-01
5.933301173740355150e-01
1.000085098274932305e+00
1.304623624530047987e+00
1.437973885279173247e+00
1.454613071420242321e+00
1.405937423516358198e+00
1.336817710788310354e+00
1.276402826392591505e+00
1.256891031617400012e+00
1.238412261775343692e+00
1.165747700843732471e+00
1.083627884504982708e+00
1.038418300108115977e+00
1.026882238605747011e+00
1.029911399835882646e+00
1.044582944420793691e+00
1.059412941066669500e+00
1.059968673885116841e+00
1.051085616428842906e+00
1.042673693181241923e+00
1.035841038988335461e+00
1.033085060157487245e+00
1.042212293152147362e+00
1.044988977349273318e+00
1.050795399668352559e+00
1.047884908854672892e+00
1.044655139804336441e+00
1.036167959975820452e+00
1.022387224056523936e+00
1.004542985431734925e+00
9.941569684102784521e-01
9.838268084670626079e-01
9.762051542482330646e-01
9.732060005056467622e-01
9.751076771012284761e-01
9.765261241027626271e-01
9.869444689433879425e-01
9.958923563380823740e-01
1.002439053022589732e+00
1.009275993262940707e+00
1.016534914897520903e+00
1.020428008690563271e+00
1.027506340713613131e+00
1.031095648723089342e+00
1.034084515857780717e+00
1.033268317072080000e+00
1.035711024624375032e+00
1.031902555081555484e+00
1.030009691692513218e+00
1.024413383296234770e+00
1.020419331556273512e+00
1.016403446663530552e+00
1.008874460716519872e+00
1.004460319032612903e+00
1.002318345287834145e+00
9.956296946961562533e-01
9.954662368775624159e-01
9.927394711864181431e-01
9.947751735900068892e-01
9.938263178911712625e-01
9.951209026628318188e-01
9.957555197579457396e-01
9.958378592793961648e-01
9.981279054868262834e-01
9.994137365922398653e-01
1.000154781854510011e+00
1.000412795999886306e+00
1.001184634615120084e+00
1.001885418909491232e+00
1.000567182643761655e+00
1.000449491237462629e+00
1.001698359150047901e+00
1.001532227702719435e+00
1.001285912528240507e+00
1.001039627433474077e+00
1.004657176051922729e+00
1.001061516576071897e+00
1.000113669712845210e+00
1.001649155948724612e+00
1.000574193248566779e+00
1.000991669239809312e+00
9.997727721186537853e-01
1.001619161695757043e+00
1.000103622502900524e+00
9.997573834905235657e-01
9.998249772372241884e-01
1.000147918874368935e+00
1.001029481510963492e+00
1.000587672234239056e+00
9.995042582824692490e-01
9.983991179295833573e-01
9.986446602728433763e-01
9.992982777318277776e-01
9.988028070275040138e-01
9.994264142865674216e-01
9.992765985340184010e-01
9.988754733432748667e-01
9.991935159714654402e-01
9.983511337693455889e-01
9.984966156857010278e-01
9.991906581336393867e-01
9.990014987505948518e-01
9.992169792470556589e-01
1.000427811060072392e+00
1.000304699057869673e+00
1.000854203843321910e+00
1.000663823055916390e+00
9.993918290643879487e-01
1.000178968573466554e+00
1.000631721014380249e+00
1.000769072654365877e+00
1.000564805221148879e+00
9.997718031832498742e-01
1.000171202739779774e+00
1.000562161856505705e+00
1.001045718386127437e+00
9.994028899285372081e-01
1.000922588050372708e+00
1.000108260664523518e+00
1.000369861733835020e+00
9.996443251296730503e-01
9.994238148445456771e-01
9.993166513389344363e-01
9.995860009297231619e-01
1.000456973821157280e+00
9.999469337697087790e-01
9.995065782856830117e-01
1.000500808134947572e+00
1.000775484119102998e+00
9.993486218719175307e-01
9.998604278329227268e-01
9.998577083886791561e-01
1.001371201290118140e+00
1.000367994360251034e+00
1.000512621282526160e+00
9.993704502302002135e-01
1.000187516261431320e+00
1.000197678505405863e+00
9.994076204236607142e-01
9.994634899478790357e-01
9.995060487761033841e-01
1.000296069595780324e+00
1.000001718607089529e+00
1.000456693889790971e+00
9.995137247424106253e-01
9.992771507777894469e-01
1.000544967973620025e+00
9.993672384779845874e-01
1.000502017726369930e+00
9.994529016231779028e-01
9.995902641292885304e-01
1.001450323203570969e+00
9.999610600450468123e-01
1.000104213783181040e+00
1.001115628456159978e+00
1.000089429743527658e+00
9.998198139242346905e-01
1.000461345269942015e+00
1.000820542927850276e+00
9.997291531235350526e-01
9.999609463750422922e-01
1.000011135038969767e+00
1.000547849279189716e+00
9.995108882032216480e-01
1.000848788387422195e+00
1.000133361305441060e+00
1.000435603957294806e+00
1.000614255814573417e+00
9.999875683964571937e-01
1.000213705694321664e+00
1.001309237151325471e+00
1.000159412777250179e+00
1.000167257897137674e+00
1.001245409638217065e+00
1.000092383983705036e+00
1.000149858303372774e+00
1.000314499137993085e+00
1.000203352813326951e+00
1.000588509546595173e+00
1.000094374231269345e+00
1.000313782005290975e+00
1.000599594633018619e+00
9.999465451291261742e-01
1.000573677188328237e+00
1.000251162671114580e+00
1.000188870817529940e+00
1.000394186591597512e+00
1.000212838955300665e+00
1.000339410525793005e+00
9.994369180624717020e-01
1.000333539087961299e+00
9.999462128426361840e-01
1.000931825485033899e+00
1.000367048803400882e+00
1.000549696176946002e+00
9.997516696458262908e-01
1.000633330284804279e+00
1.000666032883085421e+00
1.000705000908887365e+00
1.000401754842906277e+00
1.000116888717832664e+00
1.000631642002615784e+00
9.997771994076493085e-01
9.997556740828765776e-01
1.000315165892974534e+00
1.000765582993994318e+00
1.000850562341478067e+00
9.998938117237502476e-01
1.000078705516801225e+00
1.000111696073687106e+00
1.000823753287287676e+00
1.000336367506801993e+00
9.995122177857113099e-01
9.999451035711376390e-01
1.000128542131120346e+00
1.000146978075462822e+00
1.000151822769119736e+00
9.993071408913321019e-01
1.000875787968482200e+00
1.000591033269785823e+00
1.000186606845592019e+00
1.000013830340169996e+00
9.998884959137208650e-01
9.997887088046990556e-01
1.000008197251490483e+00
1.000056132445845236e+00
9.996651523252230165e-01
9.998960647246729616e-01
1.000670893813756956e+00
1.000325159277940967e+00
1.000259402843003187e+00
9.998496445659523779e-01
9.993913205773009567e-01
9.996584849903511483e-01
1.000476336181033155e+00
9.999863226573907360e-01
1.000179830149499960e+00
9.998292354160539519e-01
9.991360846417284280e-01
1.000415653723736309e+00
1.000294908261262661e+00
1.000709084954759076e+00
1.000437343196695972e+00
1.000854726289035490e+00
9.995097113613359285e-01
9.996993850564105388e-01
9.995223947671822984e-01
1.000214268099545833e+00
9.998599411937014736e-01
1.000604056711235312e+00
