0.000000000000000000e+00
0.000000000000000000e+00
0.000000000000000000e+00
0.000000000000000000e+00
0.000000000000000000e+00
0.000000000000000000e+00
0.000000000000000000e+00
0.000000000000000000e+00
0.000000000000000000e+00
0.000000000000000000e+00
0.000000000000000000e+00
0.000000000000000000e+00
0.000000000000000000e+00
0.000000000000000000e+00
0.000000000000000000e+00
0.000000000000000000e+00
0.000000000000000000e+00
0.000000000000000000e+00
0.000000000000000000e+00
0.000000000000000000e+00
1.066636332310477385e-05
3.484273320296554788e-02
1.044491157406958859e+00
3.432988186072883252e+00
3.398889045284260835e+00
1.881405892109781153e+00
8.505022581541366034e-01
3.902123643766808314e-01
2.205747255117524730e-01
2.351455843029144899e-01
3.805259357945194876e-01
5.728501772649682300e-01
7.269095504286576803e-01
8.082234600191046114e-01
8.355183932339845798e-01
8.463113729419255993e-01
8.616493640579571123e-01
8.968269458741495725e-01
9.616363375474434871e-01
1.040088262138341602e+00
1.089410151617988154e+00
1.124992491167380537e+00
1.160874441569179183e+00
1.192159076668596551e+00
1.212314114942763643e+00
1.219148827682940750e+00
1.212862319375064946e+00
1.186049195910996223e+00
1.140287530247129366e+00
1.087085229378504048e+00
1.038720212182747904e+00
1.000630483273521332e+00
9.770674186261879557e-01
9.640111715501467060e-01
9.596930945671755531e-01
9.580922241888102375e-01
9.589826485054486760e-01
9.619522810515619415e-01
9.644405266944752197e-01
9.651569824867574088e-01
9.670633042152891878e-01
9.692430989300661048e-01
9.716673957595234334e-01
9.758399633478034296e-01
9.804202115767093328e-01
9.876193260842023314e-01
9.904577563799789042e-01
9.933599168599155371e-01
9.952092360371004309e-01
9.981594074325240706e-01
9.971629881163921461e-01
9.978265667956079943e-01
1.000996605211783796e+00
9.991709603816464336e-01
1.002058689740973563e+00
1.002802408503981724e+00
1.005022821201861705e+00
1.007687465753665190e+00
1.009134360549198917e+00
1.009753782858407334e+00
1.009492912350939076e+00
1.010034194890069958e+00
1.010468817637280914e+00
1.008176507398762078e+00
1.007255556372067984e+00
1.005548419339237443e+00
1.002985418122895211e+00
1.001522949699013898e+00
9.983972422670787106e-01
9.990391511225135135e-01
9.967760291781789794e-01
9.952155326074686448e-01
9.957014434434338090e-01
9.932291481887551843e-01
9.933379498900498650e-01
9.935523007562264697e-01
9.936985387623973320e-01
9.937821135243266601e-01
9.950359127157009098e-01
9.944442973885775361e-01
9.976083877548508339e-01
9.981096970398535273e-01
9.995124256830930642e-01
1.000331662905570296e+00
1.001622268276875394e+00
1.003144032387673690e+00
1.003195848916218713e+00
1.003401129471491959e+00
1.004196607507818140e+00
1.003883426197015316e+00
1.002121625334547961e+00
1.003633466461562707e+00
1.001763659749431934e+00
1.001928013297020970e+00
1.000959880335941854e+00
1.001477688768652730e+00
1.001013704558439077e+00
1.000327173597900465e+00
9.998911927582625481e-01
9.990813047463940055e-01
9.998451097605102200e-01
9.994289717529385442e-01
9.991584168927031273e-01
1.000352868469851497e+00
9.988718257866469052e-01
9.989558005405206886e-01
9.998640387242383465e-01
9.995506311374250386e-01
9.997006440518030335e-01
1.000230243165562083e+00
9.996063949151868799e-01
1.000260947789097354e+00
9.999826209897164642e-01
1.000166872674117302e+00
1.000396203908608062e+00
1.000644390805323747e+00
1.000149914234019555e+00
1.000076611651539382e+00
1.000776681339008656e+00
9.998827103198567601e-01
9.999803976147461082e-01
1.000705887925144477e+00
1.000589067970509394e+00
9.997976331897401314e-01
1.001002951418025422e+00
1.000645570032018039e+00
1.000037097378982054e+00
1.000457024801556516e+00
1.000772746065852425e+00
9.996653740300167623e-01
1.000075766217385809e+00
1.000086260613896938e+00
9.999526411257209091e-01
9.999444374380137557e-01
9.999670483963153389e-01
9.995394334776668277e-01
9.995428095043870087e-01
1.000481075137338527e+00
1.000094577896528225e+00
1.000337853941466904e+00
1.000639633689473840e+00
1.000080461584097913e+00
1.000496956042253860e+00
9.998810452845721120e-01
9.996622442311338119e-01
9.998341915648550904e-01
1.001029962533408035e+00
1.000391670318848014e+00
1.000467465850936044e+00
9.997373007739667194e-01
1.000520942055957319e+00
9.999696424007492590e-01
1.000484384933352455e+00
1.000774448840015429e+00
1.000592126217976885e+00
1.000336444069280128e+00
1.000131824058010155e+00
1.000282117033026497e+00
1.001160876618122586e+00
1.000246067812722739e+00
9.999846803571289522e-01
1.000334380436105119e+00
1.000093287400026565e+00
1.000287341203366154e+00
1.000183207190138202e+00
1.000175616714404914e+00
1.000121505174975223e+00
1.000538083085232399e+00
1.000788986489949073e+00
1.000147503120419223e+00
1.000139834099046610e+00
1.000308844403818398e+00
9.998512377974395626e-01
1.000407437079418704e+00
1.000116818855167233e+00
1.000508127496297028e+00
1.000660059699693516e+00
9.997603944549504629e-01
9.998734852655960514e-01
1.000066774830907335e+00
1.000733439050987883e+00
1.000366471018040215e+00
1.000240665445221833e+00
1.000525451415481104e+00
1.000456451777130384e+00
1.000509680921979561e+00
1.000340530564841401e+00
1.000386711803809225e+00
9.996617879962697018e-01
9.996821467502743364e-01
1.000357585904481983e+00
1.000109515515461567e+00
1.000102878221777791e+00
1.000600145876451075e+00
1.000096949401708901e+00
9.998179388377164134e-01
9.997321104570029426e-01
1.000279243196365853e+00
1.000452770642057398e+00
1.000653738499940770e+00
1.000081893439203062e+00
9.997007058298766902e-01
9.999914370051655732e-01
1.000788310000110259e+00
1.000094512081367570e+00
9.995707776814987122e-01
1.000350365645562567e+00
1.000340466072425549e+00
1.000014462470577792e+00
9.996374165525312439e-01
9.996398753910165080e-01
9.999124297894940172e-01
1.000359046791600148e+00
9.994601264169861166e-01
9.999418896141289981e-01
9.999650578423875391e-01
1.000032237706008020e+00
1.000189530991111742e+00
1.000537448784154071e+00
9.999115899394925844e-01
1.000244553095410049e+00
1.000494059597393903e+00
1.000103216541121887e+00
1.000312718345280683e+00
1.000231245953373316e+00
9.999143024055033857e-01
9.999283177927106303e-01
1.000132181235164452e+00
9.999410705401291510e-01
9.998809191281515796e-01
1.000150671635695154e+00
1.000050532550478488e+00
9.994630218451023840e-01
9.995801291283497036e-01
9.998584240168729709e-01
1.000245836163896840e+00
1.000055615469295001e+00
9.998521025508219084e-01
1.000154466151670585e+00
9.997684139432846395e-01
9.996876241136154473e-01
1.000368415955982693e+00
9.997800989804611627e-01
9.998264529233645836e-01
9.998824897003365519e-01
9.994452653263694586e-01
9.998459717172700767e-01
9.997942213817049284e-01
1.000145422666513184e+00
1.000263392812740015e+00
1.000048488503432198e+00
9.994216738224189767e-01
9.997599970550488102e-01
9.998505866994564784e-01
9.995003847051857626e-01
9.997353827337934762e-01
1.000044463246653859e+00
1.000123780974289556e+00
1.000044612334317851e+00
9.999318447539102817e-01
