0.000000000000000000e+00
0.000000000000000000e+00
0.000000000000000000e+00
0.000000000000000000e+00
0.000000000000000000e+00
0.000000000000000000e+00
0.000000000000000000e+00
0.000000000000000000e+00
0.000000000000000000e+00
0.000000000000000000e+00
0.000000000000000000e+00
0.000000000000000000e+00
0.000000000000000000e+00
0.000000000000000000e+00
0.000000000000000000e+00
0.000000000000000000e+00
0.000000000000000000e+00
0.000000000000000000e+00
0.000000000000000000e+00
0.000000000000000000e+00
0.000000000000000000e+00
-2.874928939089471669e-05
-4.828171458047231246e-03
-4.733318885941614762e-02
-1.238915569672402739e-01
-1.788524372891956427e-01
-1.968656991078067964e-01
-1.882068414013861601e-01
-1.655375925182129837e-01
-1.398967018084078251e-01
-1.175684067969041818e-01
-9.973826656288287129e-02
-8.551106128294858055e-02
-7.380542511255651361e-02
-6.454846154390309065e-02
-5.945567884816534143e-02
-5.852364247485968007e-02
-6.073196727700984343e-02
-6.529954332720017129e-02
-7.291452852057281331e-02
-8.478157401384761593e-02
-1.004925283740060876e-01
-1.188488817018943655e-01
-1.393243520904783317e-01
-1.623511277222362825e-01
-1.866886502549713056e-01
-2.099159163724739208e-01
-2.296349754673174814e-01
-2.441670250042296542e-01
-2.520725378211317591e-01
-2.524653084417994298e-01
-2.452472552904860770e-01
-2.310713983511582803e-01
-2.116566936051518799e-01
-1.894408740312887029e-01
-1.666165850636934231e-01
-1.446838757367319150e-01
-1.244679639208501609e-01
-1.065308740396557763e-01
-9.060665376986334896e-02
-7.677854090267287324e-02
-6.484867590028604856e-02
-5.482970115224937435e-02
-4.696830387596070966e-02
-4.111552416743220750e-02
-3.739252056079306330e-02
-3.572180058251511747e-02
-3.615568223668967629e-02
-3.816569523921309326e-02
-4.120219214976249267e-02
-4.446618366009409684e-02
-4.791127623682243930e-02
-5.109015245572692820e-02
-5.353457844224546180e-02
-5.538596112731120069e-02
-5.614334117995178897e-02
-5.608459881353880516e-02
-5.609618648002993868e-02
-5.557599685264696943e-02
-5.464059133272501645e-02
-5.392472200851609887e-02
-5.302555409883580317e-02
-5.178731912423242822e-02
-5.079792715458807117e-02
-4.990438444815503694e-02
-4.886366468676670016e-02
-4.798892998694453960e-02
-4.743068997561435129e-02
-4.674079307749504086e-02
-4.634074372296896616e-02
-4.588253252303992058e-02
-4.515287925782905665e-02
-4.391131962526155508e-02
-4.294858832926858050e-02
-4.190751617972998666e-02
-4.062396940821676183e-02
-3.902227629515170326e-02
-3.779210037026478619e-02
-3.623547414323269322e-02
-3.463813633811982373e-02
-3.398000707608712923e-02
-3.368065204130067658e-02
-3.374269131606083549e-02
-3.450758927050451286e-02
-3.591933255733865960e-02
-3.740227386528173492e-02
-3.950164457823851505e-02
-4.117864999687395611e-02
-4.336232201076201109e-02
-4.582536530725019042e-02
-4.762448028364411889e-02
-4.938101292339225346e-02
-5.078466001652442996e-02
-5.206248146478578698e-02
-5.316780340660612336e-02
-5.444009900235856347e-02
-5.538158443875565440e-02
-5.576200576777416706e-02
-5.612098680887472879e-02
-5.641284248825387260e-02
-5.562693419076969459e-02
-5.515045368734461384e-02
-5.474399210591510134e-02
-5.457841507557108229e-02
-5.412835050513185864e-02
-5.365902181658131764e-02
-5.383763581399697573e-02
-5.417087469379595899e-02
-5.444129138979061922e-02
-5.468916837262532971e-02
-5.532114074425091566e-02
-5.594873154118017167e-02
-5.696929809127278255e-02
-5.804727543513028831e-02
-5.987588217695041792e-02
-6.153248488173172770e-02
-6.332830244276121956e-02
-6.459637032874869511e-02
-6.646145241129070014e-02
-6.790148244053509363e-02
-6.950637258654017436e-02
-7.080244435946157766e-02
-7.296869461282702585e-02
-7.410692621978948180e-02
-7.520367686537508811e-02
-7.617539010324959892e-02
-7.696002647690543264e-02
-7.782134361328085781e-02
-7.878756619652055315e-02
-7.930813133045762353e-02
-8.065336338899090074e-02
-8.148206508264906056e-02
-8.244861702007159898e-02
-8.306283000175088138e-02
-8.514334958997188396e-02
-8.609801326152724532e-02
-8.702870723052971713e-02
-8.813197766780167530e-02
-8.913299625779574908e-02
-9.016721738408817188e-02
-9.196802930619504823e-02
-9.339698271279250896e-02
-9.460935182775770391e-02
-9.588804700481841359e-02
-9.739730641187524518e-02
-9.839603413084899164e-02
-9.962910489161697081e-02
-1.014026107209950595e-01
-1.028518229788578375e-01
-1.040131539825611684e-01
-1.061086611519668765e-01
-1.073229584331225617e-01
-1.080431264569411132e-01
-1.093133655762023038e-01
-1.104105718850638962e-01
-1.114590436639109339e-01
-1.125159798340457512e-01
-1.140837935963488481e-01
-1.148252991848739690e-01
-1.155263152941829324e-01
-1.166416687087765691e-01
-1.183934809135872568e-01
-1.195699535938915259e-01
-1.209227592355150427e-01
-1.216825264529924205e-01
-1.231532010972789665e-01
-1.255925063584769075e-01
-1.264253971069915772e-01
-1.285119002994396797e-01
-1.299640387249705875e-01
-1.315025167485927571e-01
-1.324898238943589546e-01
-1.337892330613893455e-01
-1.361660716167196472e-01
-1.382048706589025788e-01
-1.396470939559266988e-01
-1.406141859873455968e-01
-1.416063639026276244e-01
-1.431970286522085689e-01
-1.441057517417622114e-01
-1.461636735444259982e-01
-1.473636422096726017e-01
-1.493384632670004541e-01
-1.514891981595079262e-01
-1.529245311149536324e-01
-1.551718819685050099e-01
-1.568166065268845055e-01
-1.583363447830821169e-01
-1.609980335387327932e-01
-1.628943614009475405e-01
-1.654774794989979647e-01
-1.674387995263993956e-01
-1.706027863973086367e-01
-1.723293861748229072e-01
-1.740806121261559147e-01
-1.759226615557598628e-01
-1.774759463297359841e-01
-1.790604230723609192e-01
-1.811483140430870664e-01
-1.837431153293241637e-01
-1.854836479039607688e-01
-1.872092819228724780e-01
-1.899950219628710191e-01
-1.920664482629553249e-01
-1.932961939588515587e-01
-1.958694975310770192e-01
-1.981628293187534529e-01
-1.996257251903778562e-01
-2.017162770208691391e-01
-2.045376474930281629e-01
-2.072190119413548637e-01
-2.099108396014880418e-01
-2.118064439822524569e-01
-2.139594185033798501e-01
-2.154877244553766169e-01
-2.178894282573972108e-01
-2.195444783575370984e-01
-2.215943895240428674e-01
-2.233986795407523485e-01
-2.262102046409759926e-01
-2.278350799305769170e-01
-2.296745191628666860e-01
-2.315749809144227178e-01
-2.328570607198720832e-01
-2.347077542237768488e-01
-2.371789039062366378e-01
-2.409435582215948835e-01
-2.432465926814964818e-01
-2.452839416814694418e-01
-2.477730789551568780e-01
-2.502365919599911503e-01
-2.529639167723909399e-01
-2.546286246166069023e-01
-2.569615141727744634e-01
-2.601651181623128029e-01
-2.628513122306181948e-01
-2.650834311670733356e-01
-2.672346503982618859e-01
-2.705195722860749830e-01
-2.734551936487676360e-01
-2.773090418714712069e-01
-2.801943264317511284e-01
-2.837473817850168500e-01
-2.869813641622899203e-01
-2.896972850418974010e-01
-2.921714257196316722e-01
-2.944311980338806256e-01
-2.970723163853595250e-01
-2.997157926433163810e-01
-3.026411875051357447e-01
-3.054778531595730429e-01
-3.088674291782014802e-01
-3.117070802910214544e-01
-3.153389172436207866e-01
-3.176869799642761394e-01
-3.208173837899914727e-01
-3.244096922726651400e-01
-3.274993334734894179e-01
-3.297442289524996628e-01
-3.323338631784954478e-01
-3.340971263927273172e-01
-3.367167857453377544e-01
-3.399826254157726213e-01
-3.435507614299651014e-01
-3.452424751523278657e-01
-3.481716920107429392e-01
-3.503223344503632042e-01
-3.521144471334173298e-01
-3.546809980062908263e-01
-3.573956199826214819e-01
-3.610232677940988788e-01
-3.632863130180050137e-01
-3.650642687060768887e-01
-3.681736163537317474e-01
-3.709787110316232206e-01
-3.736996431511499517e-01
-3.760777191599986580e-01
-3.784607379152045148e-01
-3.833466425529852284e-01
-3.861927657992036966e-01
-3.895594051118781431e-01
-3.935357885397018363e-01
-3.971343182003058692e-01
-4.003467605490709791e-01
-4.033203379876907357e-01
-4.079793760014790993e-01
-4.113525489902368770e-01
-4.147213808478998898e-01
-4.167742872989778635e-01
-4.206599384747794490e-01
-4.251728295845789707e-01
-4.286257306795915323e-01
-4.313373403777718273e-01
-4.348759409143616583e-01
-4.382506829367509016e-01
-4.429702316543057128e-01
-4.454848384449510146e-01
-4.489358485431975132e-01
-4.526757413691284149e-01
-4.560856174462928903e-01
-4.600094024581681262e-01
-4.629911323298107617e-01
-4.669568453719735723e-01
-4.705944339459121606e-01
-4.732329271962027462e-01
-4.758284355885346595e-01
-4.792223818334795382e-01
-4.836075072340074166e-01
-4.882005692293835408e-01
-4.931253298907745664e-01
-4.964657060552730705e-01
-4.999619270600072496e-01
-5.052071646197509036e-01
-5.106619768921556446e-01
-5.155037328241202088e-01
-5.196434125706325124e-01
-5.237399497628074663e-01
-5.276510071771456367e-01
-5.330326864993306657e-01
-5.371490578068103261e-01
-5.411552320113895975e-01
-5.455818319546115180e-01
-5.501895213898868597e-01
-5.549506848321343888e-01
-5.594236291141307937e-01
-5.631093327963214712e-01
-5.678794649256282412e-01
-5.719184614153776103e-01
-5.763605067771235824e-01
-5.804289905932584759e-01
-5.830208197787509761e-01
-5.862115724085645851e-01
-5.897110073388747153e-01
-5.936895967823838660e-01
-5.980811425244105806e-01
-6.011539242552483842e-01
-6.050073809836060690e-01
-6.095019773773255878e-01
-6.136304927547424626e-01
-6.171810104114925366e-01
-6.215177885289406845e-01
-6.250265397256473676e-01
-6.292401350327452292e-01
-6.337699654068735811e-01
-6.378620119898172902e-01
-6.421773180394438896e-01
-6.458095681254540921e-01
-6.496498066698279672e-01
-6.527355491463673332e-01
-6.551687053682044848e-01
-6.582966446915321512e-01
-6.621796643800230697e-01
-6.653908056023567497e-01
-6.695819605484771841e-01
-6.733745714352465939e-01
-6.773715717753603371e-01
-6.803382571559026815e-01
-6.849273295136484307e-01
-6.895704485578377785e-01
-6.938785711354285013e-01
-6.975783068932415176e-01
-6.999381385049758819e-01
-7.040493727903083254e-01
-7.085392736029092475e-01
-7.140494766470553145e-01
-7.187044604749033283e-01
-7.226213950801891883e-01
-7.271669965791147661e-01
-7.317564393285067581e-01
-7.361651751685514000e-01
-7.402215054940626260e-01
-7.446663372796678004e-01
-7.495509083102120940e-01
-7.532664214740236730e-01
-7.581178539003587957e-01
-7.630512317865481009e-01
-7.673487182018163821e-01
-7.720271115680503726e-01
-7.754462870663871854e-01
-7.797289082465397314e-01
-7.835171537940794906e-01
-7.888893875225591046e-01
-7.935092484175214622e-01
-7.982930206256213523e-01
-8.020630930462999686e-01
-8.063225313569120090e-01
-8.096706318899435928e-01
-8.141992991326105766e-01
-8.185692308133951656e-01
-8.228476662665258345e-01
-8.285016448191413474e-01
-8.324441246294043140e-01
-8.363075117885330201e-01
-8.404147775578678647e-01
-8.441495291624789843e-01
-8.483984066254208756e-01
-8.525843356614473123e-01
-8.563929119887916386e-01
-8.593226821411121819e-01
-8.629756740106699908e-01
-8.676397365456409716e-01
-8.703614228926710439e-01
-8.744818463167689515e-01
-8.775680184265581829e-01
-8.808546627189457467e-01
-8.843653276089753490e-01
-8.865364993086473078e-01
-8.905354992218690313e-01
-8.941972425359665522e-01
-8.981428994921145659e-01
-9.019907542681266932e-01
-9.047878011377008534e-01
-9.072809565655006736e-01
-9.092676704017890188e-01
-9.118371447862898549e-01
-9.145269663034412133e-01
-9.168858769190251223e-01
-9.198686629719929897e-01
-9.221296225049400164e-01
-9.241144024997538509e-01
-9.262381789409346311e-01
-9.291873502174325949e-01
-9.318392527554806293e-01
-9.346306947862217385e-01
-9.381460732315076712e-01
-9.401392546267288708e-01
-9.424008077486973889e-01
-9.443794842765669273e-01
-9.465847917096539277e-01
-9.500284048136791171e-01
-9.530283070901077735e-01
-9.543951521990265974e-01
-9.567798686325090785e-01
-9.595096849007518358e-01
-9.618365927322543030e-01
-9.629870669768934022e-01
-9.652287870185887186e-01
-9.672792646454695387e-01
-9.693027907363784834e-01
-9.706588464466676669e-01
-9.718117042451126508e-01
-9.734560924855486519e-01
-9.745100297255930855e-01
-9.751221814968857871e-01
-9.758551574718126176e-01
-9.764276332401209402e-01
-9.764132734224517662e-01
-9.771725026429862737e-01
-9.773676568229916484e-01
-9.773875734279613425e-01
-9.783132440852568834e-01
-9.783308113068187595e-01
-9.789339469748483680e-01
-9.792761745944744689e-01
-9.796362213866700586e-01
-9.793418048705575529e-01
-9.795420284631859431e-01
-9.797425147596641182e-01
-9.797128779566719459e-01
-9.797163113443048132e-01
-9.794351865194812490e-01
-9.791975303637627803e-01
-9.798966473783821129e-01
-9.801625864955667566e-01
-9.808341707154113465e-01
-9.802896587310669929e-01
-9.805590234324199628e-01
-9.809708058000978781e-01
-9.816176482356695487e-01
-9.815474225461002789e-01
-9.817971572648502843e-01
-9.811590649418349130e-01
-9.815139648994772870e-01
-9.813194263214199964e-01
-9.812881932865593626e-01
-9.816796432066894340e-01
-9.818942511207069401e-01
-9.824796766538383963e-01
-9.824988283244238119e-01
-9.826228283720865875e-01
-9.826027069135534475e-01
-9.830397635390681899e-01
-9.832593951772423679e-01
-9.840844693310373259e-01
-9.842543927519500357e-01
-9.848080458455115149e-01
-9.854085280272784075e-01
-9.856702711541629469e-01
-9.862750294338411550e-01
-9.869110327648513703e-01
-9.874469931961584734e-01
-9.880385870421832806e-01
-9.885396952327027975e-01
-9.890248056882455785e-01
-9.895391533514157345e-01
-9.896734650959615465e-01
-9.894677988875173469e-01
-9.899691669475032541e-01
-9.902965497719833365e-01
-9.902662018486125817e-01
-9.906360930814344101e-01
-9.906863968159314027e-01
-9.909536287049149905e-01
-9.910816291701394221e-01
-9.910876951502132215e-01
-9.913407305526789060e-01
-9.914801361460376938e-01
-9.915736437020541416e-01
-9.916530349869390193e-01
-9.917822418435662257e-01
-9.918436884113361884e-01
-9.916365341059645289e-01
-9.917486354934226256e-01
-9.919264730779104866e-01
-9.922668781509855762e-01
-9.920897254228293605e-01
-9.921298415886212752e-01
-9.923447539915741800e-01
-9.923605056808355585e-01
-9.923675963807454536e-01
-9.924767691763918265e-01
-9.924853859288305102e-01
-9.925983670468667697e-01
-9.928017704546618916e-01
-9.929023110573780286e-01
-9.930079103985463007e-01
-9.930985690036777669e-01
-9.929618646226572309e-01
-9.929845511521762091e-01
-9.930674694860499585e-01
-9.931035697588868061e-01
-9.931946610734030401e-01
-9.931393696301711316e-01
-9.931179846396389621e-01
-9.931695571283398749e-01
-9.930831165527251869e-01
-9.930464378242049861e-01
-9.929553240581299178e-01
-9.928325834500810743e-01
-9.927607129127409280e-01
-9.927040628240320075e-01
-9.926580386104433273e-01
-9.926561143142862420e-01
-9.925836527752380789e-01
-9.925727708148315287e-01
-9.924930225595289812e-01
-9.924698460274612444e-01
-9.924276031956651423e-01
-9.924712501101566886e-01
-9.924679006157930417e-01
-9.924060870239372889e-01
-9.923824919958406099e-01
-9.923502785488835798e-01
-9.923657157748948521e-01
-9.923520336849378509e-01
-9.923684925095130893e-01
-9.923544566554483026e-01
-9.923582922133391548e-01
-9.923627221144215582e-01
-9.923644337761743373e-01
-9.923643732035998255e-01
-9.923643732035998255e-01
-9.923643732035998255e-01
-9.923643732038271992e-01
-9.923643732035998255e-01
-9.923643732038271992e-01
-9.923643732035998255e-01
-9.923643732035998255e-01
-9.923643732035998255e-01
-9.923643732038271992e-01
-9.923643732035998255e-01
-9.923643732038271992e-01
-9.923643732035998255e-01
-9.923643732035998255e-01
-9.923643732035998255e-01
-9.923643732035998255e-01
-9.923643732038271992e-01
-9.923643732038271992e-01
-9.923643732035998255e-01
-9.923643732035998255e-01
-9.923643732038271992e-01
-9.923643732035998255e-01
-9.923643732038271992e-01
-9.923643732035998255e-01
-9.923643732038271992e-01
-9.923643732038271992e-01
-9.923643732035998255e-01
-9.923643732035998255e-01
-9.923643732035998255e-01
-9.923643732038271992e-01
-9.923643732038271992e-01
-9.923643732040545729e-01
-9.923643732035998255e-01
-9.923643732035998255e-01
-9.923643732035998255e-01
-9.923643732035998255e-01
-9.923643732035998255e-01
-9.923643732035998255e-01
-9.923643732035998255e-01
-9.923643732035998255e-01
-9.923643732035998255e-01
-9.923643732035998255e-01
-9.923643732035998255e-01
-9.923643732040545729e-01
-9.923643732035998255e-01
-9.923643732035998255e-01
-9.923643732040545729e-01
-9.923643732035998255e-01
-9.923643732035998255e-01
-9.923643732035998255e-01
-9.923643732035998255e-01
-9.923643732040545729e-01
-9.923643732035998255e-01
-9.923643732035998255e-01
-9.923643732035998255e-01
-9.923643732035998255e-01
-9.923643732035998255e-01
-9.923643732035998255e-01
-9.923643732035998255e-01
-9.923643732035998255e-01
-9.923643732035998255e-01
-9.923643732040545729e-01
-9.923643732035998255e-01
-9.923643732035998255e-01
-9.923643732035998255e-01
-9.923643732035998255e-01
-9.923643732035998255e-01
-9.923643732035998255e-01
-9.923643732035998255e-01
-9.923643732040545729e-01
