0.000000000000000000e+00
0.000000000000000000e+00
0.000000000000000000e+00
0.000000000000000000e+00
0.000000000000000000e+00
0.000000000000000000e+00
0.000000000000000000e+00
0.000000000000000000e+00
0.000000000000000000e+00
0.000000000000000000e+00
0.000000000000000000e+00
0.000000000000000000e+00
0.000000000000000000e+00
0.000000000000000000e+00
0.000000000000000000e+00
0.000000000000000000e+00
0.000000000000000000e+00
0.000000000000000000e+00
0.000000000000000000e+00
0.000000000000000000e+00
0.000000000000000000e+00
0.000000000000000000e+00
4.321542566323251689e-04
6.338610170906492682e-03
1.140846445602826248e-01
5.279128618803914375e-01
1.196208007407772111e+00
1.855049858557383580e+00
2.400041458348931567e+00
2.701696333148256191e+00
2.790409041541344504e+00
2.708789260579805624e+00
2.543739866937486660e+00
2.232527757204150198e+00
1.925576381479040533e+00
1.580861017386942402e+00
1.273796998132309399e+00
1.071094786000442278e+00
9.925608571180469797e-01
9.449768308445629650e-01
9.346399280277140065e-01
9.832024544543925826e-01
1.071882235019948615e+00
1.127989218049677778e+00
1.171508105290232082e+00
1.200641556555523293e+00
1.229804757856508557e+00
1.292325350964301789e+00
1.350976331851658108e+00
1.414061225830632873e+00
1.438879343554409829e+00
1.508571595722868475e+00
1.551875995996527813e+00
1.562901470347504596e+00
1.552374472154606000e+00
1.478930937594224337e+00
1.403842024684309298e+00
1.298755139318285901e+00
1.237822463656602201e+00
1.155804493651833020e+00
1.103864455227878016e+00
1.058366435784908965e+00
1.035609312651537106e+00
1.020505430387332879e+00
1.006464238091315799e+00
9.978474018418437286e-01
1.001733843749524011e+00
1.000895641616532439e+00
1.009565100265859439e+00
1.021696224629484062e+00
1.024131016901989266e+00
1.023227373231950343e+00
1.028644151437851262e+00
1.044325319310238198e+00
1.036702621949372460e+00
1.037598036249001821e+00
1.042598050735675796e+00
1.020292564411949598e+00
1.026971637273556004e+00
1.009348003623511181e+00
1.006054153592465417e+00
9.995698895499999237e-01
9.945652433275206095e-01
9.863581663339128225e-01
9.899497021798563390e-01
9.908294997756854627e-01
9.913896167687687999e-01
9.937946209310550838e-01
9.969838151113334934e-01
9.980622068694529059e-01
9.973402829369781841e-01
9.944773085734044393e-01
1.001311724451689811e+00
9.963646512503065988e-01
9.889881375694924426e-01
9.913692091730793576e-01
9.953194708096787524e-01
9.880931138033018923e-01
9.934590384865200630e-01
9.861884903958531012e-01
9.876531123488009323e-01
9.839094794244040987e-01
9.849238096911923090e-01
9.857664978228363184e-01
9.869276897768052281e-01
9.894898218106347176e-01
9.916856914744350826e-01
9.878539473649623481e-01
9.915778928971203943e-01
9.902021088275919647e-01
9.969210300148814152e-01
9.964205444655154231e-01
9.972238609591287384e-01
1.000723354441910518e+00
9.948695319637673729e-01
9.980232665015486004e-01
9.928454241574826700e-01
9.961538689411929548e-01
9.988201391514885952e-01
1.001809640992599837e+00
1.002754403700416796e+00
1.000679142493914986e+00
9.957380853200581416e-01
9.965923979583596326e-01
9.990413688071204668e-01
9.994035913446273067e-01
1.000962747602287317e+00
9.993418625781601561e-01
9.975704890104504230e-01
1.000868704327563918e+00
1.003023969113888914e+00
1.000474424131389872e+00
1.001601427888250573e+00
1.005737841760260265e+00
1.000998631510169101e+00
1.002397105405512745e+00
1.001938580568560999e+00
1.006688010964381652e+00
1.002030728777725255e+00
9.965597408466443374e-01
1.005729795163703422e+00
1.008640606620355484e+00
1.002949765533303284e+00
1.002903000342328044e+00
1.005716659549420244e+00
1.002663415369049238e+00
1.002765160905685127e+00
9.994178115895587799e-01
1.005654505965039691e+00
1.004101904454705041e+00
1.003144057542325385e+00
1.003806569866053655e+00
1.001547558871227483e+00
1.003844958356776784e+00
1.003698293370737904e+00
1.005671329103881684e+00
1.000297945104567487e+00
1.001881864208127970e+00
1.005593468096697141e+00
1.007052060732352539e+00
1.001520266166374906e+00
1.003803800440068894e+00
1.003858977651310935e+00
1.004574392265414673e+00
1.000492126170520413e+00
1.001240098158217018e+00
1.003709433168821219e+00
9.993569751804348700e-01
1.001136764062477091e+00
1.003159258261592024e+00
9.990025205501801286e-01
1.002975890981239182e+00
1.004959217966842511e+00
9.991942209582651557e-01
1.002897782900356249e+00
1.002669264252629810e+00
1.002469323171406135e+00
1.005964043808736275e+00
9.990062167520107339e-01
1.000157552460887445e+00
1.000184475075704071e+00
1.003072712895157759e+00
1.003058758760710489e+00
9.990702826321199437e-01
1.001665754612924619e+00
1.001072782916990755e+00
1.003687322654812197e+00
1.000544088598247061e+00
9.969644158444933568e-01
1.001481110180074241e+00
1.000090058089219136e+00
1.000961611167125787e+00
1.001961891139155236e+00
1.001786480541575930e+00
1.001162594423764984e+00
1.003103926020187497e+00
1.003517411466046783e+00
1.001851616309202608e+00
9.991437781054665068e-01
1.000975433863146469e+00
1.000704265311719077e+00
1.001933165963480699e+00
9.995245264974521593e-01
1.000240088972580210e+00
9.993032869032429932e-01
1.000744085044254383e+00
9.998215764120893523e-01
1.006422237644501116e+00
1.000677269697386684e+00
9.997844156593728160e-01
1.000757127641972000e+00
9.989935091638181275e-01
1.001468366009381716e+00
1.001004085545898148e+00
9.987761916929460693e-01
1.001161580761947389e+00
1.000988518208198563e+00
1.001840162832724035e+00
1.003110975403310068e+00
1.001828317847800909e+00
1.002118526985592339e+00
1.002126292379761807e+00
1.001370776868461210e+00
1.002345193027964765e+00
1.003051985907161825e+00
1.000714039370679709e+00
1.000903177697620272e+00
9.981416187808138663e-01
9.985959576260147186e-01
9.998644561594848268e-01
9.992942328572116395e-01
9.999112008895842951e-01
1.001241608302886776e+00
9.994644987648085843e-01
1.001427580619572488e+00
1.000259704523060789e+00
1.000998538664740867e+00
1.003217912638957987e+00
1.000239106105157205e+00
9.983182948355210362e-01
1.000363219650315605e+00
1.001510960515477278e+00
1.002568577063179589e+00
1.002471635528408456e+00
9.993888708102479645e-01
1.001725215905218569e+00
1.000364475437317768e+00
1.001804223550310624e+00
1.000957864714226320e+00
9.999065626764503945e-01
1.003071657412978102e+00
1.001444945166361178e+00
1.001744722689049238e+00
9.999349587771024783e-01
1.001075291751548635e+00
1.000388981289782597e+00
1.001009927387812803e+00
1.001996977644681097e+00
1.003945752499524779e+00
1.000405078812512061e+00
1.001077675497764830e+00
9.987604706334233251e-01
1.004150111496519227e+00
9.997164832449580985e-01
1.002425614719365532e+00
1.000906052707605687e+00
1.000194389899632386e+00
1.000451555279024296e+00
1.001976211427161978e+00
1.001841944094988390e+00
1.002183175743763588e+00
1.003789435655631390e+00
1.000757094069382847e+00
1.000809286310277990e+00
1.004548317234962740e+00
1.001052837707291587e+00
1.000074442879024916e+00
1.001939841828581645e+00
1.000906180176583060e+00
1.001217311988553682e+00
