0.000000000000000000e+00
0.000000000000000000e+00
0.000000000000000000e+00
0.000000000000000000e+00
0.000000000000000000e+00
0.000000000000000000e+00
0.000000000000000000e+00
0.000000000000000000e+00
0.000000000000000000e+00
0.000000000000000000e+00
0.000000000000000000e+00
0.000000000000000000e+00
0.000000000000000000e+00
0.000000000000000000e+00
0.000000000000000000e+00
0.000000000000000000e+00
0.000000000000000000e+00
0.000000000000000000e+00
0.000000000000000000e+00
0.000000000000000000e+00
0.000000000000000000e+00
0.000000000000000000e+00
0.000000000000000000e+00
4.358066161034685436e-03
6.269578961988418742e-02
2.738992088845462192e-01
5.873920390585563034e-01
9.173116391369693368e-01
1.183461218576384866e+00
1.361681004033988840e+00
1.399642964378340348e+00
1.365835761324497799e+00
1.275833432659693623e+00
1.183210138336849626e+00
1.070944583787965865e+00
9.463967243843519617e-01
8.550131652103847291e-01
8.084671222934470824e-01
7.979068825531054898e-01
7.760414447603539712e-01
7.702772245273543650e-01
7.843939223308221687e-01
8.135473687771604956e-01
8.575507450242466634e-01
8.657711121775925056e-01
8.827802305590589649e-01
9.103429900245290085e-01
9.452282121372589385e-01
9.670499519438926495e-01
1.007006530103971675e+00
1.055534268093464956e+00
1.090226673464483653e+00
1.132729318300584875e+00
1.167595233189431481e+00
1.165882111834396273e+00
1.152042480879688524e+00
1.141168303415653673e+00
1.119774162756981273e+00
1.100426272809094774e+00
1.088179224474137730e+00
1.066792736295163468e+00
1.052791530784273899e+00
1.038894949107890708e+00
1.036361115557210999e+00
1.033536367633589581e+00
1.018528313270158359e+00
1.010962910597102304e+00
1.001858547518899467e+00
9.928510362420827073e-01
9.874203765727702642e-01
9.890394824074567603e-01
9.885130026157926686e-01
9.938733264694972203e-01
9.941931719908900789e-01
1.001402079670784540e+00
1.004427801136276166e+00
1.011001762059854148e+00
1.008160279059981512e+00
1.013923394922244148e+00
1.018066631545431644e+00
1.017108348328084277e+00
1.017743392440021655e+00
1.013475538552954802e+00
1.017718500251255875e+00
1.014076747844767423e+00
1.010700114080415490e+00
1.012259895208585725e+00
1.010147900015024636e+00
1.004386946379522749e+00
1.006593063413027345e+00
1.004048512484013722e+00
1.003406285202933068e+00
1.005159238778525754e+00
1.002909747070195756e+00
1.004634254605796029e+00
1.003961561699404648e+00
1.005885439667455694e+00
1.006144180819567913e+00
1.004177800849516133e+00
1.010579922913057205e+00
1.003384182908159783e+00
1.004914049232115580e+00
1.006370539054705304e+00
1.004427322428663283e+00
1.006276328930961750e+00
1.005132441420926837e+00
1.007591898152004894e+00
1.008820590157263997e+00
1.006742708141260545e+00
1.006287643689417255e+00
1.008278217567708079e+00
1.008306471460506781e+00
1.007958268690650083e+00
1.004637464291596505e+00
1.005572219731709183e+00
1.005893535419803975e+00
1.006813471032606433e+00
1.008095401848420725e+00
1.008848011181124216e+00
1.005132214830412929e+00
1.007767554292669621e+00
1.007619576173641951e+00
1.005340669115491581e+00
1.005234131159834288e+00
1.006550692061018326e+00
1.003422077983126437e+00
1.005749771093070288e+00
1.004317455297999651e+00
1.004808843149121111e+00
1.006493023758117999e+00
1.003407730793179020e+00
1.000770904837716024e+00
1.002184253890437304e+00
1.008345215538742012e+00
1.003156734348579882e+00
1.004047736624235965e+00
1.003880164894302984e+00
1.004169697799250249e+00
1.004394714852559378e+00
1.001653919581074081e+00
1.001228116140075786e+00
1.001569461871734568e+00
1.000269714306242008e+00
1.001421999634408921e+00
1.004618686934874328e+00
1.003508914248013362e+00
1.004897441271022984e+00
1.004735482264534463e+00
1.003343095053230716e+00
1.006969566520164117e+00
1.003440876707087925e+00
1.003516389680338960e+00
1.004152881921853036e+00
1.000434131734787790e+00
1.000907526470023567e+00
1.002093732030618689e+00
1.003864878057914245e+00
1.002747074003649930e+00
1.004547748218554526e+00
1.000409888630188648e+00
1.002451290575247178e+00
1.003274891595583584e+00
1.002643298289782603e+00
1.004790503570905935e+00
1.002307281487271107e+00
1.002273208070721733e+00
1.001763095655047842e+00
1.003096780080735106e+00
1.002599974436137131e+00
1.002542013595664860e+00
1.002813508112001095e+00
1.002119577390654159e+00
1.001416574881623500e+00
1.002860346982830775e+00
1.002053023576900292e+00
1.003174040313493443e+00
1.003409873144055720e+00
1.003113112428617670e+00
1.003242470005281550e+00
9.999023956260335577e-01
1.001378567678919307e+00
1.003753021206967633e+00
1.001588801808172002e+00
1.003080550177965158e+00
1.003966918926220808e+00
1.001343459714238771e+00
1.002554537330510032e+00
1.003693775133574384e+00
1.000804839499303212e+00
1.002084361564357096e+00
1.001882991097976738e+00
1.001067273474860242e+00
1.002626692072966286e+00
1.002084169601150210e+00
1.002512048297579117e+00
1.001964120585586926e+00
1.002270824860338916e+00
1.003322196834737889e+00
1.001410874462353995e+00
1.002622673937145104e+00
1.001799541107617264e+00
9.996215366039357120e-01
1.001672050750193943e+00
1.000175625888058972e+00
1.001274163553136143e+00
1.002244412597335099e+00
1.001650494527550395e+00
1.001054478176083951e+00
1.001567700420163076e+00
1.000438804968819984e+00
9.991441206286841847e-01
1.000481786819851449e+00
9.981058854551738690e-01
1.000725638279069685e+00
9.993295190689965857e-01
9.999152306515799449e-01
1.000915531531201497e+00
9.996764713636915323e-01
1.000859980500780955e+00
9.994427166348136549e-01
1.000142162178528693e+00
1.000260844958514639e+00
9.984827216554853502e-01
9.992875042476816461e-01
1.000695053607085550e+00
9.999630879825845975e-01
1.000048502210698631e+00
1.001057769439669620e+00
9.991255199377193641e-01
9.974693024438759936e-01
9.990919034071377158e-01
9.978880462572815579e-01
9.981555836230356915e-01
9.982906348734734703e-01
9.992406626794029245e-01
9.974910488461471436e-01
9.996573805272369606e-01
1.000371807245824751e+00
9.988309366185342819e-01
9.984434777752748680e-01
9.988659147559835194e-01
9.984910944181397685e-01
9.978549697962505460e-01
9.987262936708589667e-01
1.000045094652965538e+00
1.000474233072511820e+00
9.992410873666750515e-01
9.988337699498442968e-01
9.990021649752377497e-01
9.987816097231783097e-01
9.990750001946999692e-01
9.996314082014405855e-01
1.000168272380415724e+00
9.989433782136248885e-01
9.992634666785031872e-01
9.987241646840581133e-01
9.981869939329213182e-01
9.971305135196159020e-01
9.997052920487397021e-01
9.984835767980972943e-01
9.995495109274454837e-01
9.983803255403363996e-01
9.970315969575869186e-01
9.980863600433222960e-01
9.967179443645828307e-01
9.981908191524141438e-01
9.974267417006389413e-01
9.972960190765496336e-01
9.982247184042379873e-01
9.984772289027382675e-01
9.973604060568839191e-01
9.967635659523914615e-01
9.986144464638598839e-01
9.970452369013554916e-01
9.968205921409697412e-01
9.965368919340847897e-01
9.968745082752882292e-01
9.968126762665487917e-01
9.981860559401637412e-01
9.969428289061208481e-01
