0.000000000000000000e+00
0.000000000000000000e+00
0.000000000000000000e+00
0.000000000000000000e+00
0.000000000000000000e+00
0.000000000000000000e+00
0.000000000000000000e+00
0.000000000000000000e+00
0.000000000000000000e+00
0.000000000000000000e+00
0.000000000000000000e+00
0.000000000000000000e+00
0.000000000000000000e+00
0.000000000000000000e+00
0.000000000000000000e+00
0.000000000000000000e+00
0.000000000000000000e+00
0.000000000000000000e+00
0.000000000000000000e+00
0.000000000000000000e+00
0.000000000000000000e+00
0.000000000000000000e+00
2.160771283161625844e-04
3.169305085453245907e-03
5.704232228014130546e-02
2.639564309401956632e-01
5.981040037038859447e-01
9.275249292786915678e-01
1.200020729174465783e+00
1.351225287781993467e+00
1.396380519186696034e+00
1.360789264874689541e+00
1.293827297141004973e+00
1.173436943382453634e+00
1.070142520742743297e+00
9.571887325362209431e-01
8.635821383998472101e-01
8.121509310322210240e-01
8.041676694474777509e-01
7.771149526044587308e-01
7.609581773259251891e-01
7.726251100612985256e-01
8.157679766268960408e-01
8.468880607889122114e-01
8.639768688790988582e-01
8.810605788588010689e-01
8.921220065220913931e-01
9.347199381111678251e-01
9.646409133738187425e-01
1.004554988612266886e+00
1.029493052879124848e+00
1.079268881009815884e+00
1.121802680483256154e+00
1.150207416314830589e+00
1.168111512899802973e+00
1.148649739950460269e+00
1.145398279062894931e+00
1.111729634275432366e+00
1.094923021183848766e+00
1.074977599901762781e+00
1.060927592160675559e+00
1.050426301137256546e+00
1.041883016838954568e+00
1.031901056271696371e+00
1.022413771964705953e+00
1.017546791515312243e+00
1.005345835085559969e+00
9.913748508408936067e-01
9.912386223146604225e-01
9.881855488216599870e-01
9.869197052897120681e-01
9.832082322463657764e-01
9.867344994969343697e-01
9.943944706132151756e-01
9.940955693502894208e-01
1.003990922775850780e+00
1.007648489038520667e+00
1.006795040797266338e+00
1.011676428340716472e+00
1.009486486259622007e+00
1.009076199128512652e+00
1.014673959495577815e+00
1.011250368060020444e+00
1.011959008669517601e+00
1.010504703502823842e+00
1.012620116068615017e+00
1.008680190976067648e+00
1.009534775288682518e+00
1.008745410845347079e+00
1.007028841223803317e+00
1.004366628183888999e+00
1.003049712904751090e+00
1.004975106809470109e+00
1.003291498045762786e+00
9.961428222106314401e-01
1.000420152619766245e+00
9.972051240954618034e-01
9.956371710637766936e-01
1.004256158035115920e+00
9.986317422664700016e-01
1.002617553444995036e+00
9.979858098612852668e-01
9.995911373640058439e-01
9.966231145219907051e-01
1.002371446527873244e+00
1.000577643862236021e+00
9.998461258234451199e-01
9.994513663399112735e-01
9.991289218860974763e-01
9.970638116089994840e-01
9.990669983837489054e-01
9.990914059671472947e-01
1.002453753780559786e+00
1.002311507636973076e+00
9.960503637210220695e-01
1.000684563464206311e+00
9.981415240849906834e-01
9.996287229392257778e-01
1.002906639432186831e+00
1.002457027557889679e+00
1.004641858076051220e+00
1.002732053297123560e+00
1.001326426188130503e+00
1.004368076765468576e+00
1.003248155975476008e+00
1.002692679792944741e+00
1.005567429208175989e+00
1.001906037795297522e+00
1.001787796619129756e+00
1.003178145402099153e+00
1.001803362353337334e+00
1.001391826215112468e+00
1.001127813276214473e+00
1.002686877324582282e+00
1.001558054721587432e+00
1.002197482871607148e+00
1.000532262388336813e+00
1.002073042903678601e+00
1.002709449089671079e+00
9.971894109394172645e-01
1.002653812950615064e+00
1.005020540409010232e+00
1.001408846424931554e+00
1.001295818053313580e+00
1.003044403510480187e+00
1.003451526508562175e+00
1.002245202558393666e+00
9.986458992308658855e-01
1.001844268964017681e+00
1.003304003621910523e+00
1.002612728682259036e+00
1.002204956245673406e+00
1.000307949945918429e+00
1.002644664535843333e+00
1.001587642168847214e+00
1.003904461233784406e+00
9.992035321088206246e-01
1.002596356845516068e+00
1.002338126693438580e+00
1.004467438991216266e+00
1.000949029436270621e+00
1.002193043163262187e+00
1.002212050648064956e+00
1.003146044769730683e+00
1.000229326066256030e+00
1.002110870236259998e+00
1.001832857596932413e+00
1.000086190883717530e+00
1.001001895018874599e+00
1.003979896837894570e+00
1.000728098755943041e+00
1.005440237197870346e+00
1.005174308734498201e+00
1.001418537441398193e+00
1.003774466927138675e+00
1.001564549150945505e+00
1.002374499121162499e+00
1.004594126154123135e+00
1.000925678888838322e+00
1.002495416410386975e+00
1.003287332115338604e+00
1.002484866001591479e+00
1.004224888436336283e+00
1.001762217943308331e+00
1.002392128049222508e+00
1.001292167209460571e+00
1.002279721399713885e+00
1.001331428508095422e+00
1.000135872758380229e+00
1.001970101239703537e+00
1.000087043317995139e+00
1.002890358347927613e+00
1.002221706932193701e+00
1.002439550852306072e+00
1.001078725098625055e+00
1.003158314190536249e+00
1.002440691247061144e+00
1.002805266517204474e+00
1.000788951708239782e+00
9.998951169892551505e-01
1.000981862994217764e+00
1.001158468426395221e+00
1.000793185489862180e+00
1.001382708729955606e+00
1.000371972335426296e+00
1.001451352143811979e+00
1.000371917140568723e+00
1.003806256394582874e+00
1.000526267378097467e+00
9.997856620278133821e-01
1.000420094233248625e+00
1.000973397144398369e+00
1.001759108090222838e+00
1.002082978760971077e+00
1.001684338965129095e+00
1.000066104570783043e+00
1.001023530456850663e+00
1.002081843728177546e+00
1.001180289669886259e+00
1.001180009474509136e+00
1.002186033959611366e+00
1.002975907231375974e+00
1.001289008321388341e+00
1.002299198217470932e+00
1.003272318097610860e+00
1.000687144991266209e+00
1.000696316071329806e+00
9.990093694929520485e-01
9.983780333780855054e-01
9.997055500163662956e-01
1.000268243985145578e+00
1.000728808966261152e+00
1.000303509734773666e+00
1.001024666465364144e+00
1.000942125827332774e+00
1.000208414110659749e+00
1.000808800753350880e+00
1.001989161118517657e+00
1.000247761371353628e+00
9.989544008330671909e-01
1.000484277932058852e+00
1.002032461609395853e+00
1.003457878745436016e+00
1.001808281040366344e+00
9.999370011139416814e-01
1.001223293178378215e+00
1.000837126004565647e+00
1.002255201911039784e+00
1.001214762256005031e+00
1.001020838980814620e+00
1.002646236233113886e+00
1.001366244182023246e+00
1.001003402662185904e+00
1.000404850624497799e+00
9.999815646864410601e-01
9.997747429312424661e-01
1.000548468497867827e+00
1.002425983928933118e+00
1.001687120967452271e+00
1.000002968454760888e+00
1.001064777588513532e+00
9.996260336025651894e-01
1.002003453446231651e+00
1.000246718532252110e+00
1.001094001491096952e+00
1.000795854608520052e+00
1.000773602801560136e+00
1.001497366607217554e+00
1.000374388615784094e+00
1.000982568670629513e+00
1.000586261709157876e+00
1.001566038871951836e+00
1.000798348428928231e+00
9.999419553150683537e-01
1.002184496481764553e+00
1.001569599974965197e+00
9.998962772500704643e-01
1.001071761162123819e+00
1.001151619249142977e+00
1.001052053704776457e+00
