0.000000000000000000e+00
0.000000000000000000e+00
0.000000000000000000e+00
0.000000000000000000e+00
0.000000000000000000e+00
0.000000000000000000e+00
0.000000000000000000e+00
0.000000000000000000e+00
0.000000000000000000e+00
0.000000000000000000e+00
0.000000000000000000e+00
0.000000000000000000e+00
0.000000000000000000e+00
0.000000000000000000e+00
0.000000000000000000e+00
0.000000000000000000e+00
0.000000000000000000e+00
0.000000000000000000e+00
0.000000000000000000e+00
0.000000000000000000e+00
0.000000000000000000e+00
0.000000000000000000e+00
0.000000000000000000e+00
0.000000000000000000e+00
0.000000000000000000e+00
0.000000000000000000e+00
0.000000000000000000e+00
0.000000000000000000e+00
0.000000000000000000e+00
0.000000000000000000e+00
3.750168899344534837e-04
4.922206905374138658e-03
5.829524540105593400e-02
2.549067878353991623e-01
6.143446667699792307e-01
9.982279122306992880e-01
1.283004790839302300e+00
1.435794029185435194e+00
1.510107589161704622e+00
1.512431180016009069e+00
1.467595562826401911e+00
1.465077656503696035e+00
1.431810402729235765e+00
1.382687636512779150e+00
1.328644662911113272e+00
1.283609996604473613e+00
1.249972108383734959e+00
1.226890248677671380e+00
1.222427628778486985e+00
1.206214533039790426e+00
1.222052310142000442e+00
1.206297204738049134e+00
1.153883568325210218e+00
1.090674543728142876e+00
1.040153196505599009e+00
9.902100619265474801e-01
9.641580471314485923e-01
9.645760691578220136e-01
9.481930040270227789e-01
9.639415813504159658e-01
9.756135768140559161e-01
9.711719065795926253e-01
9.826785748124539088e-01
9.939794611972789795e-01
9.908205537873930879e-01
1.008289011068892904e+00
1.007028456212195167e+00
1.007964643525514070e+00
1.016187265379202564e+00
1.012977256554008720e+00
1.019612109635009034e+00
1.014801768203099863e+00
1.016139500812119456e+00
1.016770911897472374e+00
1.025299938285564538e+00
1.020568071762633533e+00
1.012273904079506570e+00
1.014085255383298190e+00
1.014712036874128032e+00
1.011619304578035283e+00
1.008796832448684233e+00
1.015708461058814516e+00
1.004331614439475828e+00
1.010318584824530852e+00
1.001108357986878694e+00
9.958204155371019883e-01
9.941217098359038662e-01
9.834680709354328698e-01
9.888528251086025067e-01
9.819492901647934868e-01
9.862683673009995378e-01
9.833934184511274879e-01
9.890356495029061223e-01
9.830983906663789407e-01
9.824637988801437904e-01
9.889083544516894531e-01
9.912045483339440022e-01
9.945018516926209529e-01
9.914743614512029346e-01
1.000348765921455163e+00
9.938566650119998735e-01
1.005238051637585617e+00
1.003319543642271938e+00
9.956364101783535814e-01
9.962410793178968493e-01
1.003336383666686871e+00
1.005192215613630147e+00
1.005899959334318305e+00
9.987351070427269439e-01
1.008335964994127698e+00
1.004697818238541096e+00
9.942781969961126398e-01
1.001628491661339382e+00
9.993177206683814262e-01
9.984780118878465727e-01
1.004081860211972987e+00
1.001301009155008970e+00
9.961314633152518194e-01
1.000707711800245647e+00
9.912491630055798586e-01
9.989170176136599189e-01
9.921961246727039052e-01
9.933376390692093549e-01
9.935688032123941582e-01
9.932817543180929576e-01
9.940073705452151520e-01
9.927545819146071926e-01
9.908928355080462991e-01
9.955291575028648587e-01
9.968360580176388597e-01
9.942473682080259501e-01
9.909055805529228822e-01
9.960565226491708835e-01
9.922605361525883572e-01
9.942816390278995664e-01
9.945200059006241711e-01
9.994570155513078369e-01
9.947251366236992132e-01
1.002329486378565004e+00
9.977278781179307332e-01
9.966988959357385713e-01
9.898402490187676595e-01
1.005050260612018187e+00
9.949628730784827457e-01
1.001440718174936295e+00
9.950562442633693605e-01
9.986845622415446710e-01
9.973284977382967931e-01
9.994621746456369138e-01
1.000567739202739226e+00
1.000500637708908291e+00
9.964795463794740016e-01
1.000293563072213843e+00
9.958022183744477118e-01
9.974305646438827999e-01
1.000319949333673852e+00
9.991155583088244807e-01
9.986275271465683279e-01
1.000072058005701647e+00
9.959094804407534474e-01
9.998582754517431059e-01
9.977140962821567927e-01
1.002179424286788301e+00
9.980366081912757092e-01
9.991805244416405163e-01
1.000166681890820586e+00
9.979800563014475934e-01
9.960602089416005223e-01
9.985146780990333815e-01
9.985894126364099899e-01
9.970334936472645682e-01
9.991942649974214774e-01
9.990279157191260806e-01
9.977500949807928121e-01
1.000388770071085620e+00
9.952849452719961798e-01
9.951096187367017842e-01
9.986456364548956799e-01
9.948734375007070030e-01
1.002633534861990361e+00
1.002370540249230224e+00
9.987533716914942516e-01
9.967054056836249787e-01
1.000175597369808544e+00
9.998583111276593272e-01
9.964682562812327005e-01
1.003334554825824121e+00
9.982133504122879808e-01
9.972434734112944898e-01
9.981815414669606978e-01
9.973097007568166861e-01
1.001125152802109453e+00
1.000213111895698059e+00
9.952689432537279446e-01
9.993698743845141896e-01
9.996517214246455341e-01
1.000671225904268269e+00
1.001524961778902378e+00
1.001208350844991157e+00
9.995985860615825835e-01
9.998456663090679042e-01
9.962534546714227890e-01
1.000412973140660355e+00
1.001140296800673291e+00
9.957822214035793040e-01
1.000460801874503369e+00
1.000027742072118198e+00
1.000200736283024083e+00
1.000673524831236838e+00
9.975543602514227448e-01
9.960239197582650972e-01
9.999413177644205231e-01
9.977493014510008251e-01
9.961743633119373165e-01
9.970118762170372406e-01
1.000416655244111830e+00
1.001605921138912558e+00
9.988959990389222332e-01
1.001082522317451984e+00
9.997952529926283916e-01
9.975070157102520207e-01
9.947783588328955595e-01
9.948737825087993203e-01
9.999739546922334910e-01
9.991084049599951999e-01
9.971519388967958752e-01
1.001430621162273882e+00
9.974727721780800582e-01
1.000010676983659419e+00
9.953291589028941955e-01
9.974022245359972505e-01
9.985463270756393950e-01
9.954225167216251835e-01
9.998631459226856588e-01
9.985675143636779660e-01
1.002095422617774956e+00
9.984607357380215209e-01
9.963237083778121450e-01
9.990788479892415141e-01
9.959111473514340451e-01
9.993423471882961762e-01
9.949179003359728268e-01
1.001122480454204489e+00
1.000674983812363195e+00
9.968162967242950590e-01
9.967064265775575915e-01
9.949290863371178517e-01
9.953691490996590119e-01
9.984281684493366837e-01
9.980350731822960064e-01
9.972856011865971482e-01
9.988441591567357447e-01
1.001676548939928413e+00
9.965799629594046527e-01
9.978373871708566822e-01
1.000867106263449546e+00
9.964005687255090837e-01
9.993685512264185444e-01
9.972172244930752605e-01
9.967997700148863993e-01
9.973413123651821977e-01
9.999755429297584319e-01
9.989407834152566057e-01
9.992596711917907104e-01
9.967599604708901051e-01
9.956924639176034653e-01
9.977027957713253681e-01
9.959594755372429553e-01
9.973576537330511860e-01
9.984170719959208906e-01
9.970924061731606391e-01
9.947543390702049404e-01
9.996593084395654083e-01
1.000373267687201029e+00
1.000892880054760736e+00
9.986941315451599577e-01
9.990428234000642282e-01
9.978042730949461259e-01
9.996209913442032358e-01
9.977865605411779804e-01
1.000313948282666177e+00
9.980714742736701561e-01
1.000506807079216243e+00
9.990456208063877019e-01
9.970371012812134781e-01
9.994665761204230003e-01
1.001833646737775751e+00
9.982511700415218625e-01
9.981000167137952239e-01
9.975441434266233420e-01
9.987975278689980030e-01
9.974974324223384592e-01
1.000881329627805183e+00
9.981592565146547580e-01
1.000223954196150400e+00
9.995688768931998425e-01
9.981140801998934498e-01
1.000403080941293821e+00
9.977425754520865553e-01
9.983468715953910388e-01
1.001105944478064780e+00
9.992967605256271035e-01
9.996819103983101140e-01
9.995857753100656495e-01
9.966641489742688043e-01
9.986246060901354804e-01
9.981391336614263698e-01
9.967459204326417632e-01
9.984272762930629375e-01
1.002513706899675228e+00
9.950443817778337197e-01
9.964486182701527417e-01
9.987487756171024023e-01
9.972577785074081547e-01
9.973193143722234311e-01
9.982993790116539978e-01
9.984234578598063514e-01
9.953956952472970965e-01
1.001287124488381419e+00
9.974625778315274749e-01
9.961184742592473773e-01
9.958518998842481595e-01
9.970437807251842921e-01
9.980852321555343520e-01
9.963515231476752776e-01
9.943699806300873023e-01
9.959990002552993049e-01
9.956996955045329667e-01
9.960952344206943643e-01
9.952127653591208434e-01
9.957983882949213994e-01
9.940586705602112438e-01
9.972700883262148874e-01
9.951191445104008437e-01
9.965401018062797212e-01
9.980643931572825700e-01
9.967752945830999911e-01
9.949601608525382446e-01
9.969460252076698392e-01
9.942463612785218396e-01
9.961050991817728129e-01
9.928347906773710152e-01
9.951086979700342061e-01
9.972594996403004730e-01
9.935081999452114454e-01
9.946207251959181539e-01
9.961107039512870909e-01
9.954420675486568282e-01
9.952185708289246202e-01
9.977490266304664956e-01
9.954519413067145495e-01
9.957330809737812150e-01
9.920626458654511204e-01
9.823857032138426648e-01
9.738944574344631233e-01
9.656970218303237985e-01
9.569186387802584015e-01
9.486750144406587149e-01
9.407119470699296659e-01
9.339510890160890311e-01
9.269929454052096007e-01
9.174489899117097558e-01
9.092041417890966981e-01
9.014611241015275667e-01
8.934032531517189790e-01
8.866539531665006413e-01
8.778272407256247911e-01
8.703388231142802356e-01
8.637639500151431671e-01
8.558393772304490055e-01
8.474170630646268298e-01
8.398818584834981671e-01
8.331708268023657604e-01
8.270184724635872842e-01
8.178389341043229566e-01
8.118717192629557600e-01
8.028883053173150319e-01
7.969435937617425081e-01
7.900409711475832042e-01
7.817597581930284534e-01
7.725436648625267910e-01
7.663103204254341216e-01
7.604057511951933801e-01
7.521183497595012035e-01
7.453321531906167419e-01
7.391144322018297075e-01
7.318626292567205205e-01
7.229331050510150458e-01
7.166110937078841170e-01
7.113505187677146013e-01
7.032767082814758153e-01
6.961774080527699526e-01
6.879239611219829520e-01
6.832952295415918309e-01
6.763629796862467014e-01
6.696782599189242680e-01
6.625651663720852902e-01
6.540798320864625870e-01
6.471531040426186099e-01
6.433489781376691141e-01
6.366905140836440768e-01
6.279812079923490220e-01
6.228941729554914319e-01
6.170515597009617048e-01
6.091053952635420154e-01
6.023121382196627849e-01
5.963943245106244628e-01
5.906113156868445513e-01
5.837832012834976991e-01
5.775358400712574669e-01
5.725939331762686102e-01
5.651753874723314253e-01
5.596099216463908954e-01
5.518929707073351176e-01
5.474868713856028135e-01
5.400419289896110087e-01
5.342720688432337495e-01
5.295920555781252759e-01
5.233988191957915648e-01
5.171901489892731796e-01
5.108796570501894507e-01
5.045829003157481507e-01
4.984474608563793652e-01
4.931219630793949316e-01
4.885874323146524589e-01
4.822805440210650163e-01
4.747384610358074686e-01
4.683669259366207704e-01
4.643412070663199831e-01
4.586627008872031785e-01
4.536954777574376818e-01
4.460279235387256680e-01
4.410179953942265363e-01
4.347016258397199961e-01
4.310952127370972775e-01
4.249290473158339188e-01
4.189200878529825700e-01
4.141472798168449598e-01
4.079756341126743457e-01
4.026360945694733573e-01
3.968481203343826036e-01
3.913142326656335324e-01
3.871127294386785267e-01
3.804928351753906202e-01
3.763371013447255331e-01
3.703048475668695994e-01
3.653413175449046202e-01
3.590699276129097339e-01
3.554923578095014469e-01
3.493252790595972601e-01
3.443431364390592275e-01
3.383336880872966357e-01
3.324463568455081619e-01
3.287629139905063336e-01
3.226697642699836721e-01
3.178552739213481582e-01
3.126688102952430715e-01
3.081371882112034499e-01
3.024164479504654612e-01
2.975497374022098573e-01
2.924311940812412969e-01
2.874868607128025499e-01
2.833694875940795388e-01
2.774709090139114709e-01
2.722745323354609503e-01
2.684404716364781063e-01
2.627481865817273832e-01
2.583847579880145795e-01
2.538002348250756879e-01
2.488701452867926878e-01
2.438172986689936816e-01
2.388497608947592055e-01
2.348932880773056120e-01
2.299425747911094942e-01
2.250244919589376447e-01
2.200608341519423861e-01
2.160280514699491339e-01
2.117654248028976727e-01
2.060805249361055413e-01
2.017916802483142036e-01
1.964381232731947091e-01
1.926449066354057604e-01
1.875558773530870971e-01
1.834154064849425336e-01
1.789671268458471465e-01
1.743585201565009124e-01
1.699152368945747726e-01
1.650951193818586404e-01
1.602888823944504937e-01
1.562194181046892560e-01
1.519606267505698716e-01
1.474607589149734832e-01
1.426904901501524492e-01
1.379246869830139111e-01
1.341878395628973986e-01
1.293723148744598261e-01
1.250324958007200393e-01
1.219345364920134123e-01
1.178425233494904134e-01
1.142968644735823935e-01
1.106086547521807212e-01
1.070009451996244282e-01
1.034044685333068009e-01
1.003648507249231547e-01
9.816547983462334259e-02
9.473818472273910773e-02
9.178255532533305394e-02
8.933509382680712707e-02
8.699588408409755780e-02
8.390287389720467448e-02
8.169221222903409740e-02
7.954285271488013842e-02
7.717717490282206827e-02
7.480681017471085825e-02
7.255444163263148616e-02
7.040759109143462924e-02
6.860899342429283010e-02
6.646810183606152722e-02
6.489409573523156893e-02
6.290703286413755480e-02
6.058253386790676126e-02
5.882060172829690903e-02
5.697393752388563160e-02
5.540765109918680681e-02
5.336017640389672384e-02
5.209728640681882128e-02
5.001165311415083081e-02
4.863983806713838981e-02
4.716062183014509829e-02
4.566546807080210796e-02
4.409694210764369265e-02
4.280048072692683309e-02
4.116953809054400143e-02
4.009354190852924826e-02
3.865832576491395195e-02
3.749208145271716586e-02
3.597728281813897949e-02
3.458941913633380855e-02
3.366098140628354801e-02
3.251742590896339324e-02
3.134089320652619359e-02
2.998482523410371872e-02
2.919155449897461660e-02
2.797162750892769056e-02
2.708642392020254794e-02
2.601640558506585973e-02
2.516138205052584342e-02
2.430195074343721728e-02
2.316391392075707947e-02
2.232805663363178483e-02
2.152804724223209704e-02
2.030754350843138809e-02
1.983864016657251733e-02
1.915889218762126256e-02
1.806350292178747832e-02
1.748578487739530646e-02
1.667157583379541563e-02
1.604325761500226613e-02
1.515032495662604721e-02
1.459635305672254448e-02
1.392573993227536749e-02
1.323048241791050135e-02
1.265585653535791257e-02
1.215114806589388113e-02
1.153332997279982522e-02
1.096289651954373938e-02
1.046436228258063386e-02
9.813814057905359892e-03
9.285441394081914851e-03
8.801055828709256068e-03
8.374140352958830968e-03
7.810754938086048559e-03
7.531210064727425664e-03
7.093919405618635647e-03
6.632140961479311876e-03
6.142977496283690345e-03
5.840873476527499650e-03
5.477532484670396065e-03
5.080178664942704495e-03
4.690727195622441427e-03
4.446286681815413838e-03
4.035317217291613592e-03
3.744875508932829847e-03
3.464084863104801258e-03
3.255145953331727016e-03
2.919378191669333433e-03
2.613771932359692900e-03
2.405244731296594420e-03
2.156312015585304821e-03
1.991378855215951253e-03
1.728492732822891004e-03
1.588530596124751448e-03
1.446024297543202714e-03
1.263363493431927031e-03
1.136709609897523180e-03
9.548195785753745479e-04
8.467023278408094709e-04
6.943486113064959971e-04
5.887857686701986537e-04
4.790690242309128934e-04
3.932998997334778831e-04
3.191876211191909296e-04
2.306675214607819635e-04
1.594957074287990022e-04
1.136170899421217909e-04
6.946785291079796848e-05
4.315579261877879378e-05
2.268861515754999432e-05
4.240144532476459882e-06
0.000000000000000000e+00
0.000000000000000000e+00
0.000000000000000000e+00
0.000000000000000000e+00
0.000000000000000000e+00
0.000000000000000000e+00
0.000000000000000000e+00
0.000000000000000000e+00
0.000000000000000000e+00
0.000000000000000000e+00
0.000000000000000000e+00
0.000000000000000000e+00
0.000000000000000000e+00
0.000000000000000000e+00
0.000000000000000000e+00
0.000000000000000000e+00
0.000000000000000000e+00
0.000000000000000000e+00
0.000000000000000000e+00
0.000000000000000000e+00
0.000000000000000000e+00
0.000000000000000000e+00
0.000000000000000000e+00
0.000000000000000000e+00
0.000000000000000000e+00
0.000000000000000000e+00
0.000000000000000000e+00
0.000000000000000000e+00
0.000000000000000000e+00
0.000000000000000000e+00
0.000000000000000000e+00
0.000000000000000000e+00
0.000000000000000000e+00
0.000000000000000000e+00
0.000000000000000000e+00
0.000000000000000000e+00
0.000000000000000000e+00
0.000000000000000000e+00
0.000000000000000000e+00
0.000000000000000000e+00
0.000000000000000000e+00
