0.000000000000000000e+00
0.000000000000000000e+00
0.000000000000000000e+00
0.000000000000000000e+00
0.000000000000000000e+00
0.000000000000000000e+00
0.000000000000000000e+00
0.000000000000000000e+00
0.000000000000000000e+00
0.000000000000000000e+00
0.000000000000000000e+00
0.000000000000000000e+00
0.000000000000000000e+00
0.000000000000000000e+00
0.000000000000000000e+00
0.000000000000000000e+00
0.000000000000000000e+00
0.000000000000000000e+00
0.000000000000000000e+00
0.000000000000000000e+00
0.000000000000000000e+00
0.000000000000000000e+00
0.000000000000000000e+00
0.000000000000000000e+00
0.000000000000000000e+00
0.000000000000000000e+00
6.684164626425106035e-06
1.272421616533682322e-03
2.181589828733632164e-02
1.624326193072650193e-01
6.629555336713149893e-01
1.451143400418924090e+00
1.997430997129222785e+00
2.082292667496805194e+00
1.888317673258182339e+00
1.630795861496792787e+00
1.410326661550345362e+00
1.253164215394634073e+00
1.150070894894412055e+00
1.070005662781831068e+00
9.889783871333666099e-01
9.310069682254711321e-01
9.054395268785340178e-01
9.029488321298078102e-01
9.086783933597483154e-01
9.231778647285125983e-01
9.414757303106053854e-01
9.571102884992459536e-01
9.668684955065018904e-01
9.731452456522639016e-01
9.813909987288083059e-01
9.847783877088115423e-01
9.888279929365632048e-01
9.948712684960594466e-01
9.905540692820770099e-01
9.872221132382728026e-01
9.820063430094639889e-01
9.773638112690852253e-01
9.676898727134417566e-01
9.620575246357643273e-01
9.547266891287211621e-01
9.504691841308363642e-01
9.527687397327204710e-01
9.562518765721932379e-01
9.673947490044344510e-01
9.759153262307538323e-01
9.878113014211873377e-01
9.966761737576146363e-01
1.009435385738289837e+00
1.016029220844046455e+00
1.024178343812484515e+00
1.030596662970998167e+00
1.032064370318498847e+00
1.033895870038138876e+00
1.033866450123488878e+00
1.032265210224461827e+00
1.027540543690029340e+00
1.023270141760040275e+00
1.017520348506448569e+00
1.013836247295994530e+00
1.005940800487584497e+00
1.000415810512644610e+00
9.958484817223073327e-01
9.915752521546661313e-01
9.882248303262596290e-01
9.867163032144464774e-01
9.847946420920065114e-01
9.846965506409851576e-01
9.874058180190218303e-01
9.878599603609550250e-01
9.897284229902735264e-01
9.923315748921487378e-01
9.947911355537777389e-01
9.967278534365707765e-01
9.976174510418975849e-01
1.000617625797092680e+00
1.000793016805699764e+00
1.001561601943303792e+00
1.002542335006469054e+00
1.002582099939923532e+00
1.002450590236611427e+00
1.003069206590781803e+00
1.004351433452626230e+00
1.002611216439924569e+00
1.004118077039087398e+00
1.003581450126864949e+00
1.004636938279785063e+00
1.003974980050066801e+00
1.003330930833052470e+00
1.002166190113229494e+00
1.003005969801114672e+00
1.001613206035604220e+00
1.002379060376035858e+00
1.000400341751486621e+00
1.001055696145619622e+00
1.000598888694453681e+00
9.993329347079858982e-01
9.994967624797829187e-01
9.985094836958894327e-01
9.993642284819457267e-01
9.983694073951711045e-01
9.982601717221059046e-01
9.997473412656584513e-01
9.997890845518490055e-01
9.988497468397543599e-01
9.989134058739342903e-01
9.992474370469779377e-01
9.997689697741913850e-01
9.998999865545666887e-01
1.000804915629608161e+00
1.000228959632003756e+00
1.001215073002066580e+00
1.000232599484031981e+00
1.000600817375336460e+00
1.001467498070584883e+00
1.001599593628210272e+00
1.001513253719572560e+00
1.000789113042459322e+00
1.001284827512362696e+00
1.002412559065747777e+00
1.002665351666864213e+00
1.001693674191529215e+00
1.001975341069119008e+00
1.000988545884171410e+00
1.000988572848261926e+00
1.000428581581179976e+00
1.000945238610013055e+00
1.000041669109142717e+00
1.000479142892391371e+00
9.997526498508273463e-01
1.001089559891977787e+00
9.992050876885840704e-01
1.001121744760133936e+00
1.000732310762111110e+00
1.000764057879026003e+00
1.000359455533485153e+00
1.000831453956882333e+00
1.000798670796207324e+00
1.000849609204441659e+00
1.000341370943619523e+00
1.000108110955187701e+00
1.000380046120372457e+00
1.001383080705226858e+00
1.000693657414535531e+00
9.998456219139449930e-01
1.000780913546445161e+00
1.000161955954811166e+00
1.000422574966365108e+00
1.001227605935402165e+00
1.001225096770645528e+00
1.001233053816330987e+00
1.001456371345962104e+00
1.000170147547532862e+00
1.000692799927836329e+00
1.000440351534228389e+00
1.000347685225588146e+00
1.000723030353203091e+00
1.000622345627325327e+00
1.000482459304445682e+00
1.000874822040045409e+00
1.000959780716017322e+00
1.000123074995013184e+00
1.001516939593471101e+00
1.000716871914500539e+00
1.001133415279256589e+00
1.000582416358959836e+00
9.997047687859708098e-01
1.000529334565961159e+00
1.000004698261188540e+00
1.000399115136834327e+00
1.000899234002966987e+00
9.997049058067061234e-01
1.000656251884447956e+00
9.999312263788783239e-01
1.000934274377870858e+00
1.001018245490071346e+00
1.000330003230843756e+00
1.000242568367264662e+00
1.000869107485870879e+00
1.000069214854041322e+00
1.000860527924404941e+00
1.000453470172743886e+00
1.000300754414628290e+00
9.999781334749300310e-01
1.000211948095052650e+00
1.000523370953698921e+00
1.000004075646319990e+00
1.000795598179679891e+00
9.996977204814717632e-01
1.000974049887979112e+00
1.000875697922011032e+00
9.998810209809928518e-01
1.000500475682117640e+00
1.000363532431851166e+00
1.000192278752661368e+00
1.000828223381569737e+00
1.000319778412436023e+00
1.000117738580006854e+00
9.999105229445401921e-01
9.999935297000372980e-01
1.000983516144874352e+00
9.999448498918646067e-01
1.000150214454860187e+00
1.000236879954732538e+00
1.000565568796994764e+00
9.998846308919276948e-01
9.998428545847024562e-01
1.000724001563630061e+00
1.000420456162383953e+00
9.999964862364528750e-01
9.999178985750796222e-01
1.000283201955844081e+00
9.998743528076956544e-01
9.998206782600537190e-01
9.999359270654455401e-01
1.000488625397307985e+00
1.000439267705326651e+00
1.000023856589634219e+00
1.000632069858888862e+00
1.000256790510631211e+00
1.000333626690225408e+00
1.000122547818580898e+00
1.000023259139258380e+00
1.000391936508042701e+00
9.999843755875662543e-01
1.000118225387458759e+00
1.000045861575772799e+00
1.000919595026286357e+00
1.000537399979183339e+00
1.000267922858121938e+00
9.999846910207255135e-01
1.000141237450417275e+00
9.999713996328297716e-01
9.997096271329108941e-01
1.000067381754938811e+00
1.000502900562543207e+00
9.996593329393982374e-01
1.000087302792594279e+00
1.000379123538555959e+00
1.000680113905377588e+00
1.000164385646028942e+00
1.000669247853205102e+00
1.000193953113373890e+00
1.000571741736628439e+00
9.999339281283028402e-01
9.998073698259866138e-01
1.000114136198495096e+00
1.000400319625394330e+00
1.000163381912861693e+00
1.000222030125950790e+00
9.995262626985811361e-01
1.000395125906762273e+00
9.999102393434768921e-01
1.000524423710081656e+00
1.000087292507934489e+00
9.999931977266872662e-01
1.000113960807966995e+00
1.000063569424721299e+00
1.000333955481343517e+00
9.996605555967502665e-01
9.998707133334721053e-01
1.000164805651780897e+00
1.000427566121113054e+00
9.999965111316606592e-01
1.000133278425140215e+00
9.997276685618129433e-01
9.999410987301131648e-01
1.000015600983612973e+00
1.000184504853654843e+00
9.997415379011368453e-01
1.000282881807501356e+00
1.000027272065936668e+00
1.000478582373446557e+00
9.997874846245503599e-01
1.000357501728032839e+00
9.999135029847479039e-01
9.998882022828672334e-01
1.000287998179667293e+00
1.000224809577844987e+00
9.999718496433315229e-01
1.000011088750039301e+00
1.000310245238638762e+00
1.000526855166750329e+00
1.000187941508102751e+00
1.000509129582856316e+00
9.999240342254610558e-01
1.000056256099564944e+00
1.000225486224436633e+00
1.000209472654060683e+00
1.000267171857581738e+00
1.000364587085600832e+00
1.000221551305127576e+00
9.998704052042584056e-01
1.000253727572357088e+00
1.000410724517984518e+00
9.998861246487988907e-01
1.000100905764484516e+00
1.000405007678852209e+00
1.000384496475868357e+00
1.000545794594051463e+00
1.000505813777218034e+00
1.000063868720328930e+00
1.000258533276203066e+00
9.999842222610105802e-01
1.000207652228107147e+00
1.000240116766485610e+00
9.999708296533381668e-01
1.000208077699521469e+00
9.999354999326707238e-01
1.000168748854565415e+00
9.999780796112728298e-01
9.997897886916600196e-01
1.000186515669318821e+00
9.999349009962691381e-01
1.000173441450411982e+00
1.000446719745243573e+00
1.000304812402966981e+00
1.000301899723078591e+00
1.000561800575907601e+00
9.999313829157289168e-01
1.000428647488039058e+00
1.000259447994627848e+00
1.000051153430685291e+00
1.000188792669437721e+00
1.000338124864441403e+00
1.000408723528731558e+00
1.000434474297734688e+00
9.999791817403089755e-01
1.000141364551802026e+00
1.000182629964165848e+00
1.000145543069337561e+00
1.000037212823803978e+00
9.954962578106910653e-01
9.867576616081769059e-01
9.780234622457574245e-01
9.696599990748049347e-01
9.613472236972383511e-01
9.529411694652791809e-01
9.448235162098439499e-01
9.367798227818248114e-01
9.286799878692821864e-01
9.205651499936781113e-01
9.122327222936305047e-01
9.044584533920044800e-01
8.968079441323572043e-01
8.886235007370144601e-01
8.808219749629727646e-01
8.726182452472548423e-01
8.652145665319820322e-01
8.570428103535370212e-01
8.498321027190138821e-01
8.418067755002879293e-01
8.340941206743659464e-01
8.267746064690354446e-01
8.190861986160435926e-01
8.115682372756890528e-01
8.038909004818740600e-01
7.968249895555349349e-01
7.894276662831609670e-01
7.823960182452470713e-01
7.746046964786870159e-01
7.673671661967387259e-01
7.604141730531409626e-01
7.528970337717294514e-01
7.460466818824880164e-01
7.388283277103003810e-01
7.317475962108108689e-01
7.244937264723255721e-01
7.176383653964147902e-01
7.106163886625188608e-01
7.036098875111497231e-01
6.967144610769401281e-01
6.896900243015273713e-01
6.829750548624361484e-01
6.761935564670663590e-01
6.694012967792601909e-01
6.628237294682270964e-01
6.557137959176596587e-01
6.492445513277830260e-01
6.426240886340227609e-01
6.358094307925520328e-01
6.293733753320019941e-01
6.232771560003014244e-01
6.161840394039850288e-01
6.097899664024375443e-01
6.035234263357708295e-01
5.971907490398941087e-01
5.907136366257591531e-01
5.845616859116185005e-01
5.780682295301781126e-01
5.718467152496432560e-01
5.654773084642685799e-01
5.594297967727589471e-01
5.531224461501774714e-01
5.469028759537282181e-01
5.407079046083224094e-01
5.347698831017861920e-01
5.286957034099294406e-01
5.225449596414635245e-01
5.166587559135705776e-01
5.107028818834634665e-01
5.046015808435895256e-01
4.986678630088551833e-01
4.929396346547073038e-01
4.869284858208308142e-01
4.811122419761176272e-01
4.751825136322079812e-01
4.696654882967761235e-01
4.636648920573093746e-01
4.579944742438505911e-01
4.522554873206295900e-01
4.467481457922791721e-01
4.411536561962166036e-01
4.355103962298922382e-01
4.297717466752413173e-01
4.240780833855616327e-01
4.186510400348530392e-01
4.130957011589047601e-01
4.076473450809994237e-01
4.020248769612350670e-01
3.966426072287161930e-01
3.911767215706040135e-01
3.859863244822420159e-01
3.802935336166593516e-01
3.750340118842844239e-01
3.698185380295503366e-01
3.643975686577574091e-01
3.591095683260268623e-01
3.539266898505323833e-01
3.486725247451686882e-01
3.434741709829211564e-01
3.383535416676218821e-01
3.330332104709902707e-01
3.276906329134913753e-01
3.225790151477690437e-01
3.178279723274773927e-01
3.124582299541841524e-01
3.074771698223758842e-01
3.025473755273834775e-01
2.975333812851890802e-01
2.926655689860405141e-01
2.876095708231153902e-01
2.825712092680698895e-01
2.777850440192177195e-01
2.728265087391513743e-01
2.680738362949632858e-01
2.630495283935213591e-01
2.582298575146053099e-01
2.535761330900080379e-01
2.486458600592313106e-01
2.438377239668796936e-01
2.390977457260071715e-01
2.343896535823221106e-01
2.296116179344490082e-01
2.249004057708461624e-01
2.201923275239131006e-01
2.155713090496627904e-01
2.109096125601861160e-01
2.061901742318001940e-01
2.017843627964951980e-01
1.970077993832649588e-01
1.925203606696918035e-01
1.880231828360996171e-01
1.833809513035777328e-01
1.790744054030428689e-01
1.745430735160250213e-01
1.700175162143544028e-01
1.656352603002578805e-01
1.612526252986033748e-01
1.566855777899930635e-01
1.523401350452601166e-01
1.479588033628004007e-01
1.435974803555909729e-01
1.393308987619606421e-01
1.349193083541082860e-01
1.306587771807027343e-01
1.262585624433397447e-01
1.220698268880014148e-01
1.181370974905401466e-01
1.143311686980846426e-01
1.108451616896636155e-01
1.075310562713402834e-01
1.043914397200264854e-01
1.011789512823044468e-01
9.817545963196731840e-02
9.537470393588096118e-02
9.262122775088384163e-02
8.985453420701369764e-02
8.724519611597780777e-02
8.476585497508654088e-02
8.216993439783866482e-02
7.983663276170328837e-02
7.747771712985068726e-02
7.517641564658997244e-02
7.299162760862033805e-02
7.083882665631406617e-02
6.883981697737835692e-02
6.666781588653740431e-02
6.464941571504789763e-02
6.275085123241305740e-02
6.087428735976174038e-02
5.901409295270837463e-02
5.723613542214375099e-02
5.548416687916182810e-02
5.370733217419513400e-02
5.212190199084366926e-02
5.045951230244842545e-02
4.887780506091225080e-02
4.731088987609049362e-02
4.578460303279393434e-02
4.433808595832422483e-02
4.286536135262748043e-02
4.152231346003061596e-02
4.017310808741034883e-02
3.877621981474612539e-02
3.751153697268176657e-02
3.623442706496391580e-02
3.501877780145409846e-02
3.379305618928073185e-02
3.264489901883411982e-02
3.147721569411241621e-02
3.031430900858310754e-02
2.927383724988627881e-02
2.823767994727779951e-02
2.721254016893714239e-02
2.615116284933172164e-02
2.521394854444665087e-02
2.423420923836528199e-02
2.335467479782137382e-02
2.240640737856859979e-02
2.153284370810879325e-02
2.064937986833738012e-02
1.982354623597676335e-02
1.902356817090662330e-02
1.824188408032886496e-02
1.746107548303989232e-02
1.673383949196200621e-02
1.600691623406162029e-02
1.528881973725178776e-02
1.462628845760405479e-02
1.394710487794312455e-02
1.329562273085297015e-02
1.268247968717301985e-02
1.208400961560318274e-02
1.149584015106010215e-02
1.090567427582442989e-02
1.036222671580813194e-02
9.839155935528443378e-03
9.299042971384386541e-03
8.821339121753894383e-03
8.324510013280609494e-03
7.873229486575927805e-03
7.433083761777296676e-03
6.980185412946372271e-03
6.568227454088694864e-03
6.141767244523554416e-03
5.763932742852597400e-03
5.391294357369930991e-03
5.027508304571935357e-03
4.681310564295310291e-03
4.354727095201039837e-03
4.042702696972753397e-03
3.742921117237524124e-03
3.448064615152215441e-03
3.172158821332584852e-03
2.911509148134140430e-03
2.651757382339631555e-03
2.419502677189581345e-03
2.187102017105929316e-03
1.980038840719756769e-03
1.774781922472939847e-03
1.583124157150954132e-03
1.414385835422134023e-03
1.238485100378061221e-03
1.083324314069686149e-03
9.420124035596134536e-04
8.019050920426704695e-04
6.890289934556529782e-04
5.710176968821528394e-04
4.708353060770021910e-04
3.803123717719962722e-04
3.018455488415137077e-04
2.289019449260666693e-04
1.706439724408366759e-04
1.173177194239870193e-04
7.292152683543950650e-05
4.246014869181357850e-05
2.045426133458159708e-05
6.060340872390080963e-06
5.433896434440248082e-07
1.259560361699836319e-08
0.000000000000000000e+00
0.000000000000000000e+00
0.000000000000000000e+00
0.000000000000000000e+00
0.000000000000000000e+00
0.000000000000000000e+00
0.000000000000000000e+00
0.000000000000000000e+00
0.000000000000000000e+00
0.000000000000000000e+00
0.000000000000000000e+00
0.000000000000000000e+00
0.000000000000000000e+00
0.000000000000000000e+00
0.000000000000000000e+00
0.000000000000000000e+00
0.000000000000000000e+00
0.000000000000000000e+00
0.000000000000000000e+00
0.000000000000000000e+00
0.000000000000000000e+00
0.000000000000000000e+00
0.000000000000000000e+00
0.000000000000000000e+00
0.000000000000000000e+00
0.000000000000000000e+00
0.000000000000000000e+00
0.000000000000000000e+00
0.000000000000000000e+00
0.000000000000000000e+00
0.000000000000000000e+00
0.000000000000000000e+00
0.000000000000000000e+00
0.000000000000000000e+00
0.000000000000000000e+00
0.000000000000000000e+00
0.000000000000000000e+00
0.000000000000000000e+00
0.000000000000000000e+00
