0.000000000000000000e+00
0.000000000000000000e+00
0.000000000000000000e+00
0.000000000000000000e+00
0.000000000000000000e+00
0.000000000000000000e+00
0.000000000000000000e+00
0.000000000000000000e+00
0.000000000000000000e+00
0.000000000000000000e+00
0.000000000000000000e+00
0.000000000000000000e+00
0.000000000000000000e+00
0.000000000000000000e+00
0.000000000000000000e+00
0.000000000000000000e+00
0.000000000000000000e+00
0.000000000000000000e+00
0.000000000000000000e+00
0.000000000000000000e+00
0.000000000000000000e+00
0.000000000000000000e+00
2.895283481494910038e-04
6.369973120179765573e-03
1.169689703730803498e-01
5.202683436271601236e-01
1.182036514015990747e+00
1.778944601754536947e+00
2.274221770083741490e+00
2.596820117754135460e+00
2.730155225760604321e+00
2.641420513202109799e+00
2.428648568849433698e+00
2.194265526740615702e+00
1.875680742531262046e+00
1.546314625177126256e+00
1.238507961172042204e+00
1.051897801001924648e+00
9.572210198698962724e-01
9.454481099601844685e-01
9.409848409011681847e-01
9.657243548055335358e-01
1.071768548522023634e+00
1.167308327412931668e+00
1.181764754289683639e+00
1.204812017014475156e+00
1.273686084088752057e+00
1.333674460532394468e+00
1.393043143748885049e+00
1.451061491578147677e+00
1.514474048807624706e+00
1.571251897390134378e+00
1.608339252602938307e+00
1.619558865826630889e+00
1.593591548191327201e+00
1.534446920092363165e+00
1.459534169797262804e+00
1.365492720350962363e+00
1.263608673535784988e+00
1.203231455687968632e+00
1.147003714495065108e+00
1.095162320883843243e+00
1.054844048815150037e+00
1.042278382714348917e+00
1.026243703699809329e+00
1.020979846000435343e+00
1.019046796845861413e+00
1.030871730871610659e+00
1.043045238486422388e+00
1.046782120412713679e+00
1.051451991841756417e+00
1.058291788245871778e+00
1.062683369183295090e+00
1.062809564004644214e+00
1.063681837854260293e+00
1.061743591558462319e+00
1.063951227606024785e+00
1.042041527635471088e+00
1.038642660584955690e+00
1.020471362411053073e+00
1.014798587813396047e+00
1.012405792282336625e+00
1.002743964857436776e+00
1.001262569236408551e+00
9.975169201684039866e-01
9.985445519320129693e-01
9.930670657410555213e-01
9.935899455379587630e-01
9.964748429804454188e-01
9.916996161103529550e-01
9.952497316713213582e-01
9.982335033417942816e-01
9.971041279423319414e-01
9.985780511673864046e-01
9.983712733048739629e-01
9.909299087083305313e-01
9.992288535168230013e-01
9.881823127938603735e-01
9.984539215242709265e-01
9.885545239277349072e-01
9.969195907657409927e-01
9.940356158648655516e-01
9.848646500429815154e-01
9.883962389645041258e-01
9.920961975119894083e-01
9.897890540413841753e-01
9.931706233872024114e-01
9.852446418901193992e-01
9.988719567229622509e-01
9.953827574599426464e-01
9.995875759542243166e-01
1.000274766668041382e+00
9.975827761401506732e-01
1.003342004958230227e+00
1.000753708473614445e+00
1.000928429960953325e+00
9.967264287808309531e-01
9.959621531080825596e-01
1.004049315338359394e+00
1.002118713895313595e+00
9.975795310701819352e-01
1.000739636913703601e+00
9.966596029215311070e-01
1.000749733473887515e+00
9.971560719112771976e-01
1.000995498380970572e+00
1.000659292404279865e+00
9.947997061740428970e-01
9.974880540709718524e-01
9.995467137235298782e-01
9.974312399746638746e-01
9.991215821872588831e-01
9.987436295513497653e-01
1.003093215455602261e+00
1.004253778639485617e+00
1.001701874850262852e+00
1.002326795526291114e+00
1.003758106414782247e+00
1.002040285619359317e+00
1.000185520394740069e+00
1.000606284938391655e+00
1.000702960381608442e+00
1.002344384740704530e+00
1.004426785029787883e+00
1.002655740122113004e+00
1.004757696944289735e+00
1.004823814457505238e+00
9.999779894946062564e-01
1.004511174995081024e+00
1.002602859452933259e+00
9.976597612329425324e-01
1.000142816245695565e+00
1.000407588943023063e+00
1.001837375288112231e+00
1.001623370961546300e+00
9.999921356463147282e-01
1.000152219545262788e+00
9.978105617214969580e-01
9.995737895563066022e-01
9.995433926387941037e-01
9.946729148336324045e-01
9.969448421060383980e-01
1.000651237372843783e+00
9.975132377708192388e-01
9.977090812565582167e-01
9.990209037925771307e-01
1.000736982546353238e+00
1.001959553272340209e+00
1.000619804909872901e+00
9.999612894422504894e-01
1.002355743051919212e+00
1.000843485200177074e+00
9.971508195161842281e-01
9.984780182948536087e-01
1.001100728267878548e+00
1.001766542969475760e+00
1.000945994105882253e+00
1.001127209942709761e+00
1.000671025771827205e+00
9.978196608818057367e-01
9.966392256229440472e-01
9.996072815112961862e-01
9.965173925700874236e-01
9.994346438058994142e-01
1.002389614674951579e+00
9.995269471017429463e-01
1.002037430005725538e+00
1.001510378041392979e+00
1.002642017646949046e+00
9.990606098247063471e-01
9.986619422718271410e-01
1.000607602702403787e+00
1.000536383932315365e+00
1.001474231121839198e+00
9.997009739815815310e-01
1.001559154319442646e+00
9.995881151210157523e-01
9.963352324456726805e-01
9.989159167308312437e-01
1.002094754223173512e+00
1.002961685324436303e+00
1.002411732354265395e+00
1.004630077461127202e+00
1.000310254120967635e+00
1.004366069651084326e+00
1.003182404216864665e+00
1.004243484416490029e+00
1.003719023613357963e+00
1.000214459101778974e+00
9.996267718896136856e-01
1.001641902327346623e+00
1.002797616050635332e+00
1.002153657903562367e+00
9.992489717965338247e-01
1.005097680527796244e+00
1.004841524822915444e+00
1.000678364522258779e+00
1.001058017032313341e+00
1.001078684219862014e+00
1.000321089853902112e+00
9.996807555365812004e-01
1.000272113710656718e+00
1.002755021876392094e+00
1.001687598123747192e+00
9.988134367077967646e-01
1.001379301153892731e+00
1.002160784943603833e+00
1.000014913614682088e+00
1.001815797431719446e+00
9.971986595255977193e-01
9.993865885521524550e-01
9.963870697694348078e-01
1.000298547329815158e+00
9.999739777861219592e-01
9.998691450125296587e-01
9.996718757601805727e-01
9.981238272360866137e-01
1.000007375006216392e+00
9.968657481968778988e-01
9.991316606351049456e-01
9.975186365140403799e-01
1.000673813490347008e+00
1.001108141014052100e+00
1.000302452015466859e+00
1.001001739588722073e+00
9.973244679260073742e-01
9.986438445751346649e-01
1.000560325574666898e+00
1.001060516554296287e+00
1.000317166979012073e+00
9.993388262377351783e-01
1.003250886523161522e+00
1.001429452577885959e+00
1.000960535883697045e+00
1.000719283946600369e+00
1.000466854690383212e+00
9.990738384688805374e-01
9.992066191400874597e-01
1.001810624107334569e+00
9.998320335088275446e-01
1.002112167680058841e+00
9.999784839188751162e-01
1.001201096775983235e+00
1.000345235902674546e+00
9.999535279832630907e-01
1.001421444940582939e+00
9.986552624836613212e-01
9.993237145874037664e-01
1.000017559714279303e+00
1.001291241343072347e+00
1.000491232280346754e+00
9.994232449949990160e-01
9.995383579948118324e-01
1.001647585728620449e+00
9.999252361681800760e-01
9.991980835783461634e-01
9.985703236019344287e-01
1.004678110251249867e+00
1.000522932403692833e+00
9.993532288371050898e-01
