0.000000000000000000e+00
0.000000000000000000e+00
0.000000000000000000e+00
0.000000000000000000e+00
0.000000000000000000e+00
0.000000000000000000e+00
0.000000000000000000e+00
0.000000000000000000e+00
0.000000000000000000e+00
0.000000000000000000e+00
0.000000000000000000e+00
0.000000000000000000e+00
0.000000000000000000e+00
0.000000000000000000e+00
0.000000000000000000e+00
0.000000000000000000e+00
0.000000000000000000e+00
0.000000000000000000e+00
0.000000000000000000e+00
0.000000000000000000e+00
0.000000000000000000e+00
1.770018730935212252e-03
2.537256683707967975e-01
2.062510424811654364e+00
3.465176183981485192e+00
2.522508175972030031e+00
1.280670605660812811e+00
6.238846165746467776e-01
4.529484547176260700e-01
5.757446594863722122e-01
7.706673669669726889e-01
8.939199520809406607e-01
9.216316432030811079e-01
9.031647955190390542e-01
8.689045121062495269e-01
8.405095085446024905e-01
8.364709355067732055e-01
8.493530069056749454e-01
8.660972382428987482e-01
9.035067907327839487e-01
9.537220639394957677e-01
1.014361360502795462e+00
1.078644898600562119e+00
1.128539181167472316e+00
1.168611235070547538e+00
1.188472522371601281e+00
1.188355642190895400e+00
1.164780823835771750e+00
1.130373101397748936e+00
1.090244260208565130e+00
1.051971441644365068e+00
1.020404505952092089e+00
9.925096122078019834e-01
9.750026295877870508e-01
9.664816897826100650e-01
9.621502789545008927e-01
9.588874130852739208e-01
9.597255054569919785e-01
9.602927206119087344e-01
9.614383518398175177e-01
9.648434545546149543e-01
9.670355681690395722e-01
9.716461771159861094e-01
9.791101216016971920e-01
9.847327630747652050e-01
9.903343536805651048e-01
9.932447594966832272e-01
9.975042777303069208e-01
9.990334895200689846e-01
1.000374526931267605e+00
1.002190561109465694e+00
1.002654506303138682e+00
1.002553632373246684e+00
1.002546096877118931e+00
1.001920673722401567e+00
1.003347627375269280e+00
1.002795269849673820e+00
1.004882871877174288e+00
1.003377633473153230e+00
1.004427565619164353e+00
1.005439183648453971e+00
1.005377759136442783e+00
1.003197801079090956e+00
1.004465860737247640e+00
1.003291231929788196e+00
1.004118983795295739e+00
1.002295555774206814e+00
1.000232101135073881e+00
1.000041444074364572e+00
9.992044061280663803e-01
9.967611465627940204e-01
9.962721057342504016e-01
9.950287764949686808e-01
9.942552781590361377e-01
9.944883880223187589e-01
9.951551894729345760e-01
9.944950748922383177e-01
9.948863998645743889e-01
9.947466803304041427e-01
9.954180292779034600e-01
9.970063198685136241e-01
9.977517118939541740e-01
1.000137281877287121e+00
1.000331211235926832e+00
1.000959920898656819e+00
1.001122896509610394e+00
1.003351510904883837e+00
1.002188206129253301e+00
1.002185398626266988e+00
1.002491445797744518e+00
1.001908712951802727e+00
1.000579238199675203e+00
1.001029695172136247e+00
1.000942220981394071e+00
9.997764432883813335e-01
1.000026860124710648e+00
1.000408078462766914e+00
9.995021488251674135e-01
9.995097184974126581e-01
9.999441776036783747e-01
9.983309418786511236e-01
9.990336650974190880e-01
9.982303223912486478e-01
9.987725885583276231e-01
9.993568212228594039e-01
9.990871964017610241e-01
9.985653800481197884e-01
9.982902955889338958e-01
9.997307882328656525e-01
1.000183219914698052e+00
9.992361207329287787e-01
9.996018102421831975e-01
1.000370405197835266e+00
9.999940728603355922e-01
9.999044482417773771e-01
9.996796695970130431e-01
9.995940869936850159e-01
1.000075221600049913e+00
9.995715028357760046e-01
1.000113660978091401e+00
1.000136368987461388e+00
1.000280589235145401e+00
1.000042334480060413e+00
1.000317868605344662e+00
9.997986759125470080e-01
1.000363594091824293e+00
1.000106331176273899e+00
1.000069870916947545e+00
9.994297063358354993e-01
9.998956491920859557e-01
9.995241587110968995e-01
9.997043808908859797e-01
9.993871851638225223e-01
1.000179408846987750e+00
9.997088046455799848e-01
9.998744861775521464e-01
9.994229200055334550e-01
9.994728448283451971e-01
9.998962400301338871e-01
9.995727173572304114e-01
1.000344284454035337e+00
9.997938754577049281e-01
9.999795924031662508e-01
1.000030150019125763e+00
9.999960735132351619e-01
9.996337259654000107e-01
1.000818118929646783e+00
1.000109742813151570e+00
9.994586168931894887e-01
1.000360267955094251e+00
1.000142153821772295e+00
9.998116258001825685e-01
1.000391861586614972e+00
1.000264467160869142e+00
9.998441455685185275e-01
1.000496850472066379e+00
1.000492094015457800e+00
9.999851657554859052e-01
9.996642145245266953e-01
9.995823007207772504e-01
9.997914183586936732e-01
1.000518220693949356e+00
9.994767788585348089e-01
1.000209914966137426e+00
1.000133360221620693e+00
9.993545649963319066e-01
9.999450331357179200e-01
9.999819931796469774e-01
1.000168635246604820e+00
9.999781889319867556e-01
9.997185535014770918e-01
1.000397630740745836e+00
1.000013136711061623e+00
9.997353717716781496e-01
1.000010822586306691e+00
1.000144662195197709e+00
9.998298324738650322e-01
1.000435546899344663e+00
9.999406928851940490e-01
9.998066015546769325e-01
1.000151892381973884e+00
9.994762842658729829e-01
1.000192740447930051e+00
9.998200773338813407e-01
9.997964126644200977e-01
1.000386415740361024e+00
1.000165568597003007e+00
1.000040859301252416e+00
9.997962157208637457e-01
9.997895523527063899e-01
1.000015762643803097e+00
9.998651816549453120e-01
1.000093214533493091e+00
1.000039863261104056e+00
1.000302341053631361e+00
9.999160786706429160e-01
9.996938608446914731e-01
1.000041220980329104e+00
9.997764869058556325e-01
1.000005295300989250e+00
9.998644650930444966e-01
9.999723474054466044e-01
1.000538233929685328e+00
9.996858917677508005e-01
9.998639532518540651e-01
1.000517606109055491e+00
9.997462611627639939e-01
9.999778279865534358e-01
1.000166934492740634e+00
9.999186174268377414e-01
1.000133016569521249e+00
1.000520881269360007e+00
9.999989921641270207e-01
1.000247457766165526e+00
1.000213685126777774e+00
1.000266810382532068e+00
1.000339386908799977e+00
9.997728927296219981e-01
1.000149564846496864e+00
1.000355497526669968e+00
1.000328985762605427e+00
1.000002389289857962e+00
1.000086216009499207e+00
1.000040334393490049e+00
1.000477365734557589e+00
1.000057512804171100e+00
1.000238222378659891e+00
9.999967664486882901e-01
9.995300458942176780e-01
9.999996775634724111e-01
1.000128821312699534e+00
1.000040838454009151e+00
1.000351605338685390e+00
1.000223685840563315e+00
1.000253544663745942e+00
1.000246145187506652e+00
1.000194253013835022e+00
1.000037478303839267e+00
1.000156348025343256e+00
9.996716461346368821e-01
1.000278358180519023e+00
9.999740714306697420e-01
1.000543413146145921e+00
1.000366304842951193e+00
1.000256933775932167e+00
1.000111305620064339e+00
9.999271099662614404e-01
1.000253200200327486e+00
1.000179068471223287e+00
1.000335262019452331e+00
1.000158429080341582e+00
1.000198699669845315e+00
1.000019787621926337e+00
1.000293872144634610e+00
1.000085448911939512e+00
9.999043748361371442e-01
9.998244270691533098e-01
1.000087245121882740e+00
9.999264990904659367e-01
1.000158088700768166e+00
