0.000000000000000000e+00
0.000000000000000000e+00
0.000000000000000000e+00
0.000000000000000000e+00
0.000000000000000000e+00
0.000000000000000000e+00
0.000000000000000000e+00
0.000000000000000000e+00
0.000000000000000000e+00
0.000000000000000000e+00
0.000000000000000000e+00
0.000000000000000000e+00
0.000000000000000000e+00
0.000000000000000000e+00
0.000000000000000000e+00
0.000000000000000000e+00
0.000000000000000000e+00
0.000000000000000000e+00
0.000000000000000000e+00
0.000000000000000000e+00
0.000000000000000000e+00
0.000000000000000000e+00
0.000000000000000000e+00
0.000000000000000000e+00
0.000000000000000000e+00
0.000000000000000000e+00
0.000000000000000000e+00
0.000000000000000000e+00
0.000000000000000000e+00
0.000000000000000000e+00
2.292243715503619150e-04
8.166301107789130861e-03
1.104296547445226678e-01
4.687558064151314818e-01
1.077263588310086728e+00
1.797467850476540674e+00
2.319288979796699124e+00
2.649134489409487703e+00
2.839308837777825278e+00
2.818739140748418137e+00
2.819985248658251287e+00
2.687088218710715903e+00
2.605812503754771026e+00
2.492007809037871890e+00
2.385254947834515082e+00
2.296912681212923246e+00
2.138632467600006581e+00
2.039895518507847338e+00
1.950028327001099404e+00
1.866990004193840758e+00
1.755319764628187285e+00
1.691434077430586491e+00
1.537943289754453158e+00
1.363421863776195675e+00
1.236094468623763376e+00
1.123483389929693654e+00
1.056076890335441831e+00
1.030435444162631553e+00
1.040187088156609097e+00
1.038165293652607790e+00
1.051904295155442037e+00
1.064659087696086859e+00
1.079614046457703758e+00
1.078403953157893280e+00
1.078799682806199645e+00
1.088560200437852732e+00
1.080999243166584245e+00
1.051454070502522598e+00
1.029568893689518205e+00
1.032648438280399539e+00
1.025314833758092625e+00
1.012603556086822731e+00
1.007095699207943174e+00
1.007313439217804918e+00
9.966674573697510420e-01
1.003063277315546120e+00
9.952308319115867885e-01
1.003585311987508000e+00
1.003199761534254275e+00
9.997828839915533505e-01
1.005932990866633236e+00
9.987041064663789713e-01
1.006128643746389661e+00
1.005266697830025757e+00
1.008404505940186269e+00
1.010217026270036733e+00
9.912983539670676691e-01
9.921388467898156760e-01
9.866166977933091831e-01
9.925665488091791611e-01
9.852295876157977084e-01
9.816678591084432304e-01
9.836866937672653632e-01
9.827117738623396548e-01
9.855694151390604896e-01
9.826911641695779132e-01
9.819641577962507917e-01
9.832809413634138185e-01
9.850894174819170290e-01
9.844729019376344814e-01
9.950660077347391885e-01
9.912252037617764744e-01
9.966405062399447123e-01
1.004469420165186699e+00
1.005256075250012149e+00
1.002153870331864871e+00
1.003239557621363076e+00
1.013873511552696671e+00
1.008983861718584230e+00
1.006841877085524528e+00
1.012698167516412395e+00
1.004855254074822790e+00
1.012631627155869296e+00
1.008838256475353745e+00
1.005510332845701571e+00
1.010714271576446555e+00
1.005520429248392134e+00
1.009793846367192272e+00
1.006278237436470713e+00
1.008622179486066139e+00
1.003524202509308072e+00
1.003382769661839147e+00
1.006792839617890900e+00
1.010003284069423524e+00
1.000158545098001950e+00
1.003685764688386328e+00
1.006123995559729645e+00
1.006276744904395448e+00
1.005760468949818076e+00
9.973196024244934677e-01
1.003581523885017202e+00
1.005579661894484111e+00
1.003832190252668122e+00
1.005386372226533931e+00
1.001985669221282071e+00
1.006055520907435552e+00
1.010208020123857242e+00
1.004297959800333206e+00
1.003466529578199928e+00
1.007925279314277667e+00
1.003783540287816800e+00
1.000520507600216824e+00
1.004527699384603512e+00
1.005084966790675161e+00
1.006306847349822009e+00
1.006423190153149516e+00
1.005747055606287743e+00
1.000223114284013226e+00
1.001312786899642093e+00
1.002455644414162128e+00
1.000730604991504125e+00
1.004584794932160685e+00
9.989998710247357527e-01
1.002063830310122361e+00
1.005599325179495018e+00
9.998244276860536184e-01
1.003343978066269182e+00
1.004802520799220611e+00
1.001034318087477892e+00
9.988237170360014794e-01
1.004645228769556864e+00
1.007253912230393622e+00
9.979558930187027999e-01
1.004875819081694432e+00
1.000536978576095137e+00
1.005050599944856238e+00
1.003476060800880143e+00
9.985457454360239238e-01
1.002794823195426455e+00
1.002405979742555298e+00
1.000203977214391582e+00
1.005416816814035608e+00
1.008263222915162460e+00
9.979492994584339138e-01
1.002364911390404956e+00
1.005105981931803338e+00
1.001053183039080530e+00
1.001684479206656597e+00
1.005699120928988499e+00
9.982643384829719135e-01
1.002190408856885817e+00
1.008377760574237225e+00
1.005905138305040358e+00
1.001526401675296940e+00
1.010101207464289441e+00
1.002419282636344500e+00
9.992580091744017734e-01
1.001523825419434299e+00
9.999223656335127774e-01
9.990292821740562879e-01
1.006467732096250067e+00
1.001496549538329450e+00
9.995090680204841149e-01
1.004565869148094759e+00
1.001799583088278878e+00
1.006100987733641539e+00
1.003138523008159311e+00
1.001009864835923580e+00
9.999771736179664527e-01
1.005923259097882605e+00
9.996858743432697203e-01
1.003654111135720006e+00
1.000334255596482924e+00
1.005697723949279920e+00
1.003229131351764059e+00
1.001397118852944024e+00
1.009360450249437990e+00
1.000754687255582365e+00
1.002132221540195989e+00
1.004035549189054910e+00
1.001997727773856761e+00
1.004415712355601009e+00
1.001912695378209595e+00
1.001704837895377009e+00
1.001841995772809302e+00
1.002994231561620264e+00
1.004419158271332657e+00
1.004161685699271889e+00
1.002365997002147679e+00
1.002721251827047411e+00
1.001441065521643248e+00
1.004507071532399598e+00
1.003256145682767109e+00
1.003464472331192514e+00
1.003311942170006743e+00
1.002980055774342238e+00
1.002864313657541029e+00
1.006111146868079897e+00
1.002156029032127860e+00
1.000834911576021558e+00
1.000510426198949032e+00
1.003512637491878579e+00
1.005369017596148939e+00
1.004364161128414201e+00
1.003429038267952045e+00
1.005003675397678098e+00
1.005185212479605017e+00
1.002507666548609233e+00
1.003607391867578524e+00
1.003553360736866740e+00
1.003631436960519707e+00
1.000521913596322143e+00
1.000120228170183312e+00
9.989001111009048195e-01
9.979732431514727331e-01
9.992680485295082349e-01
9.998246535803241297e-01
1.001568573887614555e+00
1.000406501995558362e+00
1.001604900235066653e+00
1.002680947446479065e+00
1.003226120380854125e+00
1.005079193160004047e+00
9.985722722498214798e-01
9.977731119816822813e-01
9.969231775885387670e-01
9.993136836058122974e-01
9.970668234656043794e-01
1.001791524102755515e+00
9.974043065518249929e-01
9.985731335123991803e-01
9.986252750586359639e-01
9.973323269385573342e-01
9.981279755747490823e-01
9.967097162755231832e-01
9.981887616131268626e-01
9.942578547269094180e-01
9.990391586482045838e-01
9.969388992397565374e-01
9.992670539945406327e-01
9.988930564881369767e-01
9.976468831928804182e-01
9.985718196752192410e-01
9.988721417581121198e-01
9.984198946364509775e-01
9.998612680879360726e-01
9.980618617670361514e-01
9.989680020890043810e-01
1.000135107371755927e+00
9.981670695551925210e-01
