0.000000000000000000e+00
0.000000000000000000e+00
0.000000000000000000e+00
0.000000000000000000e+00
0.000000000000000000e+00
0.000000000000000000e+00
0.000000000000000000e+00
0.000000000000000000e+00
0.000000000000000000e+00
0.000000000000000000e+00
0.000000000000000000e+00
0.000000000000000000e+00
0.000000000000000000e+00
0.000000000000000000e+00
0.000000000000000000e+00
0.000000000000000000e+00
0.000000000000000000e+00
0.000000000000000000e+00
0.000000000000000000e+00
0.000000000000000000e+00
0.000000000000000000e+00
0.000000000000000000e+00
0.000000000000000000e+00
0.000000000000000000e+00
0.000000000000000000e+00
0.000000000000000000e+00
0.000000000000000000e+00
0.000000000000000000e+00
0.000000000000000000e+00
0.000000000000000000e+00
0.000000000000000000e+00
5.373809392380982965e-03
5.462181340211400699e-02
2.309161168014093601e-01
5.404587731429011388e-01
9.107043242462575794e-01
1.169838858244591995e+00
1.344060445767707224e+00
1.427177724355031208e+00
1.442436309896505620e+00
1.430929709364317404e+00
1.406892627631537218e+00
1.360302706394546313e+00
1.339737291767980620e+00
1.300668594114005261e+00
1.253399502117429787e+00
1.231490160166485381e+00
1.205852136045764134e+00
1.200664726993148301e+00
1.191556548608820432e+00
1.188075718837714456e+00
1.160641903521721696e+00
1.128109203070267075e+00
1.071875140914609004e+00
1.020873793095526505e+00
9.944588018102751281e-01
9.652152505821584016e-01
9.590311531658650690e-01
9.652922988811449834e-01
9.630630735493624917e-01
9.669501957950432658e-01
9.699081304499581613e-01
9.823123914301064019e-01
9.955498757055283310e-01
1.001450606313733394e+00
1.003969206544760739e+00
1.014253052051536264e+00
1.006918834219947989e+00
1.012533005379969708e+00
1.011337562654696542e+00
1.014415451380688449e+00
1.015987932655690651e+00
1.011772237846612299e+00
1.015818314953214063e+00
1.011232756122042442e+00
1.007243094857374288e+00
1.017366166093280899e+00
1.009055682664592890e+00
1.008277830723885993e+00
1.002562214152960429e+00
1.007383579698626797e+00
1.001745020201338265e+00
9.961448498275174979e-01
9.960154316170245492e-01
9.995264698089800781e-01
9.894422221102880943e-01
9.931383653458482064e-01
9.902370857226787670e-01
9.877845058808122358e-01
9.870710053506385195e-01
9.889863931352959048e-01
9.808376475808597839e-01
9.836649628432764247e-01
9.826707223076013298e-01
9.865736887935572241e-01
9.915602841774172616e-01
9.908725378435919717e-01
9.918329594910199054e-01
9.970242414017100874e-01
9.949992403940102204e-01
9.998578105226084700e-01
9.980799430928459781e-01
9.984749604946832058e-01
9.979715217881971467e-01
1.000302676695711490e+00
9.984666181300846377e-01
1.004374334237682298e+00
9.998863286989695398e-01
1.001580064945733373e+00
1.002040312491842222e+00
9.981447884970610085e-01
9.936266844904805273e-01
1.000630194184421784e+00
9.979447283552137504e-01
9.931906818419886651e-01
9.983723958131596188e-01
9.994901699832036135e-01
9.948017199016100376e-01
9.881310094061301896e-01
9.947401078856531464e-01
9.970209674694061608e-01
9.951331890394690127e-01
9.925271700931990182e-01
9.918116524066025175e-01
9.947890784565255329e-01
9.960563298337812288e-01
9.922473873013158974e-01
9.919973639661739950e-01
9.992629210935678463e-01
9.959604255592672262e-01
1.003481777855943946e+00
9.965732242522106210e-01
9.966044902594217714e-01
9.977736841820379343e-01
9.975128283171799115e-01
1.001228760917929561e+00
1.003321014156004720e+00
9.991712619430861420e-01
1.000779711599464328e+00
1.003182162994966431e+00
9.979700687583793473e-01
9.991486398527541501e-01
1.005600430261143874e+00
1.003183642036752810e+00
9.990363108123007096e-01
9.969481454335112902e-01
1.004026797764217438e+00
9.984789477945895664e-01
1.000640035348012047e+00
1.002458501325434348e+00
9.983959038209030412e-01
1.001815435849934710e+00
9.996849850757794087e-01
9.935642472642096656e-01
9.966100441666143617e-01
1.003275535422508247e+00
9.955158837163097241e-01
9.954043260917782021e-01
9.966809549258502932e-01
9.994572379172041998e-01
9.976944425635539959e-01
9.954528263806509125e-01
9.950162307543688467e-01
9.998379787501461280e-01
9.983957926316022746e-01
1.000902591806358100e+00
9.990608348878236011e-01
9.990960603206527901e-01
1.000949532415899457e+00
9.965944424409028946e-01
9.994558014359458120e-01
1.001283576844788525e+00
1.000844236645666685e+00
1.001106670213728567e+00
1.000603874766979651e+00
9.995142448951658265e-01
9.985390604104708023e-01
9.980199517224688233e-01
9.988757067520749322e-01
9.999947448643434766e-01
9.985005819614125588e-01
9.982444247486672584e-01
9.989169710208065656e-01
9.978970872416008664e-01
9.973700606499875665e-01
9.987087124460203302e-01
9.996639523331138921e-01
9.982273737243255729e-01
1.000931087187560520e+00
9.977486858037099005e-01
9.987391941030890896e-01
9.981190983334556899e-01
1.000166251856733135e+00
9.950850854279487123e-01
1.002203309221236571e+00
9.994747924855158505e-01
9.952361194832937130e-01
9.965330951876997245e-01
9.969549938552182411e-01
1.000815361924628055e+00
1.000691820026046619e+00
9.987956509165583086e-01
1.001166471365219968e+00
9.972024401875514421e-01
9.999393235924866064e-01
1.000315525379396719e+00
9.996246183128805196e-01
9.997774040856983735e-01
9.969667145821243803e-01
9.976242812566109563e-01
9.992521453387340769e-01
9.984395341800862411e-01
1.001435921856300482e+00
9.975799165432760462e-01
9.992133402871947734e-01
9.969934447552070145e-01
9.978982003891987418e-01
1.001363935440248598e+00
9.967316267772086125e-01
1.000230484917697504e+00
1.002001771825693277e+00
9.992549280173038673e-01
1.002240888074428238e+00
9.982201319566197384e-01
9.958308567497189401e-01
1.000403697545266146e+00
1.001046522176938458e+00
9.982928992684041436e-01
9.991665853075072379e-01
9.976868822977914553e-01
9.989874405764709309e-01
9.966840381304592489e-01
9.988322935602622632e-01
9.981119714418300592e-01
9.982907710943501600e-01
9.980997843892488453e-01
9.972375441155577613e-01
9.990941518571990754e-01
9.990940351284107734e-01
9.980717765554885101e-01
9.987688987390015427e-01
9.973392476934485051e-01
9.987338461707427895e-01
9.986563232514178434e-01
9.996991607341605413e-01
9.985135692577327138e-01
9.982849175359848060e-01
9.970889102148473571e-01
9.966189809251413401e-01
9.965391492262958284e-01
9.994320672776365599e-01
9.989477829479784798e-01
9.969526759341388322e-01
9.969760177651421085e-01
9.979644150373032652e-01
9.987336459830010726e-01
9.972948542282448203e-01
9.970513850775118980e-01
9.998909445053093537e-01
9.980785013092572378e-01
9.967641482074915960e-01
9.973668326337095102e-01
9.973308791511505955e-01
9.972252676306715413e-01
9.987162960299206249e-01
9.978401989428516972e-01
9.967313604904877167e-01
9.975592197823487384e-01
9.960954958457233221e-01
9.949505090602814850e-01
9.979872188554390622e-01
9.997687357552360599e-01
9.986649444128941067e-01
9.978157321955065662e-01
9.971151379024679740e-01
9.985806196652143862e-01
9.972046382998320802e-01
9.973266080038445391e-01
9.975256193290749085e-01
9.978928476461715880e-01
