0.000000000000000000e+00
0.000000000000000000e+00
0.000000000000000000e+00
0.000000000000000000e+00
0.000000000000000000e+00
0.000000000000000000e+00
0.000000000000000000e+00
0.000000000000000000e+00
0.000000000000000000e+00
0.000000000000000000e+00
0.000000000000000000e+00
0.000000000000000000e+00
0.000000000000000000e+00
0.000000000000000000e+00
0.000000000000000000e+00
0.000000000000000000e+00
0.000000000000000000e+00
0.000000000000000000e+00
0.000000000000000000e+00
0.000000000000000000e+00
0.000000000000000000e+00
0.000000000000000000e+00
0.000000000000000000e+00
0.000000000000000000e+00
0.000000000000000000e+00
0.000000000000000000e+00
6.597695638614906120e-05
3.727038944729676225e-03
5.032130868075707086e-02
2.418936913123383436e-01
6.105766787001236651e-01
1.015875280715660800e+00
1.294132284564953217e+00
1.418918415677623335e+00
1.418578182066661642e+00
1.364146812183957946e+00
1.295354683147565966e+00
1.245827156406503544e+00
1.230395610091534087e+00
1.207559913504892224e+00
1.125007964471747002e+00
1.034543077521246524e+00
9.791696082512474364e-01
9.730084247780885764e-01
9.790491747297798142e-01
9.914173748469933267e-01
1.010735122469543779e+00
1.021697836562081907e+00
1.023759084529682450e+00
1.019693545135324175e+00
1.017669521657462051e+00
1.022838709571586291e+00
1.032923092049270464e+00
1.039244370077194279e+00
1.042187447799097777e+00
1.039150965054604692e+00
1.034094861853894765e+00
1.018268711636399759e+00
1.004071006925421061e+00
9.862284856540568523e-01
9.693849101780740440e-01
9.531145965304114176e-01
9.456488887813193633e-01
9.419902970949197707e-01
9.438921355559110049e-01
9.485463559561387870e-01
9.608486799879907281e-01
9.715110029609999032e-01
9.829956818904227456e-01
9.968626056286261639e-01
1.006202780298490973e+00
1.017339688978148304e+00
1.022097199981207849e+00
1.029061473625542344e+00
1.036826367220328837e+00
1.037806118195664817e+00
1.035734769818383416e+00
1.036241265177867188e+00
1.035434746563518082e+00
1.027835119287017207e+00
1.024771007586767313e+00
1.017959980903657247e+00
1.013376190448260772e+00
1.004294674575829882e+00
1.000357967104446244e+00
9.963211420967359455e-01
9.933626664466161937e-01
9.907070993934196101e-01
9.878393247856079862e-01
9.892480580420223157e-01
9.890901149569789608e-01
9.889453266382475238e-01
9.927762834888729238e-01
9.931313878273493323e-01
9.957225363992910916e-01
9.972173652518244724e-01
9.966337467504762238e-01
9.980868812778042054e-01
9.997454978866636699e-01
1.000471524101000265e+00
1.001587887406221400e+00
1.001613918110518364e+00
1.001526192519429648e+00
1.001269978655832782e+00
1.003510525995864100e+00
1.003088605753218232e+00
1.003674609634725545e+00
1.003076242918935490e+00
1.002970914328810581e+00
1.001571062654866839e+00
1.002479194024939124e+00
1.002540887892992449e+00
1.000887788113099308e+00
1.003223242008431271e+00
1.000761214101137053e+00
1.002985442276935313e+00
1.001050796773333751e+00
1.000956784560893098e+00
1.000373020460380236e+00
9.995825389181622889e-01
1.000078692532110569e+00
1.000271441229102498e+00
1.000294270074232772e+00
9.994975805749667375e-01
9.984827207040701813e-01
9.989638131175986313e-01
9.985530467087641027e-01
9.995643302281149722e-01
9.993078241156673203e-01
1.000302664305453115e+00
9.993471765245860450e-01
9.996983796337214345e-01
9.990515413945130208e-01
9.990194559948699649e-01
9.992300717256812348e-01
1.000439506536927814e+00
9.993091456782720039e-01
1.000822147950518159e+00
1.000710250409708291e+00
1.001957538519545832e+00
9.999628799020507941e-01
1.000604676539597060e+00
1.000177704090183584e+00
1.000529504005129189e+00
1.000597891759447799e+00
1.001440665231581706e+00
1.000838741260742681e+00
1.001069763313175986e+00
1.001239185415179422e+00
1.000520455281725507e+00
1.000230164532394994e+00
9.998229813151064960e-01
1.000149704985329624e+00
9.992093404843047644e-01
1.000025789099179940e+00
9.993812472558026849e-01
9.998387880295647179e-01
1.000993705226131514e+00
9.998625538510288457e-01
1.000210686044717301e+00
9.986899252994292375e-01
9.999405950110999974e-01
9.994067605669283427e-01
1.000256501351030725e+00
1.000529454651664762e+00
1.000370344068992168e+00
9.995252438852540999e-01
9.991717789232894553e-01
9.985307763548512128e-01
9.996658894481638136e-01
1.001093358106534659e+00
9.999267588324010081e-01
1.001286181599335912e+00
1.000609372513372897e+00
1.000702237972450837e+00
9.997441032464087218e-01
9.990589645164509314e-01
9.999992228383360882e-01
9.998253780621239040e-01
1.000282439580216343e+00
9.991905297579062317e-01
9.988805495672967716e-01
9.996428752671211448e-01
9.996086611864941629e-01
9.998438375492285646e-01
9.999649097613340087e-01
9.999206551454046243e-01
9.992945532805802555e-01
9.998345404825055294e-01
9.993405832488491125e-01
9.997967583686477866e-01
9.995101847598337752e-01
1.000207852132092734e+00
1.000077872409148805e+00
9.995485880123368139e-01
9.999014094408700259e-01
9.994444446387482639e-01
9.998352218974616568e-01
9.992883414443290979e-01
9.992268477636589985e-01
9.994257786118618814e-01
9.998530608793858576e-01
9.996826545587381707e-01
1.000146683412334925e+00
9.997307745892274333e-01
9.997263678732072334e-01
9.997019615255844371e-01
9.991820878760246938e-01
1.000017901115246577e+00
9.995339691396297743e-01
9.994670609785202275e-01
9.996120727735268163e-01
1.000199574746397424e+00
9.999611644351585893e-01
1.000062892231101230e+00
9.996542016566409838e-01
9.998491706991796679e-01
9.998196989705943061e-01
9.997962770303151503e-01
9.994368386255588765e-01
9.991039334905753577e-01
1.000033984456987435e+00
1.000002816527031158e+00
9.998047696484554381e-01
9.998880589395310325e-01
9.999419413986074812e-01
9.995130103114193698e-01
9.998202421465747225e-01
9.999116483907793951e-01
9.999925321898963659e-01
9.995240201973615290e-01
9.995345288236716641e-01
1.000381376716142690e+00
1.000181016101562292e+00
1.000461560362133850e+00
1.000193289573270583e+00
9.999652964280315581e-01
1.000039200305619769e+00
9.993366206941244334e-01
1.000630071290357082e+00
1.000207283750149889e+00
9.992930429595364705e-01
9.999271130528597507e-01
1.000429812171304889e+00
9.999962158939501577e-01
9.995528736078030940e-01
9.999349930660066388e-01
1.000391404657505090e+00
9.996949079127318560e-01
1.000074628189006942e+00
9.999284439552189596e-01
9.998262170134968319e-01
1.000195728001588735e+00
1.000136399902212592e+00
1.000536582712670430e+00
1.000919983217805509e+00
1.000202093512476464e+00
1.000368050124452290e+00
9.998560230056724452e-01
1.000318092479549392e+00
9.998554639228950380e-01
9.999661642239341397e-01
1.000358300841180270e+00
9.997410933451836845e-01
1.000289758692601394e+00
9.999956606050685037e-01
1.000348291050693783e+00
9.999710298859345592e-01
1.000090331157275969e+00
9.988254396233144927e-01
9.997527652133675335e-01
9.998459167184640117e-01
9.992131162421071799e-01
9.997640766185269534e-01
1.000030415508869952e+00
9.998680916091239324e-01
1.000197742568551984e+00
1.000236128346488673e+00
9.998291776611867299e-01
1.000072999741265845e+00
