0.000000000000000000e+00
0.000000000000000000e+00
0.000000000000000000e+00
0.000000000000000000e+00
0.000000000000000000e+00
0.000000000000000000e+00
0.000000000000000000e+00
0.000000000000000000e+00
0.000000000000000000e+00
0.000000000000000000e+00
0.000000000000000000e+00
0.000000000000000000e+00
0.000000000000000000e+00
0.000000000000000000e+00
0.000000000000000000e+00
0.000000000000000000e+00
0.000000000000000000e+00
0.000000000000000000e+00
0.000000000000000000e+00
0.000000000000000000e+00
0.000000000000000000e+00
0.000000000000000000e+00
0.000000000000000000e+00
0.000000000000000000e+00
0.000000000000000000e+00
0.000000000000000000e+00
0.000000000000000000e+00
0.000000000000000000e+00
0.000000000000000000e+00
0.000000000000000000e+00
2.967848776802364547e-04
8.625503661999224178e-03
1.003715405315644404e-01
4.767736674807057651e-01
1.107528248558363293e+00
1.771887196265970799e+00
2.284581528122961558e+00
2.569468177146295940e+00
2.667458744807827742e+00
2.671608374576347700e+00
2.606398106940202464e+00
2.510522656227473171e+00
2.370490646546356217e+00
2.260425504339797609e+00
2.146826591394300987e+00
2.033496665662978042e+00
1.891007342927234491e+00
1.807617717813054137e+00
1.719293160587984870e+00
1.647826417633365681e+00
1.575130520241403431e+00
1.494326020151188983e+00
1.338104563717839035e+00
1.196750416808531003e+00
1.048693134350032752e+00
9.453613758135591683e-01
8.823547874176868033e-01
8.686058079398979448e-01
8.657883300716437969e-01
8.600163314709383666e-01
8.677276127045852050e-01
8.902059310967685990e-01
8.970298489161090405e-01
9.023923343194891755e-01
9.073696969613799235e-01
9.070125787749152568e-01
8.960686870752009314e-01
8.881377244774901758e-01
8.850115846197207370e-01
8.797337923161839823e-01
8.713233599827672204e-01
8.748278126897376383e-01
8.774410184277358082e-01
8.757729555312795400e-01
8.823511375161520176e-01
8.931195807629960237e-01
8.979317559016455341e-01
9.189480390165538637e-01
9.253910989668271414e-01
9.437299347500606173e-01
9.510495347324658955e-01
9.555386920296614628e-01
9.623311407206568413e-01
9.694104748577399011e-01
9.766218406284256082e-01
9.769376481389968614e-01
9.733246465810254655e-01
9.865701868286277376e-01
9.871975919676946321e-01
9.807259102879342105e-01
9.910635020015547969e-01
9.791492882515063778e-01
9.858987139287240797e-01
9.891681398124447799e-01
9.883586360265833592e-01
9.920382309490070050e-01
9.916278345660831661e-01
9.896119673665980665e-01
9.947488947497702405e-01
9.959292574453030289e-01
1.007682086184854997e+00
1.008176584249155905e+00
1.010702635064916421e+00
1.016379953500550659e+00
1.017838022680905175e+00
1.016834089182448775e+00
1.026650770233051180e+00
1.022659640521311530e+00
1.023675354772697998e+00
1.019432829193435586e+00
1.019615140578703727e+00
1.016761991569943291e+00
1.015630342027476596e+00
1.013973315083191551e+00
1.012148785206407053e+00
1.006137087238033523e+00
1.009234624356072585e+00
1.007335052027112710e+00
1.004628071212105844e+00
1.002534072618308958e+00
1.002012576617703266e+00
1.001222726359839665e+00
9.990554516891472225e-01
9.962716493946675023e-01
9.977587875263429495e-01
9.935559909430909942e-01
9.925068932914428155e-01
9.904285233020938550e-01
9.934222709281900210e-01
9.897683154562613161e-01
9.928645844383308106e-01
9.916543250855971436e-01
9.935809127827069931e-01
9.964128417914429603e-01
1.000221163560952586e+00
9.936931507150904563e-01
9.938377967824547632e-01
9.945595227147832063e-01
1.000444224367708967e+00
9.974462881450946172e-01
9.959006772772845961e-01
9.970431894718164711e-01
1.000462356933589758e+00
1.000427018323339245e+00
9.979651013001935578e-01
9.946240269037103232e-01
9.973444821046034692e-01
9.944428646157850160e-01
9.974801567902500388e-01
9.963778197122429292e-01
9.958748698670192301e-01
9.981453544151093205e-01
9.977578426895848951e-01
9.961121309194556073e-01
9.987475039748223704e-01
9.940048535618074554e-01
9.978466215994844513e-01
9.944319412350408616e-01
9.997868756649974653e-01
9.930310429142898965e-01
9.999992031850650775e-01
9.964824568406828176e-01
9.963396689399705020e-01
9.966319147871584017e-01
9.942823706485522939e-01
9.954246905554400282e-01
9.978855297028805804e-01
9.979598967691581946e-01
9.961793368871240117e-01
9.907897401626311051e-01
9.953007312210415680e-01
9.988696676677990549e-01
1.000730318405763652e+00
9.988862734542219846e-01
9.962660451733154066e-01
9.981197549416545023e-01
9.990640171302822559e-01
9.948378917294072865e-01
9.979428858367611621e-01
9.978264323476695452e-01
1.001029876181150469e+00
9.992829255887805129e-01
9.987796525831943439e-01
9.978617058308033583e-01
9.997817060274082346e-01
9.985639933201133633e-01
9.982938835568772040e-01
9.996220000687338070e-01
1.000477285977149799e+00
1.000197832670702169e+00
9.988597224375972417e-01
9.990885963127659197e-01
1.000716739945995304e+00
9.952769970736681238e-01
9.966958041951192726e-01
9.990064255395818549e-01
9.971973751841719524e-01
9.970913799725227289e-01
9.990554770608809365e-01
1.001235431286038535e+00
9.983542130578442197e-01
9.955850006548779829e-01
9.971983204739436335e-01
9.973229004072369230e-01
9.990215167376818028e-01
9.980878544220196380e-01
9.977210773672261501e-01
9.998351966447945882e-01
9.986766826820904219e-01
1.000222820272037350e+00
9.996154097790491688e-01
9.977978556608144700e-01
9.977617117334909302e-01
1.001621770219721430e+00
9.980554020312709662e-01
9.994981954370344424e-01
9.996740406055536488e-01
9.987771585812549313e-01
9.990365036168233903e-01
9.985180491572076544e-01
9.987421031567410568e-01
9.984749506687831122e-01
9.981164696348665544e-01
1.000180441752689164e+00
9.990801706063161536e-01
1.001494856830714930e+00
1.000290280832391687e+00
1.000407168042179551e+00
9.989554097171869929e-01
9.983890767437628710e-01
9.984566750011744096e-01
9.995712083646760560e-01
1.001254520917422619e+00
1.000547951185861040e+00
1.001875620345048068e+00
9.982989723095607726e-01
9.997096729688715877e-01
9.952003240598361611e-01
9.982696119993980099e-01
9.983295946064330018e-01
9.999739183393447917e-01
9.984243743263937487e-01
9.975533956823725568e-01
1.000389959954189667e+00
1.000347892478106404e+00
1.003047976450205825e+00
9.970740098846319066e-01
9.975086121418226259e-01
1.000029264699048959e+00
9.976695000753038611e-01
9.980332739413843024e-01
9.996372754628014556e-01
1.000023984964372170e+00
9.979745643234132491e-01
1.001658579513326153e+00
1.000892342913619837e+00
9.985310331140320184e-01
9.982568246636480680e-01
1.001356211073576974e+00
9.991395773089191135e-01
1.000768332182957909e+00
1.001663315301460910e+00
9.977740023175140083e-01
1.001502234629313204e+00
1.000692532633525866e+00
1.000789691654827562e+00
9.986503350116997524e-01
9.994616380780056986e-01
9.996395327159466326e-01
9.988115352361214283e-01
9.997809772853047949e-01
1.000518028775502000e+00
1.000031208877506517e+00
9.997339116805292747e-01
1.000237649208677526e+00
9.990222372423535058e-01
9.995377570889515395e-01
9.999195179545046219e-01
9.990098513019732840e-01
9.992515776072974365e-01
