0.000000000000000000e+00
0.000000000000000000e+00
0.000000000000000000e+00
0.000000000000000000e+00
0.000000000000000000e+00
0.000000000000000000e+00
0.000000000000000000e+00
0.000000000000000000e+00
0.000000000000000000e+00
0.000000000000000000e+00
0.000000000000000000e+00
0.000000000000000000e+00
0.000000000000000000e+00
0.000000000000000000e+00
0.000000000000000000e+00
0.000000000000000000e+00
0.000000000000000000e+00
0.000000000000000000e+00
0.000000000000000000e+00
0.000000000000000000e+00
0.000000000000000000e+00
0.000000000000000000e+00
0.000000000000000000e+00
0.000000000000000000e+00
0.000000000000000000e+00
0.000000000000000000e+00
0.000000000000000000e+00
0.000000000000000000e+00
0.000000000000000000e+00
0.000000000000000000e+00
0.000000000000000000e+00
9.273922503839248299e-05
1.620440175661373022e-02
3.002738557480540416e-01
1.537059474294628636e+00
3.597497928160074743e+00
5.138269385859699945e+00
5.431584761313170695e+00
4.766821963785027982e+00
3.865716239790680575e+00
3.046244561386897143e+00
2.363844770821457164e+00
1.910634324519179028e+00
1.577675334652751449e+00
1.360254916951032733e+00
1.207198123922940347e+00
1.086335945240558098e+00
1.017300031386014103e+00
9.519972270518348711e-01
9.148614539692939696e-01
8.665399733321416109e-01
8.406755737898941039e-01
8.264176834675818206e-01
8.065196250940035450e-01
7.726714912392612655e-01
7.641101174218603020e-01
7.651497743713864264e-01
7.652658531901457284e-01
7.705201342556288191e-01
7.964370863559993019e-01
8.190017503868065596e-01
8.312224095906531884e-01
8.377953015672994219e-01
8.432712722521281679e-01
8.739547586858938955e-01
8.783400813859246758e-01
8.991532786885532147e-01
9.198715531256367317e-01
9.445363251229945689e-01
9.621525131534995889e-01
9.797478685925126163e-01
9.991395766331478967e-01
1.018339077737407727e+00
1.029640642097228831e+00
1.037385961631127840e+00
1.041327260935468013e+00
1.044536333086101720e+00
1.043679430967642707e+00
1.025367752691727752e+00
1.025230626355605912e+00
1.013948334097670045e+00
1.000053584454821509e+00
9.972120516818528957e-01
9.938889837132083294e-01
9.741132337776902128e-01
9.743342953573749243e-01
9.692543614283046782e-01
9.611338159071747267e-01
9.649275054600005008e-01
9.604773345708012000e-01
9.574029028992921964e-01
9.668074807122145620e-01
9.672267119126134460e-01
9.721860633940465624e-01
9.778947763764455070e-01
9.737784204527256682e-01
9.872717541604810743e-01
9.858659463091964392e-01
1.000115708067446763e+00
1.001540119384679794e+00
1.001288704926925233e+00
1.013403241195105720e+00
1.014468177325979603e+00
1.014598501523992446e+00
1.018077505828586471e+00
1.015868565062849393e+00
1.020589140104685599e+00
1.012942234076706249e+00
1.018473129915425490e+00
1.015505909666062578e+00
1.015862865936584480e+00
1.016613688164298201e+00
1.010284193496232552e+00
1.004919062981439959e+00
1.003320804384131071e+00
1.004172542708487104e+00
9.983786459772241439e-01
1.002467520156433256e+00
9.946637326658820388e-01
9.967622709132325509e-01
9.924116165268566103e-01
9.938412358931801860e-01
9.932032502101485472e-01
9.903738928744421077e-01
9.945365382263005039e-01
9.870008068030612369e-01
9.936333789052720356e-01
9.927137336687003044e-01
9.934522704397780180e-01
9.914760281579226842e-01
9.948688574535996532e-01
9.955695157151291941e-01
1.000822009815136582e+00
9.974770330428586185e-01
9.978850080968894032e-01
1.000813831371781815e+00
1.004834213501901052e+00
1.005969623976888050e+00
1.003662082001135269e+00
1.002121014677605615e+00
1.002722413476555330e+00
1.004296089476454990e+00
1.004453496800233658e+00
1.002891193890301125e+00
1.002492223433216756e+00
1.001787739649505182e+00
1.000897521179455518e+00
9.988690930952093261e-01
9.999843024783431344e-01
9.978881235404530869e-01
9.978475543531862835e-01
1.000122812194629729e+00
9.995856716185945734e-01
9.971145554067565309e-01
9.971101513309758024e-01
9.962698163886160030e-01
9.990517499872114682e-01
9.959289266080609826e-01
9.970104866747330208e-01
9.989706494965198136e-01
9.973536928504215249e-01
9.988791241126461218e-01
9.980855263729494498e-01
9.992986585798314669e-01
1.000636471632535995e+00
9.989359064098145558e-01
9.983325611889468654e-01
9.972525161171071906e-01
9.976057451258271147e-01
9.972630290196067282e-01
9.976163001537191599e-01
9.987320881663122041e-01
9.977261964277468476e-01
9.996089073453232610e-01
1.002570794395517106e+00
9.981936499700981846e-01
9.981168294581655998e-01
1.001571131287610772e+00
9.980749613115162955e-01
9.965765268165447388e-01
9.990807216892461096e-01
9.966894988539981570e-01
9.955063065478325646e-01
1.000433536230825204e+00
9.951116673832146597e-01
9.962647446533358098e-01
9.989154999714381367e-01
9.976470657850069479e-01
9.970744467054283300e-01
9.973117060616607521e-01
9.952802882849329791e-01
9.960850525809377132e-01
9.976712504073800281e-01
9.961262415404127379e-01
9.970804129988096731e-01
9.973369493970993815e-01
9.982683318161393871e-01
1.000712861722394820e+00
1.000897152086869912e+00
9.958087272363509435e-01
1.000258380191045182e+00
1.000058119765506959e+00
1.000044176919327787e+00
1.000219989750354310e+00
9.978733155727718129e-01
9.996958212306648051e-01
1.000339971359847535e+00
9.991448506390862017e-01
9.999355548960507933e-01
9.985814731310994619e-01
9.999432077444885270e-01
9.987493734122211420e-01
9.980676240559478440e-01
9.997896434892844519e-01
9.980439625006294335e-01
9.995632098677177391e-01
9.964725315730699196e-01
9.988666780539199319e-01
9.982434694975743650e-01
9.982624759313070140e-01
9.984974954030076955e-01
9.990421017042363516e-01
9.979081888284984103e-01
9.982339080727653524e-01
1.001231243317468378e+00
9.996914325233952070e-01
1.000331795793923284e+00
1.001094770243230014e+00
9.981540416646016434e-01
9.990022488671603806e-01
1.000418294509760164e+00
1.000812734921562308e+00
9.974231065018931419e-01
9.978811764457106159e-01
9.994515855882144528e-01
9.965554717334421664e-01
9.976723433600974689e-01
9.987922125687597186e-01
9.986044115455322556e-01
9.975008976038605146e-01
1.000066095784623021e+00
9.997096903268778423e-01
1.000522316434099279e+00
1.000123816985102110e+00
9.979818749443243320e-01
9.980418707304509196e-01
9.997537519617959445e-01
9.981859085318212088e-01
9.982486886954451411e-01
9.993309846023389342e-01
9.984312672460602389e-01
9.979027012594872126e-01
9.985665453892506038e-01
9.971925711959170879e-01
9.973310340688369413e-01
9.986914499909432807e-01
9.958320454209186323e-01
9.981485423667619816e-01
9.986173514957848996e-01
9.987718807298925361e-01
9.988281592221242011e-01
9.988920492090742620e-01
9.986521877410940995e-01
1.000514514737414595e+00
9.981923492417249522e-01
9.974459798411997591e-01
9.984993446487601121e-01
9.985419657961124296e-01
9.993502559739633195e-01
9.973036299057079779e-01
1.000115976231376491e+00
9.999996423373271881e-01
9.984514346825583697e-01
9.991997252154697362e-01
1.001582641692950082e+00
9.997494985268019496e-01
9.976915269948409826e-01
9.991566923570741610e-01
1.000766153238862088e+00
9.982404502255373124e-01
