0.000000000000000000e+00
0.000000000000000000e+00
0.000000000000000000e+00
0.000000000000000000e+00
0.000000000000000000e+00
0.000000000000000000e+00
0.000000000000000000e+00
0.000000000000000000e+00
0.000000000000000000e+00
0.000000000000000000e+00
0.000000000000000000e+00
0.000000000000000000e+00
0.000000000000000000e+00
0.000000000000000000e+00
0.000000000000000000e+00
0.000000000000000000e+00
0.000000000000000000e+00
0.000000000000000000e+00
0.000000000000000000e+00
0.000000000000000000e+00
0.000000000000000000e+00
0.000000000000000000e+00
0.000000000000000000e+00
0.000000000000000000e+00
0.000000000000000000e+00
0.000000000000000000e+00
0.000000000000000000e+00
0.000000000000000000e+00
0.000000000000000000e+00
0.000000000000000000e+00
0.000000000000000000e+00
0.000000000000000000e+00
1.812312143649744481e-02
3.039164469773891764e-01
1.546281708826364731e+00
3.605649772198586511e+00
5.160824056831897266e+00
5.412964132124836070e+00
4.806048836406871416e+00
3.880963462700821598e+00
3.023587532557697966e+00
2.362458207906322993e+00
1.891643167268179937e+00
1.593079155595669372e+00
1.352369887204229348e+00
1.200978817086709727e+00
1.088758525406868793e+00
1.015295093089087386e+00
9.544144435859686082e-01
9.000539574970314316e-01
8.839977234192702982e-01
8.410839155112143084e-01
8.197669577302112431e-01
7.942641808887436206e-01
7.795766744256417136e-01
7.689482397130786850e-01
7.674283488842992274e-01
7.705866463840994607e-01
7.779500952415652204e-01
7.844393694217125512e-01
8.109232124676861719e-01
8.210241429539429925e-01
8.351107580156773569e-01
8.447371119270351558e-01
8.655593898638211936e-01
8.803711487856934470e-01
8.972163898890026523e-01
9.174718103180682371e-01
9.344053453755742922e-01
9.600521204701469857e-01
9.782857898848383860e-01
9.984975731641979602e-01
1.014988412156278219e+00
1.026316816851215563e+00
1.038764739215376487e+00
1.037910195794148782e+00
1.039858965290268333e+00
1.035202105123059102e+00
1.035909998590981651e+00
1.023658511334178289e+00
1.015413423696064132e+00
9.981170777166475938e-01
9.987593519984456769e-01
9.873362328107170294e-01
9.826803343152201720e-01
9.731236222652561718e-01
9.703122437280387036e-01
9.650423250966591038e-01
9.583395894722054331e-01
9.494302612874039315e-01
9.617038506550954491e-01
9.564304083332939577e-01
9.645189197669306047e-01
9.669805101431881988e-01
9.727090429206832756e-01
9.832344770963010738e-01
9.894996081772171603e-01
9.994363126843542888e-01
9.962931608249011584e-01
1.002779407656988031e+00
1.006041319212144014e+00
1.011714381873311197e+00
1.020742560305990310e+00
1.021158287267700082e+00
1.020680121738649637e+00
1.020284584018440022e+00
1.022328648581548816e+00
1.017342767610144527e+00
1.015751457216492293e+00
1.018684668483933686e+00
1.017780438368609763e+00
1.009689399064194859e+00
1.015730085537784877e+00
1.005705446831398620e+00
1.006959616748809516e+00
1.006074166002256520e+00
1.002527596084656025e+00
9.952689779436421080e-01
1.001298959838330838e+00
9.967601208734467866e-01
9.900656011454873617e-01
9.944535407769679036e-01
9.892441775465413700e-01
9.923335531183835601e-01
9.896089072667088038e-01
9.928402877355331224e-01
9.958692178144250562e-01
9.928044867990474254e-01
9.927017942697539121e-01
9.989599228288583710e-01
9.945555560153770402e-01
9.975195102712481887e-01
9.946034194702523257e-01
1.001975413594333730e+00
1.003244448748623174e+00
1.001309137976404307e+00
9.975245805501777863e-01
1.003630994078623662e+00
1.003517635296217847e+00
1.000239616640398843e+00
1.001335641037189639e+00
1.001018371382758954e+00
1.000375662549859879e+00
9.998234274229887975e-01
1.002364305114415988e+00
9.991893151789454919e-01
9.992321764712918108e-01
1.001546839363016250e+00
1.000816400929217309e+00
1.001630075148330912e+00
9.959948258675485055e-01
9.976907118569958710e-01
9.982988742443251740e-01
9.963964415797168517e-01
9.979296611469880007e-01
9.988729734760948276e-01
9.970802622037996388e-01
9.972596696135911376e-01
1.001037125954128637e+00
9.985999753498228104e-01
9.988753400002805538e-01
9.996248794681733552e-01
1.002699294199332458e+00
9.964002082628717893e-01
9.982746726263476145e-01
9.993961243148431484e-01
9.992301280583563150e-01
9.982128029917703982e-01
9.954926727416680832e-01
1.001958009140302641e+00
9.953873676997353481e-01
9.996065849929817171e-01
1.002677747040719325e+00
9.988883897563827219e-01
9.955459733620279916e-01
9.987469469823998525e-01
9.997967175056533540e-01
1.001977670813360977e+00
9.989371308912770031e-01
9.976558792769619766e-01
9.974857370849784521e-01
9.993290702157083816e-01
9.964435188804597887e-01
9.950428233865814542e-01
1.000760048981422567e+00
9.977881389086976638e-01
9.993259754856465005e-01
9.982087046791207063e-01
1.001252496118803847e+00
1.001741749204560383e+00
1.001075019681293865e+00
9.990499244776288590e-01
1.000144780977757053e+00
9.960507540792268300e-01
1.000809653016658807e+00
9.965911825208703112e-01
9.977721489497761720e-01
9.995482807117819224e-01
1.002763389553398943e+00
1.002908578654691851e+00
9.984334339727373164e-01
9.995172437896185924e-01
1.002144797255110742e+00
9.991874393674510246e-01
1.003108597010639258e+00
9.995484852670700748e-01
9.996405299182484772e-01
9.988870367357524094e-01
9.974265943410396407e-01
9.967599975224148423e-01
9.995298401825359891e-01
1.000036262859266500e+00
1.001544705768201426e+00
1.000513642821994509e+00
1.000800490191721792e+00
9.989480638668799539e-01
9.982416797560883515e-01
1.002642381603923161e+00
1.000374003335950501e+00
9.989419576247451360e-01
1.000203576801538929e+00
1.001866979793789802e+00
9.989089874703279692e-01
9.972405773459503964e-01
9.990848384539151583e-01
1.001204754024923149e+00
9.990144174477392225e-01
1.000455124740314616e+00
1.002525171264183390e+00
1.001658905937685029e+00
1.000872109324728365e+00
9.998141937857167871e-01
1.000727800883834950e+00
1.000481726843128527e+00
1.001395137506575272e+00
9.990275193596123149e-01
9.992014718051176470e-01
9.981932499700695294e-01
9.995258938283186900e-01
9.983705974646217562e-01
9.989327915005788983e-01
1.001334135494423627e+00
9.987835110009047890e-01
1.000362246434275182e+00
9.996678243104735184e-01
9.983727273588948181e-01
9.989803223689036615e-01
1.001322999625314569e+00
1.001495645895649433e+00
9.976531669761568022e-01
1.000081002368563121e+00
9.996755128065965001e-01
9.986286443093359555e-01
9.960633031890266942e-01
9.970314500878110220e-01
1.000429737543087949e+00
9.975363827553934692e-01
9.992078481532983281e-01
9.974036461027439016e-01
9.985770827742195266e-01
1.000111385318002810e+00
9.986602475616009889e-01
9.998815822317189683e-01
1.000779922977040437e+00
1.000665218251471034e+00
1.000004177761648849e+00
9.986872725638994419e-01
9.992142604416327512e-01
9.994031335009848638e-01
1.000243458678851560e+00
9.996126078328669839e-01
9.995494981112491573e-01
9.990364899317021319e-01
1.001447424828181054e+00
9.988742202954735694e-01
9.998345992014050498e-01
9.992176361411564400e-01
9.987879635185978877e-01
9.998030019719531536e-01
9.992475315340099140e-01
