0.000000000000000000e+00
0.000000000000000000e+00
0.000000000000000000e+00
0.000000000000000000e+00
0.000000000000000000e+00
0.000000000000000000e+00
0.000000000000000000e+00
0.000000000000000000e+00
0.000000000000000000e+00
0.000000000000000000e+00
0.000000000000000000e+00
0.000000000000000000e+00
0.000000000000000000e+00
0.000000000000000000e+00
0.000000000000000000e+00
0.000000000000000000e+00
0.000000000000000000e+00
0.000000000000000000e+00
0.000000000000000000e+00
0.000000000000000000e+00
0.000000000000000000e+00
0.000000000000000000e+00
0.000000000000000000e+00
0.000000000000000000e+00
0.000000000000000000e+00
0.000000000000000000e+00
0.000000000000000000e+00
0.000000000000000000e+00
0.000000000000000000e+00
0.000000000000000000e+00
0.000000000000000000e+00
4.842922198000776737e-03
6.596781352477157356e-02
2.708343468972698176e-01
6.580881656404585778e-01
1.162999394856324198e+00
1.480694079786226247e+00
1.653949187387766750e+00
1.774209774587836685e+00
1.784847543838559591e+00
1.718307865960671421e+00
1.683236716288998069e+00
1.622919620576394495e+00
1.603130303998902217e+00
1.543419169815371861e+00
1.520428835317771066e+00
1.472408484898183989e+00
1.388170632761486667e+00
1.353991524214309461e+00
1.378780806225571309e+00
1.302105496531535955e+00
1.367540164591887875e+00
1.244891628949343687e+00
1.229850983856515700e+00
1.131337956893303298e+00
1.042572640730371036e+00
1.063200813361218744e+00
1.000015829802657796e+00
1.042300559790056314e+00
1.001112634901907938e+00
1.000459256004701203e+00
1.012977501846673123e+00
1.027879552425211784e+00
1.013042281221052443e+00
1.050894230758126158e+00
1.059376625895132706e+00
1.033189375805644517e+00
1.049212681372833078e+00
1.045687600376550286e+00
1.037701103922203494e+00
1.059717510848337430e+00
1.020177412524435834e+00
1.013486273482942401e+00
1.028351364673675716e+00
1.029070650244930052e+00
1.020960553965026385e+00
1.024827104319846693e+00
1.019754149742211347e+00
1.041315833923804446e+00
1.002928295278113557e+00
1.010425359289565561e+00
1.013094569261480338e+00
1.003864495735227624e+00
1.008568646690780612e+00
9.966170823976991944e-01
9.946420595119838115e-01
9.965057296485105853e-01
1.014972461275456483e+00
9.743711308216315148e-01
9.659182226021313378e-01
9.661070023543076868e-01
9.891606888771515838e-01
9.958320794286440458e-01
9.897621374880370970e-01
9.782087781069432886e-01
9.883922144111544350e-01
9.988487595899406823e-01
9.722719905753031133e-01
9.938664834194180786e-01
9.892804681144660162e-01
9.757579212107378996e-01
9.798332220834514716e-01
9.747592076566063968e-01
9.850627246229152201e-01
9.828031045476629535e-01
9.953479627352985748e-01
9.851120306379457237e-01
9.931727570025226104e-01
1.018732345652102689e+00
9.926953486963249196e-01
9.734318899324004848e-01
9.877472362269420492e-01
9.845996666038460132e-01
9.794506577805200953e-01
9.714896572928218843e-01
9.794170610117434173e-01
9.675440028801851611e-01
9.815158626832705124e-01
9.681003140724353528e-01
9.926860912753402433e-01
9.798363596955683708e-01
9.760631276994160554e-01
9.918973832245379096e-01
9.769234167096083610e-01
9.934600952541717822e-01
9.826494741782236808e-01
9.780615390889928484e-01
9.833995472337112576e-01
9.797222954464955835e-01
9.757543439931991580e-01
9.807520316136839611e-01
9.941007778899043634e-01
9.894856960701666759e-01
9.885370942772497838e-01
9.837216166444192611e-01
9.843713715492353744e-01
9.954715947263464981e-01
9.926103508941556131e-01
9.903539837484370834e-01
9.936165182046321487e-01
9.943125199988149809e-01
9.870889625656630306e-01
9.899094472351549490e-01
1.004633017156855823e+00
9.965302020319807275e-01
9.962726735385882826e-01
9.960412481156707409e-01
1.001467676534176121e+00
9.911308166319974244e-01
9.916772861920565285e-01
9.940843660328986253e-01
1.002309062383880178e+00
9.892071709293134285e-01
1.004303140380830017e+00
1.002971327638120913e+00
9.916035082073574314e-01
9.934917887671628201e-01
9.925400627024217881e-01
9.869420911546894493e-01
9.849007712222551669e-01
1.006246555420793776e+00
9.937778535231941435e-01
9.937780093578504337e-01
9.934341493189956518e-01
9.981754452971827174e-01
9.993962951421062613e-01
9.981322657430464762e-01
9.899754558880295985e-01
1.012832030779533099e+00
9.942674183524673470e-01
9.969798616772104216e-01
9.919229562662910116e-01
1.001774411841562129e+00
1.008260262174226707e+00
9.973292538544247243e-01
1.001755175664597930e+00
9.917858700385057125e-01
1.002721650905569861e+00
9.922346163601207802e-01
9.938507068700106473e-01
1.005068689434025719e+00
1.001974824191456781e+00
1.003325168814822366e+00
9.985209470826771350e-01
9.991617614546417503e-01
1.011182988453195541e+00
1.010627248509610165e+00
1.008727178747422126e+00
1.007013313690478418e+00
1.007955901006087673e+00
9.931969521347546737e-01
9.954317405189766488e-01
9.981177853526077559e-01
9.985774711621215882e-01
9.976410873379031319e-01
9.941253412266471967e-01
1.004942509619619173e+00
1.013334083217391379e+00
9.950695787885944776e-01
9.920921379155752673e-01
1.011031266661686967e+00
1.002885347442751263e+00
9.988939011857781436e-01
9.916249332450788323e-01
9.970332443998347616e-01
9.986764420858157409e-01
9.914505208520723034e-01
9.988831100908296401e-01
1.001650630275054743e+00
1.000076969102710045e+00
1.007706826823442370e+00
9.942520138611192770e-01
9.942020230113891577e-01
1.000197985081406671e+00
9.966125391192875993e-01
1.005959941333315788e+00
9.946635310359427384e-01
1.004560742629427628e+00
1.006434285578589716e+00
9.974345652073376423e-01
1.003135718374171148e+00
1.002032698185494342e+00
9.955455818242514576e-01
1.001112030264285746e+00
9.934290587129699368e-01
9.959551119797329655e-01
9.947679833775405767e-01
1.000736182400300489e+00
9.960460874377695673e-01
9.940227917558176474e-01
9.932633775410698584e-01
9.964479975922058141e-01
9.943847985981647541e-01
9.918134902970020539e-01
9.915438600708973427e-01
9.910697276332448569e-01
9.928021027246975994e-01
9.966641099851805130e-01
9.924003503303763241e-01
9.987085535041831941e-01
9.956342872151329182e-01
9.965730143871313063e-01
9.922117653953910210e-01
1.007199159578944681e+00
9.936110807599563000e-01
9.952210674664137002e-01
9.912358614048627503e-01
9.946374841423842872e-01
9.963180619989867592e-01
9.919374105257067198e-01
9.978190375726985195e-01
1.000517822325094563e+00
9.954164438198093157e-01
9.875037757400155769e-01
9.926319443398227138e-01
9.960301403343139182e-01
9.910546777476043623e-01
9.984657995786088147e-01
9.963833365249296081e-01
9.939999524678745368e-01
9.912519303379502267e-01
1.000692503623827001e+00
9.861431982172502719e-01
9.923425119924611515e-01
9.891293165513923569e-01
9.961627781646132940e-01
9.997812178108291814e-01
9.917829109010776190e-01
9.936084005934470165e-01
9.924019823572292065e-01
9.971794693168334334e-01
9.899613945342625732e-01
9.971736516092016833e-01
9.932198040988619026e-01
9.914654961073195993e-01
9.996354050312903361e-01
9.973052167934991497e-01
9.967144093474847866e-01
9.939842123287043751e-01
9.939742849196893104e-01
9.928245228085988972e-01
9.966390191181582203e-01
9.905892634156863163e-01
9.905494298046724211e-01
9.927122225901314767e-01
9.837508510482780855e-01
9.925425446722222489e-01
9.971329336576146840e-01
9.911850890718005846e-01
9.997885009603543205e-01
1.001530393357456861e+00
9.944726730224823230e-01
9.918832796238385985e-01
9.937133564913279704e-01
9.876135663450529290e-01
9.894161263163228082e-01
9.923609212684517678e-01
9.937506121452167607e-01
9.949106624664829646e-01
9.888806803765212150e-01
9.920626529322859044e-01
9.939118996169351572e-01
9.903975331873583476e-01
9.931686091378576497e-01
9.978515603917993415e-01
9.924238893466234002e-01
9.914323921982914900e-01
9.940667433382840423e-01
1.000016746147570412e+00
9.884728010216194960e-01
9.975313568626069660e-01
9.990861508973359895e-01
1.000243864225510482e+00
9.955721055050583690e-01
9.944620296859274511e-01
9.937684507760717878e-01
9.926439851259267755e-01
9.961740342097662460e-01
9.962529627650111852e-01
9.909326639885108756e-01
9.977883317837483723e-01
9.955778229752414443e-01
9.899330999426477762e-01
9.959686605424228345e-01
9.961606319781526331e-01
9.950840768601808550e-01
9.923452561492198676e-01
9.930713896150784592e-01
9.967206960618133493e-01
9.959253062926446409e-01
9.876088124639477162e-01
9.963970074264268950e-01
9.927165255862464566e-01
9.955435369380384314e-01
9.919945251156968569e-01
9.977456203097453402e-01
9.986786624027389481e-01
9.948577804035314553e-01
9.921550384589677973e-01
9.970449181752795154e-01
9.995701797390056376e-01
9.917055563892362979e-01
9.984796918559087908e-01
9.959737000096473558e-01
9.961322670365820864e-01
9.951853065790180475e-01
9.960339052571924867e-01
9.955727999258927596e-01
9.997994408823677182e-01
9.957977489071625499e-01
9.952091846300974431e-01
9.974798297455818030e-01
9.974751619473894992e-01
9.949740456823942258e-01
9.986612015402857034e-01
9.962639936377549743e-01
9.907772308853234344e-01
1.002078540393695594e+00
9.887182693733171934e-01
9.983317832718940910e-01
9.939472200565655502e-01
9.985044778288757472e-01
9.968431502658648968e-01
9.997586261938785634e-01
9.961162276954980133e-01
9.813107215006674489e-01
9.689057691651542514e-01
9.627681912689830535e-01
9.557892582643270352e-01
9.539667905431649109e-01
9.452793928350716746e-01
9.386738182692950794e-01
9.223151583144322263e-01
9.210346561730573534e-01
9.143235272962120241e-01
9.056257154303521961e-01
8.992702957175825462e-01
8.851961833071282371e-01
8.798792251467980607e-01
8.767081798314916297e-01
8.667867593434559481e-01
8.638913591333239328e-01
8.505934887285538926e-01
8.475275636897725562e-01
8.372817637142674352e-01
8.312457696003670016e-01
8.189473757161166434e-01
8.182305832977541105e-01
8.064297414615986259e-01
7.985483575772990283e-01
7.914303633822401540e-01
7.825716919701788399e-01
7.784799648154496765e-01
7.711065035655239042e-01
7.676576484183066373e-01
7.572671982082297415e-01
7.539566434741330481e-01
7.420242566823356256e-01
7.353466621891765476e-01
7.304428960751904176e-01
7.188525776177552284e-01
7.137334236665557885e-01
7.100726726765905772e-01
7.039894567677096315e-01
6.936693868506820237e-01
6.881918049434060380e-01
6.836321600141712640e-01
6.708897586510091937e-01
6.667523538768471703e-01
6.615797744693391325e-01
6.546315188735242208e-01
6.499140418863269542e-01
6.434340435342283948e-01
6.379084742515481743e-01
6.324076946872840832e-01
6.229717226508377781e-01
6.188549362475940230e-01
6.154803490911917585e-01
6.071232278473627231e-01
5.974254782766692529e-01
5.929226464143911857e-01
5.832350905957943699e-01
5.804505607680982004e-01
5.760780804071186090e-01
5.683066549480952911e-01
5.647891467222285744e-01
5.562521906971934493e-01
5.481898550928737679e-01
5.489386112571621457e-01
5.403283583131158752e-01
5.316883670386871596e-01
5.253294041668953307e-01
5.210467202052750935e-01
5.164143175809726705e-01
5.094961577476514458e-01
5.053346193354800731e-01
5.001527652161307236e-01
4.925084499831671181e-01
4.862594840480852776e-01
4.803545651302047470e-01
4.734579803575144630e-01
4.707670684091536106e-01
4.660646343702783967e-01
4.581013162775405267e-01
4.549722150353222583e-01
4.471145315007186150e-01
4.403169636157900912e-01
4.361554301311545423e-01
4.286220804941506257e-01
4.243921003083889754e-01
4.192363867255972654e-01
4.175110233074765254e-01
4.057336981954718369e-01
4.017906857173729196e-01
3.999373331053059366e-01
3.949578266162651063e-01
3.904331690171405356e-01
3.825862703972370271e-01
3.781416765527122470e-01
3.754448825188382854e-01
3.691589366338892675e-01
3.601936108910292478e-01
3.569358404686422959e-01
3.514769888343080018e-01
3.489907853385119663e-01
3.416822948974142515e-01
3.383805649429112439e-01
3.330534718454037368e-01
3.282121035400188402e-01
3.244118024072893958e-01
3.184264625214418554e-01
3.111378458024898208e-01
3.107424864910148798e-01
3.038635787908366970e-01
2.994784839158986522e-01
2.955367120088493449e-01
2.891383499950586633e-01
2.855520848720849436e-01
2.789445245887358649e-01
2.753210477814609369e-01
2.710487972649677224e-01
2.664676022271352807e-01
2.622110184193301996e-01
2.586246181590846627e-01
2.536068749901729813e-01
2.469054027239160898e-01
2.439116985828769235e-01
2.410011199532385850e-01
2.349303589728975739e-01
2.313340045277420820e-01
2.271907139002553588e-01
2.207715117871135169e-01
2.176914938396367905e-01
2.132039680280894967e-01
2.078124862499470538e-01
2.028591190481396356e-01
1.998008442527140216e-01
1.915666333078213657e-01
1.911952822367420646e-01
1.858606708818568709e-01
1.816222874262405917e-01
1.785005964298203296e-01
1.722191280957709458e-01
1.691282008821172467e-01
1.652626483720812112e-01
1.584971187425962547e-01
1.552352225244083561e-01
1.504397371695397889e-01
1.467308385499931922e-01
1.423324918940070960e-01
1.386958494710024137e-01
1.336124582400024241e-01
1.306123245061026894e-01
1.249553478528158679e-01
1.218830098444349114e-01
1.177756020409771315e-01
1.131315997636662268e-01
1.106266338661572451e-01
1.071971797815683969e-01
1.039490986139323114e-01
1.020289628423971806e-01
9.878863058630721339e-02
9.524667376335345381e-02
9.277004426562063255e-02
9.032032647152272997e-02
8.677043495134392770e-02
8.446040979850823194e-02
8.231406549778158555e-02
7.989945009217837291e-02
7.950366827360548505e-02
7.531935803596230550e-02
7.384110154477079024e-02
7.228442916152873210e-02
6.924459295361348743e-02
6.805633680358209869e-02
6.668792744648288640e-02
6.372637399062022756e-02
6.215040136585162772e-02
6.014650792218392827e-02
5.830563302201873660e-02
5.619007717639588895e-02
5.529027387643723618e-02
5.337614080074049028e-02
5.219968668989475452e-02
5.030208026354286710e-02
4.834938690035216202e-02
4.785078571623243432e-02
4.534745174812086083e-02
4.382047448930743994e-02
4.257487142005142444e-02
4.197630891676807502e-02
3.997554935752735406e-02
3.893753070928955562e-02
3.781262601233898596e-02
3.586327244072637366e-02
3.481540907413221975e-02
3.467100131363732435e-02
3.258301547455824676e-02
3.205045001845478747e-02
3.117989857300796849e-02
2.979906760874519514e-02
2.811919963547668960e-02
2.793577144052972541e-02
2.640646850585460018e-02
2.563810886603525019e-02
2.486750020040321904e-02
2.442787311909440720e-02
2.333834076203407729e-02
2.192174686079305379e-02
2.097429525789198251e-02
2.042832821117449710e-02
1.973891008698023392e-02
1.903951729323965364e-02
1.818780345892692316e-02
1.777144247442992084e-02
1.678108139681650998e-02
1.590231348553414886e-02
1.532132686081117551e-02
1.483400970640278912e-02
1.443224810509585211e-02
1.334505451659493205e-02
1.297941766330590156e-02
1.243208423639018817e-02
1.184254942174809387e-02
1.094046937810421588e-02
1.024424583122770550e-02
9.982312627948741746e-03
9.767353380438461435e-03
9.127101704300838447e-03
8.608682778925413198e-03
8.272891586627716121e-03
7.389886128269008286e-03
6.920052981366865696e-03
6.941094304705933311e-03
6.452046200002056926e-03
5.861213620333445735e-03
5.723395866675343516e-03
5.360989244315891335e-03
4.833265484858496885e-03
4.616579127765268846e-03
4.198068319206854637e-03
3.835444489459233913e-03
3.938563391984865533e-03
3.338342911701268519e-03
3.014961057317133708e-03
3.018118707252599123e-03
2.570502936215944296e-03
2.516470896359449590e-03
2.128568629113162126e-03
1.969585580180984244e-03
1.798737736446879730e-03
1.596865911028001132e-03
1.345061334663239655e-03
1.324719554701617782e-03
1.183597802903273372e-03
8.943303700795189343e-04
8.408537401208130736e-04
7.467571816442663797e-04
6.281387325083532180e-04
5.102816714383780032e-04
4.275057714554665730e-04
3.577013353395781911e-04
2.759410308835461337e-04
1.977935138954611328e-04
1.293866274697283273e-04
9.519454315414977341e-05
5.815893414763155040e-05
3.356372960306617202e-05
1.216618500810389570e-05
0.000000000000000000e+00
0.000000000000000000e+00
0.000000000000000000e+00
0.000000000000000000e+00
0.000000000000000000e+00
0.000000000000000000e+00
0.000000000000000000e+00
0.000000000000000000e+00
0.000000000000000000e+00
0.000000000000000000e+00
0.000000000000000000e+00
0.000000000000000000e+00
0.000000000000000000e+00
0.000000000000000000e+00
0.000000000000000000e+00
0.000000000000000000e+00
0.000000000000000000e+00
0.000000000000000000e+00
0.000000000000000000e+00
0.000000000000000000e+00
0.000000000000000000e+00
