0.000000000000000000e+00
0.000000000000000000e+00
0.000000000000000000e+00
0.000000000000000000e+00
0.000000000000000000e+00
0.000000000000000000e+00
0.000000000000000000e+00
0.000000000000000000e+00
0.000000000000000000e+00
0.000000000000000000e+00
0.000000000000000000e+00
0.000000000000000000e+00
0.000000000000000000e+00
0.000000000000000000e+00
0.000000000000000000e+00
0.000000000000000000e+00
0.000000000000000000e+00
0.000000000000000000e+00
0.000000000000000000e+00
0.000000000000000000e+00
0.000000000000000000e+00
0.000000000000000000e+00
0.000000000000000000e+00
3.656011686465443868e-04
6.727386301469430712e-04
1.769895683111091106e-02
8.539294614373746373e-02
2.768690077108298397e-01
6.781393107215040184e-01
1.250581434489110633e+00
1.821744513866850212e+00
2.267938752336378538e+00
2.339283214485924578e+00
2.142524482570453692e+00
1.771599346939060737e+00
1.408515681171234046e+00
1.057764856458810687e+00
8.264971181300745373e-01
7.147826766222405981e-01
7.331474979649810209e-01
7.566051177820057871e-01
8.107441181601037217e-01
8.916534165535785483e-01
9.795047791879472054e-01
1.066397624131642408e+00
1.112504872374524334e+00
1.204504864790745033e+00
1.277382127420989777e+00
1.382260152908429074e+00
1.454549048877055384e+00
1.518738935851009497e+00
1.567530425828069118e+00
1.649121245789000101e+00
1.671367733035228786e+00
1.676881475884818506e+00
1.667083962758946436e+00
1.597083334344993943e+00
1.539451904959308060e+00
1.475648253765565299e+00
1.376613353559565933e+00
1.310353209443291922e+00
1.245664238617162578e+00
1.186944269474096814e+00
1.130224505950202740e+00
1.114963376759193547e+00
1.108289904430509676e+00
1.088542495799178500e+00
1.095707183874985668e+00
1.097560004543045808e+00
1.088610971850687559e+00
1.095609901856021251e+00
1.089075368985169323e+00
1.082712501014327255e+00
1.084513739302930935e+00
1.085828774083858361e+00
1.090945079120035244e+00
1.095976618840139638e+00
1.082702691500615044e+00
1.062994702505256406e+00
1.063514710665153462e+00
1.047913503296491688e+00
1.044366258863594910e+00
1.039702973978153144e+00
1.016165734732085824e+00
1.019321710516354784e+00
1.012882042371547220e+00
1.002363790653095332e+00
1.001422062334816010e+00
1.008078666854927308e+00
1.006551028923835300e+00
1.001368001172439515e+00
1.000390720883292950e+00
9.943597055567028331e-01
1.006742766311685244e+00
9.978273505709882585e-01
9.986275595622956525e-01
9.845000320666074112e-01
9.890708831046071126e-01
9.893621060968096348e-01
9.847506436711482847e-01
9.832447737856575554e-01
9.871146029256676613e-01
9.737908746503303181e-01
9.765355220623280763e-01
9.805690505029944770e-01
9.784329696206814919e-01
9.817763443555880265e-01
9.818560055662124419e-01
9.742356753309203699e-01
9.770861119586373711e-01
9.800215540043145657e-01
9.874053378493999888e-01
9.776199803401901534e-01
9.873835895364969639e-01
9.814714656520266978e-01
9.869528471927911939e-01
9.887397038732405052e-01
9.834487219291014881e-01
9.889081242720697551e-01
9.882359940654443786e-01
9.860174554131325708e-01
9.863094168130107642e-01
9.892325227937566190e-01
9.893502966387450748e-01
9.915383431540317760e-01
9.913004607092000819e-01
9.904035285285064383e-01
9.933379703968301389e-01
9.899712900770595292e-01
9.865415696421426794e-01
9.932620147955482093e-01
9.893767080664421787e-01
9.955018769962501457e-01
9.936285271641293049e-01
9.904950717974019270e-01
9.967491438574391793e-01
9.972412038248943400e-01
9.967591011243733812e-01
9.974711988773208304e-01
9.936607976064028014e-01
9.978466701996163701e-01
1.000131111874000389e+00
9.977187416037648360e-01
9.997577037075421336e-01
1.001886629085313674e+00
1.003424007665591589e+00
9.991056716139027349e-01
1.003285909744857873e+00
9.989304257131065290e-01
1.001350401240743038e+00
9.952020582548944949e-01
9.983485187905308811e-01
1.000806157291274312e+00
1.000209925905671815e+00
9.949178206601840824e-01
1.001320189441931685e+00
9.958036019449303389e-01
9.990724610137158290e-01
1.001046449135732264e+00
9.957884457845930237e-01
9.999508878960320368e-01
9.960371899892040970e-01
9.946979515299225749e-01
9.998358843867924950e-01
1.000372958544258895e+00
9.951841647979823291e-01
9.963992623832954587e-01
1.001149193617003386e+00
1.001065094535295685e+00
9.978909880178401526e-01
9.942915809794289350e-01
9.954864918380690320e-01
9.973945090353042442e-01
9.946443365776443946e-01
9.956516187444883759e-01
9.920279624352675851e-01
9.969786959793623948e-01
9.923271167870290066e-01
9.982691621792407766e-01
9.974369276708429100e-01
9.980059441866551140e-01
9.969632896946801770e-01
9.957622378910473415e-01
9.973946564265107062e-01
9.965722634554227133e-01
9.930805408772380716e-01
9.976295982139826712e-01
9.969018331515570042e-01
9.967641408541676462e-01
9.952467324762799272e-01
9.991147601730429040e-01
9.977765029634551031e-01
1.000308357643012958e+00
9.981504992488379191e-01
9.937688008371382553e-01
9.995261736368734606e-01
9.988499050690502479e-01
9.941394460237350517e-01
9.955306213532352233e-01
9.961387770988960888e-01
9.989407119404558610e-01
9.977488567026608912e-01
9.985655634119603441e-01
9.976552952409677433e-01
9.974248376099477120e-01
9.988538995862258352e-01
9.953451848824373949e-01
9.952859290632108946e-01
9.971794119214394403e-01
9.981541170881038649e-01
9.980627384706989291e-01
9.963845766709730212e-01
9.923459875451492440e-01
9.966898819000791221e-01
9.951823394061398709e-01
9.928771075170237381e-01
9.968618243982768634e-01
9.960999767007160388e-01
9.967610563314063254e-01
9.975364158433537298e-01
1.001193106814924239e+00
9.966350029896297036e-01
9.956587372887216736e-01
9.925780993644235384e-01
9.984474243147367645e-01
9.947423751538500003e-01
9.968891916698691125e-01
9.927017018831796324e-01
9.988213774234689923e-01
9.964658268838697541e-01
9.978229721703251176e-01
9.953628765906261666e-01
9.901960389282260522e-01
9.959513349256255976e-01
9.993363055961258512e-01
9.951529177496372114e-01
1.000138515115922999e+00
9.988796854328572117e-01
9.946460377844820178e-01
9.962744533747841524e-01
9.961761335542402840e-01
9.993622284115066812e-01
9.987946170919675959e-01
9.963124206969021790e-01
9.970362328528353801e-01
9.978224292338462309e-01
9.993274436998026422e-01
9.976504890916079171e-01
9.982898488958923400e-01
9.963988566181732898e-01
9.952913858888891019e-01
9.983904867806627781e-01
9.974376082375555619e-01
9.957459264295051016e-01
9.971614344082898596e-01
9.989419181758767419e-01
9.975122488766372530e-01
9.982551677277793356e-01
1.001576787487645559e+00
1.000301609703065919e+00
9.957967212104071875e-01
9.979667665685221234e-01
9.996411827338088640e-01
9.993332448013483305e-01
9.973359230969514044e-01
9.982536830789218163e-01
9.987685169873677937e-01
9.958528704020879196e-01
9.988126524836694609e-01
9.979978114392388244e-01
1.003476543869515014e+00
9.990074045873955644e-01
9.973668382995446446e-01
9.981936125606248877e-01
9.987487342581290450e-01
9.963429453167115257e-01
9.949758773378486465e-01
9.971322182817172752e-01
9.972377051634953027e-01
9.968146852379532463e-01
