0.000000000000000000e+00
0.000000000000000000e+00
0.000000000000000000e+00
0.000000000000000000e+00
0.000000000000000000e+00
0.000000000000000000e+00
0.000000000000000000e+00
0.000000000000000000e+00
0.000000000000000000e+00
0.000000000000000000e+00
0.000000000000000000e+00
0.000000000000000000e+00
0.000000000000000000e+00
0.000000000000000000e+00
0.000000000000000000e+00
0.000000000000000000e+00
0.000000000000000000e+00
0.000000000000000000e+00
0.000000000000000000e+00
0.000000000000000000e+00
0.000000000000000000e+00
0.000000000000000000e+00
0.000000000000000000e+00
0.000000000000000000e+00
8.409594251830571207e-04
8.694598030370318670e-03
4.169195046785564851e-02
1.425789813695904906e-01
3.425645630384850926e-01
6.326264951120111890e-01
9.504171491993402832e-01
1.207075531835056559e+00
1.273689971433021650e+00
1.225059188083431838e+00
1.098920608524052378e+00
9.266063273056222016e-01
7.899095061154921549e-01
6.839428324822531824e-01
6.242867115078352125e-01
5.893257889656444704e-01
5.808972772164195941e-01
6.150898651645539950e-01
6.381923601005442537e-01
6.854907214840045837e-01
7.311021536124360232e-01
7.494562968831205430e-01
7.912549247716404999e-01
8.327102952824747550e-01
8.827289038565997448e-01
9.273251687846402191e-01
9.777089243711128974e-01
1.040763415731266850e+00
1.088459469058799201e+00
1.131401817879516436e+00
1.176029445063696777e+00
1.195461361666561473e+00
1.182966585647907909e+00
1.194186190737128950e+00
1.169346160119355993e+00
1.138328774705468449e+00
1.114637030062153977e+00
1.097184131619241887e+00
1.068456007127904783e+00
1.036246415311616431e+00
1.027153973423092559e+00
1.001702347623862677e+00
9.905482000084003813e-01
9.722309458605272736e-01
9.669263294572936207e-01
9.655148419915036140e-01
9.653377133179367187e-01
9.770182708712875641e-01
9.757816839845772083e-01
9.784742394861145609e-01
9.900768090426881329e-01
9.925065196170341775e-01
1.010292805944754901e+00
1.014598285483593987e+00
1.021897092694060261e+00
1.012246746989148738e+00
1.016952001572854591e+00
1.011546223564769420e+00
1.019512866064359535e+00
1.013457881246678571e+00
1.013596001219050580e+00
1.016461472058244775e+00
1.012932664212914169e+00
1.009351479725061562e+00
1.005350296735700866e+00
9.988673468547758505e-01
1.005319039192303698e+00
1.005161271303137260e+00
1.001836912540213564e+00
1.003748462551230958e+00
1.003229532033017568e+00
9.988033261614726044e-01
1.002432858069369770e+00
1.008412590512535623e+00
1.007200418412118381e+00
1.008678474759019839e+00
1.004760192609111868e+00
1.010041910385632846e+00
1.002058782387752034e+00
9.986147640169260598e-01
9.939626501701946948e-01
9.987593677565353989e-01
9.986347032124840428e-01
9.960788434959668702e-01
9.937730418874859417e-01
1.005001775941299691e+00
9.989342650234337428e-01
9.985825672432765421e-01
9.985402047252774915e-01
9.963064280246501925e-01
9.969169424428377946e-01
9.969104745273403845e-01
1.004814287678322815e+00
9.982201655550176911e-01
9.987943959363342339e-01
1.000121795722680451e+00
9.988061057925148312e-01
1.000530677630187881e+00
9.985066345220754425e-01
1.000620415790680395e+00
1.006035808826427846e+00
1.001247644248632218e+00
9.996583678167121345e-01
1.000647751439147415e+00
1.001265240669327650e+00
9.942304090580280640e-01
1.001907537141650817e+00
1.003946838524282903e+00
1.002095352641328097e+00
1.005126727897314387e+00
9.998029268871327924e-01
1.004909122530180721e+00
1.003310140883878931e+00
9.997713099664174985e-01
1.000393340411846355e+00
1.005429654590071831e+00
1.002677162337064720e+00
1.003981502108107104e+00
1.002226831621348069e+00
1.001605095714065641e+00
1.002809782614987766e+00
1.003867763589044282e+00
9.986169896036519722e-01
1.001987774859775415e+00
1.002448592717375186e+00
1.004352499821589362e+00
1.001084574844553821e+00
1.003973966973838783e+00
1.002928822790229990e+00
1.003732555857346442e+00
1.000675288029606147e+00
1.002323643871928960e+00
9.986043900687375796e-01
1.002640343549690671e+00
1.001045256716795784e+00
1.001792588544387019e+00
1.002400517438732708e+00
1.001724273670623999e+00
1.003156769187863784e+00
1.000962883986845409e+00
1.000218187363576927e+00
1.001442169229678880e+00
1.001049505883856217e+00
9.997526671937471132e-01
1.003149420803618685e+00
1.003289886153477584e+00
1.002909989412557268e+00
1.004702125254494538e+00
1.000392906546289762e+00
9.998492934427030132e-01
1.002326266867677340e+00
1.001069389895274275e+00
1.003153905457208950e+00
1.000003571415068349e+00
1.002127517016277336e+00
1.005041584200142113e+00
1.003540518003017468e+00
1.001214500468583735e+00
1.002389645981822897e+00
1.003203902175785478e+00
1.001283923612264148e+00
1.001459642176190989e+00
1.002398464142696177e+00
9.997277024037172222e-01
1.002061224751478408e+00
1.001033924993527391e+00
1.004619383113870335e+00
1.002450489383001520e+00
1.003078871937351346e+00
1.001022244405819217e+00
1.001613150919047346e+00
1.002863474911351194e+00
9.995831888558569522e-01
1.002294792006701796e+00
1.000557599445706103e+00
1.000167122927301255e+00
1.001317009727310081e+00
1.002628622432172101e+00
9.994850654568171455e-01
1.001501746662508463e+00
1.002665913123234054e+00
1.001438418369124728e+00
1.000706178304558991e+00
1.001477539351276480e+00
1.000761989217760606e+00
1.000223781632866293e+00
1.000343339663317899e+00
1.001571623610610251e+00
9.989245659700609625e-01
1.000711102528275331e+00
1.002568013400380487e+00
1.001451388396144004e+00
1.003132382219226848e+00
1.003171400681744041e+00
1.000629780238742494e+00
9.992537424067052809e-01
9.989371940764067981e-01
1.001172544622962679e+00
9.992340442682385859e-01
1.000653602576319079e+00
1.000944475951119905e+00
1.004083942999726808e+00
1.001419436145788655e+00
9.993091250217455146e-01
1.001387983973857976e+00
1.000768313982025814e+00
1.001944203897935814e+00
1.002860878065791717e+00
1.001864328271437676e+00
1.002222153552773998e+00
1.000282642685982548e+00
1.000349807374216082e+00
9.990441944852079814e-01
1.001210318304990743e+00
9.998223382232507284e-01
9.997269612262488225e-01
9.988095443107986027e-01
9.994986627090716169e-01
9.984271729615452617e-01
9.983357532586872862e-01
9.994741335558142703e-01
1.000304553435302335e+00
1.000274374912654807e+00
9.996202698563696476e-01
1.000314489314516830e+00
9.996305639179857705e-01
1.000515440340125517e+00
9.998589082226639890e-01
9.995947172903405509e-01
9.986043694331516729e-01
1.002142916554069174e+00
9.983939945958353324e-01
1.001712605556468239e+00
1.000277704591040928e+00
1.000744936890237913e+00
1.000475045482481562e+00
1.000645517093239567e+00
9.993370878152542103e-01
1.001530469101876042e+00
9.995536068834511845e-01
1.001913516101720081e+00
9.979055331723900579e-01
1.000345432877722818e+00
9.987883650044407924e-01
9.990544576432009993e-01
9.978961174721197036e-01
1.002016904390542029e+00
1.000162613579340221e+00
9.995853234282929822e-01
9.983903903120902035e-01
1.000421122299068877e+00
9.992140070516238870e-01
1.000849560085071310e+00
9.997201202097695250e-01
1.001947538451906095e+00
9.987846521274814648e-01
