1.000000000000000000e+00 1.225062883774870673e-02
3.000000000000000000e+00 1.134778335844406801e-02
5.000000000000000000e+00 1.249270906763593272e-02
7.000000000000000000e+00 1.296278640749959875e-02
9.000000000000000000e+00 1.217397976866394470e-02
1.100000000000000000e+01 1.199358270124529884e-02
1.300000000000000000e+01 1.221494112585929173e-02
1.500000000000000000e+01 1.161088934130575026e-02
1.700000000000000000e+01 1.153783158720508330e-02
1.900000000000000000e+01 1.253824316683634955e-02
2.100000000000000000e+01 1.083826551766922837e-02
2.300000000000000000e+01 1.129839610496310466e-02
2.500000000000000000e+01 1.100802856547219120e-02
2.700000000000000000e+01 1.155550830654700385e-02
2.900000000000000000e+01 1.180093881505135320e-02
3.100000000000000000e+01 1.109294694098562906e-02
3.300000000000000000e+01 1.102799998552163145e-02
3.500000000000000000e+01 1.119642793631279130e-02
3.700000000000000000e+01 1.089474947918811325e-02
3.900000000000000000e+01 1.067652642084890996e-02
4.100000000000000000e+01 1.132165346715624001e-02
4.300000000000000000e+01 1.097231872363831767e-02
4.500000000000000000e+01 1.030274050775241597e-02
4.700000000000000000e+01 1.075156589473602077e-02
4.900000000000000000e+01 1.053950015308229536e-02
5.100000000000000000e+01 1.084658459155982829e-02
5.300000000000000000e+01 1.077781845489564350e-02
5.500000000000000000e+01 1.082688289897825243e-02
5.700000000000000000e+01 1.106588482539368201e-02
5.900000000000000000e+01 1.088252394970616599e-02
6.100000000000000000e+01 1.071063999802621472e-02
6.300000000000000000e+01 1.072250798943721710e-02
6.500000000000000000e+01 1.102639585164435186e-02
6.700000000000000000e+01 1.107999888400246907e-02
6.900000000000000000e+01 1.082727126780568677e-02
7.100000000000000000e+01 1.089993839542890801e-02
7.300000000000000000e+01 1.092604576418376022e-02
7.500000000000000000e+01 1.086230608614823998e-02
7.700000000000000000e+01 1.020334850297941777e-02
7.900000000000000000e+01 1.102736816629093161e-02
8.100000000000000000e+01 1.101581774543933245e-02
8.300000000000000000e+01 1.115736645070919929e-02
8.500000000000000000e+01 1.136689236951486139e-02
8.700000000000000000e+01 1.055415785566760425e-02
8.900000000000000000e+01 9.864153421111599221e-03
9.100000000000000000e+01 1.089769177635452509e-02
9.300000000000000000e+01 1.105371604117253229e-02
9.500000000000000000e+01 1.139471343475493247e-02
9.700000000000000000e+01 1.126507073893556407e-02
9.900000000000000000e+01 1.107193908766500659e-02
1.010000000000000000e+02 1.153154556965097985e-02
1.030000000000000000e+02 1.076410600732476304e-02
1.050000000000000000e+02 1.161651903703551404e-02
1.070000000000000000e+02 1.093018598614820674e-02
1.090000000000000000e+02 1.100462470349103557e-02
1.110000000000000000e+02 1.103508023455949602e-02
1.130000000000000000e+02 1.105419143318569011e-02
1.150000000000000000e+02 1.123608959208766828e-02
1.170000000000000000e+02 1.128240687326195063e-02
1.190000000000000000e+02 1.117691046285998122e-02
1.210000000000000000e+02 1.080399979556991366e-02
1.230000000000000000e+02 1.090537284413797131e-02
1.250000000000000000e+02 1.121355728822747040e-02
1.270000000000000000e+02 1.112485032786836477e-02
1.290000000000000000e+02 1.131529562135010283e-02
1.310000000000000000e+02 1.109034510881830478e-02
1.330000000000000000e+02 1.131458847935462066e-02
1.350000000000000000e+02 1.150099402332796852e-02
1.370000000000000000e+02 1.169219571926326424e-02
1.390000000000000000e+02 1.186480315374688864e-02
1.410000000000000000e+02 1.113579950789779505e-02
1.430000000000000000e+02 1.125659200416115162e-02
1.450000000000000000e+02 1.116191367017125603e-02
1.470000000000000000e+02 1.118793142895042718e-02
1.490000000000000000e+02 1.173869021405755421e-02
1.510000000000000000e+02 1.104143202626257751e-02
1.530000000000000000e+02 1.193923839370780553e-02
1.550000000000000000e+02 1.171066868667254221e-02
1.570000000000000000e+02 1.137946083037986826e-02
1.590000000000000000e+02 1.183260180369393073e-02
1.610000000000000000e+02 1.113970003959464938e-02
1.630000000000000000e+02 1.203888765378557588e-02
1.650000000000000000e+02 1.148850842598235673e-02
1.670000000000000000e+02 1.196853020977568967e-02
1.690000000000000000e+02 1.114282683489397838e-02
1.710000000000000000e+02 1.108566141096632707e-02
1.730000000000000000e+02 1.120842433731167841e-02
1.750000000000000000e+02 1.153872037519821682e-02
1.770000000000000000e+02 1.217995413806330363e-02
1.790000000000000000e+02 9.528266873804591697e-03
