0.000000000000000000e+00
0.000000000000000000e+00
0.000000000000000000e+00
0.000000000000000000e+00
0.000000000000000000e+00
0.000000000000000000e+00
0.000000000000000000e+00
0.000000000000000000e+00
0.000000000000000000e+00
0.000000000000000000e+00
0.000000000000000000e+00
0.000000000000000000e+00
0.000000000000000000e+00
0.000000000000000000e+00
0.000000000000000000e+00
0.000000000000000000e+00
0.000000000000000000e+00
0.000000000000000000e+00
0.000000000000000000e+00
0.000000000000000000e+00
0.000000000000000000e+00
0.000000000000000000e+00
0.000000000000000000e+00
0.000000000000000000e+00
0.000000000000000000e+00
6.870449345590268209e-02
1.679506939599955562e+00
5.801220904860363348e+00
6.572866136450469909e+00
4.779530315125467332e+00
2.127581969275618157e+00
1.080624521860658938e+00
5.118061998936075385e-01
2.866366974974031145e-01
1.426383011994878380e-01
1.169902513137107136e-01
1.341430740379946918e-01
1.556786174423046565e-01
1.657822278004417171e-01
2.806272535736308305e-01
3.105230889555205542e-01
5.370000118757620733e-01
7.964878074894643500e-01
1.140435290325544804e+00
1.534234596500198444e+00
1.966071279878873534e+00
2.285354835919646721e+00
2.516885436799606079e+00
2.754167163980102195e+00
2.762540295193661510e+00
2.897741994190283776e+00
2.804834826059526165e+00
2.802750332330803840e+00
2.405490173922559372e+00
2.232286170250019630e+00
1.836357135410694230e+00
1.568984078595537346e+00
1.397317376765515373e+00
1.138453598818644608e+00
1.116915385163663510e+00
1.060767722343256114e+00
1.137594919039085495e+00
1.127791383208561315e+00
1.159034638357935076e+00
1.225402247750536189e+00
1.295539030496369648e+00
1.352851910415104442e+00
1.407205646068397265e+00
1.355945674696533931e+00
1.406932522945838704e+00
1.434724545000458651e+00
1.441194677197862317e+00
1.379611411673492327e+00
1.444055944436883232e+00
1.345174235240830463e+00
1.367780272780265038e+00
1.272704858706050768e+00
1.206597930185138834e+00
1.197079637449566691e+00
1.160791785110009355e+00
1.134200184017837287e+00
1.134790191085814248e+00
1.101539052730679646e+00
1.122734625975444711e+00
1.130734967487821319e+00
1.139889655994022810e+00
1.129809538280510450e+00
1.143816599745890450e+00
1.127241410662433996e+00
1.149604776894896707e+00
1.200714131611078317e+00
1.139923991482057808e+00
1.120632411110179305e+00
1.128988481381850262e+00
1.123232943206246004e+00
1.094934078239340636e+00
1.109303730126573351e+00
1.103116060945680488e+00
1.087739397471687575e+00
1.061923585810219617e+00
1.155469862727963593e+00
1.054315322181464509e+00
1.050429559406050872e+00
1.113231924911944004e+00
1.081390188254045315e+00
1.032485473438661927e+00
1.051792359525331344e+00
1.077551572826971338e+00
1.027417270563144358e+00
1.068732575098582327e+00
1.040328500233143938e+00
1.085364103096888577e+00
1.084512254213002125e+00
1.026293526176336846e+00
1.080355494500312430e+00
1.050341509889864300e+00
1.055760961787504115e+00
1.027511122614209071e+00
1.051606695351676279e+00
1.037209162293425635e+00
1.036374343919892471e+00
1.024530335966307382e+00
1.027522940744445057e+00
1.001576138641741220e+00
1.018412582451564408e+00
1.035154729226402948e+00
1.014385988791318916e+00
1.022723489740421599e+00
1.026891336273310751e+00
1.027878270465419241e+00
1.016645903560914110e+00
1.011061110557932352e+00
1.036577430749267670e+00
1.035897792168162024e+00
1.016846631787812871e+00
1.020388270019120025e+00
9.997370946699263294e-01
1.017861570579047692e+00
1.030468786947070114e+00
1.031360820407736023e+00
9.784799035552600444e-01
1.012230724188773134e+00
9.914728657668234746e-01
1.001353228499813453e+00
9.845458875753506645e-01
1.024244762407554799e+00
1.017596063472891554e+00
1.009184576940570510e+00
1.023396616330375597e+00
1.038338834929274146e+00
9.997310141133171069e-01
9.902755395501572355e-01
1.018829567690906712e+00
9.934619989692462516e-01
1.028374568471556172e+00
9.856253946747044470e-01
9.997042852782703770e-01
1.010825626926723286e+00
1.012517100465623043e+00
1.003724659498753446e+00
9.851855061922162315e-01
1.018076577748736833e+00
9.988168004162469860e-01
1.013211757711896421e+00
1.020579306578343726e+00
9.906656855414559537e-01
1.012647827239299136e+00
9.978853218472737430e-01
9.860761667417567988e-01
1.014132479681657983e+00
9.913587855022966133e-01
9.998838537496621548e-01
1.006793779969740843e+00
1.003830492112092854e+00
1.022145157971292573e+00
1.026342195573858973e+00
1.008291022747605403e+00
9.917148614142512475e-01
1.018917387592558343e+00
1.003158672414582453e+00
9.926227214880039007e-01
1.004094408633720903e+00
9.972794940793595631e-01
9.945338786143297360e-01
1.012527872204777468e+00
1.003588287796524980e+00
1.005829122557624355e+00
1.007711003917483916e+00
9.959157729777812218e-01
1.005713544475148380e+00
1.038274767343820404e+00
1.008818295849593261e+00
1.008251497105199901e+00
1.007881163052876339e+00
9.958904930683114554e-01
9.981201811965687565e-01
1.003608789912273203e+00
1.000917008612516979e+00
1.005939345710244348e+00
1.004524243785319237e+00
1.007644218038419748e+00
9.893042074140933062e-01
1.008649976460880948e+00
1.021958228941416857e+00
9.841027578871404113e-01
1.013166413896858131e+00
1.005053929895828979e+00
1.002342811486396590e+00
9.905927098212132798e-01
9.811585651870834424e-01
1.004731130076745638e+00
1.025018289237871860e+00
1.004509609038237494e+00
1.022665985666818766e+00
9.898463848005505383e-01
9.904947531317713771e-01
1.010058511771152467e+00
1.009009133451408191e+00
9.990458030742103146e-01
9.869960588577639804e-01
9.946974584791339336e-01
9.954807176262608914e-01
9.889895235319249300e-01
1.008692885445455101e+00
9.965353195677837395e-01
9.768209337629940592e-01
9.964328210452929602e-01
9.919223687638961673e-01
9.859121786198530302e-01
9.848890512457340041e-01
9.908265479493451044e-01
9.810344178837582252e-01
1.002700370558804455e+00
1.002980888772603940e+00
9.886760310603792679e-01
9.788473267978239356e-01
9.915165927181854855e-01
9.937198217450901039e-01
9.938875758530012483e-01
9.902789265345243175e-01
9.887042673271770887e-01
9.820654072159403780e-01
9.897863688853298925e-01
9.779809268505632591e-01
9.818813798653769354e-01
9.851670199311952647e-01
9.928526915368174333e-01
9.992151841540694024e-01
9.968330827839888553e-01
9.862745234943113282e-01
9.853226036747864125e-01
1.003921614065274914e+00
9.863143932329394570e-01
1.007819798683057710e+00
9.893608997313612097e-01
9.929249058613406342e-01
9.956563352187759453e-01
9.870620969827389457e-01
1.004313852315683375e+00
9.776784330851101545e-01
9.733471127983873705e-01
9.950585316230269317e-01
9.871025261675858697e-01
9.855448604673462398e-01
9.871757845082558269e-01
9.992762544449422801e-01
9.704013523203208758e-01
9.860131608067922437e-01
9.867392801119161394e-01
9.914876871128714964e-01
9.922919964842785712e-01
9.932394216608564363e-01
9.872265672870159658e-01
9.859340198327252169e-01
9.911567882615983649e-01
9.920394066672756361e-01
9.890845742577406563e-01
9.903240955028220771e-01
9.828793905071568915e-01
9.879841655978142123e-01
