0.000000000000000000e+00
0.000000000000000000e+00
0.000000000000000000e+00
0.000000000000000000e+00
0.000000000000000000e+00
0.000000000000000000e+00
0.000000000000000000e+00
0.000000000000000000e+00
0.000000000000000000e+00
0.000000000000000000e+00
0.000000000000000000e+00
0.000000000000000000e+00
0.000000000000000000e+00
0.000000000000000000e+00
0.000000000000000000e+00
0.000000000000000000e+00
0.000000000000000000e+00
0.000000000000000000e+00
0.000000000000000000e+00
0.000000000000000000e+00
0.000000000000000000e+00
0.000000000000000000e+00
0.000000000000000000e+00
0.000000000000000000e+00
0.000000000000000000e+00
3.435137272705342942e-02
7.252231811784396465e-01
2.717407048710564155e+00
3.137844959595384786e+00
2.061152092568228067e+00
1.066165192281392837e+00
5.425497579410799576e-01
2.770450676223746855e-01
1.990481977739270991e-01
2.101984642210555643e-01
2.180217394189163937e-01
2.464816273205091002e-01
2.430430863508798167e-01
2.592165245955201924e-01
2.720297021190218878e-01
3.037056449192713781e-01
3.657733104260848522e-01
4.897533338887350429e-01
6.941603413070810413e-01
9.475913765360063357e-01
1.195582631380668781e+00
1.328612814135329945e+00
1.559399570099106347e+00
1.630615415942415547e+00
1.649276649388933480e+00
1.800969153831253333e+00
1.800776062225074137e+00
1.767681593704677034e+00
1.603879473989039850e+00
1.489155715600409824e+00
1.273523336245916404e+00
1.122473877180035107e+00
1.030393996274674873e+00
9.301921464053334310e-01
8.752102965841034310e-01
9.215871739151859643e-01
8.995394503754563509e-01
8.801352836005665869e-01
9.063730521586109701e-01
9.391647688899296131e-01
9.450737601252687803e-01
9.896077163273728772e-01
1.011004953755011870e+00
1.016457289810875464e+00
1.011929664486738600e+00
1.013091117573244215e+00
1.008548419271241947e+00
1.109696164026551468e+00
1.093765978057769539e+00
1.004628805257588464e+00
1.029532194353511620e+00
1.041346886732545940e+00
1.005720651684673728e+00
9.947616452354647310e-01
1.000291465529568269e+00
9.800757093027057110e-01
9.359931096206611789e-01
9.364156615281963303e-01
9.583372798093993117e-01
9.217101444804522981e-01
9.305296764398121034e-01
9.688527151873829180e-01
9.684262008106891972e-01
9.649191976354309919e-01
9.638362507856648165e-01
9.606559695855887426e-01
9.717924977892797855e-01
9.600327443858318599e-01
9.679718335514665428e-01
1.010133458374686377e+00
9.763526163782828560e-01
1.011158361036895936e+00
9.898182009828802030e-01
9.981435898778141524e-01
9.795352744853018656e-01
9.581485631535713310e-01
1.000077859431518723e+00
9.997963817114899898e-01
9.789017808946646193e-01
9.940108283555086910e-01
9.742529119720783060e-01
1.001146918012801867e+00
1.012377827839135325e+00
9.845040978911473450e-01
9.762929240725028990e-01
9.861463158163727982e-01
1.001240880170952918e+00
9.944639622459643391e-01
1.010660103744472460e+00
1.012168511991708320e+00
1.016822606063343182e+00
1.006519180894446919e+00
9.972267612398543202e-01
1.024693856849264728e+00
1.001358511582996602e+00
1.019731945654388294e+00
1.011489887382702069e+00
1.022137498735745664e+00
1.001257719496753795e+00
1.013918799208693766e+00
1.012292592104851563e+00
1.030693808466103034e+00
1.008817807308582282e+00
1.021859410991189820e+00
1.008536598219347935e+00
1.023178876682300231e+00
1.012327279720511397e+00
9.904877773162644727e-01
1.027222461557586675e+00
9.922461517394512986e-01
9.993126214637053639e-01
1.013979551508841448e+00
1.011100517861645232e+00
1.033237621606599710e+00
1.016296197513459676e+00
1.025306775309045682e+00
1.015217485483198567e+00
1.001568943426746960e+00
1.023675911755798307e+00
1.011482287180613948e+00
1.006385099199545996e+00
1.005808161437272252e+00
1.009364264984039972e+00
1.011315431361117456e+00
1.018521710729150209e+00
1.020023193986782761e+00
1.029280262884435082e+00
1.017362758625446340e+00
1.006520734039002996e+00
1.025447166473167693e+00
1.010822373460606105e+00
1.003144890290720959e+00
1.014582303704645305e+00
9.971963712607019303e-01
1.014324458705007315e+00
1.015079485862737219e+00
1.016508953141512572e+00
1.015796052693302531e+00
1.022378527728402986e+00
1.013205884975263205e+00
9.962681929716460383e-01
1.018504715571700192e+00
1.014023799149066374e+00
1.021143544449861773e+00
1.012007239037857165e+00
1.022841063874174949e+00
1.025227049327507745e+00
1.010972416642981209e+00
1.011077825713528000e+00
1.004218127739492594e+00
1.001292828724361206e+00
9.909111575762784563e-01
1.016152158293874397e+00
1.014263963513345246e+00
1.009026591651310367e+00
1.002334192496961096e+00
1.003526342156234819e+00
1.006577387238217103e+00
9.968306434184193154e-01
1.009614498176046649e+00
1.006159630242929426e+00
9.941141166801759077e-01
9.999329619181182016e-01
9.982166937908799609e-01
1.002826293667148816e+00
9.910328593827200105e-01
9.955735470127907716e-01
1.000750360228108926e+00
9.863165761721055524e-01
9.835821884912974156e-01
1.006628508818578016e+00
1.005666098920850793e+00
1.002896075119005692e+00
9.947444923752356560e-01
9.967527756103952141e-01
1.003339592108784650e+00
1.002869244237125645e+00
9.962031007333115307e-01
9.842786861913509489e-01
9.984473273832709106e-01
9.868493408319463089e-01
9.958603042148098661e-01
9.891384816970851812e-01
9.836814285117850831e-01
9.887175878515952476e-01
1.009747245261815918e+00
9.721045300771982145e-01
9.957274681955500251e-01
9.843632574797268608e-01
9.891899992209683967e-01
9.826285357892470262e-01
9.979269087324620369e-01
9.879688761004707942e-01
9.832513044793266266e-01
9.890111015579857723e-01
1.006342823940571396e+00
9.866218734204277307e-01
9.999749154660885209e-01
9.946244132448121000e-01
9.987705297690802064e-01
9.833420295425793212e-01
9.883515573296773882e-01
1.005018834659296534e+00
9.906791854558243404e-01
9.941951767818979491e-01
9.863443307917847402e-01
9.910554884894808847e-01
9.996579909844125478e-01
9.891062442413500744e-01
9.919415047656563456e-01
9.984794326189130320e-01
9.942073432286768764e-01
1.002922551467384515e+00
1.001952687826644706e+00
1.000535607773953117e+00
9.898764345490174144e-01
9.974386679088987906e-01
9.967511326228016832e-01
9.973976119781933214e-01
9.993455054169467777e-01
9.880701743664432879e-01
1.000474746481831101e+00
1.000065028399466094e+00
1.001836256756260202e+00
9.977333041064326835e-01
9.813102055459896889e-01
9.953489691891089786e-01
9.992188412173095280e-01
9.995204420073585672e-01
9.931297223094383009e-01
9.972457611015240753e-01
9.917940788014022457e-01
9.965043989210651265e-01
9.966658723952901422e-01
9.879708391903334608e-01
9.965640985073691560e-01
9.885647477389027937e-01
9.932373248920628450e-01
9.879329097820304106e-01
9.911741201121497813e-01
9.901868997561518171e-01
9.957291295216637028e-01
9.992253279535014965e-01
9.974979366514459267e-01
9.982292834003368975e-01
1.000662853544037834e+00
9.854556128742211207e-01
9.950535733877731159e-01
9.961825532722372589e-01
9.854984570082196971e-01
9.859509423870229661e-01
9.928288691114945941e-01
9.954047291658800756e-01
9.853313934153667963e-01
9.967382179966768341e-01
