0.000000000000000000e+00
0.000000000000000000e+00
0.000000000000000000e+00
0.000000000000000000e+00
0.000000000000000000e+00
0.000000000000000000e+00
0.000000000000000000e+00
0.000000000000000000e+00
0.000000000000000000e+00
0.000000000000000000e+00
0.000000000000000000e+00
0.000000000000000000e+00
0.000000000000000000e+00
0.000000000000000000e+00
0.000000000000000000e+00
0.000000000000000000e+00
0.000000000000000000e+00
0.000000000000000000e+00
0.000000000000000000e+00
0.000000000000000000e+00
0.000000000000000000e+00
0.000000000000000000e+00
0.000000000000000000e+00
0.000000000000000000e+00
0.000000000000000000e+00
1.717224716194673886e-02
6.964564663158823166e-01
2.643035127421548225e+00
3.211454027142819800e+00
2.140294692731293580e+00
1.058749330556396639e+00
4.861712939199820394e-01
2.600741980557809141e-01
2.049785912643114216e-01
2.232911482129380509e-01
2.374720584256230227e-01
2.514615027242289580e-01
2.938167826213433642e-01
3.209422328473163222e-01
3.106243436962995430e-01
3.336008243111052707e-01
4.642575346715329676e-01
4.896552673309241821e-01
7.400533729619421797e-01
9.327394658850792775e-01
1.205052698627410601e+00
1.398585953579319474e+00
1.568986288300748377e+00
1.692006308842036955e+00
1.728248967154631277e+00
1.839142957710413029e+00
1.881257335974575229e+00
1.848360543227898223e+00
1.761963349548370639e+00
1.577587425401994592e+00
1.361004929287357612e+00
1.176122671650465801e+00
9.849269693012080440e-01
9.867851947013251968e-01
9.456939697810797796e-01
8.951640202241955002e-01
9.235705788149553008e-01
9.285597754389248726e-01
9.322251837713214639e-01
9.303868752673113418e-01
1.035468492418204933e+00
1.011632133693448843e+00
1.029920504812715576e+00
1.072421412826515263e+00
1.104669056859526988e+00
1.097370510201120863e+00
1.103588901896484620e+00
1.129020420366920296e+00
1.103056070095293162e+00
1.133602831276233625e+00
1.114352215445326699e+00
1.081974809975921659e+00
1.083610632960318343e+00
1.085537376186610725e+00
1.041791085067245159e+00
1.018481818829191532e+00
1.003057266194147479e+00
9.969369577253179848e-01
9.866558968868599511e-01
9.797074440500879167e-01
1.009476003097108388e+00
9.856736758692715705e-01
9.755253888992277966e-01
1.001797926970432906e+00
1.004352721693437367e+00
1.030821252085642348e+00
1.023885990120902090e+00
1.035541829154267734e+00
1.010955012168187173e+00
1.011181726572274453e+00
1.044728111344477073e+00
1.013834056327976407e+00
9.816316175303421154e-01
1.001166611276698148e+00
1.034386071623265346e+00
1.018989959495133935e+00
1.006164782103332378e+00
9.828016093562996769e-01
1.001640927523106184e+00
1.003629236122128399e+00
1.029242400995851403e+00
9.875558637434082021e-01
1.005603802071133757e+00
1.018457938189307743e+00
9.872741226470045373e-01
1.031130553893945256e+00
9.979862517252412468e-01
1.000794439894043819e+00
1.013231810078545791e+00
1.016395318880821907e+00
1.013270453496047274e+00
1.032977239456430718e+00
9.958946461042981202e-01
9.934724837474124826e-01
9.945889299512197246e-01
1.016143688761967478e+00
1.008412655313595030e+00
1.015086206856547824e+00
1.012479475614188384e+00
1.008096029220250101e+00
9.920948435963433676e-01
9.978267109731363549e-01
9.885561527291240047e-01
9.937902549714493494e-01
9.794337647118722678e-01
9.916290262636324737e-01
9.887459953358652687e-01
9.939788587815989729e-01
9.946836040482870400e-01
9.948871804389697315e-01
9.859743083677701136e-01
1.002628210591552493e+00
9.782922545796123304e-01
1.003804995464270045e+00
9.965811470550905993e-01
9.965887151778577424e-01
9.901380431658578507e-01
9.847595803234231449e-01
1.008719763602989428e+00
9.974808209825305472e-01
1.000380910542332913e+00
9.882274459324027482e-01
9.928389811197317893e-01
9.885267140845896972e-01
9.976316243097337333e-01
9.983220875395167893e-01
1.002118745472618810e+00
9.950698582478150200e-01
1.007172325923239686e+00
1.000539466560051993e+00
9.957484027396634740e-01
1.016440633824546191e+00
9.851164787056355676e-01
9.969077895893355690e-01
9.904166731997220419e-01
9.982289648265055826e-01
9.977228127217104836e-01
1.004596813611135175e+00
9.934319602779942970e-01
9.776762472807298820e-01
9.963133377321031769e-01
9.942914666685753744e-01
1.002834710928328654e+00
9.937203254824262810e-01
9.976556594421551738e-01
9.905972365129838142e-01
1.004822043691104616e+00
9.934309166866469587e-01
9.715503601370275577e-01
9.856061552900702294e-01
9.979741173336452720e-01
9.811770052630145456e-01
9.807155217089946753e-01
9.902270053715374054e-01
9.810269358309610110e-01
9.904791791956667479e-01
9.879344772926681451e-01
9.781433936492711645e-01
9.814411240383887902e-01
9.794265434863033137e-01
9.835645891039588307e-01
9.720820621115254800e-01
9.834686575516873308e-01
9.814219638956281910e-01
9.822246746638074733e-01
9.961889492903367449e-01
9.704030518466677524e-01
9.702321036727599157e-01
9.784238788553709654e-01
9.763003312429643366e-01
9.823503044973027620e-01
9.641054318868286233e-01
9.840282119137588879e-01
9.862692399794569242e-01
9.781463051931900132e-01
9.765253701825686861e-01
9.619609858579634132e-01
9.788461737797512496e-01
9.839197952413666348e-01
9.889010159446389725e-01
9.861228434546892574e-01
9.857613799868393256e-01
9.839085682434063340e-01
9.780897322467075883e-01
9.782400242053014283e-01
9.780912863790259815e-01
9.834439753174994969e-01
9.711926263151549055e-01
9.798541468500454599e-01
9.938948960104818653e-01
9.795460916233814652e-01
9.828598195047369979e-01
9.788475397135429912e-01
9.835690362476937620e-01
9.853825839735698144e-01
9.839071652232661558e-01
9.848309589690812382e-01
9.824500683971517656e-01
9.843200323562423248e-01
9.765012130641297361e-01
9.791480678792546799e-01
9.828857061884883617e-01
9.799603978486899347e-01
9.664396033876632153e-01
9.874231760430746130e-01
9.766460533850145342e-01
9.924824235150604412e-01
9.718569370754805981e-01
9.808379771235898881e-01
9.786642394859829119e-01
9.699677976681319036e-01
9.757190255360942421e-01
9.805868543481662813e-01
9.862812891185541719e-01
9.922749525035620133e-01
9.698684419898848663e-01
9.818820771528891100e-01
9.749782071620641810e-01
9.854825539729272776e-01
9.772883936727503329e-01
9.807941251363844204e-01
9.766018907874405297e-01
9.896553797954249498e-01
9.887955608412339892e-01
9.727404969906755516e-01
9.678727339124194584e-01
9.898529336969473791e-01
9.884039458191243854e-01
1.000745319916495291e+00
9.810338985486488639e-01
9.878765777245311908e-01
9.822597066504884511e-01
9.853908826121466902e-01
9.888788268297369344e-01
9.974248680009168977e-01
9.882019438846186832e-01
9.950299478359782013e-01
9.813045373121124237e-01
9.830063137150777397e-01
9.927954191759893465e-01
9.912560568571090469e-01
9.705282902243175247e-01
9.833247621881114897e-01
9.846267203096478182e-01
9.939086168430822932e-01
9.897176239429958944e-01
9.908033207554642896e-01
9.874850358994602395e-01
9.861892673094407868e-01
9.936008929121148414e-01
9.976126946069264756e-01
9.904681757975144496e-01
9.812832105868040111e-01
9.832623104010786985e-01
9.899912998987636659e-01
