0.000000000000000000e+00
0.000000000000000000e+00
0.000000000000000000e+00
0.000000000000000000e+00
0.000000000000000000e+00
0.000000000000000000e+00
0.000000000000000000e+00
0.000000000000000000e+00
0.000000000000000000e+00
0.000000000000000000e+00
0.000000000000000000e+00
0.000000000000000000e+00
0.000000000000000000e+00
0.000000000000000000e+00
0.000000000000000000e+00
0.000000000000000000e+00
0.000000000000000000e+00
0.000000000000000000e+00
0.000000000000000000e+00
0.000000000000000000e+00
0.000000000000000000e+00
0.000000000000000000e+00
0.000000000000000000e+00
0.000000000000000000e+00
0.000000000000000000e+00
2.404574577765319215e-02
7.570244425319635484e-01
2.862112904477938535e+00
3.280819934612612787e+00
2.084234776489988228e+00
1.133390694874292448e+00
5.628059169370086545e-01
2.749277600678982636e-01
2.468175570246073924e-01
2.045663180113592716e-01
2.321999377186083624e-01
2.867209604377011223e-01
2.350983984629328727e-01
2.426365527952850654e-01
2.677321009638246596e-01
2.914458589314341541e-01
3.891170616732694820e-01
5.083000489024003254e-01
7.944995409600529301e-01
9.893216692884923003e-01
1.148094349034715966e+00
1.405052302772442641e+00
1.489089505061968355e+00
1.532783771325188615e+00
1.735873214980107049e+00
1.800953041154019996e+00
1.803286742600824555e+00
1.778202071882416524e+00
1.649132364134845652e+00
1.513961432492122672e+00
1.332255944353796018e+00
1.166550631279400507e+00
1.008763588901781860e+00
9.354059089104403979e-01
8.619513836021248654e-01
9.069313166655545988e-01
9.213847589549688522e-01
9.561878027184246287e-01
9.706304281035049719e-01
9.815768084322963327e-01
9.679759789191901831e-01
9.754545195227763976e-01
1.036001142060571700e+00
1.046441749224350071e+00
1.027182667834217300e+00
1.046791527620244411e+00
1.116035362951983911e+00
1.059535728150333700e+00
1.099131931814570029e+00
1.070225999145854479e+00
1.089483781515865113e+00
1.066531221035897925e+00
1.068568632198192203e+00
1.018316494867231636e+00
1.046585346509210090e+00
1.019021413037746848e+00
9.975317016839261308e-01
1.039139663609027542e+00
9.781937609685402713e-01
9.892808561597143946e-01
1.014558583352387355e+00
1.007657522107184622e+00
1.014226983215961830e+00
1.016250766319547916e+00
1.079007260248411981e+00
1.033473283233027784e+00
1.027817465956467835e+00
1.071770235915953995e+00
1.031335630398579895e+00
1.063907667830304105e+00
1.051051579163036820e+00
1.047852955135253339e+00
1.064303543528677620e+00
1.047177954519979304e+00
1.032101879955025225e+00
1.036879103741032981e+00
1.039750744438410202e+00
1.004677932619566061e+00
1.031028356546406899e+00
9.921608121118602464e-01
1.030643581515355178e+00
1.035605626473744767e+00
1.042525258529858778e+00
1.042183525809140310e+00
1.024166830093566460e+00
1.017240159848375125e+00
1.026208813499673411e+00
1.008575832802390826e+00
1.029206254495511619e+00
1.018293756189830646e+00
1.025353938556240241e+00
1.014904618903417211e+00
1.035242533889084715e+00
1.024366513598556461e+00
1.013708030288294593e+00
1.053416138398835411e+00
1.032969509218400361e+00
1.040587998036665240e+00
1.054269834085730606e+00
1.023277763877978641e+00
1.016680451471801305e+00
1.033616237781806335e+00
1.029559377858336511e+00
1.026044278858042391e+00
1.012390644740378765e+00
1.027367342013162599e+00
1.045907137759318983e+00
1.029797773015690421e+00
1.025959807918553235e+00
1.015576769756920017e+00
1.015242897088726615e+00
1.032914234740716752e+00
1.013336503778370812e+00
1.033810674897566395e+00
1.040853403530580534e+00
1.010698993983739635e+00
1.042655514114060100e+00
1.036324147321938227e+00
1.014987933822238508e+00
1.020888262631331367e+00
1.038033097461245058e+00
1.032445606524437620e+00
1.023627907739262266e+00
1.015257194730030399e+00
1.014214655100076135e+00
1.020507209767224976e+00
1.011946208139135717e+00
1.026094963646023261e+00
1.030878111317026002e+00
1.032363465478351117e+00
1.031138613997959252e+00
1.009703090053582386e+00
1.016284294501771379e+00
9.961203684004886760e-01
9.934161490622016588e-01
9.887071917309320224e-01
1.016756810201482786e+00
9.964136645496430855e-01
1.023622898967461392e+00
1.018150116759329649e+00
1.001234459063218507e+00
1.004635231182235300e+00
1.000558230046219688e+00
1.023652231166923166e+00
1.012386966419871914e+00
1.003312806476414520e+00
1.003115461623875992e+00
1.023651089750189369e+00
1.001050115423078868e+00
9.954788037593740313e-01
1.012598632080892402e+00
9.970694363177607933e-01
9.991967135435234626e-01
1.023650033369958967e+00
9.957054380407870386e-01
1.005136507897489873e+00
1.001415117803518440e+00
1.013946440094261714e+00
1.007038733134320241e+00
1.012952441485137633e+00
1.004592516767255805e+00
1.014722083792902074e+00
1.012696304052048246e+00
1.018766680913971712e+00
1.012459795958155384e+00
1.013184912092325307e+00
1.019322224817443834e+00
9.952554147950173347e-01
1.010352396773470218e+00
1.007607632774146111e+00
1.027252221722469328e+00
1.019311173354386701e+00
1.012909673662015786e+00
1.030681011121905799e+00
1.018297503755483113e+00
1.015167193855154304e+00
1.007702083710270147e+00
1.011448173193352451e+00
1.008329091319802417e+00
1.008160495498664044e+00
1.009058309455652225e+00
1.007429234456981737e+00
1.026227181877243710e+00
1.006026488099034610e+00
1.006726909159207262e+00
1.011603615511418974e+00
1.011349227518473226e+00
1.016892482519257568e+00
9.995963841973544151e-01
1.008651116419485572e+00
9.958002316362564166e-01
1.012216165449568717e+00
1.001371472971713361e+00
1.005234797122388501e+00
1.015013986162180304e+00
1.007023027321944708e+00
9.923046945293971799e-01
9.977097281153864961e-01
1.010670684171978584e+00
9.921129348380408608e-01
1.001960461960962112e+00
9.999257065539619571e-01
1.004880353758449418e+00
9.924245539806203498e-01
9.918110929757080196e-01
1.013792113234754266e+00
9.850857525715490670e-01
1.003988340026579884e+00
1.005773560724814164e+00
9.901857692714612913e-01
9.955300305165116770e-01
1.010693866958910725e+00
9.899231883408893262e-01
9.957777953145966476e-01
9.995140563481808016e-01
9.975535454458017703e-01
9.909181060393197349e-01
9.934372156781460239e-01
9.981799080851802008e-01
9.915263281949784346e-01
1.003147089131156244e+00
1.000355498732343973e+00
9.972844283807276167e-01
9.939770599261789075e-01
1.006767847364618440e+00
9.922308825451379155e-01
9.992250760899661355e-01
9.910808312564305389e-01
1.001458238775365217e+00
9.940865724473000320e-01
9.874496067889519946e-01
9.795275295153355044e-01
9.922166544884254424e-01
9.911742056311183546e-01
9.979474459635589989e-01
9.894115358202383304e-01
9.846029865119105828e-01
9.901160895243289461e-01
9.807491136432848755e-01
9.846511508741156993e-01
9.846002872254877580e-01
9.887058917306091876e-01
9.846680273782317805e-01
9.768203211190560342e-01
9.869321640777602989e-01
9.856021122884864871e-01
9.776580207509302234e-01
9.831612954603003995e-01
9.864974128022440114e-01
9.804791783102988489e-01
9.834403278595544862e-01
9.812487261965174845e-01
9.806006536953882913e-01
9.854089845202729236e-01
9.807724808360049895e-01
