0.000000000000000000e+00
0.000000000000000000e+00
0.000000000000000000e+00
0.000000000000000000e+00
0.000000000000000000e+00
0.000000000000000000e+00
0.000000000000000000e+00
0.000000000000000000e+00
0.000000000000000000e+00
0.000000000000000000e+00
0.000000000000000000e+00
0.000000000000000000e+00
0.000000000000000000e+00
0.000000000000000000e+00
0.000000000000000000e+00
0.000000000000000000e+00
0.000000000000000000e+00
0.000000000000000000e+00
0.000000000000000000e+00
0.000000000000000000e+00
0.000000000000000000e+00
0.000000000000000000e+00
0.000000000000000000e+00
0.000000000000000000e+00
0.000000000000000000e+00
0.000000000000000000e+00
0.000000000000000000e+00
0.000000000000000000e+00
4.470673856101123680e-03
2.103718899922004115e-01
1.484169014989912494e+00
3.284838655231502536e+00
3.635978118895278666e+00
2.758779520132719654e+00
1.735936287426538049e+00
1.049521300720378969e+00
7.021544470894216516e-01
5.409346297732202657e-01
4.923896193989229508e-01
4.887752102834554968e-01
5.359342178181275562e-01
6.091189713805129635e-01
6.936535376853348867e-01
8.021197445712724416e-01
9.228908170754021034e-01
1.031519657142357715e+00
1.116520810670396768e+00
1.188696603717630973e+00
1.241299519737559143e+00
1.257083871068679359e+00
1.258096945425404733e+00
1.243422569687699708e+00
1.205226323036462377e+00
1.160493717543326309e+00
1.105701267667775545e+00
1.052969148814548062e+00
1.007283627155943995e+00
9.606312483524521717e-01
9.192235913265349723e-01
8.896806459739045048e-01
8.641811342459061462e-01
8.563084929680193635e-01
8.570275494000876293e-01
8.789530050573508557e-01
9.024913299081270823e-01
9.259815321484224926e-01
9.550152963970225395e-01
9.899054719576767525e-01
1.017896283568621829e+00
1.038091163369464054e+00
1.060186900383284669e+00
1.066609166657659591e+00
1.082779610559186700e+00
1.080792014999204742e+00
1.076380854753869576e+00
1.065831048998518105e+00
1.051103597872385720e+00
1.036701725387386253e+00
1.022237605745099920e+00
1.009550228824975804e+00
9.927787010894800757e-01
9.854473904087638347e-01
9.761512772602445320e-01
9.756416805314106488e-01
9.764827803898674663e-01
9.775927729361479912e-01
9.823718231812015311e-01
9.875523429718698898e-01
9.933120015006046133e-01
1.000127907991692044e+00
1.003013815965249522e+00
1.004896869815861349e+00
1.007971497577515141e+00
1.006694639296000116e+00
1.009888208270658172e+00
1.013251429169471862e+00
1.012915711817357733e+00
1.006748841680416007e+00
1.005938369842446223e+00
1.003440184649388112e+00
1.001791145478920564e+00
1.002534996105784115e+00
1.000367727350979674e+00
9.923828463802056854e-01
9.944322383908237306e-01
9.929337827292922247e-01
9.980759148076310261e-01
9.983890510494812798e-01
1.000250771538179873e+00
1.004546362406248283e+00
1.001301540526369438e+00
1.008369612737082033e+00
1.000230617062442873e+00
1.002844586249266756e+00
1.003067454344710674e+00
1.004004046753129265e+00
1.006678962842830538e+00
1.000617591551390628e+00
1.001085074646605788e+00
9.997738034722921663e-01
1.000759490915279049e+00
9.986971636170648425e-01
9.981483848131856851e-01
1.003310593329278966e+00
9.985358026077488791e-01
9.988630808969773955e-01
9.984534612900846096e-01
9.986165058513617465e-01
1.000383404242722207e+00
9.994438962913561042e-01
9.973086219129835284e-01
9.995776417233004363e-01
1.000130802112973116e+00
1.000745312976837331e+00
1.001370895673197037e+00
1.003622599549928163e+00
1.001397665559399908e+00
1.000937542741163089e+00
1.002224184843340415e+00
1.000404156719725268e+00
1.000849377834902798e+00
1.002034009731113562e+00
9.979466563298878823e-01
1.000929943812346234e+00
1.002193445574755648e+00
1.000727603116059905e+00
1.001942260379324434e+00
1.000826433872151533e+00
9.990224110913901168e-01
9.968410050233137421e-01
1.000534602207689305e+00
1.000177357150718205e+00
1.000617194195881243e+00
9.992011970081240424e-01
9.982114236842881683e-01
1.002378892409191202e+00
9.999144053680403266e-01
9.994301165558608924e-01
9.996483096357573483e-01
1.000934123173394585e+00
9.990325928801858657e-01
1.001298769037114011e+00
1.000165386040658300e+00
1.000524913519009518e+00
9.998985479743882632e-01
1.000739745590726981e+00
9.992292441179210227e-01
9.992381311232171326e-01
1.000663918976705924e+00
1.000150166350354919e+00
1.001699139420883622e+00
1.000720371221317517e+00
9.997023917288754280e-01
9.973847265633543069e-01
1.003201957675144973e+00
1.001503826552123666e+00
9.990042243217966966e-01
1.001518506292890187e+00
9.996799774030536989e-01
1.000974858411424195e+00
1.000476419237352976e+00
9.982484986461999110e-01
1.000619449883456635e+00
9.987762887693774072e-01
9.994722912294053963e-01
1.001846769967680739e+00
1.000618134018066430e+00
1.001330645882007930e+00
9.987401565504352430e-01
1.001506148822806086e+00
9.997941977270207170e-01
1.000685930460519790e+00
1.000326967983650617e+00
9.991176682381462948e-01
1.000730060107345887e+00
1.000371820973478210e+00
1.000876808797350304e+00
1.000997050600764604e+00
9.991564830035024602e-01
9.975300314148173308e-01
9.992379342732007341e-01
1.000048830585241078e+00
1.000592012779621287e+00
1.000810204595635078e+00
1.000631854329886439e+00
9.994172233018272511e-01
9.994173882107090234e-01
1.002234189471390868e+00
1.000418354277491595e+00
9.999776366317261189e-01
1.000177900713758117e+00
9.995843997962526872e-01
1.000558103906143081e+00
1.001533308951495727e+00
1.000534777883155702e+00
9.992726098417299418e-01
1.000175260461736659e+00
1.000724963095537268e+00
1.001503068226997639e+00
9.986666859214855529e-01
9.989373329818928005e-01
9.984130276686655758e-01
1.000881102796959521e+00
9.999314188707012496e-01
1.000931147077168237e+00
1.000475967174644820e+00
1.000743816869456237e+00
9.995917374412387479e-01
1.000666775863337188e+00
1.000448690143182162e+00
1.000375661956890871e+00
9.990155722060954924e-01
1.000929266695884667e+00
1.000636876059397551e+00
1.000454047192993245e+00
9.998269438044667945e-01
9.989864270698590731e-01
1.000344755939280850e+00
9.999077700323973916e-01
9.995826196046625478e-01
1.000861483904601279e+00
9.998124610141042590e-01
1.000274621318866242e+00
9.999948862922960480e-01
1.000179082184116330e+00
9.984422229115416103e-01
9.991081012113306459e-01
1.000222252937482237e+00
9.991028959049698122e-01
9.993602932273040196e-01
9.994594920027216611e-01
9.999641988442492524e-01
9.998509951115845951e-01
9.996398748358552577e-01
1.000335483736797482e+00
9.997794448388874766e-01
1.000664737502419799e+00
9.994722291348870913e-01
1.000447003331244478e+00
1.000341515907231527e+00
1.000474541740875800e+00
1.001383646612702405e+00
1.000424769013286808e+00
1.000827379995854027e+00
1.000063781370818639e+00
9.999489799100206300e-01
1.000627034268180893e+00
1.001288119317033765e+00
9.993826581740781201e-01
9.990650026757408320e-01
1.000567839507714885e+00
9.992120715731050984e-01
9.995400932796640880e-01
1.000256106907977616e+00
9.991437547000067143e-01
9.993910163190166118e-01
9.995989624488964553e-01
9.999077850585333938e-01
9.996955556119596631e-01
9.994795630681930776e-01
