0.000000000000000000e+00
0.000000000000000000e+00
0.000000000000000000e+00
0.000000000000000000e+00
0.000000000000000000e+00
0.000000000000000000e+00
0.000000000000000000e+00
0.000000000000000000e+00
0.000000000000000000e+00
0.000000000000000000e+00
0.000000000000000000e+00
0.000000000000000000e+00
0.000000000000000000e+00
0.000000000000000000e+00
0.000000000000000000e+00
0.000000000000000000e+00
0.000000000000000000e+00
0.000000000000000000e+00
0.000000000000000000e+00
0.000000000000000000e+00
0.000000000000000000e+00
0.000000000000000000e+00
0.000000000000000000e+00
3.077560106461741350e-03
5.578039244820637288e-02
2.475265346128917021e-01
5.484340645685084059e-01
8.917974366920814466e-01
1.140433655125925982e+00
1.307007598971898110e+00
1.344036107530296675e+00
1.348965305146314630e+00
1.242936890269751737e+00
1.170904861072861403e+00
1.064743754433247425e+00
9.263021269009275027e-01
8.433276959532375328e-01
7.952055695013565684e-01
7.788603579671015131e-01
7.456995198655520518e-01
7.316112721120531237e-01
7.549101271611776687e-01
7.967819017397828052e-01
8.329720280955257294e-01
8.769864698534114433e-01
8.753993122185237397e-01
8.997853042311635408e-01
9.561688726192814070e-01
9.852900043858677792e-01
1.022192686920942339e+00
1.095886290669523699e+00
1.133788575500038309e+00
1.148609335114067154e+00
1.208039790090986498e+00
1.199367964386708119e+00
1.215584488687972309e+00
1.165002971204874616e+00
1.145296323789313897e+00
1.123761315926855575e+00
1.088562768192653962e+00
1.076141605273121415e+00
1.061069874382405853e+00
1.041225745224239496e+00
1.049749315819866524e+00
1.036491865248422517e+00
1.011305833935132625e+00
1.009948079506264751e+00
1.004831322515391534e+00
1.002116512310214480e+00
9.995982549406100537e-01
9.900128824813507755e-01
9.904108740345423101e-01
9.911541599833935123e-01
1.000174924066712601e+00
1.010715652006646703e+00
1.011315261139991595e+00
1.019612964357662577e+00
1.013790451342998722e+00
1.017586334648442170e+00
1.015465782443131459e+00
1.021660878493702684e+00
1.018316777739904921e+00
1.020003316770938140e+00
1.023024030211967306e+00
1.014547033740632820e+00
1.012741633381580186e+00
1.010611743367353155e+00
1.002475055309632213e+00
1.000067020481073987e+00
1.001144428339618475e+00
1.005188683937507044e+00
1.003336130390756864e+00
9.965007501491270903e-01
1.004601173676232140e+00
9.975379510709025954e-01
1.006558679538632761e+00
1.004333071415735024e+00
1.008298571300887625e+00
1.007621969854881394e+00
1.000175648688605756e+00
1.006271496743908589e+00
1.004641332006120269e+00
1.004403760731476414e+00
9.968947383535445850e-01
1.006454553949786668e+00
9.939560695560586412e-01
1.003418072921034465e+00
1.003267364488846347e+00
1.001594424524660187e+00
1.000339510596524040e+00
9.959587565481637927e-01
9.977809465302915903e-01
9.987231446862616657e-01
9.997016942455873023e-01
1.005343002055146817e+00
9.984712018052227522e-01
1.003433971675317560e+00
1.000598166119422983e+00
9.978600251812994593e-01
1.003607723791163808e+00
1.005375514236440893e+00
1.002239862874599652e+00
1.002538396271598353e+00
1.003453723640758133e+00
1.002828629235813507e+00
1.003606894730454835e+00
1.004904527161253114e+00
1.005954484903827550e+00
9.994999978286096542e-01
1.001881632003469136e+00
9.978348899902406144e-01
9.974614940908741456e-01
9.989220952617545723e-01
1.001161857019764012e+00
1.000368315739140757e+00
1.003247891501539257e+00
9.994495177658678786e-01
9.957180475553011334e-01
9.993093349120338864e-01
1.000415876001786941e+00
1.004791123804839703e+00
1.000801560578783445e+00
9.981305011971491892e-01
1.001140445423615910e+00
9.978416844252309126e-01
9.926116767318070577e-01
9.994853922347457509e-01
9.963469927302764928e-01
9.999006276415677297e-01
9.914895315360034989e-01
9.964887626306137003e-01
9.950490408223719996e-01
9.964045193904240705e-01
9.945670716608085993e-01
1.000541048995940763e+00
9.956574970229646881e-01
9.961537459089283564e-01
9.941108362705235457e-01
9.911130398776798467e-01
9.980810861924052091e-01
9.971842032219334628e-01
9.973213052846610083e-01
9.981326738541225208e-01
9.942141178493389964e-01
9.990985503794489464e-01
9.986541384669038735e-01
9.976700226318468978e-01
9.965048580221365082e-01
9.938002522993207855e-01
9.958882206013819349e-01
9.972976320588108345e-01
9.990111016555764945e-01
9.960307625406880083e-01
9.964463295558426692e-01
9.978587859290578566e-01
9.978940533866034190e-01
9.964839564506124958e-01
9.982739436844534353e-01
9.956400741042922276e-01
9.989378996394511212e-01
9.941973995619581839e-01
9.925809840911621329e-01
9.968808493779064417e-01
9.926937445240704427e-01
9.992299037663646688e-01
9.989186873447549742e-01
9.924282785337150692e-01
9.934941782906359098e-01
1.000389802353877533e+00
9.945646449109322162e-01
9.961040178183651062e-01
9.937423037337352882e-01
9.939537676569756286e-01
9.946389569157275679e-01
9.975356578678160613e-01
9.964252089466654194e-01
9.971654289994348330e-01
9.986022292462568561e-01
9.958784370807961528e-01
9.973487088634793718e-01
9.982877350028005470e-01
9.932643695679995721e-01
9.952512694733721688e-01
9.984360026388879872e-01
9.940402209294222358e-01
9.995602540958344884e-01
9.961253118607439339e-01
9.931640086689714764e-01
9.927512483854250558e-01
9.962902047263393346e-01
9.951406605138762851e-01
9.956060711183097878e-01
9.970839752474284223e-01
9.942766183376878786e-01
9.976442235168206940e-01
9.961556232409704004e-01
9.943545184058786290e-01
9.959291959094533908e-01
9.959807961930789988e-01
9.932241045658242173e-01
9.925705306685100870e-01
9.927440135467013871e-01
9.950889443282353586e-01
9.927991440904652132e-01
9.930704234553445753e-01
9.937190498468042588e-01
9.919816024885576011e-01
9.938752533313266468e-01
9.935751604673407344e-01
9.913674754759449481e-01
9.917169184003640225e-01
9.917695962563033429e-01
9.941619724258377033e-01
9.949088735834088482e-01
9.920242497955543692e-01
9.931830665689979076e-01
9.945542937898020908e-01
9.937125641854555047e-01
9.932055659705932849e-01
9.943496766123932629e-01
9.916111370290373594e-01
9.917283738323132702e-01
9.915266801912668848e-01
9.894313699340157031e-01
9.979688505649917385e-01
9.961701086055116949e-01
9.939060566735800073e-01
9.951646467384808181e-01
9.949917399804821816e-01
9.942052675209231971e-01
9.950303689500766824e-01
9.942065635786988542e-01
9.919168501243660341e-01
9.948828877025751583e-01
9.925596926640425366e-01
9.950569406922087357e-01
9.961313197946677356e-01
9.935392037869106296e-01
9.924098264317583462e-01
9.951708080624784847e-01
9.966177929566824023e-01
9.951176388564983988e-01
9.955873476966855540e-01
9.963542299266073821e-01
9.944351119050979237e-01
9.988008217097784636e-01
9.961658106596626983e-01
9.955851634941554895e-01
9.945257311737727424e-01
9.970307074285946758e-01
9.940725813758374274e-01
9.962641595667208749e-01
9.949837297772926581e-01
9.977652972294056566e-01
9.953974209809397511e-01
9.926187710868151770e-01
9.959263039687905605e-01
9.961495706912574244e-01
9.946082260275286302e-01
9.964578388675193743e-01
