0.000000000000000000e+00
0.000000000000000000e+00
0.000000000000000000e+00
0.000000000000000000e+00
0.000000000000000000e+00
0.000000000000000000e+00
0.000000000000000000e+00
0.000000000000000000e+00
0.000000000000000000e+00
0.000000000000000000e+00
0.000000000000000000e+00
0.000000000000000000e+00
0.000000000000000000e+00
0.000000000000000000e+00
0.000000000000000000e+00
0.000000000000000000e+00
0.000000000000000000e+00
0.000000000000000000e+00
0.000000000000000000e+00
0.000000000000000000e+00
0.000000000000000000e+00
0.000000000000000000e+00
0.000000000000000000e+00
0.000000000000000000e+00
0.000000000000000000e+00
4.097419936594540814e-05
2.504073922902385913e-03
5.285925135834882577e-02
3.062697263838747852e-01
7.945487519875203963e-01
1.287614655499765171e+00
1.575406604500690033e+00
1.633944435219983671e+00
1.579692712608510963e+00
1.471540978152474199e+00
1.349343137813119986e+00
1.251257043576765149e+00
1.170625122609600277e+00
1.081149379937323296e+00
1.001281993202578491e+00
9.494815110235154121e-01
9.341417925591062321e-01
9.462669261204443849e-01
9.692388806615842567e-01
9.991618540990069297e-01
1.031591931990590849e+00
1.053691959266254807e+00
1.053471259903222546e+00
1.046183920638248832e+00
1.045688250378083550e+00
1.048325686947838120e+00
1.054479331900123107e+00
1.063497298035306349e+00
1.067430192409524192e+00
1.064443135037517418e+00
1.052028697979303651e+00
1.040978737797430442e+00
1.029979174603389946e+00
1.011618840504771910e+00
9.994602524316070769e-01
9.828797087451403014e-01
9.773844494538306282e-01
9.713323760610952373e-01
9.707313366718384184e-01
9.725505519907898799e-01
9.795355323762146016e-01
9.868808509045021715e-01
9.943018372702890906e-01
1.002772526358596039e+00
1.008630025559543952e+00
1.017694516430459162e+00
1.023828083070346340e+00
1.025162495566192211e+00
1.033153450388484718e+00
1.030258838607208238e+00
1.029740699746052313e+00
1.029742769692394200e+00
1.024663703900160039e+00
1.022201535494700053e+00
1.016180838468323522e+00
1.010268066630811479e+00
1.004482157495245609e+00
1.000038027248237871e+00
9.955364874346691595e-01
9.964214340751486043e-01
9.920063628673332357e-01
9.940463139338499010e-01
9.927610126973176463e-01
9.939163214968924631e-01
9.953989182017032311e-01
9.973880921829028079e-01
9.985777129863439017e-01
9.992494632205186633e-01
9.992648911003548795e-01
1.001611062698454457e+00
1.003868244374521934e+00
1.002564706339482248e+00
1.003150345332310067e+00
1.003577981247899320e+00
1.000677163600925956e+00
1.002462403573358918e+00
1.002509936721151629e+00
1.002079040888918415e+00
1.000329154118721808e+00
1.001031031814093808e+00
1.001083771613955564e+00
1.000677674108244375e+00
9.999419642866542723e-01
1.001276213277372706e+00
9.998127669071416035e-01
9.999104378049842312e-01
1.000264591599317798e+00
1.001350021047728411e+00
1.001014773861314655e+00
1.002339233913707828e+00
1.001358624537465714e+00
1.000798514708343800e+00
1.000200472192832590e+00
1.000569220041090501e+00
9.997698779217956133e-01
9.991894691755749403e-01
1.000010094251845283e+00
9.989016653925409939e-01
1.000474538645841127e+00
9.993428102930295154e-01
9.995219305573059820e-01
9.992546791304415255e-01
9.989170665620987766e-01
9.974898787126404986e-01
9.988046474894661797e-01
1.000587475997614550e+00
1.000429677581850640e+00
9.998737522789997723e-01
9.996407937472037153e-01
1.000620557675032218e+00
9.999314618916821384e-01
9.996761269394704996e-01
1.000521358626029089e+00
9.992024900369360640e-01
1.000345733463685161e+00
1.000406801596670503e+00
9.991569199997084594e-01
1.000160018170125564e+00
9.998235580321996885e-01
9.995235180271174746e-01
1.000053988922286363e+00
9.997004912002296351e-01
1.000159118329176922e+00
9.997184661434387332e-01
9.997512769123877430e-01
1.000693354738295682e+00
9.994639715830518911e-01
9.993910077791565705e-01
1.000393155616555063e+00
9.996406260221293305e-01
9.987846078537739869e-01
9.992287305588606339e-01
1.000086313854075870e+00
1.000111608296342602e+00
1.000123287026034147e+00
9.993725899478942409e-01
1.000408489128489231e+00
9.989496676474163284e-01
9.997817750914017587e-01
9.993447783945298424e-01
1.000788753823145250e+00
1.001088584459379982e+00
1.000206309528418824e+00
9.996341659188044959e-01
1.000258886309467687e+00
1.000309820259436711e+00
9.996350223333941853e-01
1.000026777915868692e+00
1.000730538866322128e+00
1.001170803800961462e+00
1.000520972479735482e+00
1.000134617426422290e+00
1.000635329988649680e+00
1.000633325204892232e+00
9.999035011414919571e-01
1.000339391517132137e+00
1.000047364077887746e+00
9.994765686205290267e-01
1.001184057979713771e+00
1.000239531061472453e+00
1.001151274130143820e+00
1.000566665130243615e+00
9.990972217867408744e-01
9.994333965128815445e-01
9.995846607665581640e-01
1.000073938157203690e+00
1.000411797880376152e+00
1.000193704995874011e+00
1.000585448031070301e+00
1.000178792830836993e+00
9.998775091975812268e-01
1.000290581626363862e+00
1.000644952641469798e+00
1.001004095842216834e+00
1.000083909610317123e+00
1.000938507409668610e+00
9.999816275184966186e-01
1.000341001641545491e+00
1.000645035365847813e+00
1.000806304673331315e+00
9.999672034938550391e-01
1.000904567154389690e+00
1.000444997634960753e+00
1.000742574479329683e+00
1.000208132995504595e+00
9.998170596283308953e-01
1.000258163358977770e+00
1.000215925851382526e+00
1.000395408238229367e+00
9.997921668742050239e-01
9.999413811811286301e-01
1.000730984416460911e+00
9.993971364751749187e-01
9.997629382742929671e-01
1.000572647568107820e+00
1.000229724399314568e+00
1.000089536975252713e+00
9.995856340197157852e-01
1.000268723246801716e+00
9.997377339842155042e-01
9.999107865212876201e-01
1.000222396492096433e+00
1.000056566139208902e+00
9.996598523013422444e-01
1.000150136752243402e+00
1.000040602919200827e+00
9.998797223496569408e-01
1.000430760609954728e+00
9.999663803393880057e-01
1.000045477555208118e+00
1.000776324100323800e+00
1.000713966790980347e+00
1.000550405750915806e+00
9.991570223991967925e-01
1.000617645149026735e+00
9.996633167808512965e-01
1.000030964081906948e+00
1.000522745060197005e+00
9.997537675146261904e-01
1.000137373864894208e+00
1.000738145687109171e+00
1.000134568768767496e+00
9.997444065177817363e-01
9.998368730315003727e-01
1.000356618064530911e+00
1.000531456534113461e+00
1.000404938602653448e+00
1.000177426266547931e+00
9.999165565388515864e-01
9.999680305257951929e-01
9.995336123119399341e-01
1.000443293681099188e+00
9.999526608381344994e-01
9.997972276406761338e-01
9.996098706794900313e-01
1.000486632104538698e+00
1.000122391411499612e+00
1.000001998153657645e+00
9.996599150190846883e-01
9.998849074267492920e-01
1.000534425867909860e+00
1.000348402335204279e+00
1.000418469156708401e+00
9.998619408053924795e-01
1.000559195598695661e+00
9.997377248911047953e-01
1.000085455535711265e+00
1.000170184778766069e+00
1.000288684340170819e+00
9.997838549336732772e-01
1.000595950241485621e+00
9.999823840879341619e-01
1.000135197435641166e+00
1.000897786309012716e+00
9.997943265309955363e-01
