0.000000000000000000e+00
0.000000000000000000e+00
0.000000000000000000e+00
0.000000000000000000e+00
0.000000000000000000e+00
0.000000000000000000e+00
0.000000000000000000e+00
0.000000000000000000e+00
0.000000000000000000e+00
0.000000000000000000e+00
0.000000000000000000e+00
0.000000000000000000e+00
0.000000000000000000e+00
0.000000000000000000e+00
0.000000000000000000e+00
0.000000000000000000e+00
0.000000000000000000e+00
0.000000000000000000e+00
0.000000000000000000e+00
0.000000000000000000e+00
0.000000000000000000e+00
1.508383241132663826e-03
2.546524434849937735e-01
2.081777455454986825e+00
3.496359882993113288e+00
2.551469856995504326e+00
1.287079751011106943e+00
6.245203339362277450e-01
4.471557725368780489e-01
5.668429722212035005e-01
7.552413033165084055e-01
8.786784437268133630e-01
9.104040865488729484e-01
8.842067605325867330e-01
8.475242323003181477e-01
8.191382298106020254e-01
8.111445468954984195e-01
8.250376521469041657e-01
8.525811062843137167e-01
8.862940066379435544e-01
9.367871931200142388e-01
1.003877911161374037e+00
1.071791706643811404e+00
1.126598655148814965e+00
1.167940457772248086e+00
1.194535069186557719e+00
1.197776349899793091e+00
1.177870414278517464e+00
1.143277599727693827e+00
1.101912422428386495e+00
1.060332554878840705e+00
1.027945946965866497e+00
9.995803088310857287e-01
9.796271639134880305e-01
9.719427290611734049e-01
9.642287508853949474e-01
9.634946798325310091e-01
9.626645879500737024e-01
9.617949529712855883e-01
9.601621831347573188e-01
9.623764669027022878e-01
9.676077759801909872e-01
9.715957884334046613e-01
9.773199526461149311e-01
9.840793645790593125e-01
9.867785460047502344e-01
9.935692215308944419e-01
9.980299111221462294e-01
9.995849178656168732e-01
1.000915552393374597e+00
1.001407065999374346e+00
1.002809925512131883e+00
1.005048669485806512e+00
1.002360946680525888e+00
1.002842836605129406e+00
1.003864836887433665e+00
1.005026883299252161e+00
1.003848620083485299e+00
1.004317584777479677e+00
1.005776535070714184e+00
1.005645736957865966e+00
1.005539467881017446e+00
1.004907224639797647e+00
1.005700433371629510e+00
1.005653536826021766e+00
1.005580976732781684e+00
1.003825903455620727e+00
1.001399430057868134e+00
9.999780691352878614e-01
1.000345048009334992e+00
9.984092872462801971e-01
9.980276017901903440e-01
9.959286615604713289e-01
9.954690257862296443e-01
9.953503435956202461e-01
9.948108345080295400e-01
9.952818153985811822e-01
9.942589516353483869e-01
9.954657134578539512e-01
9.962187638018659142e-01
9.963350046843300056e-01
9.984142305670763440e-01
9.997503788519334078e-01
9.994467972865000993e-01
1.002022739921176298e+00
1.001561459596906012e+00
1.003275965627008715e+00
1.002877537685429754e+00
1.003133003297308923e+00
1.003001479799203288e+00
1.001426968352093994e+00
1.002393028598633995e+00
1.001393235846701923e+00
1.001702803321987911e+00
1.001319960423848077e+00
1.000331325232849178e+00
1.000865637512734052e+00
9.990208662375629212e-01
9.995720296682942818e-01
9.993680026248407122e-01
9.982217734837823819e-01
9.992783591916264418e-01
9.996927600468232811e-01
9.995978537074589054e-01
9.995394779684719788e-01
9.991978126701145380e-01
9.998797733765025786e-01
9.989917253992696144e-01
9.993580854672433622e-01
1.000077150027965933e+00
1.000516574521749025e+00
9.990695106385694135e-01
1.000118750115146504e+00
1.000951281242377977e+00
1.000454028037899512e+00
9.996905964546346501e-01
1.000019029302727569e+00
9.999387485266102438e-01
9.997217791795260933e-01
1.000893714159738490e+00
9.997277626171627851e-01
1.000185590463641416e+00
9.995456130072472023e-01
9.998929357263712792e-01
1.000109409229758439e+00
9.998736281322301300e-01
9.998913113352428939e-01
1.000840080730039050e+00
9.999648167502628304e-01
1.000000334753428533e+00
9.998562108463961984e-01
9.997551152743547886e-01
9.994770885578473374e-01
1.000317935854145857e+00
1.000193262245617554e+00
9.998463136856302613e-01
1.000113333807978400e+00
9.996524752251777501e-01
1.000478487401339045e+00
9.993730082321604646e-01
1.000400124308706173e+00
9.996724626838326966e-01
9.995080978790471526e-01
9.998458754871150100e-01
1.000010654403317156e+00
9.999367723105870853e-01
9.996564817820585702e-01
9.995739206903240248e-01
1.000271932104006778e+00
1.000368480041191388e+00
9.999557279724187175e-01
9.997279970325902987e-01
9.997206013998768404e-01
9.998975098024771579e-01
9.996385707821291433e-01
1.001117369452344974e+00
1.000426085370467177e+00
1.000025851544810829e+00
1.000296550105633342e+00
1.000491714574198054e+00
9.996715783068791383e-01
1.000531147787081077e+00
9.997297963878035709e-01
1.000073540706156283e+00
1.000477428051724793e+00
9.996722233949952852e-01
1.000922356424596593e+00
9.999694298796674152e-01
9.996942623118235671e-01
1.000133869986657764e+00
1.000094735545837388e+00
9.996979730020210120e-01
1.000543802307415353e+00
1.000157141429404595e+00
1.000196353555606432e+00
9.999549907472168320e-01
9.996938705328501928e-01
1.000549541636688966e+00
1.000665052615394846e+00
1.000542042344434668e+00
1.000670692108994508e+00
1.000683619977768446e+00
1.000291108358280390e+00
1.000523405846935887e+00
1.000413901373788494e+00
1.000246096465422285e+00
1.000287632368666246e+00
1.000182972565435646e+00
1.000519127453623591e+00
1.000526205986201234e+00
9.998632645571410293e-01
1.000173601032599668e+00
1.000553439155977831e+00
1.000128439431642091e+00
1.000158765143507544e+00
1.000176638690720043e+00
1.000568759806219177e+00
1.000067086454609955e+00
1.000093590947963573e+00
1.000158492251001841e+00
1.000046691509915098e+00
1.000162489784842901e+00
1.000352809737498738e+00
1.000215668126645197e+00
1.000097232143371873e+00
1.000104289766043930e+00
1.000758400986756280e+00
9.998710435259470231e-01
1.000569250519162567e+00
1.000007159034483006e+00
1.000536587482649065e+00
1.000434084541630408e+00
1.000666833831429958e+00
1.000029632607819297e+00
9.999880483913009543e-01
1.000441389915537105e+00
1.000387537590657683e+00
1.000394638970983019e+00
1.000132805291134019e+00
9.998157516148566959e-01
1.000439152791868569e+00
1.000619642236747930e+00
1.000351474868449886e+00
9.997779647731201980e-01
9.999850567323297357e-01
9.999575010540300291e-01
1.000142370684657944e+00
1.000666140240212165e+00
1.000220119700022448e+00
1.000267695232411658e+00
1.000082094723745874e+00
1.000343936741076023e+00
1.000551386489588301e+00
1.000099581277172023e+00
9.999608278352484225e-01
9.996484660566414826e-01
1.000625060329652483e+00
9.999721064924220748e-01
1.000130932360441038e+00
1.000510842765492736e+00
1.000048640656954868e+00
9.997562445063431502e-01
9.998497672183909168e-01
1.000409003640160499e+00
9.994445626937940030e-01
1.000090050418398047e+00
9.999509084759765631e-01
1.000463691487617490e+00
1.000530329298374710e+00
1.000099475253529491e+00
1.000067293830348758e+00
1.000466183277163301e+00
9.998673045576637053e-01
1.000422612312383608e+00
9.999851342659733522e-01
9.996075183128338981e-01
1.000010104764185837e+00
9.996836761188653275e-01
1.000034073601103302e+00
1.000319244549668030e+00
