0.000000000000000000e+00
0.000000000000000000e+00
0.000000000000000000e+00
0.000000000000000000e+00
0.000000000000000000e+00
0.000000000000000000e+00
0.000000000000000000e+00
0.000000000000000000e+00
0.000000000000000000e+00
0.000000000000000000e+00
0.000000000000000000e+00
0.000000000000000000e+00
0.000000000000000000e+00
0.000000000000000000e+00
0.000000000000000000e+00
0.000000000000000000e+00
0.000000000000000000e+00
0.000000000000000000e+00
0.000000000000000000e+00
0.000000000000000000e+00
0.000000000000000000e+00
0.000000000000000000e+00
0.000000000000000000e+00
4.316092166974114762e-03
1.469268709966769504e-01
5.461880796415875539e-01
1.157452192572637317e+00
1.780849302416036561e+00
2.250883685169713377e+00
2.582962133894121770e+00
2.821244341621059082e+00
2.620952405192341406e+00
2.620132168098753489e+00
2.402330234358378114e+00
2.072830155670609908e+00
1.636148236811648893e+00
1.331226658039282862e+00
1.186592866668228829e+00
1.069467852316078993e+00
1.014478054802161022e+00
9.955209985090693880e-01
1.108682705876055108e+00
1.245850875866068463e+00
1.375678540598607169e+00
1.483079302452941617e+00
1.551026739454308245e+00
1.677969154442578326e+00
1.741188987985560210e+00
1.764378968215540189e+00
1.787211507533936539e+00
1.897540502283679986e+00
2.027696520025799476e+00
2.095625337791532594e+00
2.136284675501823216e+00
2.075464433584145674e+00
1.902287380523951965e+00
1.874379184389369790e+00
1.748465515439026730e+00
1.636957932559538254e+00
1.523142058014248956e+00
1.419802121033955089e+00
1.401108043893801280e+00
1.337103550047041400e+00
1.349713057560014029e+00
1.319073983414503326e+00
1.313555419134353253e+00
1.300761910830736445e+00
1.300178164524113722e+00
1.308218665606369679e+00
1.314767870808166927e+00
1.261906845959292367e+00
1.313589438491523875e+00
1.343818813327623651e+00
1.288526746737469253e+00
1.276502597432545905e+00
1.302716046132155414e+00
1.283138285021912184e+00
1.308583621958437027e+00
1.235997635233411662e+00
1.256773379531283874e+00
1.194474566536462445e+00
1.217741641855470291e+00
1.155826611402665405e+00
1.182672188593914875e+00
1.176213393909801175e+00
1.127990249820736590e+00
1.121495603723431378e+00
1.102546862114764714e+00
1.115817741243496863e+00
1.144889471118176960e+00
1.132243895788938026e+00
1.128416753116989524e+00
1.131176312514896587e+00
1.089384987192625776e+00
1.100086686346386955e+00
1.100432348015304873e+00
1.097967530049026585e+00
1.069291516847116430e+00
1.123613566071792524e+00
1.080193142889228852e+00
1.057151717234021460e+00
1.024622712756130705e+00
1.033998281421400378e+00
1.059512457140952657e+00
1.039550184666509614e+00
1.057846903519489734e+00
1.043539302264577362e+00
1.043606037725353985e+00
1.054630649978227419e+00
1.006030677118257444e+00
1.025390197182468155e+00
1.043129476378202192e+00
1.022595556073385481e+00
1.032413780543174342e+00
1.030460722383652161e+00
1.021629617153645864e+00
1.012421638381435063e+00
1.042573586601370339e+00
1.013337850255550787e+00
1.037682815614077603e+00
1.015606082553250245e+00
1.035453189174591948e+00
1.009085264127027148e+00
1.004688760725263474e+00
1.006608462115329061e+00
9.916903864440882455e-01
1.023596046321688657e+00
1.010682245994373174e+00
9.893825550758691412e-01
1.006287739414170046e+00
9.857455748175032451e-01
9.895592876421697159e-01
1.026956968662268155e+00
9.800620964032733529e-01
9.930846849148733391e-01
9.891277144952080880e-01
9.965668177065996058e-01
1.009864131030071999e+00
1.011365688860619061e+00
9.752350754749420370e-01
9.884533229552818767e-01
9.794132650587161759e-01
9.726418803788847711e-01
9.951368557704570739e-01
9.760450279698561493e-01
9.824935395112542880e-01
9.797896563139052439e-01
9.793695793317367393e-01
9.943306362256252307e-01
9.726468283522262670e-01
9.826032793076209249e-01
9.804763344784400703e-01
9.720676066185760522e-01
9.774526994560783777e-01
9.807198552881392084e-01
9.836252135783301043e-01
9.669097912979069953e-01
9.893631706870580356e-01
9.664803386108724581e-01
9.589911053497606197e-01
9.790054344539051989e-01
9.489133299686876022e-01
9.685066956590339116e-01
9.908507526644639851e-01
9.845668631610254851e-01
9.704418424448855163e-01
9.810920641383692464e-01
9.754453420304556310e-01
9.684357783002145448e-01
9.564617179895100740e-01
9.596260880089866330e-01
9.654075907836013881e-01
9.753972316731635006e-01
9.911910177946543499e-01
9.692159608758487144e-01
9.821960184995823795e-01
9.810460823594461255e-01
9.693422257597035241e-01
9.681634059605236375e-01
9.786407337021405528e-01
9.605100775346581132e-01
9.728229445399408926e-01
9.583260225295725521e-01
9.610778986029903104e-01
9.718377124080436191e-01
9.877140551063053886e-01
9.763279102037466517e-01
9.854027716283042526e-01
9.927546044620717547e-01
9.797156226874119689e-01
9.693255340567893397e-01
9.829556735899526165e-01
9.840921923574191821e-01
9.840067281957902701e-01
9.795858930039396117e-01
9.785095624315737206e-01
9.910488643204907744e-01
9.812828203554510020e-01
9.763214301822242813e-01
9.920744304365816113e-01
9.893192497163116883e-01
9.822836436076117783e-01
1.003359703087700616e+00
9.892630756121075786e-01
9.847991592160441066e-01
9.922861155097176811e-01
9.895752055523043822e-01
9.749109554278655443e-01
9.956327799949193924e-01
9.989147570683865052e-01
9.722840573836112332e-01
9.953006246290502235e-01
9.932405307103566727e-01
1.000902931869054546e+00
9.956336683246068686e-01
9.817436013445774989e-01
9.830198946160877416e-01
9.937555950346983469e-01
9.826330087077649322e-01
9.922052424136678095e-01
9.993083605083129539e-01
9.949216603406640935e-01
9.890323500560046499e-01
1.006783991054006844e+00
9.930575876521834378e-01
9.922861998795546867e-01
9.935807549851504161e-01
9.987754555200207829e-01
9.917419351609711997e-01
1.001946798777319403e+00
9.982076136098239072e-01
1.007484398630382083e+00
9.967637847968298104e-01
9.948467764863712093e-01
9.977815301542568571e-01
9.963322402230634367e-01
1.006891003779854632e+00
9.945415550674177041e-01
1.006251917369954230e+00
9.981990170977714794e-01
1.010770327567591442e+00
1.003724899443467766e+00
9.982609936948176887e-01
9.977981699321534226e-01
9.981070652767497497e-01
1.003836253579946325e+00
9.952765004312271735e-01
9.951113838987609705e-01
9.965380768312527282e-01
1.014836681452420120e+00
1.003103280645133211e+00
9.999663863203018810e-01
9.922111195638547709e-01
9.919291075962535231e-01
9.975098036640280830e-01
9.958518590736320508e-01
9.918704178490653778e-01
9.952551088520880107e-01
9.951329900609215962e-01
9.972842622606771235e-01
1.002499790422178405e+00
1.006839568201545854e+00
1.003853565154346983e+00
9.985833935973070785e-01
9.929892449779935681e-01
9.902916927182963125e-01
9.947561061166745322e-01
9.926297222819320254e-01
1.002147161394023600e+00
1.003093664394476781e+00
1.010873277368423917e+00
1.006124712102592245e+00
1.009861834696889060e+00
9.968815610152169659e-01
9.932066209669054846e-01
1.004571973008890451e+00
1.002650865652004120e+00
9.985023712364774484e-01
9.946026480253877811e-01
9.951273784514261811e-01
