0.000000000000000000e+00
0.000000000000000000e+00
0.000000000000000000e+00
0.000000000000000000e+00
0.000000000000000000e+00
0.000000000000000000e+00
0.000000000000000000e+00
0.000000000000000000e+00
0.000000000000000000e+00
0.000000000000000000e+00
0.000000000000000000e+00
0.000000000000000000e+00
0.000000000000000000e+00
0.000000000000000000e+00
0.000000000000000000e+00
0.000000000000000000e+00
0.000000000000000000e+00
0.000000000000000000e+00
0.000000000000000000e+00
0.000000000000000000e+00
0.000000000000000000e+00
0.000000000000000000e+00
0.000000000000000000e+00
0.000000000000000000e+00
0.000000000000000000e+00
0.000000000000000000e+00
2.078488869930273514e-03
4.935923410878088197e-02
2.885563679934938230e-01
7.651353157355447188e-01
1.251039327404779744e+00
1.535732410927009850e+00
1.590493978163385114e+00
1.531086912829094704e+00
1.430058495827881471e+00
1.311046620436356669e+00
1.198303863043964856e+00
1.118458803682429448e+00
1.027110504580555750e+00
9.603979324945384199e-01
9.056802201698868071e-01
8.915526969935095858e-01
9.033119724499225622e-01
9.366679865531580829e-01
9.765648255519618903e-01
1.008085605894303738e+00
1.028535257552443127e+00
1.037053891787712789e+00
1.031965474911091585e+00
1.039842046046167257e+00
1.044633393608551453e+00
1.056835396208012368e+00
1.055325480810219041e+00
1.068443975771142584e+00
1.067011628657507982e+00
1.057391408291998403e+00
1.053507193366954420e+00
1.035382482882994282e+00
1.009854173163799995e+00
9.931920961033576800e-01
9.797979158017323664e-01
9.624517684739507528e-01
9.599882113681303952e-01
9.548214866420982050e-01
9.587683233219457257e-01
9.636070373998657512e-01
9.716407479198694297e-01
9.838438956806545566e-01
9.963392070364296416e-01
1.005246593608093431e+00
1.012832318916863983e+00
1.020552390419725342e+00
1.026733036523725051e+00
1.027882327378519145e+00
1.033868286160682493e+00
1.036263679436768115e+00
1.029392318055395883e+00
1.029154729678205760e+00
1.025895235224991930e+00
1.021837881388253155e+00
1.010777117533230296e+00
1.008312426112300653e+00
1.005152233886455138e+00
1.002268946876921030e+00
9.963655657943110144e-01
9.928059492919484308e-01
9.942908187084645855e-01
9.916075229355920673e-01
9.965229639744836998e-01
9.965530816662880875e-01
9.985690745080531006e-01
9.970850001523224870e-01
9.987883373694365075e-01
1.000296680000437588e+00
1.005210204824070530e+00
1.004302365850610279e+00
1.008137845654633491e+00
1.006748027182816640e+00
1.004896781459649224e+00
1.005784952488234962e+00
1.002785356237289704e+00
1.001729375097092367e+00
1.002632189622361336e+00
1.000776192415940846e+00
1.002184568678001986e+00
1.001570100047878720e+00
1.000552050583218611e+00
1.001473354626740697e+00
1.001565386355076637e+00
1.003415288887003820e+00
1.001843445831499979e+00
1.000100701760785693e+00
1.001378926002528980e+00
1.003441895600712064e+00
1.001989073081574144e+00
1.000485795150560797e+00
9.995300153688332356e-01
1.002499789645866946e+00
1.002495466386140066e+00
1.003167172646724392e+00
1.000891721817384061e+00
1.001277245948927197e+00
1.002172035681256013e+00
1.000129686153382158e+00
1.001219896338023663e+00
1.000544261554433545e+00
1.001058001990446256e+00
1.000411796410423992e+00
9.983733880915732772e-01
9.998959247288182750e-01
1.001263549946040721e+00
1.000701299121518506e+00
1.000450303280333575e+00
1.000263136418182652e+00
1.001391371178877332e+00
1.000429519842189974e+00
1.000028865575345538e+00
1.002320431760057362e+00
1.002241579040553443e+00
1.000719442598388520e+00
9.997838290957118401e-01
1.001349984618618016e+00
1.001419609528136023e+00
1.000430944813836431e+00
1.000387361558626731e+00
9.996045173884784418e-01
9.994949325344492097e-01
1.002502289752376097e+00
1.000263509263972228e+00
9.997553199871742624e-01
9.997257737265627942e-01
1.000761254883746787e+00
9.988738253922001542e-01
9.982742948745590983e-01
1.000978167401650021e+00
1.001627565951275001e+00
1.000208309505989046e+00
1.002434315064379078e+00
1.000012829995859054e+00
1.000080118389509165e+00
1.000823949238433208e+00
1.001504004306442930e+00
1.001310306124157057e+00
1.000438491426049792e+00
9.989243681322698132e-01
1.000400571495331459e+00
1.000583779956602415e+00
9.998351007842971594e-01
1.000078593354003731e+00
1.000532935989674632e+00
9.999825455698905241e-01
1.001814725394282624e+00
1.001782779813789048e+00
1.000543252160531527e+00
1.000286395559360164e+00
9.998247359610222817e-01
9.995587497086972917e-01
1.000989123662852309e+00
9.997092600157787556e-01
1.001112763705383379e+00
1.001226641468704326e+00
9.997920808567565265e-01
1.000845713985710983e+00
1.000795078714977748e+00
1.001080890859467276e+00
9.985367783663009478e-01
1.000063635459524258e+00
9.989280040694764606e-01
9.996747277832225276e-01
1.001175671154648894e+00
9.993945377123353291e-01
1.000031707591023666e+00
9.991737053587255168e-01
1.000093479901307481e+00
9.994105329737549281e-01
9.999720636637318139e-01
9.998015873275121201e-01
1.000484772485446205e+00
1.000208868008065854e+00
1.000401157376235473e+00
1.001018335194827635e+00
1.000432493241236509e+00
9.999418221627297543e-01
9.999380986521619885e-01
1.000216183243917811e+00
1.000933588619414616e+00
1.000555162418561794e+00
1.000039795478880666e+00
1.000870463729412130e+00
1.000523084685251973e+00
1.001007728455717061e+00
1.000567936114278966e+00
1.000045953265974230e+00
9.997686347481394842e-01
1.001046377915882246e+00
1.000415757638156711e+00
1.000681497915244078e+00
1.000154930373765794e+00
1.000971102181273054e+00
1.000592941299127681e+00
1.000572090558365490e+00
1.000047454814851910e+00
1.000149627254344864e+00
1.000450171134884991e+00
1.000235871758290651e+00
1.000683020563887693e+00
9.998626738380399503e-01
9.988770246120142193e-01
9.999984468996299114e-01
1.000460844487035317e+00
9.999276608017052537e-01
9.991520284764171533e-01
1.000305019511463556e+00
1.001098471834024783e+00
1.000212951197935407e+00
1.000163330750694746e+00
1.001245956531933823e+00
1.000112427637069423e+00
1.000255646370532991e+00
9.998166881326844280e-01
1.000905182543023519e+00
1.000042085024848371e+00
9.998352354098409833e-01
1.000435494691609861e+00
1.000551879414574019e+00
1.000243504491534319e+00
1.000180293583152746e+00
1.000470944011411234e+00
1.000499957201034684e+00
1.000244961178369252e+00
1.001463662247511266e+00
9.995517210238868966e-01
1.000890558193004320e+00
1.000430732822528590e+00
9.997592876077641133e-01
9.998398264863953555e-01
1.000394147209575424e+00
9.993430270646480595e-01
9.997238810272243148e-01
9.993617968933349305e-01
1.001360118063365334e+00
1.000962406243868230e+00
1.000679070882250832e+00
9.998495983433327572e-01
9.996880141095852990e-01
9.996332732209645133e-01
9.993166437988071360e-01
1.001005159902710329e+00
1.000203231988894492e+00
9.999173549897845126e-01
1.000363840781892888e+00
9.997870176152633404e-01
1.000528791478291657e+00
1.000011001258789944e+00
9.996192013657771991e-01
1.000790624171670862e+00
1.000133116823832546e+00
1.000275055359332921e+00
1.000675358012081073e+00
1.000344690686450377e+00
