0.000000000000000000e+00
0.000000000000000000e+00
0.000000000000000000e+00
0.000000000000000000e+00
0.000000000000000000e+00
0.000000000000000000e+00
0.000000000000000000e+00
0.000000000000000000e+00
0.000000000000000000e+00
0.000000000000000000e+00
0.000000000000000000e+00
0.000000000000000000e+00
0.000000000000000000e+00
0.000000000000000000e+00
0.000000000000000000e+00
0.000000000000000000e+00
0.000000000000000000e+00
0.000000000000000000e+00
0.000000000000000000e+00
0.000000000000000000e+00
0.000000000000000000e+00
0.000000000000000000e+00
0.000000000000000000e+00
0.000000000000000000e+00
0.000000000000000000e+00
0.000000000000000000e+00
2.201191712797559603e-03
4.792121875032563649e-02
2.900676756662269873e-01
7.647944545767808577e-01
1.247226736415837367e+00
1.544217659341708737e+00
1.602011126997322288e+00
1.543024077084670154e+00
1.420783227498988444e+00
1.295412861303735008e+00
1.201266378506164578e+00
1.126376845499809765e+00
1.033152804994964535e+00
9.555253562330308092e-01
9.015934874804348853e-01
8.866565108539224971e-01
9.091383825076153613e-01
9.353456256811453207e-01
9.787220322020170338e-01
1.011097191677927221e+00
1.030785894266661007e+00
1.032883191743019680e+00
1.027689443076361009e+00
1.038428252201502033e+00
1.042341167795991064e+00
1.057645173414439199e+00
1.058792110220302618e+00
1.065138798651326990e+00
1.061202819795317387e+00
1.054360898878730080e+00
1.043729052475506069e+00
1.031380713750328360e+00
1.013744648009047289e+00
9.975749104986502136e-01
9.801809849685797493e-01
9.675598328842672791e-01
9.608721961758375230e-01
9.534782874462317537e-01
9.605749027750150049e-01
9.610215580725272044e-01
9.720626757978195753e-01
9.798223519742166321e-01
9.938243305246478032e-01
1.001215189423261265e+00
1.013937138725895526e+00
1.016383668725450606e+00
1.024821749882364186e+00
1.030090439185552764e+00
1.035846222941520178e+00
1.032805231026373782e+00
1.029487492960716288e+00
1.026013854774906475e+00
1.022880228858916940e+00
1.019150550524631882e+00
1.013115779239391889e+00
1.006913343667503735e+00
1.000986565292922847e+00
1.000149863285107799e+00
9.990300587244522745e-01
9.961819328849231825e-01
9.959210270884074623e-01
9.942759532838405523e-01
9.912360476460643222e-01
9.936316587572354697e-01
9.968465360738261172e-01
9.975684737284337134e-01
9.999636597895267265e-01
9.990568628395550821e-01
1.002623963383957095e+00
1.006101161691902224e+00
1.005094675997383113e+00
1.002505922299509633e+00
1.001963452606768890e+00
1.004007545883856878e+00
1.004428747367838826e+00
1.001829062298033035e+00
1.001450554709723884e+00
1.002334713477165629e+00
1.000127162843167605e+00
1.000593029075285578e+00
1.001870346459419414e+00
1.001160219517311489e+00
1.001595456316199062e+00
1.002342121975801081e+00
1.002329830598923888e+00
1.001474528380624562e+00
1.001624389696840201e+00
1.001806857185103761e+00
1.001242216765428461e+00
1.002175709263469328e+00
1.000237135150021883e+00
1.000990489850344112e+00
9.999384205166237383e-01
1.002857468617222692e+00
1.000696458341375328e+00
9.997896634527310145e-01
9.983769184812161246e-01
1.000340356722001500e+00
1.000753217681542351e+00
1.000719213913065841e+00
9.991080439817343617e-01
9.983103797820137570e-01
9.994293768482666040e-01
1.000796915489734262e+00
9.999893115690517975e-01
1.001016299150290223e+00
9.994316440970383297e-01
1.000302337026962807e+00
1.001263440728342058e+00
1.001251144631997159e+00
1.001888855224769559e+00
9.996322070288495842e-01
1.000351575721913022e+00
1.000532791560592605e+00
1.001410247500934547e+00
1.000350700953960503e+00
1.000743752269372067e+00
1.000097589006698984e+00
9.994083586188896584e-01
9.982763748464308362e-01
1.000240455450315036e+00
9.999565534416667845e-01
1.000090026738774895e+00
9.999191080937608334e-01
9.984121433384444133e-01
1.000115101056153533e+00
9.995558521358370863e-01
9.994064808714725467e-01
9.983838400532996094e-01
1.000085043453547096e+00
9.999413426131412708e-01
1.000249516289636764e+00
9.994429939870775881e-01
1.002395441509577267e+00
1.000349176588135602e+00
1.000926555760463410e+00
1.000761869332406961e+00
9.992765120400589618e-01
9.997575260337632219e-01
1.000330365670407007e+00
9.992195005540135400e-01
9.993563852299313099e-01
1.000558561717368011e+00
9.982003799532929156e-01
1.002205732141496330e+00
9.995769081884331442e-01
9.997391010409699685e-01
1.000416054416472411e+00
1.000844752489956413e+00
9.999236969545731712e-01
9.995809064862181126e-01
1.000281616614477675e+00
9.998742160282551028e-01
1.000627969575392795e+00
9.987288094340984745e-01
1.000095058121365899e+00
9.997572015236075860e-01
9.998104680673598477e-01
9.984836301260974212e-01
9.977686798848514060e-01
1.001839664484961423e+00
9.993293318633682532e-01
1.000166521499691097e+00
1.000371366231946668e+00
9.988364651596736143e-01
1.001037921411973342e+00
9.984591510258195024e-01
1.000917956241789142e+00
9.993753866820330733e-01
9.983967452875289750e-01
1.000257842415637866e+00
9.993730325262845104e-01
1.000536897442340756e+00
9.996138959897737930e-01
1.000176920506268941e+00
1.000373363198210130e+00
9.996055280002711374e-01
9.993981045426887366e-01
9.991479504382212440e-01
1.000593188502088227e+00
9.995909915369018961e-01
1.001134336458517682e+00
1.000173062977931071e+00
1.000157528175921406e+00
9.989525707739645988e-01
1.000719431237102608e+00
1.000648092963718927e+00
1.000215275302282381e+00
1.000408756563021306e+00
9.981476471215423585e-01
1.000161812927384375e+00
9.997229846237877249e-01
1.000164152111066906e+00
9.996225974926382651e-01
9.995125227737421403e-01
1.000635911857443494e+00
9.996971607992030107e-01
1.000300608486057286e+00
9.995662100018536389e-01
1.000842425051137630e+00
9.995727618544937298e-01
9.989990186469659417e-01
9.993025592297932747e-01
9.999587287979330164e-01
1.000140769491787207e+00
1.000617699040911468e+00
9.996524436917567646e-01
1.000757756758533734e+00
1.000599018542732477e+00
1.000853659866187240e+00
1.000603334928473309e+00
9.993312444329960353e-01
1.000279552765888091e+00
1.000844430895778236e+00
9.996410031875828661e-01
9.999244922620081910e-01
1.000563289723561455e+00
1.000690370661388329e+00
1.000136099229429254e+00
1.000630327471986769e+00
9.996203120065431103e-01
1.000204223634151512e+00
1.000292272789145231e+00
9.998152460228537652e-01
9.995863136023553919e-01
9.990700519381168210e-01
1.000300707735227945e+00
1.000490201833763582e+00
1.000366044080694516e+00
9.989600004831897806e-01
1.000082859116621981e+00
1.001141662315611969e+00
9.997239858610786900e-01
1.000051451351967158e+00
1.000347598193580323e+00
1.000463966557112894e+00
9.999886344906870894e-01
1.001131009626282209e+00
1.000088670062394991e+00
1.000217909790390269e+00
1.000237841611516298e+00
1.000512784620139595e+00
1.000106008761910692e+00
9.990879236411509545e-01
1.000940378680991838e+00
9.997713842196879197e-01
1.000233530173995522e+00
1.000570630383095461e+00
1.001685279102444426e+00
9.994495192415164819e-01
9.999940989370482702e-01
1.000430158488296417e+00
1.000514438694150687e+00
9.998198974802007255e-01
