0.000000000000000000e+00
0.000000000000000000e+00
0.000000000000000000e+00
0.000000000000000000e+00
0.000000000000000000e+00
0.000000000000000000e+00
0.000000000000000000e+00
0.000000000000000000e+00
0.000000000000000000e+00
0.000000000000000000e+00
0.000000000000000000e+00
0.000000000000000000e+00
0.000000000000000000e+00
0.000000000000000000e+00
0.000000000000000000e+00
0.000000000000000000e+00
0.000000000000000000e+00
0.000000000000000000e+00
0.000000000000000000e+00
0.000000000000000000e+00
0.000000000000000000e+00
0.000000000000000000e+00
0.000000000000000000e+00
0.000000000000000000e+00
0.000000000000000000e+00
0.000000000000000000e+00
1.765490075350026509e-05
1.516481277922130484e-03
2.494171653688128168e-02
1.742299321902484044e-01
6.992615633981541512e-01
1.526868908273906422e+00
2.106114897466559555e+00
2.169903123892765962e+00
1.948758584585085218e+00
1.664612802084801890e+00
1.420572208098103362e+00
1.252953627884274779e+00
1.143781784172113181e+00
1.051774176713931697e+00
9.661162631846696991e-01
9.102637642813269370e-01
8.900289263341728541e-01
8.940458558355314223e-01
9.090400941116260070e-01
9.282245502190910047e-01
9.503418227142603758e-01
9.709145659868757550e-01
9.849874374540723565e-01
9.958138063040606891e-01
1.001175339534666753e+00
1.005679814225084678e+00
1.007218383777322313e+00
1.000695030767240867e+00
9.975819290474271517e-01
9.873894348967313661e-01
9.742050389477817651e-01
9.607690711788587912e-01
9.505006622416893869e-01
9.408485669080760561e-01
9.348305155078848738e-01
9.347877206399020089e-01
9.361886390991412954e-01
9.452987135205328517e-01
9.554226223667696694e-01
9.683571718469451417e-01
9.841993457008862967e-01
9.998527981169142986e-01
1.013056961921798615e+00
1.023463882529547675e+00
1.033663982016014726e+00
1.041510920804315399e+00
1.043159072260899878e+00
1.044765787401255253e+00
1.042537536469394732e+00
1.040698426592869152e+00
1.035289612243547985e+00
1.027219222085539618e+00
1.020546441452409692e+00
1.013330456181565475e+00
1.007049399270937950e+00
9.987418419160327687e-01
9.941754372146525132e-01
9.895310908223996504e-01
9.862043513036519160e-01
9.839841357719754100e-01
9.832943736907460153e-01
9.847596272546433882e-01
9.859637490302001206e-01
9.872519897222187257e-01
9.888219237757364111e-01
9.918524056930665411e-01
9.940149305141996461e-01
9.970928413728826767e-01
9.986230606496504514e-01
1.001024795546697765e+00
1.001382700534226622e+00
1.002900294020494298e+00
1.003056499380738043e+00
1.001747967980329390e+00
1.002808084326782812e+00
1.003209403184801785e+00
1.003447023843728525e+00
1.004773330328970316e+00
1.004948166937389198e+00
1.004493585803424516e+00
1.004035671342704328e+00
1.004308221302990134e+00
1.004049713565053015e+00
1.004166699940463703e+00
1.003702209879392848e+00
1.003236886993345456e+00
1.001948278327819519e+00
1.001471472773740157e+00
1.001934948443293782e+00
1.000609886517046743e+00
1.000211418162953336e+00
1.000608358441782642e+00
9.994457229405632193e-01
9.990298159323383054e-01
9.993290010320404759e-01
9.984845376712168097e-01
9.978291282504365700e-01
9.980695705365395520e-01
9.987741383937368544e-01
9.978245567051650111e-01
9.988425470493531577e-01
9.993911367364158860e-01
9.996586824583986175e-01
9.996596225477396569e-01
1.000925052425892581e+00
1.000712109667460048e+00
1.000850096700458769e+00
1.000765218639605658e+00
1.001290876679237885e+00
1.000682583318767804e+00
1.000971159611538930e+00
1.001998277194674047e+00
1.002374347209988192e+00
1.000886376073010009e+00
1.001639139290549263e+00
1.001695401112623562e+00
1.001714331055249874e+00
1.001435835037656652e+00
1.001109009324425703e+00
1.001116628911405959e+00
1.000452145779279878e+00
9.999928580332931860e-01
1.000229287060129257e+00
1.000658832108655805e+00
1.000183263134446721e+00
1.000056422640489773e+00
1.000249295902775337e+00
9.997041993898351242e-01
9.993842848233175369e-01
9.999592020215251065e-01
9.996831485087032121e-01
1.000067627636282763e+00
9.996015178141420821e-01
1.000067732346555438e+00
1.000118163202524890e+00
9.997322093890997907e-01
1.000181318218457571e+00
1.000520673666107863e+00
9.997671581227597359e-01
1.000509469405039820e+00
1.000385061499181383e+00
1.000555912319921248e+00
1.000455724717481232e+00
1.000208723086933205e+00
1.000789495490252312e+00
1.000745754940350674e+00
1.000602006936305965e+00
1.000259347626614170e+00
1.000682684159734270e+00
1.000190557496410282e+00
1.000055479711270401e+00
1.000483049458600560e+00
1.000285583109612464e+00
1.000569464820550314e+00
9.999978552731459969e-01
9.999006986416255627e-01
1.000090823314146116e+00
1.000390131142161465e+00
9.999880234595303063e-01
9.998918997287421506e-01
1.000040053024874087e+00
9.998809291173699210e-01
1.000339599169081994e+00
9.999474677599747841e-01
9.996757556680756496e-01
1.000243578608986272e+00
1.000028179534612205e+00
1.000244811672805767e+00
9.999780307883993080e-01
1.000745661358036331e+00
1.000038632629323132e+00
1.000302596452121495e+00
9.995741261124716504e-01
9.997766076388182599e-01
9.998328734333727930e-01
1.000835042666386565e+00
1.000578519900903629e+00
9.999974628584588077e-01
1.000140778902173899e+00
1.000311835350310430e+00
1.000433913858066459e+00
1.000457645853208621e+00
1.000772681361211669e+00
1.000065339183864088e+00
1.000404723006317109e+00
9.998886365128153431e-01
1.000625157820003608e+00
1.000136296817137449e+00
1.000371465782767144e+00
1.000299682737695095e+00
1.000159951619781884e+00
1.000250470883335296e+00
9.998829908570253666e-01
9.999579427358907813e-01
9.997753540591297616e-01
9.997154614431273956e-01
9.998423610020119590e-01
9.999903902831858149e-01
9.999767909265235843e-01
9.997271962871606688e-01
1.000130825614145902e+00
1.000224128939833035e+00
1.000434232224946429e+00
1.000334499308976222e+00
1.000255428694333482e+00
1.000142067531874401e+00
1.000202842238193668e+00
1.000153683879999811e+00
1.000265440714295240e+00
1.000110349617911565e+00
1.000602419529825537e+00
9.999665176152274793e-01
9.998574212007340645e-01
9.997929902943697433e-01
1.000057942077297035e+00
1.000252763880775442e+00
9.998720533417958523e-01
1.000294078247161655e+00
1.000482186913751237e+00
9.999552771621883496e-01
1.000324722457619941e+00
9.998878249856398837e-01
9.999832590115406150e-01
1.000283371840762214e+00
1.000034940831983965e+00
9.998836986379782132e-01
9.997353725588785656e-01
9.997625527412924429e-01
1.000189606892654792e+00
1.000043288315705103e+00
9.998435410410853041e-01
9.995973244873687102e-01
1.000065466603455411e+00
9.999451921556059553e-01
1.000296119807473350e+00
9.998904870372120612e-01
1.000151374646071734e+00
9.999901459815974114e-01
1.000367350445038328e+00
9.999006861228882936e-01
1.000043933354618941e+00
9.999489369744278822e-01
9.999327855818340716e-01
1.000336332110888460e+00
1.000199643641848102e+00
1.000071845433341711e+00
9.995393840575667044e-01
9.999194744089130449e-01
1.000179795441807462e+00
1.000065944165847931e+00
1.000056835717713977e+00
1.000328508678027584e+00
1.000267392480944872e+00
1.000095709055608406e+00
1.000256065486166301e+00
9.999220559324017987e-01
1.000340284765225185e+00
1.000034804409236200e+00
1.000572719792200971e+00
1.000174695354792531e+00
1.000176397082137791e+00
1.000120721232179433e+00
1.000239362120015185e+00
9.997462907810632515e-01
1.000038833561296192e+00
1.000051350324764998e+00
9.999953907888238236e-01
9.998807362583346237e-01
9.998829690939773363e-01
1.000008283439837165e+00
1.000419215710074194e+00
1.000305174529742880e+00
1.000185511245577086e+00
1.000422449581524154e+00
1.000074766921954073e+00
1.000451727120542422e+00
1.000159962649915357e+00
1.000296964560471125e+00
1.000098266220434517e+00
1.000584740966262709e+00
1.000270575100934867e+00
9.999978116351423418e-01
1.000601255888866614e+00
1.000099307434886953e+00
9.999862274525717076e-01
1.000018159869635825e+00
1.000388503677418717e+00
9.999294571443785307e-01
9.999852284459858076e-01
1.000111075822862849e+00
1.000323679994874926e+00
1.000078086000954602e+00
1.000291306282831805e+00
1.000100732347260379e+00
1.000311295678688817e+00
1.000245361094061813e+00
1.000411339447885295e+00
1.000610152181551804e+00
1.000244549263960669e+00
1.000305668468973508e+00
1.000267510001044524e+00
1.000668911742089051e+00
1.000333969019132185e+00
1.000261864554234048e+00
1.000262760978203547e+00
1.000064653435493112e+00
1.000272287037702990e+00
1.000175609965421986e+00
1.000183748963319852e+00
1.000248708053150581e+00
1.000411169600348371e+00
1.000474842763523498e+00
1.000666854071563971e+00
1.000447200324318331e+00
9.986498649950605877e-01
9.909797941523219578e-01
9.821449962789837729e-01
9.732541302664007299e-01
9.648845332859150581e-01
9.562513270616498362e-01
9.475658861420719337e-01
9.392781365344879951e-01
9.307157327968775817e-01
9.224719208038362206e-01
9.140249473925473600e-01
9.058291887555396382e-01
8.975052954253991411e-01
8.891905828199294648e-01
8.812155592472535881e-01
8.730895756147305509e-01
8.649767943150199478e-01
8.569328218441722989e-01
8.488198876517965008e-01
8.408201500571391707e-01
8.328575625156054985e-01
8.254440588672442569e-01
8.174994820420496966e-01
8.097051866473445880e-01
8.017741998710136153e-01
7.945274914148310330e-01
7.868248316450727753e-01
7.789679086381545714e-01
7.715843812846622241e-01
7.640135622587258535e-01
7.566263559122216042e-01
7.491019462076343727e-01
7.419294165572094535e-01
7.342917057949439608e-01
7.269321845881902000e-01
7.198214339112135596e-01
7.127510953435564067e-01
7.054768478349470184e-01
6.982837688908383189e-01
6.912219135685848670e-01
6.840448916279210367e-01
6.771664701842454726e-01
6.701960337305785664e-01
6.630952324237944229e-01
6.561820320853871680e-01
6.492572879437397138e-01
6.424344692699085480e-01
6.356354996097633991e-01
6.290400137442175854e-01
6.220887169667689287e-01
6.152805805617692636e-01
6.085000825699111715e-01
6.019002139768436788e-01
5.954175666961072366e-01
5.886323880761911154e-01
5.821772987335771532e-01
5.756804599214965235e-01
5.692706219676970658e-01
5.626997482658334659e-01
5.564114929751972083e-01
5.502546472745470929e-01
5.436477213319901303e-01
5.373543169628350880e-01
5.312213590179405420e-01
5.247397704558742770e-01
5.185823587293727499e-01
5.123952171881261952e-01
5.061445074224489860e-01
5.000284812534269152e-01
4.940432100214417477e-01
4.877811146020482602e-01
4.819685439601473220e-01
4.758083817983064234e-01
4.697556744456100608e-01
4.637864039110696224e-01
4.579861603149209537e-01
4.518269723211201239e-01
4.461925556888737820e-01
4.403735972919918806e-01
4.344066760192278331e-01
4.286142212460701817e-01
4.229430397755250537e-01
4.172521586987267272e-01
4.115303625944514709e-01
4.057727381713239767e-01
4.001563170185267193e-01
3.944881663764491786e-01
3.888837908420418321e-01
3.831842403761568927e-01
3.777918093262326305e-01
3.723717596172806399e-01
3.669042203527205781e-01
3.613206197058241309e-01
3.559269500731430114e-01
3.504651780069580336e-01
3.451044983276314038e-01
3.397123496457760128e-01
3.343835722438362468e-01
3.290144348647223715e-01
3.236309616564875258e-01
3.185425612262873796e-01
3.131700604701402879e-01
3.079786345135884784e-01
3.027340104588203129e-01
2.975813895315619351e-01
2.924197466523859590e-01
2.873135291602734731e-01
2.820735912771936138e-01
2.770563962940729152e-01
2.719181484513888414e-01
2.669575524802054733e-01
2.619116381743559763e-01
2.569139395159966699e-01
2.520740431312055163e-01
2.469737318092908029e-01
2.420817066279109808e-01
2.371105914892354394e-01
2.322350219099627855e-01
2.274315066166979205e-01
2.225220798313954917e-01
2.178292388302174032e-01
2.128357256505502837e-01
2.080598129143702013e-01
2.033856274768894301e-01
1.985481760821033448e-01
1.938681494168303654e-01
1.891668421457667060e-01
1.846118088022977721e-01
1.798478625613159354e-01
1.752932146668035596e-01
1.705834417762651656e-01
1.660128057840243310e-01
1.613721991738093497e-01
1.567804168841778478e-01
1.523275052896965742e-01
1.477131291857939066e-01
1.432225968814189732e-01
1.388252445209474661e-01
1.343252108535901990e-01
1.297928302903845199e-01
1.253521870126974302e-01
1.210479308493215694e-01
1.169886401923153907e-01
1.133099197833392219e-01
1.096631836805431054e-01
1.062601565336167148e-01
1.030218720307677499e-01
9.986647211412907899e-02
9.681953442592566850e-02
9.384650930987313566e-02
9.104462122828463344e-02
8.829884373681659571e-02
8.566016950358584792e-02
8.308915464453668631e-02
8.059756864884901062e-02
7.812945212232004499e-02
7.577421737286872683e-02
7.346533633765758853e-02
7.122098263390103101e-02
6.908617188734221537e-02
6.691273163796535028e-02
6.483572030105680395e-02
6.281140282349320647e-02
6.092030826820137024e-02
5.898669947588720125e-02
5.713137007517771204e-02
5.527577882783155788e-02
5.354903233974040583e-02
5.181619837734006279e-02
5.013530489991304545e-02
4.852122137746258529e-02
4.694910392564925761e-02
4.538057831546987719e-02
4.388294272536385349e-02
4.241066075491217030e-02
4.094872663359505616e-02
3.956205591133618582e-02
3.823602352740222698e-02
3.690863981835086627e-02
3.559735148822849166e-02
3.434287387194825264e-02
3.311304382672853458e-02
3.193332456585996904e-02
3.077499261446626014e-02
2.963261206486235075e-02
2.852984649267430520e-02
2.745541107360070093e-02
2.638741742245918898e-02
2.538262801504804697e-02
2.441337239977327267e-02
2.344087280154813491e-02
2.246674461841741133e-02
2.158424598485083820e-02
2.069151448284845332e-02
1.982433841915193923e-02
1.899247136240579670e-02
1.817518189027708675e-02
1.737980337240190368e-02
1.662365107553034904e-02
1.587014747233026976e-02
1.512863763506068319e-02
1.444669388376113549e-02
1.374506593358770096e-02
1.310347830860003268e-02
1.243941616508466297e-02
1.182903010084090240e-02
1.125244956757074852e-02
1.064414501708636079e-02
1.009902184089618224e-02
9.552546621399714971e-03
9.031729014963151003e-03
8.534058685398387967e-03
8.023284765840740101e-03
7.558640441260269793e-03
7.131127799445157768e-03
6.661908280403344880e-03
6.253237391053018124e-03
5.835803824209947338e-03
5.452164934276961146e-03
5.077556781888193510e-03
4.716932286053716374e-03
4.367573258325563659e-03
4.040251204061051822e-03
3.733107953126205830e-03
3.431683959036173868e-03
3.146577577262206580e-03
2.869411309065017599e-03
2.618125255017988724e-03
2.369297725131800769e-03
2.149373223804050374e-03
1.918640703859018481e-03
1.722841235040535124e-03
1.527025490369428220e-03
1.347285696357746788e-03
1.182884738266009889e-03
1.021152292794526252e-03
8.745526581547082619e-04
7.428758868064354055e-04
6.231726041003929351e-04
5.141120580750331180e-04
4.142802041857776584e-04
3.268566197709164888e-04
2.521173538844750537e-04
1.829776204805756853e-04
1.292442998395203842e-04
8.415973893390556507e-05
4.887109123302609139e-05
2.316242710167738526e-05
7.482759873718492501e-06
1.007997118383362931e-06
2.667042381991280097e-08
0.000000000000000000e+00
0.000000000000000000e+00
0.000000000000000000e+00
0.000000000000000000e+00
0.000000000000000000e+00
0.000000000000000000e+00
0.000000000000000000e+00
0.000000000000000000e+00
0.000000000000000000e+00
0.000000000000000000e+00
0.000000000000000000e+00
0.000000000000000000e+00
0.000000000000000000e+00
0.000000000000000000e+00
0.000000000000000000e+00
0.000000000000000000e+00
0.000000000000000000e+00
0.000000000000000000e+00
0.000000000000000000e+00
0.000000000000000000e+00
0.000000000000000000e+00
0.000000000000000000e+00
0.000000000000000000e+00
0.000000000000000000e+00
0.000000000000000000e+00
0.000000000000000000e+00
0.000000000000000000e+00
0.000000000000000000e+00
0.000000000000000000e+00
0.000000000000000000e+00
0.000000000000000000e+00
0.000000000000000000e+00
0.000000000000000000e+00
0.000000000000000000e+00
0.000000000000000000e+00
0.000000000000000000e+00
0.000000000000000000e+00
0.000000000000000000e+00
0.000000000000000000e+00
0.000000000000000000e+00
0.000000000000000000e+00
0.000000000000000000e+00
0.000000000000000000e+00
0.000000000000000000e+00
0.000000000000000000e+00
0.000000000000000000e+00
0.000000000000000000e+00
0.000000000000000000e+00
0.000000000000000000e+00
0.000000000000000000e+00
0.000000000000000000e+00
0.000000000000000000e+00
0.000000000000000000e+00
0.000000000000000000e+00
0.000000000000000000e+00
0.000000000000000000e+00
0.000000000000000000e+00
0.000000000000000000e+00
0.000000000000000000e+00
