0.000000000000000000e+00
0.000000000000000000e+00
0.000000000000000000e+00
0.000000000000000000e+00
0.000000000000000000e+00
0.000000000000000000e+00
0.000000000000000000e+00
0.000000000000000000e+00
0.000000000000000000e+00
0.000000000000000000e+00
0.000000000000000000e+00
0.000000000000000000e+00
0.000000000000000000e+00
0.000000000000000000e+00
0.000000000000000000e+00
0.000000000000000000e+00
0.000000000000000000e+00
0.000000000000000000e+00
0.000000000000000000e+00
0.000000000000000000e+00
0.000000000000000000e+00
0.000000000000000000e+00
0.000000000000000000e+00
0.000000000000000000e+00
0.000000000000000000e+00
0.000000000000000000e+00
0.000000000000000000e+00
0.000000000000000000e+00
0.000000000000000000e+00
0.000000000000000000e+00
0.000000000000000000e+00
0.000000000000000000e+00
0.000000000000000000e+00
4.302373226413461205e-02
9.898084904546411433e-01
4.858070073638653952e+00
9.383159545029288395e+00
1.159161935189759340e+01
1.028717658718893446e+01
8.191557778119069155e+00
6.028757093685904955e+00
4.407225567455265391e+00
3.068837805873327440e+00
2.355233692624167929e+00
1.694636088885237424e+00
1.474031443069904856e+00
1.241601110413715015e+00
1.157774419183601911e+00
1.024310505315817466e+00
1.121287659059598596e+00
1.136015474055738883e+00
1.079584234941202592e+00
1.249072757990959071e+00
1.217999004507654526e+00
1.329774677861887744e+00
1.376343208919745598e+00
1.334105874098433731e+00
1.488186951885031917e+00
1.456087031678268806e+00
1.460747866464633171e+00
1.418135639043271556e+00
1.487291408401715920e+00
1.417829676540165673e+00
1.323231393893873342e+00
1.347516324695214873e+00
1.304434703380796590e+00
1.268774955843387842e+00
1.261134529041454178e+00
1.125792652891061563e+00
1.154608702270440324e+00
1.183291423496825256e+00
1.141923687806019272e+00
1.090429932494618726e+00
1.092244263489497325e+00
1.136198089799672628e+00
1.164749116913303073e+00
1.171626629135642750e+00
1.184195101413018092e+00
1.227873860213909873e+00
1.207110554942664393e+00
1.200405948383384214e+00
1.208931036106520196e+00
1.137944532442718204e+00
1.155175178551495652e+00
1.182096375614025474e+00
1.167817622319762272e+00
1.143553821789463631e+00
1.098644691458402045e+00
1.109714566795817481e+00
1.191149562273239537e+00
1.106015468058069384e+00
1.092930755586584590e+00
1.077328569761767163e+00
1.056064564348757395e+00
1.110072192575672467e+00
1.134596406202092567e+00
1.113277611508332043e+00
1.081923387622348187e+00
1.108840140709393962e+00
1.085200892349364343e+00
1.111041704179676293e+00
1.116910538936008557e+00
1.090627656980299509e+00
1.080022192656081570e+00
1.112954127604223409e+00
1.088051132297986223e+00
1.069842942716920264e+00
1.078862559257799836e+00
1.132898671589003259e+00
1.063975188515987158e+00
1.073673558565213071e+00
1.039353797579483540e+00
1.031259791829176820e+00
1.067143635729614459e+00
1.060739393394581898e+00
1.064530936544727746e+00
1.021430023472313264e+00
1.039092574206417652e+00
1.011313234064985966e+00
1.046869509645493190e+00
1.002629951557637122e+00
1.013015619784041421e+00
1.019068595462122140e+00
1.013079749342596259e+00
1.021792592480502249e+00
1.003121386165565454e+00
1.001506756898282724e+00
1.036354452407937776e+00
1.031984454359694992e+00
9.804046565284519898e-01
9.994611487933847682e-01
1.023411574386904110e+00
1.004171656483370034e+00
1.020612779679236803e+00
1.004959026179783832e+00
1.018321072778450409e+00
1.006306063060560252e+00
9.891681641136640390e-01
1.018987870170409371e+00
1.004927410390425768e+00
9.914071936975760169e-01
9.926373737513718432e-01
9.963512178051158186e-01
1.003617333251370258e+00
9.999498089911817988e-01
9.885329610862759742e-01
1.005231693340215893e+00
1.001191299655126876e+00
1.014028535386887864e+00
9.663731113982401144e-01
9.955709754245047893e-01
9.889933073082384229e-01
9.795951741092816523e-01
1.003761257657428407e+00
9.788746515407347193e-01
9.844974141649208699e-01
9.900941418545123884e-01
1.005981221145548554e+00
9.662263021522721207e-01
9.864154443125405791e-01
9.893452008682263044e-01
9.947188400879907189e-01
9.894625850514503496e-01
9.862470537202675525e-01
9.741142493508360145e-01
1.014384218511212410e+00
1.007809834672328320e+00
9.880674172295157431e-01
9.728029695465975069e-01
9.921151062945309240e-01
9.806776578331264371e-01
9.809308074126625865e-01
9.939318828671962480e-01
9.868385584651405695e-01
9.687417521561648703e-01
9.931644061089383024e-01
9.828723459215570335e-01
9.824039726179051302e-01
9.903711008770906821e-01
9.900074989491643995e-01
9.706203915315494424e-01
9.996776008149471648e-01
1.003250105796418490e+00
9.956435788639454998e-01
9.865821965505483515e-01
9.992681611375681117e-01
9.809454661509996454e-01
9.913870647845945960e-01
9.813039823609019940e-01
9.985399670629534485e-01
9.777056711217815277e-01
9.888520938267898464e-01
9.976298252383832832e-01
9.803810405926052240e-01
9.703259390316967270e-01
9.976945769649641083e-01
9.970700275303492344e-01
9.917028194041896949e-01
9.906820817849465444e-01
9.884186945897714960e-01
9.868717573468782644e-01
1.001124000425000826e+00
9.774834660769785577e-01
9.767620065116084938e-01
9.769315804741230957e-01
9.723635847530667231e-01
9.799544155178784299e-01
9.745691905756869167e-01
9.717966762463673414e-01
9.863052813993816725e-01
9.909052238437217053e-01
9.936471341679665725e-01
9.960798000709293332e-01
9.834867721087307002e-01
9.988959787180868855e-01
9.659403978543915636e-01
9.779504510272850615e-01
9.834728503221639162e-01
9.830883922054497459e-01
9.964004211638507469e-01
9.776504781362027607e-01
9.882315438872024682e-01
9.820995750605836516e-01
9.788408546524948184e-01
9.847985517663552235e-01
9.937459517612956539e-01
9.619305585650946844e-01
1.005458906613551973e+00
9.828978559576518892e-01
9.799433140318392077e-01
9.886360843897775696e-01
9.802035130499139326e-01
9.919777312881720155e-01
9.889902873182569998e-01
9.875981934888308222e-01
9.816666092663502985e-01
9.869365265702730872e-01
9.596385525495306767e-01
9.765655820257811426e-01
9.897255816229133529e-01
9.769205619222551817e-01
9.930225202243427862e-01
9.809081728426464197e-01
9.882599216211916948e-01
9.894007751305358145e-01
9.854428936072185952e-01
9.833443182692815920e-01
9.836910755511553139e-01
9.842349981566769213e-01
9.588305635089898749e-01
9.683505786505901547e-01
1.007767211300069521e+00
9.891975700358929258e-01
9.738194736533645202e-01
9.878015200203525970e-01
1.001387325763448688e+00
9.734847850855539164e-01
9.866932885346150206e-01
9.778456240723969461e-01
9.906165318249541274e-01
9.798235999254090167e-01
9.890794005335077355e-01
9.800162432426708925e-01
9.878223480892802666e-01
9.870621086869970640e-01
9.886828283763021696e-01
9.830446984120624343e-01
9.887324217872517362e-01
9.871415085693063807e-01
9.727821637404940880e-01
9.764257704932083337e-01
9.884398443867665751e-01
9.824991075115000472e-01
9.810728085548392485e-01
9.864340057189642241e-01
9.908009882917466760e-01
9.763207110279857881e-01
9.829038779970724615e-01
1.000449001444363217e+00
9.923139914432580477e-01
