0.000000000000000000e+00
0.000000000000000000e+00
0.000000000000000000e+00
0.000000000000000000e+00
0.000000000000000000e+00
0.000000000000000000e+00
0.000000000000000000e+00
0.000000000000000000e+00
0.000000000000000000e+00
0.000000000000000000e+00
0.000000000000000000e+00
0.000000000000000000e+00
0.000000000000000000e+00
0.000000000000000000e+00
0.000000000000000000e+00
0.000000000000000000e+00
0.000000000000000000e+00
0.000000000000000000e+00
0.000000000000000000e+00
0.000000000000000000e+00
0.000000000000000000e+00
0.000000000000000000e+00
0.000000000000000000e+00
0.000000000000000000e+00
0.000000000000000000e+00
0.000000000000000000e+00
0.000000000000000000e+00
0.000000000000000000e+00
0.000000000000000000e+00
5.649952037736312958e-03
1.925060088103948130e-01
1.233790849986472482e+00
2.693712715942052860e+00
3.140663405390115237e+00
2.515454788012292386e+00
1.706274203275732981e+00
1.077090958768959883e+00
7.232683726372678423e-01
5.555601389443499682e-01
4.968539133577068445e-01
4.949738540085589777e-01
5.515248413457241039e-01
6.298969341093995089e-01
7.192768320833821116e-01
8.272167494030021606e-01
9.364321158219862662e-01
1.033773592641627159e+00
1.129515401147608511e+00
1.175617356523183332e+00
1.226105145370065985e+00
1.232422076410344625e+00
1.218512451749090397e+00
1.202770779696476167e+00
1.172680767508917477e+00
1.129766701807200846e+00
1.087545826264725290e+00
1.041188568319469265e+00
9.945131002190087388e-01
9.602873174543560264e-01
9.138429971684430830e-01
8.834005027008161592e-01
8.640752195212594300e-01
8.499635130585182496e-01
8.486068932895532990e-01
8.664378318367532694e-01
8.906648036429222204e-01
9.154628413776872975e-01
9.525265418815531682e-01
9.775924310071087975e-01
1.015074939248961750e+00
1.035915402607410218e+00
1.052231080415268138e+00
1.069211724217182802e+00
1.071902315015937024e+00
1.076131364535289903e+00
1.075403153972395387e+00
1.061778320234616046e+00
1.049190674402789680e+00
1.036013776507024087e+00
1.021232285007785956e+00
1.003812412902928441e+00
9.936364494279074089e-01
9.851198490118652229e-01
9.811966228491861841e-01
9.809697707640578912e-01
9.741065948232955352e-01
9.756557849773066504e-01
9.813646412836012356e-01
9.823162024677278836e-01
9.888391838490218078e-01
9.934346853459842253e-01
9.940392685916729087e-01
9.995075441377512249e-01
1.001732958029156295e+00
1.009881342393164072e+00
1.004402956865033669e+00
1.006780165137745042e+00
1.011235737719727856e+00
1.003153404723600151e+00
1.003498643282793257e+00
1.000979523550800332e+00
9.994529669931899729e-01
1.002553509854521963e+00
9.976331880457011136e-01
9.957146875682202358e-01
9.958401683861536346e-01
9.971468474937547066e-01
9.958663513351311281e-01
9.973397291434819012e-01
9.985574450702590088e-01
9.991369398734875062e-01
1.000902102057943166e+00
1.004144149489881288e+00
1.004120278124731591e+00
1.006671563252721224e+00
1.003073689029942095e+00
1.004052399694747466e+00
1.000344320997007541e+00
1.004116025344433005e+00
9.988562488031708098e-01
9.999594877704818252e-01
1.001443476478167227e+00
9.985578979973257496e-01
9.981256083167800996e-01
9.996598545547643599e-01
9.991125550827594237e-01
9.988349262696673003e-01
9.984855078073638923e-01
1.000128815926739412e+00
9.987423353837694417e-01
1.000254253994120157e+00
9.983620815054833342e-01
9.988427651707268984e-01
1.000061096105953728e+00
9.989702506436711760e-01
9.988902932959260461e-01
1.000532006319514888e+00
1.000856908075992591e+00
1.000892746632319863e+00
1.000656243102339804e+00
1.001841501368594400e+00
1.001292756556503960e+00
9.990314319953318423e-01
9.997876366970502859e-01
1.001993165548046516e+00
9.991171407213035316e-01
1.000352080624979045e+00
9.988586160924561863e-01
1.000579098675352219e+00
9.971426429611944808e-01
1.000972128246821358e+00
1.000137431841921609e+00
1.000950405500013796e+00
1.000989180164816972e+00
1.000160641548186069e+00
9.997076017478238041e-01
9.996634645992263923e-01
1.002894091910538465e+00
9.974081454281050751e-01
9.992085016083684934e-01
9.979329490205764985e-01
9.983305543553171457e-01
9.974863063402913399e-01
1.000813906702838318e+00
9.985610890014130492e-01
9.986800393418195920e-01
9.991333153683986668e-01
1.000214899632461574e+00
9.988715195773705258e-01
1.000135516750397136e+00
1.000924340725424466e+00
1.001971450858483603e+00
9.976418594875169354e-01
1.000534243119700628e+00
1.001147492457966193e+00
1.000181944817027269e+00
9.989482475919357896e-01
1.001529994485361508e+00
9.999408368707044525e-01
1.000252608235800311e+00
9.982758505315411091e-01
1.000185121032741931e+00
9.993377872815469853e-01
9.978063999919446481e-01
9.997264977123997420e-01
9.980587194561055808e-01
9.987117339452004083e-01
9.997799430288230038e-01
1.001320465043682661e+00
9.988606480720425562e-01
9.986792671755289064e-01
9.990729368929265330e-01
1.000467303848340928e+00
1.000461636492352646e+00
1.001024608239763136e+00
1.001502295587911151e+00
9.998461778467656602e-01
1.000671353480671710e+00
9.993503163678353340e-01
9.993980650816447486e-01
1.000878017928066521e+00
1.000645516109929689e+00
1.000790591824049391e+00
9.994231494865029042e-01
1.000321198544338097e+00
9.983261876607432139e-01
9.999512171524561621e-01
9.995921651611497927e-01
9.975300103372312099e-01
1.000279176126283032e+00
1.000369039835132590e+00
1.000354628235736287e+00
9.992922361595640846e-01
1.000533708244740971e+00
1.000075524857471976e+00
9.996440392171436207e-01
1.001561299518833659e+00
1.000775094173799618e+00
1.001262312910256025e+00
1.000410831740025763e+00
1.002424866915124113e+00
1.001353281506502046e+00
1.001116031188509004e+00
1.000342086562213684e+00
1.000097613865266410e+00
1.000149795275060427e+00
9.991396661171931814e-01
1.000820546868782968e+00
9.992895153065806113e-01
9.998894904388760940e-01
9.997521878587145583e-01
9.984579565616429342e-01
1.001120381415754546e+00
1.001055902042083057e+00
9.992170882406060661e-01
1.000224592103078347e+00
1.001654416637384637e+00
9.991530110288421307e-01
1.001136843918480901e+00
1.001272055669901961e+00
1.000270421005872157e+00
1.001628786081243172e+00
1.000865230006990014e+00
1.000070220201466853e+00
1.000086653922305446e+00
1.000274320196522293e+00
9.999241371172132853e-01
1.000585587080894845e+00
1.001606367738032244e+00
9.998437088802252237e-01
1.000211593327666071e+00
1.000079665612926716e+00
9.993027838759670489e-01
1.000768373301766045e+00
9.999851059239667217e-01
1.000380051156570804e+00
9.993006830009237840e-01
1.000678605715582092e+00
9.997673508048090518e-01
9.997666244850755835e-01
9.999601882690181132e-01
1.000325930859919055e+00
1.000331573056709722e+00
1.001077418187214629e+00
1.000179125344324405e+00
9.996000466780268212e-01
1.000610924309160321e+00
1.000065130001819291e+00
1.000716683483497516e+00
1.001170101130282264e+00
1.000921559445276721e+00
9.999648543930036437e-01
1.000276646194547148e+00
1.000361666628805102e+00
1.000707989488693439e+00
1.000873468981998249e+00
1.000724893960385886e+00
1.000603995300144877e+00
9.996620943026549577e-01
9.997919133217570975e-01
