0.000000000000000000e+00
0.000000000000000000e+00
0.000000000000000000e+00
0.000000000000000000e+00
0.000000000000000000e+00
0.000000000000000000e+00
0.000000000000000000e+00
0.000000000000000000e+00
0.000000000000000000e+00
0.000000000000000000e+00
0.000000000000000000e+00
0.000000000000000000e+00
0.000000000000000000e+00
0.000000000000000000e+00
0.000000000000000000e+00
0.000000000000000000e+00
0.000000000000000000e+00
0.000000000000000000e+00
0.000000000000000000e+00
0.000000000000000000e+00
0.000000000000000000e+00
0.000000000000000000e+00
0.000000000000000000e+00
0.000000000000000000e+00
1.883861571948488916e-03
2.021614724951104405e-02
8.373393637214997243e-02
2.940132750698338793e-01
6.766178333461284611e-01
1.308047575989134126e+00
1.962793161262558872e+00
2.442624437909152846e+00
2.519599981419562429e+00
2.271924536790766336e+00
1.868030553625916523e+00
1.448527744002822359e+00
1.086840309629865331e+00
8.370506776670039173e-01
7.556057245733291960e-01
7.261688220732744892e-01
7.757291468808220625e-01
8.297408044348777434e-01
9.018184661677879355e-01
9.988153914860253835e-01
1.060939008138769069e+00
1.135610886880912052e+00
1.170323990384794177e+00
1.262476344830234298e+00
1.351040043399322377e+00
1.405700198070761964e+00
1.479625807230716905e+00
1.536465464995304897e+00
1.602969758057055882e+00
1.632013938686706522e+00
1.638543832685380730e+00
1.628953502396470521e+00
1.581678456996931770e+00
1.497555638862930971e+00
1.431057819199238246e+00
1.342790756421388343e+00
1.259799594621542784e+00
1.201971565506489315e+00
1.148038387502199109e+00
1.121560868421049628e+00
1.085592928357099085e+00
1.061134026022797494e+00
1.063345642986916140e+00
1.058414750683901229e+00
1.053135695295207785e+00
1.063231415121606904e+00
1.050718422287659548e+00
1.057951868406467710e+00
1.064819512090249498e+00
1.052502037004825031e+00
1.061165033139404690e+00
1.061438839674513579e+00
1.062688504333376693e+00
1.060884558422396262e+00
1.047471412307821037e+00
1.036697003697265584e+00
1.037082462411316852e+00
1.023686178339813901e+00
1.014348571234119367e+00
1.004634783359749095e+00
1.005131830894392619e+00
1.000167629283990944e+00
9.959754128627532621e-01
9.948513929391183952e-01
9.970251282106487034e-01
1.000142184980603144e+00
9.945937965694239269e-01
9.917662261378261679e-01
9.910417394279342762e-01
9.869355992900388230e-01
9.841576123716683222e-01
9.847975186535160574e-01
9.757268896733086727e-01
9.837424194584036830e-01
9.771141272651922005e-01
9.807618041344452475e-01
9.800685768350880789e-01
9.836306061759166885e-01
9.762109746204294947e-01
9.707933938290013165e-01
9.753066360379301081e-01
9.679170783410029344e-01
9.701790209010755506e-01
9.778535358176938530e-01
9.817792629560992967e-01
9.813904743267202191e-01
9.816305933425407693e-01
9.843082197089929597e-01
9.819329508703620313e-01
9.892109916615657861e-01
9.821545187074469663e-01
9.870193647142037063e-01
9.832716914082869630e-01
9.912833460430926502e-01
9.886271047468445650e-01
9.868016260012626439e-01
9.896708983310320562e-01
9.845939316221538062e-01
9.893004483764805679e-01
9.849115784966019360e-01
9.899932798414753377e-01
9.966914146549599174e-01
9.907046201501561455e-01
9.918957680575463121e-01
9.929385475419351126e-01
9.916308106572081504e-01
9.901467841366922151e-01
9.942420933770785840e-01
9.948966428456306188e-01
9.977600438622773460e-01
9.963962965627541912e-01
9.959880255091470014e-01
9.947639326515638203e-01
9.978591283209863327e-01
9.949099937783383307e-01
9.940855707151236009e-01
9.950671794861104535e-01
9.995156454624487541e-01
9.976292373199324715e-01
1.000194782539223892e+00
1.003981929447442356e+00
9.993573187377924327e-01
1.002280527839602753e+00
9.996202042233501839e-01
9.956646932291024488e-01
9.990370273869536577e-01
1.001345845107818322e+00
9.971135979980499942e-01
1.004127149862396706e+00
9.977104461374584066e-01
9.937619016778175274e-01
1.000987025955049070e+00
1.000945569341760155e+00
1.001496924964555557e+00
1.000818032340418551e+00
1.001638853610251845e+00
1.004419512888286459e+00
1.001228131979992941e+00
1.002787607227167754e+00
9.997655411870168818e-01
9.978188030390835461e-01
1.002349136024915044e+00
9.997637472267630887e-01
1.005915686331938508e+00
1.003173032412747467e+00
1.005832535026361052e+00
1.001338684447512950e+00
1.003182165953598437e+00
1.001694639853423663e+00
1.002283274607049801e+00
1.000944916081064173e+00
1.001765827758321459e+00
9.995724030427429740e-01
1.002991342793122076e+00
1.002238050634352895e+00
1.001641066841667316e+00
1.004375881728474473e+00
1.001968863534185461e+00
1.001413228678226242e+00
1.005894357063352063e+00
9.991479713069256752e-01
9.993490708214027851e-01
1.003065058871953852e+00
9.981082778837001568e-01
1.002947454865151800e+00
1.000838363629253047e+00
1.003766704429833734e+00
9.990161456486946756e-01
1.002256411826758509e+00
9.986219176076590598e-01
1.000035117888649960e+00
1.000331566751532009e+00
1.003517476946777842e+00
1.000430160156484671e+00
1.001770557443391940e+00
1.001030584420134595e+00
1.003508344442743727e+00
1.000289040145718733e+00
9.997835949999692717e-01
1.001506429750736782e+00
9.983916575771383251e-01
9.999530710958528523e-01
9.960204399656261698e-01
1.001018092364966749e+00
1.000658209944613075e+00
9.997603222262561040e-01
9.964446732622012082e-01
9.977767400744887993e-01
9.987046804076911144e-01
9.979773880495720340e-01
9.978654456442919152e-01
1.000918014068554296e+00
9.972515622578194128e-01
9.971452916938704503e-01
1.000354071417628443e+00
9.947751128186173020e-01
9.977112592613480713e-01
9.950994645147559492e-01
9.965890788271734024e-01
9.976443432698816061e-01
9.969303090275283274e-01
1.000963075343377806e+00
9.998900335676299544e-01
9.980077577149998325e-01
9.955595936553132130e-01
9.984358329788808328e-01
9.969063460316154313e-01
9.990615857435789504e-01
9.996025891984603451e-01
9.988142373330771706e-01
9.947560519795987100e-01
9.996674064212283106e-01
9.991829114348361740e-01
9.985082080052499753e-01
1.001236856145792498e+00
9.998310068958236041e-01
9.982305621759163250e-01
9.975579139773436133e-01
9.997351213440007767e-01
9.991750055234659422e-01
1.000957745207821104e+00
9.996197214467325010e-01
9.986636104523355373e-01
9.976487426307300010e-01
1.000482130933186165e+00
9.977265088362816670e-01
9.964315061346634694e-01
9.993876307094416989e-01
1.001494133971690736e+00
9.972403625244729009e-01
1.000956164561618955e+00
9.980065662688968331e-01
9.999349605599501256e-01
9.995753670824453208e-01
1.000441707820907578e+00
9.997745242323555770e-01
9.998317904237455922e-01
9.994516797139966213e-01
1.000595235174160935e+00
9.981458655076557163e-01
1.000437317485437294e+00
9.977685693319731097e-01
9.971677894688062427e-01
9.976109722654566969e-01
9.976237932643110540e-01
9.965870902872312476e-01
9.975129668924510584e-01
9.974431058653668858e-01
9.957139539494440639e-01
9.977404757146356440e-01
9.995441151514868894e-01
9.992521076213325415e-01
9.999514761582428690e-01
9.971635282142857770e-01
9.980897228239357100e-01
9.973285934710718337e-01
