0.000000000000000000e+00
0.000000000000000000e+00
0.000000000000000000e+00
0.000000000000000000e+00
0.000000000000000000e+00
0.000000000000000000e+00
0.000000000000000000e+00
0.000000000000000000e+00
0.000000000000000000e+00
0.000000000000000000e+00
0.000000000000000000e+00
0.000000000000000000e+00
0.000000000000000000e+00
0.000000000000000000e+00
0.000000000000000000e+00
0.000000000000000000e+00
0.000000000000000000e+00
0.000000000000000000e+00
0.000000000000000000e+00
0.000000000000000000e+00
0.000000000000000000e+00
0.000000000000000000e+00
0.000000000000000000e+00
0.000000000000000000e+00
0.000000000000000000e+00
0.000000000000000000e+00
6.367882903760355021e-05
3.531045796321373442e-03
4.831550803454175841e-02
2.421279066496861421e-01
6.092820250983633779e-01
1.026491836439549887e+00
1.339112122886260137e+00
1.490087512025118244e+00
1.513075599077476463e+00
1.463763331911366983e+00
1.397013808781765842e+00
1.337392442282878235e+00
1.315601915850360237e+00
1.286147742023944440e+00
1.205072200847726593e+00
1.120700694897085903e+00
1.075255595178861601e+00
1.060270248747816613e+00
1.060687836861278432e+00
1.069796720410851609e+00
1.076472807791579278e+00
1.074599271221139407e+00
1.067555229849764808e+00
1.051415656107731467e+00
1.037628574904853496e+00
1.036859196910529191e+00
1.037740762910617232e+00
1.041674051228087539e+00
1.046214298020773592e+00
1.042218508870978333e+00
1.038370005615359526e+00
1.027429819529402488e+00
1.018144094736882499e+00
1.004515223627461928e+00
9.936708453549257802e-01
9.883800436887449914e-01
9.827119415212339781e-01
9.829636815324162002e-01
9.872225651805542901e-01
9.918939360434154695e-01
9.986442035401307260e-01
1.004416200442964646e+00
1.011893831748117645e+00
1.018589165154139442e+00
1.022552693565521365e+00
1.024826526410637317e+00
1.027314787656878892e+00
1.028994673474736166e+00
1.027956288680242469e+00
1.029110975559282437e+00
1.029429705123354299e+00
1.025354692230516562e+00
1.022831510594901072e+00
1.016513302148923437e+00
1.014573842839381346e+00
1.007764543983394212e+00
1.002049748112275429e+00
9.969585269112719583e-01
9.940094994304353726e-01
9.922821725806403315e-01
9.897119210386349231e-01
9.921030097731279307e-01
9.887949275504220870e-01
9.923277452211359817e-01
9.899627074336240229e-01
9.940919190313051157e-01
9.925216900013118515e-01
9.966593751144614544e-01
9.960879008322598427e-01
9.985735611165500458e-01
9.987606776303057377e-01
9.983530286986312952e-01
9.997176785205277305e-01
9.993101531782028202e-01
9.989529606152144359e-01
9.987612081760653959e-01
9.996449399814292258e-01
9.995758031935704224e-01
9.992092074625648079e-01
9.981349509428403266e-01
9.981825047926953243e-01
9.986067628079106084e-01
9.989679836251801337e-01
9.994612210448535761e-01
9.980164933571568087e-01
9.986348780770546441e-01
9.971023601640585099e-01
9.979905255011036758e-01
9.985139140077859965e-01
9.984998997471110638e-01
9.997312181951768517e-01
9.982679596189990567e-01
9.969535510697918879e-01
9.982969298892562238e-01
9.986942827969103043e-01
9.989191221375353091e-01
9.983193490734219022e-01
9.986480508785579024e-01
9.975802370522363072e-01
9.989548187214863928e-01
9.982250117083211194e-01
9.977413633725698006e-01
9.982274690456520716e-01
9.989087930851500152e-01
9.984402763955070315e-01
9.986149198822699136e-01
1.000781308471322184e+00
9.994545855564113124e-01
1.000865354829300502e+00
1.000032982518651803e+00
1.000106072840709182e+00
9.997248732579209207e-01
1.000393807748464647e+00
1.000023902928447894e+00
1.001022508554572088e+00
9.996233419441514778e-01
1.000247297608263475e+00
1.000086969345827859e+00
1.000136041419019017e+00
9.993622639186319212e-01
1.000277770264159649e+00
1.000711049985052226e+00
1.000182655735067483e+00
1.000196265781904792e+00
1.000339808939741282e+00
9.999473160440975894e-01
1.000085101534884613e+00
1.000438399299710346e+00
1.000513299013056745e+00
1.000014973481594183e+00
9.992838227654431416e-01
1.000957461972423967e+00
1.000479717099207244e+00
9.999721428159352721e-01
1.000177297450344671e+00
1.000096657415939783e+00
9.999782945151006741e-01
1.000499985564323291e+00
9.998934223808968458e-01
1.000491997366380614e+00
1.001077157426784270e+00
1.000728336538235119e+00
1.000476124983332715e+00
9.997645666210109860e-01
1.000037968194595006e+00
9.995966481772644574e-01
1.000267006575839668e+00
1.000831557540468264e+00
1.000508647698740594e+00
1.000451896444190192e+00
1.000743609893274044e+00
1.000292409182014675e+00
1.000003434277426662e+00
1.000347466399328589e+00
9.998443710550811714e-01
1.000630812324868835e+00
9.997407489892947696e-01
9.998982114728613979e-01
1.000295340048870774e+00
1.000007331575510916e+00
9.999930945820953987e-01
1.000428401160965430e+00
1.000127513082036179e+00
9.996512750653856472e-01
1.000171788267912865e+00
9.994887504307859993e-01
1.000309011804119574e+00
9.996063257365774835e-01
9.997744654664327824e-01
1.000257638621439682e+00
9.997689760171242224e-01
1.000254929375145263e+00
1.000436818126175798e+00
1.000237968367590824e+00
1.000446735494286310e+00
9.999254585140187057e-01
9.996785203649903861e-01
9.995985713041944942e-01
1.000420802311663193e+00
1.000186949753340437e+00
1.000154018803805167e+00
1.000085500556781026e+00
1.000318393581286491e+00
1.000356873275304981e+00
1.000956945613227234e+00
9.991858417213530519e-01
1.000698511261530976e+00
9.997869344061368624e-01
9.999848521201563090e-01
9.998591059238159939e-01
1.000081489103923360e+00
1.000438498221755346e+00
1.000708014866680928e+00
1.000343117393414749e+00
1.000124872047391422e+00
1.000157966994917658e+00
9.999997136924078101e-01
1.000010295363873425e+00
1.000256852081288006e+00
1.000181408972911301e+00
9.998537210365577854e-01
9.997063234874269400e-01
9.999656830503804716e-01
1.000032882319317196e+00
1.000929746848079782e+00
1.000374103254269897e+00
9.997545620992238646e-01
9.999116212738062837e-01
1.000137234289695254e+00
1.000165254011737614e+00
1.000344831337349749e+00
1.000215440476227347e+00
9.999324094193779988e-01
1.000330417098849178e+00
9.998158153330524156e-01
1.000090783398720484e+00
1.000697163319725913e+00
9.997173401775016899e-01
9.999176922968410208e-01
1.000167690348716221e+00
1.000139094649478144e+00
9.999867285534211891e-01
1.000442270289204405e+00
9.997946786458515867e-01
1.000376353992435297e+00
1.000080518900851922e+00
9.998516774069234891e-01
1.000046393749989493e+00
9.999809946722391096e-01
1.000045607972089856e+00
1.000614186266369998e+00
1.000198422091475026e+00
1.000325161669479046e+00
1.000029917975156390e+00
1.000133678536053727e+00
1.000498582281914128e+00
9.996812914912318604e-01
9.996318442645520941e-01
1.000194842635468317e+00
1.000097422606779363e+00
1.000320898584106555e+00
9.998909288385380290e-01
9.998064161966757624e-01
1.000167127711986792e+00
9.996849603919105709e-01
9.999750543686386495e-01
1.000117816945260474e+00
9.997899162809401608e-01
1.000064139148683751e+00
1.000590711417155276e+00
1.000035802948020303e+00
1.000233338109040249e+00
1.000129844229912690e+00
1.000130133820483547e+00
