0.000000000000000000e+00
0.000000000000000000e+00
0.000000000000000000e+00
0.000000000000000000e+00
0.000000000000000000e+00
0.000000000000000000e+00
0.000000000000000000e+00
0.000000000000000000e+00
0.000000000000000000e+00
0.000000000000000000e+00
0.000000000000000000e+00
0.000000000000000000e+00
0.000000000000000000e+00
0.000000000000000000e+00
0.000000000000000000e+00
0.000000000000000000e+00
0.000000000000000000e+00
0.000000000000000000e+00
0.000000000000000000e+00
0.000000000000000000e+00
0.000000000000000000e+00
0.000000000000000000e+00
0.000000000000000000e+00
0.000000000000000000e+00
0.000000000000000000e+00
0.000000000000000000e+00
0.000000000000000000e+00
0.000000000000000000e+00
0.000000000000000000e+00
0.000000000000000000e+00
0.000000000000000000e+00
4.554037141654482777e-03
6.334911400977731588e-02
2.504199696012275878e-01
6.052527058308805330e-01
9.478545987677127194e-01
1.256954698511833834e+00
1.442820215275355977e+00
1.495365253863506716e+00
1.521870486360386021e+00
1.495118804281914349e+00
1.477321452014691117e+00
1.405157446293036738e+00
1.360127327509152551e+00
1.318908869990741861e+00
1.279036635836526825e+00
1.220196931752903335e+00
1.220589934900215390e+00
1.187845440657177454e+00
1.199710006154791175e+00
1.181701806940575139e+00
1.172037861617090337e+00
1.140048868292992124e+00
1.107970666486419287e+00
1.037783601950311718e+00
1.001288177632989607e+00
9.797706340906664479e-01
9.671743699498283053e-01
9.725335494618215781e-01
9.573020422536823171e-01
9.770122461253484270e-01
9.767470526616455206e-01
9.852089469847082892e-01
9.979594341539588243e-01
9.946203569819513923e-01
1.004752179682604440e+00
1.001095067763384083e+00
1.009075880381493207e+00
1.010796316843646014e+00
1.010921135732520737e+00
1.003183587201577520e+00
1.017137529478218116e+00
1.022538154977693736e+00
1.013017420813490777e+00
1.014251981327078500e+00
1.017200558489004925e+00
1.018580168551911358e+00
1.012171085430258799e+00
1.013061167627201886e+00
1.006848831631457220e+00
1.003929652244673232e+00
1.011316652938268446e+00
1.004518133746598707e+00
9.878315521470941718e-01
9.937516644889771156e-01
9.961541460574677709e-01
1.000991342136293483e+00
9.821472360312202277e-01
9.705297191314581351e-01
9.808818196988158267e-01
9.787002246923245385e-01
9.765037248144418092e-01
9.791295173585622402e-01
9.834282330618964174e-01
9.905770212816155107e-01
9.820804980497247483e-01
9.883920864000366180e-01
9.990115379689854525e-01
9.958847808405627555e-01
9.950689218169468386e-01
9.962564559481990045e-01
9.952303212191323523e-01
9.970322316584477873e-01
9.963561433158834024e-01
9.908119538181920927e-01
9.885460875355255306e-01
9.915690150311230466e-01
9.903833458441142490e-01
9.936201895266529860e-01
9.860500070746303081e-01
9.943051541714119645e-01
9.938302959169353912e-01
9.869939665435819576e-01
9.920624710315180117e-01
9.958628225896473118e-01
9.925561558223858771e-01
9.843109433717791568e-01
9.879598697315398192e-01
9.833127977434352740e-01
9.923629721229998424e-01
9.923479646402534327e-01
9.922343260646546703e-01
9.927449950150658564e-01
9.886419315006431674e-01
9.896105551922722565e-01
9.883151145805890714e-01
9.902821922831380741e-01
9.885913146402846019e-01
9.881171202793727071e-01
9.903587025423123968e-01
9.862003149875071539e-01
9.912705411490826402e-01
9.876706071084780936e-01
9.884067579228786871e-01
9.862255761389994158e-01
9.881757082817314020e-01
9.935638569626592531e-01
9.943428448470826853e-01
9.933195271581237717e-01
9.859085953338040387e-01
9.904675125109448919e-01
9.936276055657869977e-01
9.965503961836751357e-01
9.893102209032469396e-01
9.883342382046723662e-01
9.938761032057342737e-01
9.966807382263657145e-01
9.939016337973652915e-01
9.939284326213733145e-01
9.917114253111944944e-01
9.910308227944382153e-01
9.911753009380149804e-01
9.926582646869420712e-01
9.928309285089116365e-01
9.906659745986632348e-01
9.919319238640121883e-01
9.896002909749672671e-01
9.938621082987306732e-01
9.908186469137757468e-01
9.928904258160295981e-01
9.924452663396795549e-01
9.960199893057409826e-01
9.928561804989636252e-01
9.938367638773482060e-01
9.953175472942941138e-01
9.961697290577367081e-01
9.957697874656575854e-01
9.881839653705956072e-01
9.875823342358232004e-01
9.912456171012665740e-01
9.918494568245114218e-01
9.907112787907063067e-01
9.939954216499256034e-01
9.972941443044444076e-01
9.966848605635508784e-01
9.954208430530012697e-01
9.952317103462473558e-01
9.969145000176867777e-01
9.930748393747086400e-01
9.954892639465744431e-01
9.969517926427239329e-01
9.939318889856272321e-01
9.962671924750066133e-01
9.941876886887336395e-01
9.966696533530342572e-01
9.987980025741397538e-01
9.974854231801529858e-01
9.933555423005420160e-01
9.968879240827793753e-01
9.966992040776767592e-01
9.910425763766909091e-01
9.961562073571926801e-01
9.989480522755167513e-01
9.961281921314351084e-01
9.951879290057272787e-01
9.965795033659529123e-01
9.979858059376988111e-01
1.000636033750277987e+00
1.000707639697044460e+00
1.000181642040874896e+00
1.003684886292674605e+00
9.979470056458524807e-01
9.960837996716989107e-01
1.000303145422696272e+00
9.983411431758265620e-01
9.987611550457989873e-01
9.988857397260422211e-01
9.978554355201684212e-01
9.982462544067886023e-01
1.002330463141454686e+00
1.001663502910741244e+00
9.959713028517985789e-01
9.971776813368048442e-01
9.995494594386027387e-01
1.000579575448914182e+00
1.000555752225069650e+00
1.000193017576118226e+00
9.958779517742001319e-01
9.991213520307925533e-01
9.995912559931743324e-01
1.004315725450888319e+00
1.003118488603017555e+00
9.989178776401064219e-01
1.001526828159421401e+00
9.995975688817594351e-01
1.001638335129857005e+00
9.964283834461986622e-01
9.995996699047736689e-01
9.998144949437705042e-01
9.992253256873194767e-01
9.991746803432094426e-01
1.001267070823644190e+00
1.000804288476419224e+00
9.965350121087657165e-01
9.994485310851110027e-01
9.990236448234958155e-01
9.989741730779236883e-01
9.990965664995075102e-01
1.000856282662343721e+00
9.958157334958424034e-01
9.995809184958955873e-01
9.986453064035970550e-01
1.000841849257141813e+00
9.990493513821289140e-01
1.004251031358052826e+00
1.001637903259641194e+00
9.982817186101561324e-01
9.994925740096184397e-01
1.001372201658976335e+00
1.003209188454616596e+00
1.000661164041229956e+00
1.001422116555890085e+00
1.000285833139735070e+00
9.990362020674079524e-01
1.001403403424434346e+00
1.001107019654963848e+00
9.998126126179364137e-01
9.984399221619957299e-01
1.001841953140269803e+00
9.965281983231226715e-01
1.000051700618131978e+00
9.968963606722206494e-01
9.983836252417924717e-01
9.975516181169747920e-01
9.983284534320022718e-01
1.000648323348535484e+00
9.970758752080746135e-01
1.002241706276005173e+00
1.001974818670858802e+00
9.967257614272089228e-01
1.000078410732962109e+00
1.001470684637733255e+00
1.000716007808033714e+00
9.988929704623409345e-01
9.994665743893855758e-01
9.982811675869924795e-01
1.000817503742615244e+00
9.988065243546335736e-01
1.000146531389634497e+00
9.985316137175526130e-01
