0.000000000000000000e+00
0.000000000000000000e+00
0.000000000000000000e+00
0.000000000000000000e+00
0.000000000000000000e+00
0.000000000000000000e+00
0.000000000000000000e+00
0.000000000000000000e+00
0.000000000000000000e+00
0.000000000000000000e+00
0.000000000000000000e+00
0.000000000000000000e+00
0.000000000000000000e+00
0.000000000000000000e+00
0.000000000000000000e+00
0.000000000000000000e+00
0.000000000000000000e+00
0.000000000000000000e+00
0.000000000000000000e+00
0.000000000000000000e+00
0.000000000000000000e+00
0.000000000000000000e+00
0.000000000000000000e+00
0.000000000000000000e+00
0.000000000000000000e+00
0.000000000000000000e+00
9.325018934676579537e-05
3.748213758921583368e-03
4.897268827896494869e-02
2.358877289757413120e-01
6.087735204360635866e-01
1.011647028476757360e+00
1.302656416138801232e+00
1.416403298078590778e+00
1.424205232614072392e+00
1.362875538906908712e+00
1.296900443370218259e+00
1.245736529083373290e+00
1.221290097072945890e+00
1.165539296104576295e+00
1.066401737189525134e+00
9.878881565501250739e-01
9.599060574350440911e-01
9.567747682783623864e-01
9.668140391366047970e-01
9.853055826382046689e-01
1.011648936827559409e+00
1.026904450717938788e+00
1.036347759458859485e+00
1.033693393763280621e+00
1.038365941226800482e+00
1.036206264623772189e+00
1.043999134165903175e+00
1.050680376735758426e+00
1.051838621840328836e+00
1.049121694302263652e+00
1.040775285189505572e+00
1.025210547311164122e+00
1.007383484861041012e+00
9.871899205049243786e-01
9.710622012298244510e-01
9.549804239967318864e-01
9.462533084753121937e-01
9.405098700694538572e-01
9.428778728930408137e-01
9.499151618495719207e-01
9.603668451826595787e-01
9.692960345701572278e-01
9.812262998378529222e-01
9.928115226043792152e-01
1.003044320271597512e+00
1.015327128738951590e+00
1.022429332979798211e+00
1.027462484726381353e+00
1.033815874877295427e+00
1.037212657047327902e+00
1.035070977840215178e+00
1.034533400203900388e+00
1.030078171303307366e+00
1.026704059986081718e+00
1.025365963427965266e+00
1.017424364055538710e+00
1.010241862256435530e+00
1.003504037412154215e+00
9.999083768205766498e-01
9.961286138697637016e-01
9.923603893379737695e-01
9.899830818899436613e-01
9.876085327814126957e-01
9.901789962363574116e-01
9.890802570286969519e-01
9.939446017576505366e-01
9.915135732868461949e-01
9.947024008345145552e-01
9.961425493889441984e-01
9.956262733244776175e-01
9.972331795039427460e-01
9.977688189212532421e-01
9.977050259844392199e-01
9.989022918470072954e-01
1.001949911203774857e+00
1.001474687019409116e+00
1.002876272039848748e+00
1.002159175564083515e+00
1.002436353227138310e+00
1.000877950173987729e+00
1.002691124910622955e+00
1.002937791501133935e+00
1.003713184622221810e+00
1.001892876949248112e+00
1.002419613117391028e+00
1.002971059306820401e+00
1.001998418783616618e+00
1.002269587387678795e+00
1.002140111113674070e+00
1.002625089863671048e+00
1.002157196980472120e+00
1.001215668111786750e+00
1.000881300841009569e+00
9.991559908561221670e-01
1.000449798511278354e+00
9.996340538288241984e-01
9.994690242760005949e-01
9.980348218110794978e-01
9.979692255576652071e-01
1.000003011895783445e+00
9.996034628693900581e-01
9.983716482167833695e-01
9.986706687953448291e-01
9.994590158054383888e-01
9.989753888643214674e-01
9.994956555627197980e-01
1.000012242025439368e+00
9.998164350507490195e-01
9.982999631614877245e-01
9.991881087126007754e-01
1.000240434531372236e+00
9.987975334996124221e-01
9.998749681124282640e-01
1.000249728539887695e+00
1.000702612331998642e+00
1.000436291898392449e+00
1.000606416676498744e+00
1.000415671116836158e+00
1.000126279946490504e+00
9.998996831641088212e-01
1.000572130448087904e+00
1.001068259504676927e+00
1.001418746345425159e+00
1.000409868637019972e+00
9.990501447674423607e-01
1.001400248933749459e+00
9.992540970341042827e-01
9.993150360900868723e-01
9.992738249574283360e-01
9.990744031260815339e-01
9.986639986832513971e-01
9.997279283847857467e-01
1.000228627396667624e+00
9.998401618606516106e-01
9.985875609373461304e-01
9.996215795149105965e-01
9.990491161386884089e-01
9.996460494726856494e-01
9.986631089954659535e-01
9.991755042215226812e-01
1.000397025901558656e+00
1.000372415569740658e+00
1.000817357474130587e+00
9.995314594436887079e-01
1.000005569848209097e+00
1.000645625752669687e+00
1.000011060038977773e+00
9.994887065652980906e-01
1.000744482000851754e+00
1.000738834929693954e+00
1.000225173498823228e+00
9.997382229432759670e-01
1.000177489404056708e+00
1.000150313319246420e+00
1.000095077591134585e+00
9.997477266181404865e-01
9.992906078275429760e-01
9.999096451110185413e-01
9.998895631604771683e-01
9.999461138853453779e-01
9.988938236363489320e-01
1.000172386767913535e+00
1.000241742491456254e+00
9.999326875846081819e-01
9.993078867829632284e-01
9.998291853693026532e-01
9.994679522640693703e-01
1.000735958530009517e+00
1.000324971108812466e+00
9.991899671343494882e-01
9.996835861331681006e-01
9.999555338436029173e-01
1.000060858494261851e+00
1.000020973056797269e+00
1.000556327951108937e+00
1.000098109555098258e+00
1.000214561203141228e+00
1.000519459158941693e+00
1.000083301992823026e+00
1.000281296791024177e+00
1.000392357528429477e+00
1.001442443052143583e+00
1.000428522645480323e+00
1.000714837918136313e+00
1.000323456059321714e+00
1.000404223992717112e+00
9.999213935122516217e-01
1.000552312768839602e+00
1.000198525979159481e+00
9.997658932980788560e-01
1.000392011539525727e+00
9.996715057906139235e-01
9.993498601507670998e-01
9.998821464058976760e-01
1.000278058088845512e+00
9.997208318997502507e-01
1.000094761510325725e+00
9.993723542595727150e-01
1.000024653392578955e+00
9.996334591494210331e-01
1.000463432082159709e+00
1.000066643098238117e+00
1.000559694958638168e+00
1.000366710963557448e+00
9.998645166018523822e-01
1.000305006471172931e+00
1.000368279998610888e+00
1.000076487758276844e+00
1.000178630878709285e+00
1.000305902926086565e+00
1.000341400382220636e+00
9.996126653474975976e-01
9.994104876651364044e-01
1.000305717147503826e+00
9.999166745277283663e-01
1.000105507759831758e+00
1.000106398498234128e+00
1.001062921805323525e+00
9.997939684188665854e-01
9.997321154493600259e-01
9.997272014786413585e-01
9.999535024490225910e-01
1.000530443257755975e+00
1.000134779634579862e+00
1.000297856752746295e+00
1.000482930212110544e+00
1.000007232444304339e+00
9.994992985336942359e-01
9.999456607564418675e-01
9.996231984405844484e-01
9.996950095416303750e-01
9.999436843317588419e-01
9.997206319475545611e-01
9.998707584273953675e-01
9.992461228971050158e-01
1.000223102656282892e+00
9.994949520832269174e-01
9.994079568113678480e-01
9.997783548998960823e-01
1.000381877719417778e+00
1.000344992157211177e+00
1.000281088697569709e+00
9.989203621423367041e-01
1.000329568432172911e+00
9.998621665313558449e-01
9.999186337507591782e-01
1.000061623208226225e+00
9.994574691615027984e-01
9.993056586083517434e-01
9.996736949981137599e-01
9.997882807439683051e-01
9.994458810378412661e-01
9.991582430684929905e-01
9.996121513482231213e-01
