0.000000000000000000e+00
0.000000000000000000e+00
0.000000000000000000e+00
0.000000000000000000e+00
0.000000000000000000e+00
0.000000000000000000e+00
0.000000000000000000e+00
0.000000000000000000e+00
0.000000000000000000e+00
0.000000000000000000e+00
0.000000000000000000e+00
0.000000000000000000e+00
0.000000000000000000e+00
0.000000000000000000e+00
0.000000000000000000e+00
0.000000000000000000e+00
0.000000000000000000e+00
0.000000000000000000e+00
0.000000000000000000e+00
0.000000000000000000e+00
0.000000000000000000e+00
0.000000000000000000e+00
0.000000000000000000e+00
0.000000000000000000e+00
0.000000000000000000e+00
0.000000000000000000e+00
3.330760064868426459e-05
1.824842555945298825e-03
2.704646056672877288e-02
1.826860995356088813e-01
7.128749699963461417e-01
1.496547812398885791e+00
2.018168855955351670e+00
2.088198625478822290e+00
1.888063838226069047e+00
1.623812185585160162e+00
1.407371296320171439e+00
1.249514266936309737e+00
1.145878017656093650e+00
1.062053928666441438e+00
9.799063703447700169e-01
9.221103740809065696e-01
8.997198187753410181e-01
8.932712191521263723e-01
9.050896808499263591e-01
9.182085748971009487e-01
9.362869705026232170e-01
9.538823217190749437e-01
9.666021942936657840e-01
9.783146142576016890e-01
9.832872699573902420e-01
9.864853318058985909e-01
9.918636876086606158e-01
9.962802653845130862e-01
9.949998171012892634e-01
9.919944289448249242e-01
9.852702150022036864e-01
9.773228821731753113e-01
9.729243645638313565e-01
9.641781750856061040e-01
9.592381242756906623e-01
9.547365401975360655e-01
9.569295653532987611e-01
9.582022043821901702e-01
9.673539532853070444e-01
9.773844358790296782e-01
9.880671312892007618e-01
9.984071344045948315e-01
1.007869200271043653e+00
1.015191670485733777e+00
1.022242038702424693e+00
1.028443190771488158e+00
1.031411796865862041e+00
1.032192009471952110e+00
1.031174845295921738e+00
1.028942942052307075e+00
1.025152298453721134e+00
1.020087061209538959e+00
1.016897533868535319e+00
1.007923983858416195e+00
1.003069315604681488e+00
9.976915370178003339e-01
9.946895351592589529e-01
9.900284483778371003e-01
9.861127156322539999e-01
9.864295191605061408e-01
9.845948127772636838e-01
9.870668479053066324e-01
9.867415875417222537e-01
9.889137004649400930e-01
9.911412544787189249e-01
9.926887026990119933e-01
9.962760413869999887e-01
9.970095572389690020e-01
9.988637829261486356e-01
9.997506182833040267e-01
1.000429064333006268e+00
1.001049123358353832e+00
1.001865148141118489e+00
1.001812590360716682e+00
1.001245967167582185e+00
1.002489362377559701e+00
1.002579200310846907e+00
1.001730702223725622e+00
1.003920149137616402e+00
1.001981882625341269e+00
1.003284763253832201e+00
1.001856707874948738e+00
1.001721463961761094e+00
1.001324136373535234e+00
1.002030007839658232e+00
1.000493342318615753e+00
1.000305880576601636e+00
1.001387886750471745e+00
1.000929286948550434e+00
1.000616940332151206e+00
1.000424934965352231e+00
9.988081219043748460e-01
9.988493572582739510e-01
9.987535914422919214e-01
9.980926161819886344e-01
9.981096886595623996e-01
9.995938387051127583e-01
9.990127402746592500e-01
9.986870885830571032e-01
9.981846179679272346e-01
9.979117200395367648e-01
9.993051762520972492e-01
9.993433945901311066e-01
1.000460601810512218e+00
9.994233378227939113e-01
1.000407289196210803e+00
1.000928005906003948e+00
1.000272959758826907e+00
9.999743425632416916e-01
1.000173359082604962e+00
1.000318236334552635e+00
1.000837147882984945e+00
1.000690734836822138e+00
9.998277723856547894e-01
1.000784913598862014e+00
9.993247943235308295e-01
1.000857693071465659e+00
1.000163427276855366e+00
1.000761052599715928e+00
1.000701509827809144e+00
1.000659543583758637e+00
1.000251676251760813e+00
9.997695211877770660e-01
9.998636187503568973e-01
1.000095604838871610e+00
9.994179809926849734e-01
1.000075869832028452e+00
1.000693592150380784e+00
1.000351529002707629e+00
9.998619418781889978e-01
9.997919699905135626e-01
1.000149561492664763e+00
1.000306823420121782e+00
1.000169116353580190e+00
1.000440460430259471e+00
9.995368938537372294e-01
9.996771649649635050e-01
1.000166449780889089e+00
1.000284710794257403e+00
9.999559162929786416e-01
1.000256463748925961e+00
1.000067515831454257e+00
1.001020283709947778e+00
1.000772200727356731e+00
1.000605094101967296e+00
1.000994193818057099e+00
1.000872301109753781e+00
1.000551019768181282e+00
1.000459432350015332e+00
9.996747182145304667e-01
1.000672458160570821e+00
1.000208490436776954e+00
9.999378854910300207e-01
1.000426253476388361e+00
1.000802524583965791e+00
1.000592109938806873e+00
1.000598432403143612e+00
1.000757911346974449e+00
1.000095093008032121e+00
1.000137802709540003e+00
1.000833521781476332e+00
1.000007767479909715e+00
1.000547567441266938e+00
9.996593427944026056e-01
9.999072490915925648e-01
1.000106699196814608e+00
1.000830470601653310e+00
1.000953589444089298e+00
1.000254124883265261e+00
1.000443334246546412e+00
1.000016244000965226e+00
1.000714388025387924e+00
1.000515733223868997e+00
1.000965849556793685e+00
1.000092039848540448e+00
1.000528887512291298e+00
1.000351681647902335e+00
1.000652144925110898e+00
1.000328012124464649e+00
1.000669609359884804e+00
1.000458254815550285e+00
1.000103644097974698e+00
1.000087871144852203e+00
1.000050810260807443e+00
9.999587530547570102e-01
1.000146174719443781e+00
1.000924745404802474e+00
1.000789163974539431e+00
1.000410851215709940e+00
9.999801235920291465e-01
1.000589866646330206e+00
9.998520354189091019e-01
1.000289069942050135e+00
1.000813476460224116e+00
1.000574873231846462e+00
1.000454636919710483e+00
1.000294623118763937e+00
9.999091508143510554e-01
1.000390813548531765e+00
1.000358146212957378e+00
1.000577151651430352e+00
1.000097106400296143e+00
1.000167415982921915e+00
1.000575869000822626e+00
1.000061826911645024e+00
1.000522383643986268e+00
1.000982866350805134e+00
1.000556456948259010e+00
1.000322959986049920e+00
1.000678056118604164e+00
1.000333919618168643e+00
1.000535473373755257e+00
9.998679149806610766e-01
1.000043226881772052e+00
1.000312418316961827e+00
1.000703226108534016e+00
1.000110799203881795e+00
1.000338086775645507e+00
1.000531725874458155e+00
1.000436422955283344e+00
1.000295871037107931e+00
1.000038386393629741e+00
1.000018951684007895e+00
1.000858620729801585e+00
1.000284205421554828e+00
1.000400750315162401e+00
1.000210870719121958e+00
1.000469790813232285e+00
1.000504150852457030e+00
1.000343701101249483e+00
1.000543889180843360e+00
1.000366182733653631e+00
1.000224078400549832e+00
1.000245858788739284e+00
1.000578964656739345e+00
9.999486774354666707e-01
1.000336892500521602e+00
1.000069279039759618e+00
1.000220289354156966e+00
1.000700923202179737e+00
1.000452590648031048e+00
1.000177902661149254e+00
9.999831207873094430e-01
1.000603226028963899e+00
1.000620964772027666e+00
1.000778222946485441e+00
1.000273959547501867e+00
1.000733026825169070e+00
1.000388312569913785e+00
1.000372471286894216e+00
9.997507302176460442e-01
1.000757108243826021e+00
1.000054086633975103e+00
9.998816818018718688e-01
