0.000000000000000000e+00
0.000000000000000000e+00
0.000000000000000000e+00
0.000000000000000000e+00
0.000000000000000000e+00
0.000000000000000000e+00
0.000000000000000000e+00
0.000000000000000000e+00
0.000000000000000000e+00
0.000000000000000000e+00
0.000000000000000000e+00
0.000000000000000000e+00
0.000000000000000000e+00
0.000000000000000000e+00
0.000000000000000000e+00
0.000000000000000000e+00
0.000000000000000000e+00
0.000000000000000000e+00
0.000000000000000000e+00
0.000000000000000000e+00
0.000000000000000000e+00
0.000000000000000000e+00
0.000000000000000000e+00
0.000000000000000000e+00
0.000000000000000000e+00
0.000000000000000000e+00
0.000000000000000000e+00
0.000000000000000000e+00
3.028307275544680666e-05
6.274824329266643491e-03
1.992410809668046512e-01
1.234666256241748972e+00
2.708121413598793659e+00
3.126137025394704949e+00
2.503656237121357098e+00
1.663356062604026020e+00
1.063552379801341985e+00
7.152235594917742967e-01
5.554986108194405192e-01
4.992092280987521224e-01
5.097453452322194822e-01
5.589049475563939717e-01
6.346596292140064266e-01
7.270656536641991741e-01
8.376860411461448663e-01
9.434878690729499029e-01
1.042344643348675381e+00
1.118292840965371626e+00
1.182000206089256489e+00
1.210825507349198471e+00
1.229093983867597384e+00
1.216876674288765114e+00
1.190213323268790813e+00
1.164975339186471004e+00
1.118882224891554422e+00
1.075708058342360163e+00
1.035825603979633636e+00
9.896575282230563042e-01
9.519224418897966888e-01
9.226544447022460016e-01
8.854570452631942423e-01
8.654685832467767792e-01
8.515667452170381235e-01
8.598289344556495628e-01
8.735948392180766797e-01
8.964064085511957991e-01
9.270622686981668803e-01
9.563259587806142159e-01
9.905547018643391377e-01
1.012419228759151579e+00
1.038211573965530876e+00
1.051867981990055601e+00
1.068864604910864768e+00
1.073260260757746165e+00
1.072223019764755980e+00
1.066483545528069010e+00
1.058397516903046842e+00
1.046418693759013641e+00
1.032814645598109982e+00
1.019481792444214108e+00
1.006420234691008941e+00
9.949258015784968601e-01
9.893603543499751574e-01
9.821832945118513791e-01
9.757042079768668552e-01
9.775325125996469078e-01
9.800877613543340638e-01
9.813686563213390723e-01
9.828787985287076312e-01
9.915885323110770200e-01
9.890609355335936437e-01
9.932436485659195124e-01
9.986051856783271230e-01
1.002430821656109750e+00
1.004811200267813787e+00
1.004453130705975861e+00
1.010463814112146919e+00
1.006016221703341262e+00
1.005218994006748412e+00
1.003003076209636912e+00
1.007434541879692613e+00
1.000613907267502212e+00
9.994343110379839690e-01
9.976654664989219601e-01
9.958800811169131739e-01
9.974991805192976457e-01
9.996173945556110496e-01
9.976592548087227508e-01
1.001165770636562202e+00
9.980121044421523813e-01
9.995385695183460761e-01
1.000335504480373672e+00
1.002911346830812178e+00
1.004065201399283236e+00
1.001736635606976122e+00
1.003125466131714161e+00
1.001676566697600856e+00
1.002048670638408634e+00
1.002057132721770660e+00
1.004831075727887768e+00
9.995634696130023533e-01
9.994549465544219080e-01
9.979151259855840728e-01
9.974084094370899711e-01
9.997347292087274129e-01
1.000517339859788191e+00
9.986292260977459589e-01
9.988818320616497104e-01
9.982130803047515322e-01
9.994788662528907297e-01
9.997220882750086357e-01
1.000570709686373183e+00
1.000932423975429364e+00
1.000352547557922023e+00
1.000478778592616580e+00
1.002449837586355974e+00
9.987873453585782713e-01
1.001185716890779398e+00
9.991622536659302556e-01
1.002399166003232089e+00
9.996445604598591661e-01
1.000795335784737450e+00
1.000651269717973912e+00
9.996613960031242030e-01
1.000475046387788947e+00
1.001641413918623602e+00
9.983719860921835831e-01
9.998229184431954852e-01
1.000570974155279291e+00
9.981938259855480666e-01
9.997359209454973472e-01
1.000303745763192920e+00
9.980882349548406696e-01
1.002880083820097523e+00
9.997549851314448954e-01
9.992264044874602513e-01
9.992393195628851421e-01
9.978375356179089994e-01
9.990617621651924907e-01
1.000478631670583818e+00
9.989532034501236168e-01
9.992778826035921824e-01
1.000720688832847260e+00
1.000876566595186423e+00
9.988447336926401521e-01
1.000762083575391870e+00
1.000063504034858886e+00
1.000780620611672278e+00
9.987659759728031439e-01
9.999673520541415561e-01
9.985882513855428577e-01
9.987966436736376297e-01
1.000405475964882829e+00
1.000223423801441580e+00
9.997568529565333817e-01
9.992143723522960430e-01
1.000386449657846066e+00
9.992583317753304106e-01
9.999371037282417385e-01
1.000255510116275781e+00
9.994499299648748059e-01
9.997334120844991734e-01
1.000365773698698391e+00
9.986156810025396124e-01
9.988601808676836891e-01
9.999707511865756349e-01
9.996294727694909898e-01
9.982092652586056492e-01
1.000882879417828608e+00
9.998282963849243199e-01
9.993175020831434052e-01
9.993631911884376384e-01
9.994303414010433650e-01
9.980334413527938153e-01
9.996959405690435396e-01
1.000942101440123855e+00
1.000009382975841410e+00
9.994585323635872820e-01
9.993893083732200422e-01
1.000626085364239692e+00
1.000229933820137473e+00
9.986563215836823382e-01
1.000641572222432663e+00
9.996289456976137355e-01
9.995111551958267837e-01
9.997018988351662472e-01
1.000309358976346541e+00
9.984956242876298349e-01
9.992147598813025944e-01
9.982509681305788973e-01
1.001039416520038028e+00
9.999102109879069999e-01
9.997319284798780181e-01
9.985039009133688248e-01
9.987790483647578377e-01
1.000059693870572808e+00
9.987743567078039009e-01
1.001289825255317067e+00
1.001168493748274324e+00
1.000112755990816504e+00
9.996770067445416297e-01
9.985098868049515630e-01
9.999290861241764139e-01
9.993357439077701354e-01
9.993990383289479418e-01
9.992390418370986627e-01
1.000465607790050671e+00
9.989247151011262371e-01
1.000733142219919491e+00
1.000418078955943146e+00
9.990118933744897012e-01
1.001357499366156256e+00
9.990059049160404658e-01
9.991442862991334328e-01
9.995383349802255957e-01
9.989231581341029287e-01
1.000161078202213671e+00
9.993239731170427964e-01
1.000137211837152540e+00
9.999941416600680588e-01
1.000323703837359801e+00
9.992895186652599460e-01
1.000028333467089636e+00
9.991887162023718183e-01
1.000155612540871930e+00
9.989765032264708022e-01
9.996896269447178573e-01
9.999731057714101867e-01
9.996711051728569553e-01
1.000682647336974096e+00
1.000419156814217114e+00
9.991920828806625243e-01
9.996017347543650899e-01
1.000328698499723723e+00
9.997410537682983600e-01
9.996165542700747864e-01
9.984783673404540316e-01
1.000076076656986723e+00
1.000859018131569744e+00
9.989035100451297833e-01
9.995875357402954631e-01
9.998980631694475152e-01
1.000504728043136948e+00
9.993674393681631907e-01
1.000143170318339658e+00
1.000658672994385823e+00
1.000633628694494792e+00
9.998961712937594060e-01
9.994241158349577159e-01
1.000484462918947548e+00
1.000243104387809279e+00
1.000445370301153103e+00
1.000793975537932479e+00
1.000739123968199529e+00
9.990480086192382592e-01
1.000328728501929110e+00
1.000561866843859615e+00
1.000325143767206715e+00
9.999978241794592604e-01
1.001045199369406502e+00
