0.000000000000000000e+00
0.000000000000000000e+00
0.000000000000000000e+00
0.000000000000000000e+00
0.000000000000000000e+00
0.000000000000000000e+00
0.000000000000000000e+00
0.000000000000000000e+00
0.000000000000000000e+00
0.000000000000000000e+00
0.000000000000000000e+00
0.000000000000000000e+00
0.000000000000000000e+00
0.000000000000000000e+00
0.000000000000000000e+00
0.000000000000000000e+00
0.000000000000000000e+00
0.000000000000000000e+00
0.000000000000000000e+00
0.000000000000000000e+00
0.000000000000000000e+00
0.000000000000000000e+00
0.000000000000000000e+00
0.000000000000000000e+00
0.000000000000000000e+00
0.000000000000000000e+00
0.000000000000000000e+00
0.000000000000000000e+00
0.000000000000000000e+00
6.926390372749633394e-03
1.993892129653425938e-01
1.230837417846611048e+00
2.705738711348206316e+00
3.133816803373888238e+00
2.495506546741075304e+00
1.662557703898997596e+00
1.057776384393530389e+00
7.154805292242730763e-01
5.515499183464643851e-01
4.984322421606954268e-01
5.069736516862763942e-01
5.562236745157572715e-01
6.347127725548908916e-01
7.276752537108087671e-01
8.405478091464542167e-01
9.419888676577136133e-01
1.040108291869493717e+00
1.115280820238907067e+00
1.186037880462920580e+00
1.214798201178853176e+00
1.234883386978814501e+00
1.214593431278175206e+00
1.192412296059812027e+00
1.154898879947876322e+00
1.121099791600333573e+00
1.081424298439184861e+00
1.036377155858968280e+00
9.906864442246791080e-01
9.569417632254479944e-01
9.190349918206085489e-01
8.894095995813827704e-01
8.620095433398392570e-01
8.565599900175153714e-01
8.561613156512887235e-01
8.735912335107119953e-01
8.978299368053165308e-01
9.296739896434291772e-01
9.582194570213915519e-01
9.882115262546259382e-01
1.017376790154754351e+00
1.037650042339504086e+00
1.057751493833198442e+00
1.066629517767165636e+00
1.074991342129484106e+00
1.073656683366839948e+00
1.069071282087573405e+00
1.056873435599225974e+00
1.045645611774792760e+00
1.033381508103605739e+00
1.017857047002678872e+00
1.006037998164271752e+00
9.971079217798819450e-01
9.861363162852466724e-01
9.807898668085867078e-01
9.809839843852029562e-01
9.808233303436746375e-01
9.803059074502866732e-01
9.814068830840495528e-01
9.880700716136471273e-01
9.897995937556629542e-01
9.944593297843837831e-01
1.003432179856645012e+00
1.002803078023962069e+00
1.006634792166084313e+00
1.008011411077816888e+00
1.009074855901479273e+00
1.006377025842756234e+00
1.004858217251773489e+00
1.011792918974370181e+00
1.002164950063166193e+00
1.005202814130207178e+00
1.002350292606997817e+00
9.993516190666701382e-01
9.985757408991166040e-01
9.963846278026664560e-01
9.998377986104605153e-01
9.959076908180751753e-01
9.999429335568790211e-01
9.984816729614793829e-01
1.001300269045030999e+00
1.000780705572746676e+00
1.003208036003274461e+00
1.003398596007646804e+00
1.002032424940707545e+00
1.003357100093196896e+00
1.004423161659407038e+00
1.005049306476586413e+00
1.002835475827857925e+00
1.001979214698743847e+00
1.003376739733429224e+00
1.003176816023474638e+00
1.001842456998006448e+00
9.996291173193838642e-01
9.988125313557473239e-01
9.987185402113002430e-01
1.001339220345838887e+00
1.000053075458132934e+00
9.972142468619035194e-01
9.987604874810537270e-01
9.995005338727990241e-01
1.000149814626387412e+00
9.956822642412619384e-01
9.998207182996468045e-01
1.000309727352263200e+00
9.997420230575629896e-01
1.000833597325487156e+00
1.000577673286930702e+00
1.002166322078364313e+00
1.000150621463736123e+00
9.994272252498089815e-01
1.000237162067161734e+00
9.996943374070618171e-01
9.999721095539803040e-01
1.000172554122685797e+00
9.994373878724991389e-01
9.999028607590203510e-01
9.984167729447579465e-01
9.984701678071784547e-01
1.000482351872949316e+00
9.983410022397276595e-01
1.000800040567555449e+00
9.999503003502573373e-01
9.986896846943066341e-01
9.991908125991476597e-01
9.998210740025109677e-01
9.999872226012473941e-01
1.000036351750305919e+00
9.993291277610616419e-01
1.000136939325690921e+00
9.990277099867359567e-01
1.000897194040116567e+00
9.998053256544835454e-01
1.000333281127099960e+00
9.982037247560461291e-01
9.999462676380803661e-01
9.987379508398359640e-01
9.989429178795941056e-01
1.000353971788257690e+00
9.995397916107893188e-01
9.990630883093881698e-01
1.000142010323352704e+00
9.985186762561567564e-01
9.992793416338661139e-01
9.998940578183712624e-01
1.000095368369335214e+00
1.000508375229330005e+00
9.994458862843638158e-01
1.000152464380479778e+00
9.995148263952624568e-01
9.988682222677751632e-01
9.999153226910391101e-01
9.996142368231221154e-01
1.000004352183596845e+00
9.998063384438857781e-01
1.000237643661088693e+00
9.994267323525073410e-01
9.984341715651735560e-01
1.000723298915677351e+00
9.997944228814865664e-01
9.977872028920586889e-01
9.997359842026352084e-01
1.001204626578614976e+00
9.985019913009628434e-01
9.983539653391256818e-01
9.994635087984993227e-01
1.000118985019218920e+00
1.000418803345025642e+00
9.986534500167247863e-01
1.000160582590447156e+00
9.990786716815204249e-01
9.994185119790442995e-01
1.000161154994518631e+00
9.996937559936976969e-01
1.000557925274846882e+00
9.994599809220352515e-01
9.991895408865740791e-01
1.000877954074057108e+00
1.000568506234383426e+00
9.993325840199873689e-01
9.983711694658111702e-01
1.000427541051967850e+00
1.000203562157566450e+00
1.000135639840509683e+00
1.000189199601275947e+00
9.997608425446735669e-01
1.000735284628174293e+00
9.994994753111824393e-01
9.998033653983507962e-01
9.983596142422979103e-01
9.998998882101228780e-01
1.000473452542339992e+00
1.000582679058978908e+00
1.000286213550969805e+00
1.000267764473545595e+00
9.997202904264909096e-01
1.000420109163149052e+00
1.000165035062970498e+00
1.000176232512210328e+00
9.990659853587317007e-01
1.000593307836102897e+00
1.000281475412058141e+00
1.000267324816751957e+00
9.995800714280456134e-01
9.999329093250006739e-01
1.000538253335909067e+00
1.000640314729256852e+00
1.000609416428608123e+00
1.000199385633329330e+00
9.988457327784208140e-01
1.001054702881089664e+00
9.994204653733144150e-01
9.998790431015947000e-01
1.001293990668409295e+00
1.000435188219075844e+00
9.998693070658464244e-01
1.000543769592547427e+00
9.994979419700724677e-01
9.999956198598451973e-01
1.000221432713594538e+00
1.000097271268955090e+00
1.000429036217688639e+00
1.000914522772951898e+00
9.996080784324877788e-01
1.000010600104743519e+00
1.000737590549389600e+00
1.000104133568862297e+00
9.996954471699545097e-01
1.000671563239967421e+00
1.000179889387212695e+00
1.000024868382698884e+00
9.995570281427956782e-01
1.000521105941927225e+00
9.994904156360928660e-01
9.998604833987030371e-01
1.000525585111559757e+00
9.996852280804423563e-01
1.000561499736961180e+00
9.998758701295489271e-01
9.998870206867314092e-01
1.000859350401170689e+00
9.998069986156540301e-01
1.000408962528275936e+00
1.000001989520793000e+00
9.998784753920025858e-01
1.001153292567348752e+00
9.995084813591881279e-01
9.997426897285092151e-01
1.000892394085876491e+00
1.000734084496272658e+00
9.995397993465668929e-01
