0.000000000000000000e+00
0.000000000000000000e+00
0.000000000000000000e+00
0.000000000000000000e+00
0.000000000000000000e+00
0.000000000000000000e+00
0.000000000000000000e+00
0.000000000000000000e+00
0.000000000000000000e+00
0.000000000000000000e+00
0.000000000000000000e+00
0.000000000000000000e+00
0.000000000000000000e+00
0.000000000000000000e+00
0.000000000000000000e+00
0.000000000000000000e+00
0.000000000000000000e+00
0.000000000000000000e+00
0.000000000000000000e+00
0.000000000000000000e+00
0.000000000000000000e+00
3.324984767606059544e-02
1.008088444276814766e+00
3.343248535115653564e+00
3.338797815974815286e+00
1.848962310731054437e+00
8.379636205448032227e-01
3.864163076768832306e-01
1.971274311660671796e-01
2.225145725208103886e-01
8.175731756463184841e-01
1.717184848100628658e+00
1.904512004976121053e+00
1.464295183858758564e+00
9.747220143238832790e-01
6.819603071562578833e-01
5.612620272366560803e-01
5.438716925250250966e-01
5.946203581509860170e-01
6.861569764824776430e-01
7.886533255626062555e-01
8.990905108157125625e-01
1.002345842811613874e+00
1.094941512014406593e+00
1.164330913155972036e+00
1.215395933653216964e+00
1.248701376067486546e+00
1.252493475982758175e+00
1.231981493315899900e+00
1.198279438577386502e+00
1.151873383121723160e+00
1.095984438458080135e+00
1.054676879447354887e+00
1.017814410072861886e+00
9.885567667495256394e-01
9.625352452124132929e-01
9.471340630574388575e-01
9.321439595629440467e-01
9.198375452238388705e-01
9.165893447921024118e-01
9.168601734161994088e-01
9.220839670308460523e-01
9.315239601490424848e-01
9.419087524154067248e-01
9.605767210480428142e-01
9.712205599015412139e-01
9.863414460133903550e-01
9.982888640823488480e-01
1.006561529776753394e+00
1.016382665756429216e+00
1.023791660746997456e+00
1.027702312708067778e+00
1.029314499165419505e+00
1.027718703996567839e+00
1.025968121989778048e+00
1.021914050352067616e+00
1.017409323219994111e+00
1.013345782244783777e+00
1.008081026796657342e+00
1.005304316918388174e+00
9.997587562349806722e-01
9.996991162452902868e-01
9.973404118380122529e-01
9.961239397599194190e-01
9.983356015837054898e-01
9.973509828150249890e-01
9.998331763661747473e-01
9.976622377115442752e-01
9.989876867169267260e-01
1.000165413888510546e+00
9.990859020687861136e-01
9.994089531719322350e-01
9.971753926102263632e-01
9.975062686520663746e-01
9.977843695704716742e-01
9.982407511339558281e-01
9.974501333564413930e-01
9.955543074185101426e-01
9.970578041198154828e-01
9.971925965486988508e-01
9.980684057171653745e-01
9.983027207509738155e-01
9.973689871320147171e-01
9.986393750603670405e-01
9.986975843296909128e-01
9.996990694752516671e-01
1.000585184298638852e+00
1.001435555587294690e+00
1.000667925590809526e+00
1.001760561615483214e+00
1.002723429385345755e+00
1.003426783498530428e+00
1.002487997588842106e+00
1.000687278603404673e+00
1.003329598292109326e+00
1.001779802096214755e+00
1.001976824343758787e+00
1.000706989390003132e+00
9.998832784569501309e-01
1.000007441012220610e+00
1.001823116285466275e+00
9.994431520791544621e-01
9.989188254914771470e-01
9.989999524561538058e-01
9.987465514720480497e-01
9.980230337634584670e-01
9.996647591500931185e-01
9.981368454541545976e-01
9.997760814617989711e-01
9.994281283499082402e-01
9.987312126452008165e-01
9.988872784458399101e-01
1.000148660190412153e+00
1.000293840409540946e+00
9.996653123763852289e-01
9.980094094795539661e-01
1.000061827400096748e+00
9.996379206556356145e-01
9.998635096709719283e-01
9.998672355607117757e-01
9.998225059319624242e-01
9.997949221501906125e-01
1.001618443880495812e+00
1.001318948224922067e+00
1.000166172254556951e+00
9.985001036346321523e-01
1.000671840016411851e+00
9.994208025639428339e-01
1.000415112382209815e+00
9.992153394367554453e-01
1.001110673761596015e+00
1.000202405578646037e+00
9.999694941126271441e-01
9.998670093477068921e-01
1.000410207121029238e+00
9.998094188147327310e-01
1.000873490351000594e+00
1.000227402350585493e+00
1.000056528259815503e+00
9.994839307796810068e-01
1.000008780359677996e+00
9.998542104463596925e-01
9.992034493702367515e-01
9.988290968835260575e-01
9.995525870238117783e-01
1.002044476813511054e+00
1.000725410981415653e+00
1.000144255589643816e+00
1.000755697476026329e+00
1.000078152500124329e+00
9.999631759372062945e-01
9.988797146196627397e-01
1.000973666864839906e+00
9.996765682213817339e-01
1.000466083946055074e+00
1.000743729061034371e+00
9.997039003998018369e-01
9.998262173271661446e-01
1.000642230180549319e+00
9.999862242785740873e-01
9.998032485536143543e-01
1.000678988277529768e+00
1.000107617172683261e+00
9.998975118382833482e-01
9.997977399940702892e-01
1.000207275468083745e+00
1.000380701856578680e+00
1.000019757000733867e+00
9.996983965258425808e-01
1.000242799874256017e+00
1.000600171718531994e+00
9.997238113671055304e-01
9.998206590722077403e-01
1.000828590837750776e+00
1.000623515618180415e+00
9.994879536041610946e-01
9.999014043058223056e-01
1.000176317957224059e+00
1.000783364418866173e+00
1.000022556391852557e+00
1.000561957792523327e+00
9.994612121234915936e-01
1.000783245811373900e+00
1.000006602235891329e+00
9.995531538426385421e-01
9.994152118591317357e-01
1.000518380951678665e+00
1.000534798913730317e+00
1.000031032316291535e+00
9.994772898435381192e-01
9.998989226684213971e-01
9.997606847746529635e-01
9.997679548359464929e-01
9.999637813310561230e-01
1.000008297420305725e+00
9.996654309322613452e-01
1.000442699827632120e+00
9.999193370655861113e-01
1.000713931036961934e+00
1.000036482454169429e+00
9.999671536979837239e-01
1.000021802802979920e+00
1.000062843848425365e+00
9.998925233790949552e-01
1.000560669227620103e+00
1.000499757673792844e+00
1.000210450977990106e+00
9.999136813296516380e-01
1.000093419102468628e+00
1.000509687883825105e+00
9.994746256501949588e-01
1.000237159157485456e+00
1.000296580098956278e+00
9.996870872389792551e-01
9.997757715379999022e-01
9.996585043972846529e-01
9.998198881419047002e-01
9.998184309197085673e-01
9.997940283867102762e-01
1.000304446662611202e+00
1.000460867737743786e+00
9.998157698422458495e-01
1.000093400087255224e+00
9.997264576639292022e-01
1.000067385935152986e+00
1.000069293232832557e+00
9.998647278761200186e-01
1.000141806201190642e+00
1.000334029101430433e+00
1.000506192536912975e+00
1.000094020419701080e+00
1.000276646500274369e+00
9.999123125125023437e-01
1.000369826825950215e+00
9.996452211344355465e-01
1.000433766278693737e+00
1.000226909712844892e+00
9.999711508930031467e-01
1.000228740101281932e+00
1.000223711589194320e+00
1.000111091687478915e+00
1.000593173075881470e+00
9.997021507658284678e-01
9.997203637599200166e-01
1.000413091988008762e+00
9.997592048941358334e-01
9.992269201565212589e-01
1.001016341313977431e+00
1.000057407939394238e+00
1.000467829612255333e+00
9.998459501552583450e-01
1.000191006198462462e+00
9.996562607010185397e-01
9.994696998798339171e-01
1.000089699267717958e+00
1.000334422538855073e+00
1.000133036308355372e+00
9.997967290205151958e-01
9.995743678114548114e-01
1.000467652536282781e+00
