0.000000000000000000e+00
0.000000000000000000e+00
0.000000000000000000e+00
0.000000000000000000e+00
0.000000000000000000e+00
0.000000000000000000e+00
0.000000000000000000e+00
0.000000000000000000e+00
0.000000000000000000e+00
0.000000000000000000e+00
0.000000000000000000e+00
0.000000000000000000e+00
0.000000000000000000e+00
0.000000000000000000e+00
0.000000000000000000e+00
0.000000000000000000e+00
0.000000000000000000e+00
0.000000000000000000e+00
0.000000000000000000e+00
0.000000000000000000e+00
0.000000000000000000e+00
0.000000000000000000e+00
0.000000000000000000e+00
4.315966208664315934e-03
6.154864970584654482e-02
2.474269761781552612e-01
5.311905625125449282e-01
9.818024223958692343e-01
1.207577060809159386e+00
1.359918635714755908e+00
1.437485818828928563e+00
1.393316252770880226e+00
1.267150109925977430e+00
1.217060170016222242e+00
1.127506589853556562e+00
9.381570430699195384e-01
9.393462356948455438e-01
8.170301009098724920e-01
8.153449282511080476e-01
8.043781751941732061e-01
7.687813712870005256e-01
7.910033401263800723e-01
8.063481676950311483e-01
8.616636091783727025e-01
9.515746547940925337e-01
9.758402377352856094e-01
1.050078171325467435e+00
1.057572398251521495e+00
1.057988447229424311e+00
1.117339419794398880e+00
1.182890357837688589e+00
1.278957421017705043e+00
1.301187085943892541e+00
1.298390103190028233e+00
1.314984235070072227e+00
1.295498837461834807e+00
1.284024282691630381e+00
1.201899774667873455e+00
1.200168598555066080e+00
1.116062902067304075e+00
1.091522435934824564e+00
1.070811109295737751e+00
1.045058423353819821e+00
1.062062525248821165e+00
1.047435652766556480e+00
1.003473712221947478e+00
9.802596367005078637e-01
1.005581289553625357e+00
9.954872485046037944e-01
1.022320631431105520e+00
1.001918080625312069e+00
1.006962587125948883e+00
1.007721317092747704e+00
9.908569763323118451e-01
9.597112425279233916e-01
1.014332442360913689e+00
1.037275011320419216e+00
1.007107684648580248e+00
1.019329803669553280e+00
1.024587410741584215e+00
1.003520641384728629e+00
1.016908413106777154e+00
1.021650858250962024e+00
1.013909228904858795e+00
9.917229410877843598e-01
9.950742400104746199e-01
9.761824567989805246e-01
1.002569129913219781e+00
1.001193492255000983e+00
9.933791333649052424e-01
1.008657252243744251e+00
9.858766045649494103e-01
9.841782538237056066e-01
9.950062101004465420e-01
9.862052058772433627e-01
9.957184536950306475e-01
1.004243627391261384e+00
1.001177718747813694e+00
1.013630546260363641e+00
1.000702561133871349e+00
9.908000435814903195e-01
9.812072750798370713e-01
9.981184326318134348e-01
9.891609812514768896e-01
9.786155972886514398e-01
9.901363668012203023e-01
1.005257365771315303e+00
9.807630170722965168e-01
9.757276275837671875e-01
9.858216470062466374e-01
9.903160669745925127e-01
9.792475676760499237e-01
9.753834124198224043e-01
9.730757178251621120e-01
1.011065754268425820e+00
9.711184409223879710e-01
9.905248448005534723e-01
9.657078333949025151e-01
9.855522207380503774e-01
9.741347093500304366e-01
9.646827001579060257e-01
9.861709427003536588e-01
9.670382993229381663e-01
9.565989585303932285e-01
9.784348577739915287e-01
9.623747407530253151e-01
9.630847499353702990e-01
9.935690239815426761e-01
9.863941381795044983e-01
9.869263851216515393e-01
9.812375489689941777e-01
9.731255442441696379e-01
9.646704827717936803e-01
9.748838715943518585e-01
9.798123251031937153e-01
9.818279720894078633e-01
9.603302394443699042e-01
9.798888822842692914e-01
9.698910258143363938e-01
9.736753897270481461e-01
9.837751982774918247e-01
9.752175946782087879e-01
9.701482107076887518e-01
9.818528300142248533e-01
9.741327826213563856e-01
9.710919212560757963e-01
9.687649913748747066e-01
9.692605133312367505e-01
9.814377464882565461e-01
9.706985910216712199e-01
9.781016579312676873e-01
9.685037072822140214e-01
9.636339639226779719e-01
9.674587169376841489e-01
9.742498308035182353e-01
9.765968736692174357e-01
9.696068286575775241e-01
9.657901594748009577e-01
9.742805380291391648e-01
9.696453344199744695e-01
9.798559903227480605e-01
9.667537882864239984e-01
9.890161683810578808e-01
9.725409905681651201e-01
9.697823913402086049e-01
9.712403313646149616e-01
9.878996620668744066e-01
9.878644860243533943e-01
9.736550858089689786e-01
9.777164694388311705e-01
9.753836435112869241e-01
9.754295426335014563e-01
9.792942750430586596e-01
9.745714508228423556e-01
9.812829501508104624e-01
9.688163799860984859e-01
9.835426920155456720e-01
9.799445363838132916e-01
9.814526212743687195e-01
9.861957335988001949e-01
9.696646851658605737e-01
9.825275652940735904e-01
9.812015863883499778e-01
9.929432549649338524e-01
9.895269963044101003e-01
9.795105190657142913e-01
9.832558508177687839e-01
9.967995249033257954e-01
9.840039772767308346e-01
9.910386020718309208e-01
9.842741889045526493e-01
9.873797683978284834e-01
9.825517067210515210e-01
9.863655350020128498e-01
9.866464141777909758e-01
9.884916003604808932e-01
9.889825849103097699e-01
9.806735955568582908e-01
9.947152715281905033e-01
9.722500891609930918e-01
9.761555809793081018e-01
9.886252500809764587e-01
9.821697359842597175e-01
9.836792971381639328e-01
9.867654972483971276e-01
9.786812187486095826e-01
9.868629625093384705e-01
9.756299436450157625e-01
9.773981481115089354e-01
9.869908770568562861e-01
9.915695268896445036e-01
9.982559009314480036e-01
9.833924020439670510e-01
9.852367044990244516e-01
9.796467532269326206e-01
9.890040238115360705e-01
9.800414193836844978e-01
9.891409386780785074e-01
9.870732120294476442e-01
9.801779446085300274e-01
1.000259796067826112e+00
9.901552725720936809e-01
9.850549845520201186e-01
9.947046694360318631e-01
9.894339331503549939e-01
9.943199515212391981e-01
9.916233893425018264e-01
9.992068992024990548e-01
9.852982017364882994e-01
9.899010652653822406e-01
9.949928542265012998e-01
9.873272478412764563e-01
9.932728927273732911e-01
1.001463561462102358e+00
9.832083580382257049e-01
9.954649951715940359e-01
9.898348152955246393e-01
1.005458423584494776e+00
9.998105544020731150e-01
9.930788790357728546e-01
9.917616195886972408e-01
9.946011997391057680e-01
9.949077996041889582e-01
9.964020786287084430e-01
9.966224317019333201e-01
9.995352709294572646e-01
9.937958561635356070e-01
9.948877631064282356e-01
9.953701932018701459e-01
9.951619320570129767e-01
9.974135754054381797e-01
9.891396006554876719e-01
9.920886883489329344e-01
9.908058385118290179e-01
9.908190441344915111e-01
9.947820578188827367e-01
9.883812225213692848e-01
9.930689378402771661e-01
9.943726218390649407e-01
9.975029585368252460e-01
9.932140955458244047e-01
9.883689058670901417e-01
9.913179805642922116e-01
9.997902559608229378e-01
9.950558379106302365e-01
9.929344257309022925e-01
1.002715503460086310e+00
9.875702886487439658e-01
9.910240540162819078e-01
9.935789154522558508e-01
9.884616683234229706e-01
9.939517046916516163e-01
9.861242886948911046e-01
9.859055752893653990e-01
9.867395238416759584e-01
9.841590836362218431e-01
9.919265586782388677e-01
9.924986133810748123e-01
9.865518756655470289e-01
9.921231122165731220e-01
