0.000000000000000000e+00
0.000000000000000000e+00
0.000000000000000000e+00
0.000000000000000000e+00
0.000000000000000000e+00
0.000000000000000000e+00
0.000000000000000000e+00
0.000000000000000000e+00
0.000000000000000000e+00
0.000000000000000000e+00
0.000000000000000000e+00
0.000000000000000000e+00
0.000000000000000000e+00
0.000000000000000000e+00
0.000000000000000000e+00
0.000000000000000000e+00
0.000000000000000000e+00
0.000000000000000000e+00
0.000000000000000000e+00
0.000000000000000000e+00
0.000000000000000000e+00
0.000000000000000000e+00
0.000000000000000000e+00
0.000000000000000000e+00
1.300934991510682920e-03
1.124492538699064723e-02
5.954254341414447899e-02
1.984481752581634395e-01
4.780886350885151792e-01
9.072220386164530082e-01
1.398723470911646505e+00
1.653332287436275250e+00
1.674548936448936098e+00
1.514585981740274923e+00
1.208860647661147869e+00
9.768301115093270814e-01
7.959334915914128006e-01
7.274967847407127763e-01
7.171158338800261989e-01
7.293641461428871375e-01
7.182911482810184767e-01
7.591190400878565780e-01
8.018005498864159142e-01
8.495929008267818494e-01
8.737206488554213335e-01
8.806294415224046324e-01
8.773425218923297519e-01
8.974321625344239273e-01
9.122084198206511507e-01
9.357332051686054752e-01
9.756563544894009121e-01
1.020984949577702139e+00
1.059042435327867349e+00
1.090715234630790897e+00
1.109428139372726552e+00
1.123422654442175483e+00
1.132137160516726748e+00
1.117990008266060542e+00
1.097605304197348364e+00
1.085989722078696929e+00
1.067339728671863774e+00
1.047647960958653757e+00
1.032676673980907678e+00
1.023931883058448067e+00
1.017003596210404925e+00
9.988971145680556329e-01
9.932921200832113273e-01
9.867836291781842961e-01
9.815303098394897452e-01
9.759774987915622591e-01
9.720138506693586367e-01
9.684302055591588188e-01
9.733043099671807585e-01
9.740605697497776161e-01
9.753467983150599929e-01
9.875828366967610572e-01
9.915829878455002522e-01
9.962076031741367022e-01
1.004804214371244786e+00
1.009285726444858922e+00
1.015766702817490374e+00
1.010457711018012628e+00
1.013430333458308352e+00
1.014637583870367621e+00
1.014360668169518087e+00
1.016344217036283082e+00
1.014074966549761259e+00
1.009742340726209608e+00
1.017673783292742717e+00
1.005172993968836526e+00
1.002656095283882998e+00
9.994572883463557211e-01
1.000327234084866568e+00
9.954171207017966649e-01
9.949339726175348009e-01
9.910531375668069076e-01
9.976324844346193821e-01
9.903434958947459066e-01
9.926637818852720452e-01
9.918082834553961780e-01
9.965542310738942922e-01
9.883168006712149678e-01
9.944076553693078635e-01
9.904627545185030746e-01
9.949055676337327236e-01
9.944609655706514451e-01
9.975006921179320196e-01
9.995061922284808054e-01
9.991336416891162253e-01
9.956590641544080800e-01
9.987399173413437081e-01
9.966220845948596807e-01
9.973328796502722859e-01
1.000702372057294509e+00
9.939137501635594285e-01
9.972308310590798364e-01
9.978816991525567559e-01
9.946994191378331074e-01
9.985301896725147230e-01
9.982507291940888594e-01
9.982292546770689112e-01
1.000170185363829622e+00
9.995067233725034583e-01
9.955448425632981158e-01
9.973888666740968745e-01
1.001279301890807716e+00
1.000006551498670238e+00
9.986023448918599499e-01
9.963293955476714148e-01
9.965940427197226281e-01
9.962958574463641748e-01
1.000760967067581442e+00
9.971610539422254282e-01
9.994084063843529098e-01
9.972912520132108938e-01
9.971422096593166584e-01
9.927826920648447073e-01
9.984820486775619619e-01
9.953379826338533132e-01
9.985476251417327864e-01
1.000331713776900111e+00
9.977105847466360977e-01
9.990851341166052668e-01
9.969112181515661364e-01
9.995062067441915499e-01
9.969120382204665898e-01
9.996445129975519706e-01
1.000083761210539546e+00
9.999247394478474327e-01
9.980413076488577895e-01
9.980347096803492413e-01
1.001535787169803182e+00
9.993398426210583496e-01
9.992282207160118057e-01
9.986996433629589109e-01
9.982135485922145612e-01
9.997628487103569217e-01
9.979038326316305163e-01
1.001090585794860210e+00
9.976584612722531054e-01
9.991370849923821851e-01
9.998983862942142364e-01
9.956019351164953068e-01
9.982727850828218008e-01
9.949517208947250557e-01
9.980792509515594713e-01
1.000038214546675963e+00
9.963803826236482530e-01
9.990478412325453084e-01
1.000710828698032184e+00
1.002928056137392110e+00
1.002954515968887517e+00
1.004239587477296247e+00
9.999447245757511205e-01
9.988624399958200284e-01
1.001504138295720381e+00
1.001483084603192353e+00
1.000134715908492788e+00
1.004487085344476061e+00
1.002448981231171876e+00
9.990954440205184195e-01
1.003257232583728120e+00
1.001388797794832364e+00
1.003189230450376224e+00
1.001523418873957905e+00
1.002344119960547841e+00
9.990786175835500993e-01
1.003816878758851727e+00
9.997385723639061750e-01
1.002287910931487724e+00
1.002656904179609398e+00
1.001439876089966097e+00
1.002577445709699422e+00
1.002997140229147544e+00
1.002795939013384041e+00
1.000770457750577380e+00
1.003176648790055747e+00
1.000393624650397051e+00
1.003106044530337693e+00
1.000540657850257364e+00
1.003435563980361600e+00
9.994163431180429491e-01
1.002566055109947341e+00
1.000254933098740251e+00
1.001799893117613305e+00
1.000797734684477636e+00
1.001770951095594553e+00
1.003773894247277587e+00
1.001591422145490684e+00
1.001365381033826774e+00
1.001079189111746315e+00
1.000782195303912880e+00
1.000970017877142793e+00
9.991914428936964354e-01
1.002804913483628768e+00
1.000647168753707739e+00
1.000725198391486437e+00
1.001109188381221760e+00
1.000092433119187607e+00
1.001117149340280621e+00
1.001395846280399793e+00
1.000847262157663842e+00
1.000514736597117427e+00
1.001747090289752729e+00
1.001610548945028434e+00
1.002153297995971526e+00
1.002953287316868280e+00
1.001642810943101480e+00
1.002654341698784979e+00
1.001251249515763275e+00
1.002412485233879824e+00
1.002121312251810226e+00
1.003229695024850487e+00
1.001792546174488319e+00
1.001127085975153985e+00
1.000878442228181342e+00
1.002314402020904494e+00
1.000131093255165693e+00
1.001050815956291640e+00
1.001487114923192756e+00
1.000775572828712878e+00
1.002179139812310549e+00
1.000221064280632843e+00
1.001313579590837888e+00
1.000815570053535941e+00
1.001600030299220956e+00
1.002461535130762638e+00
1.001906438834881952e+00
1.000998965114323402e+00
1.001826844061261879e+00
9.989221964001132603e-01
1.001638767117178919e+00
1.000403472383504688e+00
9.989984656425917597e-01
9.999709766812715506e-01
9.998242152911764880e-01
9.989748742630487621e-01
9.996461839681840544e-01
9.989203991026847085e-01
1.001053380765752454e+00
9.987404057823583425e-01
9.982608251186658732e-01
1.001060878525559028e+00
9.998610331479605984e-01
9.994179101022997447e-01
9.999824640953859367e-01
1.000192518804595698e+00
9.983086667507484746e-01
1.000232476452983965e+00
9.999760871880679636e-01
1.000312303205379560e+00
9.986486311692381879e-01
9.994224644461845442e-01
9.996960581686568093e-01
9.992286818945652627e-01
9.992590300790032964e-01
1.001326320090065947e+00
9.995770917050609272e-01
9.998711798942474527e-01
9.993293279177415389e-01
9.990206345415805211e-01
9.988631257486458859e-01
9.986952621612814607e-01
9.975702882608403765e-01
9.990609586646962414e-01
9.976875881741201768e-01
9.982552190057845110e-01
9.971931367400183044e-01
9.981741527404494052e-01
9.992669386516082053e-01
9.986400844020105749e-01
9.987377682557861958e-01
9.973452466576366859e-01
1.000314331764520226e+00
9.995232545211912845e-01
9.983231669322499835e-01
1.000464883909047309e+00
9.980894632038221914e-01
9.974006935699566423e-01
9.989222303354287069e-01
9.984523188868852372e-01
9.968263165462315500e-01
9.977247265839555013e-01
9.989072383559854940e-01
9.988528087141673728e-01
9.996464424017104111e-01
9.988576147208658718e-01
9.983041729407111653e-01
9.992766695735659788e-01
9.989698221348153329e-01
9.976836769137078509e-01
9.986244135149643375e-01
9.986253565015512645e-01
9.991918352612298992e-01
9.990848928804587636e-01
9.985155717668827702e-01
9.975805178805509099e-01
9.975649992293726953e-01
9.983488905080835085e-01
9.977631601199914435e-01
9.987778421815387553e-01
9.978139408409151256e-01
9.982572128417276369e-01
9.971033374070886746e-01
9.981609868468411806e-01
9.992907056541948663e-01
9.976605178940649576e-01
9.981478661271686592e-01
9.981298470493704666e-01
9.983657022465205477e-01
9.984478319296858917e-01
9.982853194231319227e-01
9.978106415854445244e-01
9.977162866495371540e-01
9.980601919820795143e-01
9.979312760664778015e-01
9.912733522760843741e-01
9.814722364815109401e-01
9.747375290724478170e-01
9.664874657014709269e-01
9.591330523520913420e-01
9.488576619321485994e-01
9.385525934486046440e-01
9.316415266165107845e-01
9.222199395355372697e-01
9.150221777072613527e-01
9.066945298688412480e-01
8.975790347448869833e-01
8.895001157598098063e-01
8.802846057771175348e-01
8.721814236856940683e-01
8.645928083888287929e-01
8.572149935265529486e-01
8.483419731566529398e-01
8.407897394651698830e-01
8.317673784991392871e-01
8.229155564621446484e-01
8.161433975477083713e-01
8.088262161323502841e-01
8.015859470720017033e-01
7.933038857060282778e-01
7.855085447529972509e-01
7.782511506825254832e-01
7.707601725470134557e-01
7.639583978426698341e-01
7.553927510929643319e-01
7.483531562939165216e-01
7.394642821645154296e-01
7.340566763800618899e-01
7.252296762212756542e-01
7.182565739420819773e-01
7.112527694399254363e-01
7.036162933633036687e-01
6.958675631977511156e-01
6.888070330023713383e-01
6.821224292906483688e-01
6.736418046087558897e-01
6.686337288843777760e-01
6.596087279332577546e-01
6.539147457007967734e-01
6.468105449107409699e-01
6.393990475823585484e-01
6.321366693348112742e-01
6.263943301972251243e-01
6.172885613064305055e-01
6.112064455430307186e-01
6.056784561989178028e-01
5.989363669910047205e-01
5.910635697636122954e-01
5.855099939964756306e-01
5.786254413718994183e-01
5.716409071765833350e-01
5.658481532988208773e-01
5.598523425334992476e-01
5.531909961468487458e-01
5.461444997091758902e-01
5.408478433985806078e-01
5.335920755922292091e-01
5.276482855397809368e-01
5.208888835062739364e-01
5.146528858555781127e-01
5.081690139900270076e-01
5.024281315873267983e-01
4.962302477592396288e-01
4.909105982966664450e-01
4.838471184696119254e-01
4.775882958197970596e-01
4.718279616199116955e-01
4.653319667612059729e-01
4.595817393975195064e-01
4.534319651970739606e-01
4.479155100460561201e-01
4.415300148075586018e-01
4.356905492716228734e-01
4.295005551597502191e-01
4.238038437447301798e-01
4.180696475653802868e-01
4.123593923562062225e-01
4.064142981464399229e-01
4.010980728575110343e-01
3.948676913627814367e-01
3.891222536367893725e-01
3.827895389558343964e-01
3.776301534909072277e-01
3.727183840342252474e-01
3.672360191569603027e-01
3.609808579077751767e-01
3.562979783647154952e-01
3.504460632519342811e-01
3.443930079868829930e-01
3.395791824215389498e-01
3.342731396533182298e-01
3.283824093440159131e-01
3.237499043721300818e-01
3.178883900066749035e-01
3.122082597189952402e-01
3.074237898153378556e-01
3.020836571067394560e-01
2.968403091462233911e-01
2.923913383489522566e-01
2.860930768737263707e-01
2.819352092275559940e-01
2.768111842153915259e-01
2.712716652315900756e-01
2.657622483645215583e-01
2.614700140367553494e-01
2.554581430508959250e-01
2.510023737452711234e-01
2.458986565401234115e-01
2.406304979276970291e-01
2.359198509561133694e-01
2.305860846658693286e-01
2.259347867094501083e-01
2.215131356187894918e-01
2.161712904638040111e-01
2.112673546304382199e-01
2.059811160648373773e-01
2.017810902709057941e-01
1.964329571151506582e-01
1.922202679826421623e-01
1.869046009454738144e-01
1.822758674567805381e-01
1.778025427292812821e-01
1.734285464093467677e-01
1.685534910161100297e-01
1.639654044879182426e-01
1.593237169479187754e-01
1.546675746470053125e-01
1.502169265350737082e-01
1.457257721884077095e-01
1.410687024041553939e-01
1.365031227601437303e-01
1.317252448139260013e-01
1.275685193826703590e-01
1.226941661536205125e-01
1.188302741854657812e-01
1.144326521484333170e-01
1.109000267182437549e-01
1.076504876521444526e-01
1.040583555659100878e-01
1.008995473163460943e-01
9.754341869511931606e-02
9.446764933654355767e-02
9.208372073901870125e-02
8.914488228295851246e-02
8.599239414667339543e-02
8.345240290033813235e-02
8.099882975906846916e-02
7.873213487944748235e-02
7.614784188201806359e-02
7.399945610689248610e-02
7.179442997061970255e-02
6.940910271435560275e-02
6.751506781358283804e-02
6.512010798395739819e-02
6.294778408045063889e-02
6.114552301220916447e-02
5.899291785155372225e-02
5.731592559270744930e-02
5.552922807252961418e-02
5.362936096837877392e-02
5.205528701751372528e-02
5.035412208798433625e-02
4.864308258254460005e-02
4.695719519898784028e-02
4.543123774642503915e-02
4.359674714967601283e-02
4.224746167319042012e-02
4.080876884123149639e-02
3.934438456329996531e-02
3.800775238717280652e-02
3.665493885730331663e-02
3.528994814933147928e-02
3.416605904513780878e-02
3.287253719643007388e-02
3.165397650904114984e-02
3.044300044289725490e-02
2.924750190039998241e-02
2.828811114319707345e-02
2.695915621371208076e-02
2.606474548836872074e-02
2.499346238804618300e-02
2.412731130637884441e-02
2.298209140254083016e-02
2.205576156121565740e-02
2.105969243667705007e-02
2.042755581734172557e-02
1.935786678195703867e-02
1.862758879793485409e-02
1.781405208716643068e-02
1.699314043745428493e-02
1.635043771064880955e-02
1.559475536713163593e-02
1.496086313896395799e-02
1.408059679398194347e-02
1.356159432665692867e-02
1.283496403096560240e-02
1.214632741215643068e-02
1.155673161638449270e-02
1.103752584453917759e-02
1.045087137090944598e-02
9.795830535441207160e-03
9.286912757382456696e-03
8.823492751096768602e-03
8.228108185349606793e-03
7.815974165098089552e-03
7.287698577876406889e-03
6.866496700240047081e-03
6.374212947859050557e-03
5.974580649570132226e-03
5.548756342648795796e-03
5.225187902633017870e-03
4.845776111587491407e-03
4.518664171026694903e-03
4.148849845719898219e-03
3.835966677643728572e-03
3.480139761506205031e-03
3.237630594484103026e-03
2.952221054896367932e-03
2.624375437241203285e-03
2.436255204419569831e-03
2.207120890019529345e-03
1.988799258835368799e-03
1.757925446940016706e-03
1.565213880341225026e-03
1.362974308934441050e-03
1.167018903608483963e-03
1.035926562322760786e-03
8.908101906507452086e-04
7.445166792569982758e-04
6.193117957740507063e-04
5.167160713421607666e-04
4.267470246355282082e-04
3.255290532432917401e-04
2.478150463466371111e-04
1.918614128298937898e-04
1.375759445770369184e-04
8.302633921060588061e-05
5.452324014750134447e-05
2.071927026380337793e-05
7.584960322707600388e-06
4.199386218141383838e-07
0.000000000000000000e+00
0.000000000000000000e+00
0.000000000000000000e+00
0.000000000000000000e+00
0.000000000000000000e+00
0.000000000000000000e+00
0.000000000000000000e+00
0.000000000000000000e+00
0.000000000000000000e+00
0.000000000000000000e+00
0.000000000000000000e+00
0.000000000000000000e+00
0.000000000000000000e+00
0.000000000000000000e+00
0.000000000000000000e+00
0.000000000000000000e+00
0.000000000000000000e+00
0.000000000000000000e+00
0.000000000000000000e+00
0.000000000000000000e+00
0.000000000000000000e+00
0.000000000000000000e+00
0.000000000000000000e+00
0.000000000000000000e+00
0.000000000000000000e+00
0.000000000000000000e+00
0.000000000000000000e+00
0.000000000000000000e+00
0.000000000000000000e+00
0.000000000000000000e+00
0.000000000000000000e+00
0.000000000000000000e+00
0.000000000000000000e+00
0.000000000000000000e+00
0.000000000000000000e+00
0.000000000000000000e+00
0.000000000000000000e+00
0.000000000000000000e+00
0.000000000000000000e+00
0.000000000000000000e+00
0.000000000000000000e+00
0.000000000000000000e+00
0.000000000000000000e+00
0.000000000000000000e+00
0.000000000000000000e+00
0.000000000000000000e+00
0.000000000000000000e+00
0.000000000000000000e+00
0.000000000000000000e+00
0.000000000000000000e+00
0.000000000000000000e+00
0.000000000000000000e+00
0.000000000000000000e+00
0.000000000000000000e+00
0.000000000000000000e+00
0.000000000000000000e+00
0.000000000000000000e+00
0.000000000000000000e+00
0.000000000000000000e+00
0.000000000000000000e+00
0.000000000000000000e+00
0.000000000000000000e+00
0.000000000000000000e+00
0.000000000000000000e+00
0.000000000000000000e+00
0.000000000000000000e+00
0.000000000000000000e+00
0.000000000000000000e+00
