0.000000000000000000e+00
0.000000000000000000e+00
0.000000000000000000e+00
0.000000000000000000e+00
0.000000000000000000e+00
0.000000000000000000e+00
0.000000000000000000e+00
0.000000000000000000e+00
0.000000000000000000e+00
0.000000000000000000e+00
0.000000000000000000e+00
0.000000000000000000e+00
0.000000000000000000e+00
0.000000000000000000e+00
0.000000000000000000e+00
0.000000000000000000e+00
0.000000000000000000e+00
0.000000000000000000e+00
0.000000000000000000e+00
0.000000000000000000e+00
0.000000000000000000e+00
0.000000000000000000e+00
0.000000000000000000e+00
0.000000000000000000e+00
7.094255904555453159e-04
1.091470603460138050e-02
5.022976726309030804e-02
1.855416806660374340e-01
4.349793859463271239e-01
8.382451595737570038e-01
1.278667354011138624e+00
1.535757067303328283e+00
1.561715368999001985e+00
1.367167163299100929e+00
1.141714501125092429e+00
9.108070174809879127e-01
7.516772356760434981e-01
6.829512140981913726e-01
6.924692765873380340e-01
6.950652918686550663e-01
6.980783370262553245e-01
7.332972055121294019e-01
7.882810573141835198e-01
8.337036992957079784e-01
8.713900240909524531e-01
8.727319690196894131e-01
8.745981202846534464e-01
8.791844407004159034e-01
9.164489693097489509e-01
9.467127519326504759e-01
9.855741454298333482e-01
1.017815637703193277e+00
1.035268922271698644e+00
1.074500237516707868e+00
1.097587909749957902e+00
1.118858991889053023e+00
1.129322648991788469e+00
1.116296877556175904e+00
1.095674864878706245e+00
1.080909533489998298e+00
1.060560247414727986e+00
1.032338223641635633e+00
1.036164766271698623e+00
1.015405406271240540e+00
1.009228166686089168e+00
1.003514447848328661e+00
9.924688886571000346e-01
9.852000620269250053e-01
9.747679799459104677e-01
9.761184449849735767e-01
9.670038078292150230e-01
9.661499300280380620e-01
9.706601182853917820e-01
9.709950049260573923e-01
9.748500536010085149e-01
9.811376243381000339e-01
9.940306081920409209e-01
9.934679128810652848e-01
1.004959121381303389e+00
1.001006398726425051e+00
1.008374101667141698e+00
1.010699637162064013e+00
1.006317796975663148e+00
1.011322571299311246e+00
1.014547463709319475e+00
1.015131847513002450e+00
1.002658690256130081e+00
1.006359271129671829e+00
1.006737450919701571e+00
1.000945931951630508e+00
9.964371228954873594e-01
9.865863839587148965e-01
9.882502255144441916e-01
9.893333879038366252e-01
9.863979701624595586e-01
9.872904504118291680e-01
9.855789712982635509e-01
9.893969416138587158e-01
9.879631091371023910e-01
9.852181028692666986e-01
9.870876982919385423e-01
9.887891759593143703e-01
9.895340398385935599e-01
9.884091005161206311e-01
9.944127669355206089e-01
9.899870945434134928e-01
9.948386054512691201e-01
9.973612967474373425e-01
9.923567839546891811e-01
9.975087329476419740e-01
9.971909960391573957e-01
9.966727513131861116e-01
9.933737077538381532e-01
9.956338671320972278e-01
9.954386373457663195e-01
9.916050713839857922e-01
9.958726855597852534e-01
9.959549170827107778e-01
9.945428994261544808e-01
9.949769997047022141e-01
9.917107465502313923e-01
9.970909848664998298e-01
9.989901675804286896e-01
1.000204034243107332e+00
9.934697861612776792e-01
9.986523900846309143e-01
9.983533646205242640e-01
9.964868026241952004e-01
9.996468849964194048e-01
9.967329900213193206e-01
9.969083150472489718e-01
9.967660154459232480e-01
9.937853376758851720e-01
9.935816540085190551e-01
9.941805226732359779e-01
9.933468215527039291e-01
9.968118004872303928e-01
9.959526874109393413e-01
9.952992958472564045e-01
9.987641591058380452e-01
9.937775669623489794e-01
9.950604855508828894e-01
9.985167087742359282e-01
9.967373084609734146e-01
9.970836108504842477e-01
9.974134374133682979e-01
9.953990378437262976e-01
9.981792853491184836e-01
9.965200587464697612e-01
9.951206407860196945e-01
9.958389018144513383e-01
1.000292536345531724e+00
9.972128172383445399e-01
9.963002096733973856e-01
9.984291154366380372e-01
9.980696733182737868e-01
9.942035745861537155e-01
9.990994590492100480e-01
9.988117556546181053e-01
9.960531838837071161e-01
9.969421168826521074e-01
9.975177284134207900e-01
9.948909262456823166e-01
9.975057158833293691e-01
9.972922851235513919e-01
9.970759483078563967e-01
9.975404993001828480e-01
9.959975979407378333e-01
9.961359737295242267e-01
1.000725479661764838e+00
9.947422010497640743e-01
9.990915421357069448e-01
9.966872603089893534e-01
9.971345080459488308e-01
9.967950924641620913e-01
9.984566364773240776e-01
9.970066799621429832e-01
9.966659141988443160e-01
9.956553163780785809e-01
9.954710964462727407e-01
9.974128603873455567e-01
9.980427055610265885e-01
9.981172425775832746e-01
9.965604042216846814e-01
9.990760633745056074e-01
9.986619025578234998e-01
9.958808638378255917e-01
9.954018671999312895e-01
9.972821509598952527e-01
9.962368567091696159e-01
9.945756196949427919e-01
9.975651968853748164e-01
9.951580598254781140e-01
9.941311791243259144e-01
9.962418624582233262e-01
9.952896790996659249e-01
9.961343591720162038e-01
9.965670092351250897e-01
9.973781569724619045e-01
9.941316386933491955e-01
9.967498909421983466e-01
9.959404576722266089e-01
1.000531968916893000e+00
9.975104687536222592e-01
9.999043027029302921e-01
1.000000846485190609e+00
9.966745049406448009e-01
9.984037521421476047e-01
9.986955544622752035e-01
1.000074852595695063e+00
9.965659277395824134e-01
9.980150786180335132e-01
9.982563817102997339e-01
9.987094415985400264e-01
9.974044096249955471e-01
9.974072334651782334e-01
9.991074559853847514e-01
9.983485586746758678e-01
9.976761497081694241e-01
9.980279022490280427e-01
9.986870102425975393e-01
9.973447575930813880e-01
1.000125603636977001e+00
9.999379261162728572e-01
9.982661004961247420e-01
9.964784474614373222e-01
9.986197232335193297e-01
9.979557122051200269e-01
9.990772430358453304e-01
9.998651033402783384e-01
9.992296435556344836e-01
9.986393480873687611e-01
9.980274688908412628e-01
9.973126054076958402e-01
1.000256287163247881e+00
9.989404580003506950e-01
9.989867405678637402e-01
9.971369043051324654e-01
9.994720150246240165e-01
9.973020424425073083e-01
9.970614658469389990e-01
1.000574515844878221e+00
9.965519731789116431e-01
9.986431581684860337e-01
9.983977779300283739e-01
9.987556879514642993e-01
9.989382612286816787e-01
9.997110162702467218e-01
9.979642125204439829e-01
9.978153128982132358e-01
9.982410292516825656e-01
9.973906477881021582e-01
9.996263666211641086e-01
9.983562185402699019e-01
1.000167764365160750e+00
9.985724957896113807e-01
9.997724224654390701e-01
9.991198067738108479e-01
9.994001842889932430e-01
9.995253556010124107e-01
9.991097515161939668e-01
1.002228540669608758e+00
1.000742477957604182e+00
9.993093565059772976e-01
1.001572559460526701e+00
1.000789710772463481e+00
9.987740772770170583e-01
1.001892033486460276e+00
1.001416964589776804e+00
1.001514568912369896e+00
1.000862581850375577e+00
1.000886339838318984e+00
1.000172555635920446e+00
9.988028538037676540e-01
1.001682600932626510e+00
9.996976545408233772e-01
1.001224698646666189e+00
1.000812339077490787e+00
9.998538569590714742e-01
9.994513347520156410e-01
9.996669513988315492e-01
9.995945145951733446e-01
9.991805235826386467e-01
1.000304507885370953e+00
9.997481001205832385e-01
1.000666668696117201e+00
1.000394478130494091e+00
9.992886093352034704e-01
9.986942265555728282e-01
9.994011808634747362e-01
1.001132030674630746e+00
1.001076440471657447e+00
9.992177733986226107e-01
9.994566041720953642e-01
9.995103808542099566e-01
9.996706017677183809e-01
1.000756256634921959e+00
1.001074930307031208e+00
9.990383157772377842e-01
1.001157026742923284e+00
9.992322427187573242e-01
1.001916436032410207e+00
1.001671692964968496e+00
1.000784998737116682e+00
1.000978468921041475e+00
1.000563104466431152e+00
1.000783160769749713e+00
1.001046006804724886e+00
1.000402107549372310e+00
1.002708930584765623e+00
9.995259264150051504e-01
1.000872207453890050e+00
9.993722465822459933e-01
1.000936871844504639e+00
1.001316068481624244e+00
9.998597992203117624e-01
1.000548967316290172e+00
1.001456783254552896e+00
9.990034872059635473e-01
9.996590385249430888e-01
9.988627744999053482e-01
9.991214899567489871e-01
9.993427792848631475e-01
1.002040291017848972e+00
9.987610390594094945e-01
9.990109930824877527e-01
9.983096143225823615e-01
9.993459676160983962e-01
9.995178184949898847e-01
1.000234703693086757e+00
9.980529924406673636e-01
9.996186103899363795e-01
9.987506188082361236e-01
1.000568884749079457e+00
9.973162504233284986e-01
9.976122067015867900e-01
9.925354441529160576e-01
9.837273827736277010e-01
9.749576068278706931e-01
9.643124830343373644e-01
9.574132716059350345e-01
9.494047414212603009e-01
9.395194162057095566e-01
9.299176290900824648e-01
9.215058456106914875e-01
9.152409005131013631e-01
9.057628443441156918e-01
8.965096545575973463e-01
8.883212848167857389e-01
8.810044424078264935e-01
8.733173986296491886e-01
8.648141056662878023e-01
8.553042995313869801e-01
8.485288645851217781e-01
8.403142860450373286e-01
8.324335684608922259e-01
8.255198621720101215e-01
8.167070843915088529e-01
8.082823090475422800e-01
8.015543222984629068e-01
7.925502404023039293e-01
7.862796798783043828e-01
7.782657616767095776e-01
7.709619071965033710e-01
7.632695868454294486e-01
7.547587349455727734e-01
7.481101392024298580e-01
7.411053286622949487e-01
7.334670725433616312e-01
7.259358888169116231e-01
7.189493944191547303e-01
7.107422275133444822e-01
7.035974601198377032e-01
6.963001236704436936e-01
6.880897523821494222e-01
6.822509201764442865e-01
6.751929348348838511e-01
6.687330257166307357e-01
6.619731497494677486e-01
6.532672288050584974e-01
6.457589362601300342e-01
6.402447780441831160e-01
6.331725316116519897e-01
6.258481577904349002e-01
6.197637829842462809e-01
6.126631710430195943e-01
6.046164912830462868e-01
5.991457704384892669e-01
5.923509856051749622e-01
5.857691168585795749e-01
5.793119805384217003e-01
5.731853984752978137e-01
5.654268345533054463e-01
5.588943802746869638e-01
5.523651676117797837e-01
5.462872886800085315e-01
5.397651604628663780e-01
5.332221517919916165e-01
5.270901618493095686e-01
5.219045299844047303e-01
5.151735997398529943e-01
5.080927825345983306e-01
5.018833842275767232e-01
4.957728209493858507e-01
4.900617957453071716e-01
4.835121687972124827e-01
4.784630226531444985e-01
4.722606742734288265e-01
4.667640613543205252e-01
4.602428194349515445e-01
4.542171647916796728e-01
4.488674879615040525e-01
4.419861786596045450e-01
4.360943626763775227e-01
4.299740802146341800e-01
4.249757756742503223e-01
4.184250536882571092e-01
4.124546119498265218e-01
4.069773354667916565e-01
4.016072319707131855e-01
3.959535674129777139e-01
3.899702136560412868e-01
3.842390186033083910e-01
3.786030560353100261e-01
3.731860404884476679e-01
3.673401419355424857e-01
3.621095513331787918e-01
3.554494704862393717e-01
3.506803484885615552e-01
3.449847643488359039e-01
3.398821184598549983e-01
3.340613173986152762e-01
3.294594168064959305e-01
3.235736001890948121e-01
3.174556764343923199e-01
3.127886975405719250e-01
3.079267734653018396e-01
3.025267231330781015e-01
2.969943712149645809e-01
2.914062873805738363e-01
2.867898649311399484e-01
2.813437199823494161e-01
2.764752620416751072e-01
2.714879342244421734e-01
2.660551268887850762e-01
2.610338218404744115e-01
2.560298578810578096e-01
2.506603412013453380e-01
2.460436319322611143e-01
2.410070214318909831e-01
2.364302588370032210e-01
2.311701575863417402e-01
2.261410464323683756e-01
2.213897260374097231e-01
2.163350518603397721e-01
2.113386621481880834e-01
2.067763189988335026e-01
2.016800296647144608e-01
1.969381755134668177e-01
1.918641612612703995e-01
1.876199244890835727e-01
1.827757411881201499e-01
1.778827217572069297e-01
1.735072886957975125e-01
1.684124946377178467e-01
1.642282280867816968e-01
1.595795386747471956e-01
1.545913636186755369e-01
1.500578953159462658e-01
1.454653244138160717e-01
1.406154042296340612e-01
1.358049570556794095e-01
1.317260844047898338e-01
1.273967494658725941e-01
1.226796165712846221e-01
1.185673445086618816e-01
1.146526037428671346e-01
1.109467209146059036e-01
1.076347420795340515e-01
1.039085397783362785e-01
1.009130491394188978e-01
9.743298113164117202e-02
9.444674933503509340e-02
9.162585845825983732e-02
8.882984701710099074e-02
8.621356711769981307e-02
8.360003127664926426e-02
8.084351847696358284e-02
7.831439336831347298e-02
7.600994064038051057e-02
7.362949504059540518e-02
7.110910340927907580e-02
6.928045821137254756e-02
6.696589669868738270e-02
6.481228921618291394e-02
6.298889743154445497e-02
6.070080259345712881e-02
5.879135695486825686e-02
5.707296823690041071e-02
5.524609083553615879e-02
5.338602233906873662e-02
5.176442785484042935e-02
5.008643401948667528e-02
4.854874654059502387e-02
4.694866169194342881e-02
4.530501136031497150e-02
4.371684916726792380e-02
4.237813011390698797e-02
4.068091971224258724e-02
3.956818055327047251e-02
3.804629899760794687e-02
3.671072461053129232e-02
3.528717483888110101e-02
3.408574290740112173e-02
3.281051763634242058e-02
3.180268269424405686e-02
3.060816314229211632e-02
2.930415297500392827e-02
2.835029768450644111e-02
2.729914650321929939e-02
2.623515803559375165e-02
2.496614656183855641e-02
2.414943054119837382e-02
2.303650349319253526e-02
2.213803998584107716e-02
2.128608341476014021e-02
2.034108013618025207e-02
1.959389449153194768e-02
1.875920097572875145e-02
1.789370411473133540e-02
1.696422468684384913e-02
1.640971832109125797e-02
1.550278721752332972e-02
1.472498479226619188e-02
1.418370640761435972e-02
1.338422975241847918e-02
1.286508520573866401e-02
1.206593356398044832e-02
1.158667697455676056e-02
1.097212336256191828e-02
1.034696998245495866e-02
9.863854376383547617e-03
9.218533923275346043e-03
8.760757906615457280e-03
8.195669587090071914e-03
7.783033149559324092e-03
7.304436050375510275e-03
6.828333232103134254e-03
6.399770803604680133e-03
6.019650073379742040e-03
5.679722605387775396e-03
5.228097742572766424e-03
4.867367084095192663e-03
4.523571804723176652e-03
4.124277319700386801e-03
3.852041000834198654e-03
3.528558297478602730e-03
3.204629115840201218e-03
2.911440596986869609e-03
2.655472093012817367e-03
2.437912721838924983e-03
2.197119811026105197e-03
1.967893145897962621e-03
1.739160648877619399e-03
1.550348350601164207e-03
1.374179705374491568e-03
1.188185151710500955e-03
1.016936426844215107e-03
8.927863835445847777e-04
7.592150165993154969e-04
6.472924566946776761e-04
5.261508389391553100e-04
4.318392565836085776e-04
3.256644427730083394e-04
2.522701668576293526e-04
1.825983663002404811e-04
1.279311041658600658e-04
8.853954850411956600e-05
4.814676150673448374e-05
2.008004468642695344e-05
9.268216689542382644e-06
8.396697435501087453e-07
0.000000000000000000e+00
0.000000000000000000e+00
0.000000000000000000e+00
0.000000000000000000e+00
0.000000000000000000e+00
0.000000000000000000e+00
0.000000000000000000e+00
0.000000000000000000e+00
0.000000000000000000e+00
0.000000000000000000e+00
0.000000000000000000e+00
0.000000000000000000e+00
0.000000000000000000e+00
0.000000000000000000e+00
0.000000000000000000e+00
0.000000000000000000e+00
0.000000000000000000e+00
0.000000000000000000e+00
0.000000000000000000e+00
0.000000000000000000e+00
0.000000000000000000e+00
0.000000000000000000e+00
0.000000000000000000e+00
0.000000000000000000e+00
0.000000000000000000e+00
0.000000000000000000e+00
0.000000000000000000e+00
0.000000000000000000e+00
0.000000000000000000e+00
0.000000000000000000e+00
0.000000000000000000e+00
0.000000000000000000e+00
0.000000000000000000e+00
0.000000000000000000e+00
0.000000000000000000e+00
0.000000000000000000e+00
0.000000000000000000e+00
0.000000000000000000e+00
0.000000000000000000e+00
0.000000000000000000e+00
0.000000000000000000e+00
0.000000000000000000e+00
0.000000000000000000e+00
0.000000000000000000e+00
0.000000000000000000e+00
0.000000000000000000e+00
0.000000000000000000e+00
0.000000000000000000e+00
0.000000000000000000e+00
0.000000000000000000e+00
0.000000000000000000e+00
0.000000000000000000e+00
0.000000000000000000e+00
0.000000000000000000e+00
0.000000000000000000e+00
0.000000000000000000e+00
0.000000000000000000e+00
0.000000000000000000e+00
0.000000000000000000e+00
0.000000000000000000e+00
0.000000000000000000e+00
0.000000000000000000e+00
0.000000000000000000e+00
0.000000000000000000e+00
0.000000000000000000e+00
0.000000000000000000e+00
0.000000000000000000e+00
0.000000000000000000e+00
