0.000000000000000000e+00
0.000000000000000000e+00
0.000000000000000000e+00
0.000000000000000000e+00
0.000000000000000000e+00
0.000000000000000000e+00
0.000000000000000000e+00
0.000000000000000000e+00
0.000000000000000000e+00
0.000000000000000000e+00
0.000000000000000000e+00
0.000000000000000000e+00
0.000000000000000000e+00
0.000000000000000000e+00
0.000000000000000000e+00
0.000000000000000000e+00
0.000000000000000000e+00
0.000000000000000000e+00
0.000000000000000000e+00
0.000000000000000000e+00
7.552623623002189735e-06
1.721435687111359455e-02
7.169477833302674297e-01
2.995986288771455897e+00
3.536376252288371269e+00
2.163424245931633738e+00
1.011644397699975384e+00
4.531828746148005016e-01
2.390461099360847164e-01
2.299659808380071224e-01
3.758016927041020749e-01
5.682483527968053005e-01
7.274887436272090557e-01
8.191875936810528724e-01
8.540775375269413772e-01
8.680438990869520088e-01
8.854805549742434945e-01
9.185139509437598715e-01
9.798908789516154183e-01
1.036232821995121345e+00
1.083112939566762467e+00
1.134301303088068646e+00
1.191332925529043241e+00
1.238125077222539394e+00
1.263596868049862376e+00
1.270134017138932370e+00
1.249639744222467375e+00
1.208591558631822771e+00
1.153821449330076243e+00
1.091053787056852853e+00
1.033065404616562377e+00
9.850580472850775093e-01
9.499567885108856080e-01
9.300740350637185516e-01
9.207842851814889151e-01
9.191930126381055999e-01
9.220332017365234778e-01
9.258190843738066667e-01
9.314671157163763038e-01
9.388375876230781181e-01
9.469062161213666062e-01
9.578632954432864111e-01
9.712953991460964165e-01
9.826477276545886319e-01
9.937449165403150486e-01
1.001784703441670255e+00
1.010135581514386205e+00
1.014251552083273999e+00
1.015310147814824315e+00
1.015649075405355317e+00
1.012603756430012769e+00
1.011989904025225817e+00
1.009022266052628902e+00
1.007300663714968403e+00
1.006288783932975495e+00
1.004424833755005020e+00
1.004300278648962319e+00
1.005407921216406431e+00
1.004333033347154069e+00
1.005734715352875064e+00
1.004838338296120792e+00
1.005227074736651627e+00
1.004646956489645859e+00
1.002077276882236800e+00
1.001934266770556858e+00
1.001515503311720234e+00
1.000368740490377162e+00
9.985219647338532400e-01
9.984413973200363390e-01
9.979874884642730981e-01
9.973573966188894468e-01
9.957662801078115411e-01
9.945057880541390283e-01
9.939949359589833611e-01
9.932245673716890710e-01
9.942478625112451951e-01
9.939264566822816338e-01
9.958598362919528491e-01
9.944341955328939164e-01
9.957900835486881430e-01
9.970446601207066939e-01
9.994923763997888289e-01
1.000709773646407230e+00
1.002861073277725668e+00
1.004079392130065473e+00
1.005281173224388480e+00
1.004260316952305665e+00
1.004243054117252676e+00
1.005201360021542589e+00
1.004222306206385307e+00
1.004088344365699603e+00
1.003050712458983362e+00
1.001600425368941893e+00
1.001843020830314179e+00
1.001294560157529379e+00
1.000123402651380555e+00
9.998556663167676994e-01
9.995229479638184644e-01
9.992339892325535766e-01
9.997179100328921209e-01
9.990018254124151120e-01
9.986503244756009812e-01
9.983689878244733640e-01
9.990293708515547433e-01
9.996577734601643783e-01
9.980342881267499910e-01
9.989667848372618675e-01
9.996846679764830323e-01
1.000793963211065174e+00
9.998618309129231330e-01
1.000665766808558343e+00
1.000268759399046470e+00
1.000748682146776147e+00
9.997374075507918789e-01
1.000535979168761580e+00
1.000344200288544538e+00
1.000426826950291392e+00
1.000466723686235460e+00
1.000153747149075345e+00
1.001245592926333305e+00
1.000579415234912339e+00
1.000733527517897903e+00
1.000431303885352730e+00
1.000524821410588627e+00
1.000075220660356923e+00
1.001142097538541886e+00
9.999174166994372337e-01
9.999682137959550188e-01
9.999348790858145763e-01
1.000047742509861282e+00
1.000460503291199066e+00
1.000113153711964520e+00
9.994526926878390949e-01
9.996191212928958736e-01
9.998174757759297204e-01
1.000176463363084078e+00
1.000004741953006926e+00
9.998779224933788123e-01
9.989114293911298681e-01
1.000143893798427053e+00
1.000545154191740282e+00
1.000083150321638747e+00
1.000219246000587203e+00
1.000271143781523930e+00
1.000022376306642258e+00
1.000071659076536390e+00
1.000738025986659174e+00
1.000823895898824700e+00
1.000924341856022304e+00
1.000904798460324541e+00
1.000250186338157210e+00
1.000321056475407699e+00
1.000265874285683587e+00
1.000895853648453571e+00
1.000047979878021742e+00
1.000874225011814111e+00
1.000475632255386271e+00
1.000289277701642110e+00
1.000765050750140883e+00
1.000388307940949906e+00
1.000158208647377256e+00
1.000662656437137921e+00
1.000476181436180667e+00
1.000069995277617974e+00
9.999260458757821546e-01
1.000068050579841383e+00
9.997789611860031789e-01
1.000200720761507789e+00
1.000500188819592573e+00
9.998070172926433186e-01
1.000197408276376487e+00
1.000201465104919141e+00
9.998037204187655291e-01
1.000266783184478703e+00
1.000087537593019826e+00
1.000550343268720166e+00
1.000318380460107459e+00
9.998760505738513160e-01
1.000125662516186065e+00
1.000023396677180321e+00
9.999687256434495186e-01
1.000184337938069046e+00
1.000276402719247670e+00
1.000850600624755726e+00
9.998592300390700682e-01
1.000382203158185046e+00
9.999731927823352073e-01
1.000347098730918871e+00
9.999065454288242893e-01
1.000060391474564936e+00
9.998081067041358905e-01
9.997551771589842096e-01
1.000249644157039874e+00
1.000081810863013621e+00
1.000488530560704081e+00
9.995339315165230332e-01
9.995964536058666861e-01
9.999506393471037091e-01
9.998334410917658621e-01
1.000085714712703577e+00
1.000204995952826748e+00
1.000109566028430486e+00
9.997915286901285503e-01
9.997676333306725338e-01
9.995322164129667453e-01
9.995374003590179468e-01
1.000104016011606367e+00
1.000365183671455993e+00
9.996211655481361813e-01
9.999875309741398377e-01
9.998353169148753716e-01
1.000218559725513767e+00
9.999028853839561082e-01
1.000153665427043315e+00
1.000365138204346582e+00
1.000123620215654707e+00
9.996440917909040769e-01
9.998411834957791067e-01
1.000157548702872878e+00
1.000090583801638955e+00
9.999185208339632647e-01
9.996646022577843071e-01
9.998855015675677249e-01
9.997585707206431138e-01
9.996928748926313668e-01
1.000346399191613944e+00
9.998500109346050158e-01
9.998205813979996748e-01
9.996528770281223331e-01
1.000017013251401021e+00
9.999414363864893573e-01
9.997965421588633772e-01
9.998793038784342668e-01
1.000077009166542963e+00
9.996158657423092064e-01
1.000139642945109486e+00
9.998291553275556742e-01
9.998010265786773099e-01
1.000051926538144897e+00
9.997908191219621044e-01
1.000281984704248783e+00
9.999370259799398308e-01
9.998502844274091972e-01
1.000181116684015326e+00
1.000134274942319657e+00
1.000062146681492514e+00
9.998791693316974039e-01
1.000022167085585112e+00
1.000024682550343602e+00
1.000136389766734135e+00
9.998629091937739632e-01
9.999728731084382982e-01
1.000046643161691895e+00
9.998699590443692609e-01
9.999867193561389200e-01
9.997622881203855894e-01
9.998431865520261974e-01
1.000140886155615139e+00
1.000048148140932680e+00
1.000224207870902493e+00
9.997000974856001809e-01
9.998938381082012050e-01
9.998119637770075396e-01
1.000156964608990284e+00
9.999773618225604732e-01
9.998063819768602256e-01
1.000080317021911247e+00
9.999565069646783044e-01
1.000108570988887502e+00
9.997153593885041989e-01
9.998825328184700600e-01
9.998821769874629561e-01
1.000197597573862174e+00
1.000001998282771920e+00
9.998285929179169251e-01
9.999612127359286395e-01
9.999097611360528992e-01
1.000014062144653826e+00
1.000086649761157132e+00
9.999572462532089201e-01
9.999072558538621980e-01
1.000218233451843242e+00
1.000103242305954820e+00
9.995487843537308459e-01
1.000051147555303332e+00
9.999959808027021335e-01
9.999979666284686264e-01
1.000121934202427232e+00
1.000084219152962195e+00
1.000142534775720904e+00
9.999569239078174299e-01
1.000394170196295063e+00
9.998107000036946523e-01
1.000252944217179696e+00
9.996935113870630829e-01
1.000275581706678629e+00
9.997969171264762256e-01
1.000058510187705307e+00
1.000046971976656041e+00
1.000069319608193785e+00
1.000172576602253560e+00
9.997039234675092478e-01
1.000143859330979934e+00
9.998992316211131604e-01
9.999883985317753465e-01
9.998375461807064157e-01
1.000119932775074716e+00
1.000095198837108068e+00
1.000003248019332602e+00
1.000072587970507687e+00
1.000257518529415135e+00
1.000069638718230181e+00
9.999800339382858283e-01
9.996879324044081194e-01
1.000073877608847583e+00
9.995650118447519938e-01
9.937953913280047624e-01
9.846886804681466154e-01
9.760653635483252932e-01
9.671970236188713876e-01
9.582748587736973356e-01
9.494707842162365408e-01
9.413760248503320049e-01
9.326184859479242917e-01
9.241060721413967283e-01
9.154808909290987895e-01
9.072968593066318421e-01
8.988229456818257468e-01
8.906739120709674662e-01
8.821457231687803713e-01
8.741363716371685078e-01
8.660881301118465991e-01
8.577423412332362274e-01
8.494966309796004866e-01
8.417612159660810001e-01
8.336931890574469373e-01
8.258009299936209802e-01
8.178274179566585866e-01
8.096378080085320228e-01
8.021023104653303148e-01
7.940983407119118764e-01
7.866655722922958338e-01
7.789834593784594752e-01
7.714070138005723054e-01
7.636965704211734485e-01
7.561779019716595718e-01
7.488224088928246980e-01
7.411785436620812462e-01
7.335961295719347630e-01
7.263709240433230407e-01
7.190775456606079974e-01
7.117362010823412577e-01
7.043235652605285280e-01
6.973326889266436845e-01
6.900980440939848970e-01
6.825726190985278441e-01
6.755363678674122241e-01
6.688113786822277307e-01
6.613695828157369894e-01
6.544214893458003557e-01
6.476863099820545644e-01
6.406609826024702858e-01
6.338150226353752581e-01
6.269248361106892764e-01
6.200474139437756049e-01
6.131977679741335008e-01
6.065565739968847847e-01
5.999181718286883402e-01
5.929907968184864320e-01
5.863933216047834129e-01
5.798551666231416268e-01
5.733746258514712535e-01
5.666329866170923824e-01
5.600757875262143415e-01
5.537309009790711833e-01
5.472076781565672343e-01
5.406065694072793582e-01
5.342328437210275283e-01
5.278844806158878855e-01
5.214473038326223886e-01
5.155828389851850879e-01
5.091527713677703737e-01
5.027215696642696185e-01
4.966070620682774273e-01
4.905119141403481153e-01
4.843880855574804745e-01
4.782260765622466381e-01
4.721606660388776855e-01
4.661778931910759982e-01
4.600387028547899826e-01
4.539991310340839026e-01
4.480663997948999833e-01
4.421853442810464996e-01
4.362244525327795830e-01
4.303421426407414985e-01
4.245595547396737168e-01
4.186086919722709632e-01
4.128589396888244778e-01
4.070722384351853629e-01
4.013211639209497417e-01
3.955569830183946478e-01
3.900215021698228424e-01
3.844131785923176614e-01
3.786957386776572676e-01
3.730163745774635053e-01
3.674891693622164834e-01
3.618762866182781424e-01
3.563360364888690790e-01
3.509295358829240263e-01
3.454962045557889994e-01
3.400928101349704469e-01
3.343966411873072198e-01
3.291074524038978821e-01
3.239350465413182167e-01
3.184934757867022292e-01
3.131209416123796885e-01
3.079397485284168789e-01
3.025827229837272925e-01
2.973528328848155100e-01
2.920831897756736018e-01
2.868880389062228864e-01
2.817070200912537570e-01
2.766215393097911091e-01
2.712920878992821083e-01
2.663024031438471773e-01
2.613061248898181366e-01
2.563873468981852644e-01
2.511285381706763742e-01
2.460403654919121608e-01
2.410612084508962361e-01
2.361060806027852621e-01
2.310614682677045728e-01
2.260725824915901516e-01
2.212523508777804737e-01
2.164948512254813995e-01
2.115824471664118356e-01
2.067187162828509062e-01
2.018483166688694597e-01
1.969962705622633203e-01
1.922944443450905483e-01
1.875199378922132731e-01
1.828878712995092581e-01
1.780791394380176751e-01
1.733063617475872897e-01
1.686434824735697502e-01
1.640602547540836176e-01
1.594708539280808024e-01
1.547868509335759146e-01
1.502277194501214219e-01
1.455900491855165735e-01
1.411160324267975164e-01
1.365994814845464811e-01
1.320174657985981326e-01
1.274924527495451820e-01
1.229826724136879046e-01
1.186678166527399408e-01
1.148456040004674772e-01
1.111305798720091387e-01
1.076525699637220640e-01
1.042740856593367682e-01
1.009888470877033789e-01
9.796261658701246877e-02
9.501117113476399700e-02
9.203808554178677381e-02
8.918075479605933054e-02
8.646513923668812385e-02
8.388067250591466073e-02
8.129713281653620782e-02
7.883234870475652745e-02
7.631099663025713020e-02
7.403864989564597210e-02
7.173899156706214919e-02
6.950184173866010007e-02
6.734181419698626048e-02
6.528772003905185251e-02
6.318755189733067656e-02
6.121578371204294128e-02
5.923461307532743719e-02
5.735881802800462531e-02
5.554652881968119571e-02
5.372611108157238080e-02
5.199333420406905548e-02
5.029405234436475081e-02
4.862755713199080898e-02
4.709109991753048646e-02
4.548374102493475679e-02
4.395478928834375965e-02
4.247132101183424824e-02
4.098911537860910198e-02
3.955575174043565734e-02
3.817172616125037721e-02
3.685001049253516792e-02
3.554278196521384880e-02
3.427083834017050079e-02
3.300926088224787752e-02
3.182477354953890808e-02
3.065176156915800504e-02
2.950215053336837159e-02
2.837231886509742826e-02
2.729992920038384896e-02
2.623759059015382672e-02
2.518686873176506982e-02
2.423147101461413377e-02
2.323696247056970463e-02
2.228853657299622454e-02
2.137978033782610143e-02
2.050553282459636681e-02
1.963089792719743820e-02
1.875878574290170547e-02
1.797097210307715964e-02
1.715938275717343239e-02
1.640615941918422555e-02
1.565288108466468195e-02
1.490711536986696721e-02
1.420154119915055871e-02
1.353615602647916839e-02
1.284320203135709895e-02
1.220665520956090537e-02
1.158860341308177999e-02
1.099486406703391143e-02
1.041866016913475974e-02
9.867388413797792412e-03
9.319071254670125218e-03
8.792118627693941771e-03
8.272332888523470373e-03
7.789805663273921370e-03
7.333041552246853494e-03
6.865071475613195896e-03
6.445815127120731181e-03
6.012393545765194747e-03
5.614361508170772827e-03
5.236364944288334454e-03
4.872224782099110821e-03
4.502099616509849106e-03
4.159390232914736765e-03
3.834075695171427958e-03
3.539270659527720374e-03
3.236503533610549359e-03
2.968560463614398470e-03
2.691862283024431309e-03
2.446251078347571467e-03
2.215803140611768453e-03
1.974585821179773108e-03
1.776546107645638438e-03
1.566197760343603475e-03
1.389786773508912797e-03
1.211365913760592853e-03
1.049038064181546980e-03
9.018215558514975586e-04
7.649207048106182764e-04
6.377518861223471433e-04
5.224899730052185018e-04
4.248047901514673480e-04
3.381925437034187304e-04
2.567009806333758856e-04
1.903523685456479347e-04
1.311007859967932199e-04
8.424242492062957734e-05
4.963094849752581892e-05
2.352933118923729091e-05
7.442420603178709954e-06
9.200643536532220242e-07
9.356204559111226752e-09
0.000000000000000000e+00
0.000000000000000000e+00
0.000000000000000000e+00
0.000000000000000000e+00
0.000000000000000000e+00
0.000000000000000000e+00
0.000000000000000000e+00
0.000000000000000000e+00
0.000000000000000000e+00
0.000000000000000000e+00
0.000000000000000000e+00
0.000000000000000000e+00
0.000000000000000000e+00
0.000000000000000000e+00
0.000000000000000000e+00
0.000000000000000000e+00
0.000000000000000000e+00
0.000000000000000000e+00
0.000000000000000000e+00
0.000000000000000000e+00
0.000000000000000000e+00
0.000000000000000000e+00
0.000000000000000000e+00
0.000000000000000000e+00
0.000000000000000000e+00
0.000000000000000000e+00
0.000000000000000000e+00
0.000000000000000000e+00
0.000000000000000000e+00
0.000000000000000000e+00
0.000000000000000000e+00
0.000000000000000000e+00
0.000000000000000000e+00
0.000000000000000000e+00
0.000000000000000000e+00
0.000000000000000000e+00
0.000000000000000000e+00
0.000000000000000000e+00
0.000000000000000000e+00
0.000000000000000000e+00
0.000000000000000000e+00
0.000000000000000000e+00
0.000000000000000000e+00
0.000000000000000000e+00
0.000000000000000000e+00
0.000000000000000000e+00
0.000000000000000000e+00
0.000000000000000000e+00
0.000000000000000000e+00
0.000000000000000000e+00
0.000000000000000000e+00
0.000000000000000000e+00
0.000000000000000000e+00
0.000000000000000000e+00
0.000000000000000000e+00
0.000000000000000000e+00
0.000000000000000000e+00
0.000000000000000000e+00
0.000000000000000000e+00
0.000000000000000000e+00
0.000000000000000000e+00
0.000000000000000000e+00
0.000000000000000000e+00
0.000000000000000000e+00
0.000000000000000000e+00
0.000000000000000000e+00
0.000000000000000000e+00
