0.000000000000000000e+00
0.000000000000000000e+00
0.000000000000000000e+00
0.000000000000000000e+00
0.000000000000000000e+00
0.000000000000000000e+00
0.000000000000000000e+00
0.000000000000000000e+00
0.000000000000000000e+00
0.000000000000000000e+00
0.000000000000000000e+00
0.000000000000000000e+00
0.000000000000000000e+00
0.000000000000000000e+00
0.000000000000000000e+00
0.000000000000000000e+00
0.000000000000000000e+00
0.000000000000000000e+00
0.000000000000000000e+00
0.000000000000000000e+00
0.000000000000000000e+00
0.000000000000000000e+00
2.160771283161625844e-04
3.169305085453245907e-03
5.704232228014130546e-02
2.639564309401956632e-01
5.981040037038859447e-01
9.275249292786915678e-01
1.200020729174465783e+00
1.351225287781993467e+00
1.396380519186696034e+00
1.360789264874689541e+00
1.293827297141004973e+00
1.173436943382453634e+00
1.070142520742743297e+00
9.571887325362209431e-01
8.635821383998472101e-01
8.121509310322210240e-01
8.041676694474777509e-01
7.771149526044587308e-01
7.609581773259251891e-01
7.726251100612985256e-01
8.157679766268960408e-01
8.468880607889122114e-01
8.639768688790988582e-01
8.810605788588010689e-01
8.921220065220913931e-01
9.347199381111678251e-01
9.646409133738187425e-01
1.004554988612266886e+00
1.029493052879124848e+00
1.079268881009815884e+00
1.121802680483256154e+00
1.150207416314830589e+00
1.168111512899802973e+00
1.148649739950460269e+00
1.145398279062894931e+00
1.111729634275432366e+00
1.094923021183848766e+00
1.074977599901762781e+00
1.060927592160675559e+00
1.050426301137256546e+00
1.041883016838954568e+00
1.031901056271696371e+00
1.022413771964705953e+00
1.017546791515312243e+00
1.005345835085559969e+00
9.913748508408936067e-01
9.912386223146604225e-01
9.881855488216599870e-01
9.869197052897120681e-01
9.832082322463657764e-01
9.867344994969343697e-01
9.943944706132151756e-01
9.940955693502894208e-01
1.003990922775850780e+00
1.007648489038520667e+00
1.006795040797266338e+00
1.011676428340716472e+00
1.009486486259622007e+00
1.009076199128512652e+00
1.014673959495577815e+00
1.011250368060020444e+00
1.011959008669517601e+00
1.010504703502823842e+00
1.012620116068615017e+00
1.008680190976067648e+00
1.009534775288682518e+00
1.008745410845347079e+00
1.007028841223803317e+00
1.004366628183888999e+00
1.003049712904751090e+00
1.004975106809470109e+00
1.003291498045762786e+00
9.961428222106314401e-01
1.000420152619766245e+00
9.972051240954618034e-01
9.956371710637766936e-01
1.004256158035115920e+00
9.986317422664700016e-01
1.002617553444995036e+00
9.979858098612852668e-01
9.995911373640058439e-01
9.966231145219907051e-01
1.002371446527873244e+00
1.000577643862236021e+00
9.998461258234451199e-01
9.994513663399112735e-01
9.991289218860974763e-01
9.970638116089994840e-01
9.990669983837489054e-01
9.990914059671472947e-01
1.002453753780559786e+00
1.002311507636973076e+00
9.960503637210220695e-01
1.000684563464206311e+00
9.981415240849906834e-01
9.996287229392257778e-01
1.002906639432186831e+00
1.002457027557889679e+00
1.004641858076051220e+00
1.002732053297123560e+00
1.001326426188130503e+00
1.004368076765468576e+00
1.003248155975476008e+00
1.002692679792944741e+00
1.005567429208175989e+00
1.001906037795297522e+00
1.001787796619129756e+00
1.003178145402099153e+00
1.001803362353337334e+00
1.001391826215112468e+00
1.001127813276214473e+00
1.002686877324582282e+00
1.001558054721587432e+00
1.002197482871607148e+00
1.000532262388336813e+00
1.002073042903678601e+00
1.002709449089671079e+00
9.971894109394172645e-01
1.002653812950615064e+00
1.005020540409010232e+00
1.001408846424931554e+00
1.001295818053313580e+00
1.003044403510480187e+00
1.003451526508562175e+00
1.002245202558393666e+00
9.986458992308658855e-01
1.001844268964017681e+00
1.003304003621910523e+00
1.002612728682259036e+00
1.002204956245673406e+00
1.000307949945918429e+00
1.002644664535843333e+00
1.001587642168847214e+00
1.003904461233784406e+00
9.992035321088206246e-01
1.002596356845516068e+00
1.002338126693438580e+00
1.004467438991216266e+00
1.000949029436270621e+00
1.002193043163262187e+00
1.002212050648064956e+00
1.003146044769730683e+00
1.000229326066256030e+00
1.002110870236259998e+00
1.001832857596932413e+00
1.000086190883717530e+00
1.001001895018874599e+00
1.003979896837894570e+00
1.000728098755943041e+00
1.005440237197870346e+00
1.005174308734498201e+00
1.001418537441398193e+00
1.003774466927138675e+00
1.001564549150945505e+00
1.002374499121162499e+00
1.004594126154123135e+00
1.000925678888838322e+00
1.002495416410386975e+00
1.003287332115338604e+00
1.002484866001591479e+00
1.004224888436336283e+00
1.001762217943308331e+00
1.002392128049222508e+00
1.001292167209460571e+00
1.002279721399713885e+00
1.001331428508095422e+00
1.000135872758380229e+00
1.001970101239703537e+00
1.000087043317995139e+00
1.002890358347927613e+00
1.002221706932193701e+00
1.002439550852306072e+00
1.001078725098625055e+00
1.003158314190536249e+00
1.002440691247061144e+00
1.002805266517204474e+00
1.000788951708239782e+00
9.998951169892551505e-01
1.000981862994217764e+00
1.001158468426395221e+00
1.000793185489862180e+00
1.001382708729955606e+00
1.000371972335426296e+00
1.001451352143811979e+00
1.000371917140568723e+00
1.003806256394582874e+00
1.000526267378097467e+00
9.997856620278133821e-01
1.000420094233248625e+00
1.000973397144398369e+00
1.001759108090222838e+00
1.002082978760971077e+00
1.001684338965129095e+00
1.000066104570783043e+00
1.001023530456850663e+00
1.002081843728177546e+00
1.001180289669886259e+00
1.001180009474509136e+00
1.002186033959611366e+00
1.002975907231375974e+00
1.001289008321388341e+00
1.002299198217470932e+00
1.003272318097610860e+00
1.000687144991266209e+00
1.000696316071329806e+00
9.990093694929520485e-01
9.983780333780855054e-01
9.997055500163662956e-01
1.000268243985145578e+00
1.000728808966261152e+00
1.000303509734773666e+00
1.001024666465364144e+00
1.000942125827332774e+00
1.000208414110659749e+00
1.000808800753350880e+00
1.001989161118517657e+00
1.000247761371353628e+00
9.989544008330671909e-01
1.000484277932058852e+00
1.002032461609395853e+00
1.003457878745436016e+00
1.001808281040366344e+00
9.999370011139416814e-01
1.001223293178378215e+00
1.000837126004565647e+00
1.002255201911039784e+00
1.001214762256005031e+00
1.001020838980814620e+00
1.002646236233113886e+00
1.001366244182023246e+00
1.001003402662185904e+00
1.000404850624497799e+00
9.999815646864410601e-01
9.997747429312424661e-01
1.000548468497867827e+00
1.002425983928933118e+00
1.001687120967452271e+00
1.000002968454760888e+00
1.001064777588513532e+00
9.996260336025651894e-01
1.002003453446231651e+00
1.000246718532252110e+00
1.001094001491096952e+00
1.000795854608520052e+00
1.000773602801560136e+00
1.001497366607217554e+00
1.000374388615784094e+00
1.000982568670629513e+00
1.000586261709157876e+00
1.001566038871951836e+00
1.000798348428928231e+00
9.999419553150683537e-01
1.002184496481764553e+00
1.001569599974965197e+00
9.998962772500704643e-01
1.001071761162123819e+00
1.001151619249142977e+00
1.001052053704776457e+00
1.001549326750047042e+00
1.000303637777161248e+00
1.001799124471737246e+00
9.993404999299206892e-01
1.000812910087605534e+00
1.000861718268899248e+00
1.000368297726867750e+00
1.000341964255635041e+00
9.993297595527675936e-01
1.001596631342069221e+00
1.001909374543411113e+00
9.995663471907151321e-01
1.000760657018698874e+00
1.000928028710602380e+00
9.998117447176222417e-01
9.996974890054263208e-01
1.001132587638958071e+00
1.000080111231277824e+00
9.987841040082576782e-01
9.993455529128739689e-01
1.000437174294721121e+00
9.991977493620767259e-01
9.996201163549136570e-01
9.997842120049096337e-01
9.994319567822755879e-01
9.986660728605341042e-01
1.000610605542029630e+00
1.000869790423826844e+00
9.999274353739372456e-01
9.996056679678335666e-01
1.000714173895163484e+00
1.001107399187679103e+00
1.000816912378254653e+00
1.000562073950757691e+00
1.000828916890028841e+00
9.995439481387120573e-01
1.001086163438007937e+00
9.995871558859071859e-01
9.999449492103892334e-01
9.997985310329704500e-01
1.000092992086267563e+00
9.995938756656358448e-01
9.990917021521132924e-01
9.995384239539885085e-01
9.995045505919136763e-01
9.998626935702790153e-01
1.000523043893819297e+00
9.986983711684868092e-01
9.989080836166035482e-01
9.984640170330983944e-01
1.000074866927990414e+00
9.998710198716030950e-01
9.985872100275569041e-01
9.987920525027159657e-01
9.981327530317457564e-01
9.906431307606513581e-01
9.815739935457822307e-01
9.724761673178323740e-01
9.654536555697151856e-01
9.559012534126530847e-01
9.478752929161048391e-01
9.395642222072171368e-01
9.304492836029131242e-01
9.210423841789403543e-01
9.117528384732034308e-01
9.054432552191585826e-01
8.960191481813659653e-01
8.863640143311234398e-01
8.791473758170026409e-01
8.703054258670183119e-01
8.633769343283684838e-01
8.540314404905415824e-01
8.462527763618011845e-01
8.388442637294253323e-01
8.302982540451246951e-01
8.219094416970811334e-01
8.143096019836272292e-01
8.067488572083869602e-01
7.992128628351726771e-01
7.911453808875316129e-01
7.822327435370468596e-01
7.760783991926448744e-01
7.683888940432952452e-01
7.615181798466716945e-01
7.534026936371985839e-01
7.456933184372532830e-01
7.378909980435403027e-01
7.296488489486220308e-01
7.235332513474048710e-01
7.166220579039129790e-01
7.091443948019815480e-01
7.026412609448777769e-01
6.941822808526862953e-01
6.870044098938346000e-01
6.795819499719171208e-01
6.722135767556612906e-01
6.659005638477897282e-01
6.580023526716847204e-01
6.522687865460827794e-01
6.447108257301722434e-01
6.371325217960203124e-01
6.311841549310258648e-01
6.244157784655351984e-01
6.169155815529742126e-01
6.101338723065543590e-01
6.036430956856504437e-01
5.964323349358990889e-01
5.894678409445218703e-01
5.831589181371962249e-01
5.770212345954301991e-01
5.700203320153224285e-01
5.627446356979187714e-01
5.565305480035352970e-01
5.506669187165773582e-01
5.437314298830786541e-01
5.375692394942372943e-01
5.313863642013726407e-01
5.236849487456438634e-01
5.175032566518338317e-01
5.116434808917394994e-01
5.043184004841605450e-01
4.989004765202766922e-01
4.924998929863900754e-01
4.866413883378676308e-01
4.810583934741928247e-01
4.739951307264755331e-01
4.691201441096545799e-01
4.626216569872290130e-01
4.566075915590639966e-01
4.507057276252368072e-01
4.436875395714842130e-01
4.377171581472802941e-01
4.320617217499581608e-01
4.268470897201677161e-01
4.211122203226940752e-01
4.140713704555564201e-01
4.086383909809625514e-01
4.033191837039996064e-01
3.976925238940582363e-01
3.917676478322404399e-01
3.861931121891878926e-01
3.809890764153071041e-01
3.741475058387416230e-01
3.697263656957327504e-01
3.638500269113214558e-01
3.576582783004312316e-01
3.526458638472054208e-01
3.477015235522049608e-01
3.415776342658395914e-01
3.358862210296517103e-01
3.311244273079807510e-01
3.257626296794380316e-01
3.199625357329815567e-01
3.149713202624046526e-01
3.093213967609800830e-01
3.041728193181352791e-01
2.983184801360233007e-01
2.932354949294331270e-01
2.885735314291443254e-01
2.835303571574657733e-01
2.783839178242262236e-01
2.730759935603661037e-01
2.671786906791636662e-01
2.624906543659695779e-01
2.575319617913191528e-01
2.526605748256273154e-01
2.473549482735959426e-01
2.427295575926022853e-01
2.373036736270509039e-01
2.321218001955851207e-01
2.274264037112048165e-01
2.229803990877345099e-01
2.176326168981364551e-01
2.128862282431601971e-01
2.081474159417479597e-01
2.033078547657873325e-01
1.981773770072221275e-01
1.932193968798097683e-01
1.887365206180392774e-01
1.842179923860535473e-01
1.794162435094602270e-01
1.747747987400208314e-01
1.696753919008702483e-01
1.650346442210282039e-01
1.607856765838351076e-01
1.559804190270112079e-01
1.515642452972700283e-01
1.469896598150128852e-01
1.421573742923984418e-01
1.380463473606224900e-01
1.331576766568334236e-01
1.287882840647151250e-01
1.239841997833413811e-01
1.199007324285479292e-01
1.157492345958718583e-01
1.119898811072026351e-01
1.085060579155334298e-01
1.052684939373451090e-01
1.016255298351591146e-01
9.869865620136371309e-02
9.585874056471591076e-02
9.264349119470084715e-02
8.954333587268480110e-02
8.721705399525640778e-02
8.435363131244555390e-02
8.175927212985356629e-02
7.914090163423502522e-02
7.676473743159786811e-02
7.465950830623109546e-02
7.245416161530493504e-02
6.982892390377877512e-02
6.787705229815620134e-02
6.554373578837037473e-02
6.357286693671418409e-02
6.144960678517449176e-02
5.945301822512575468e-02
5.753391307563882756e-02
5.580545184942985182e-02
5.408994269430837665e-02
5.231206820682856445e-02
5.054642781247282307e-02
4.888796827474271162e-02
4.720980057768008747e-02
4.553075588890487246e-02
4.419971220603080564e-02
4.245495898814702351e-02
4.110446225721817864e-02
3.980016432577230395e-02
3.818168862905711725e-02
3.690033546352902011e-02
3.565978543439952964e-02
3.435462884646267590e-02
3.299439702426006787e-02
3.188804806744777870e-02
3.065737075963259270e-02
2.963031910143659742e-02
2.847728669081446562e-02
2.726266946828175691e-02
2.624399448750385291e-02
2.509593127217816036e-02
2.422261572997944784e-02
2.341313366985085451e-02
2.230088800809230248e-02
2.131553010484535729e-02
2.038782644125317067e-02
1.948009733030440019e-02
1.876994013618391716e-02
1.796358039354316316e-02
1.725092461081651624e-02
1.646859632958195055e-02
1.570817196580386391e-02
1.500679478827619297e-02
1.418845242968471386e-02
1.348030523117184874e-02
1.288362376636509668e-02
1.223464423990682469e-02
1.152294032534018943e-02
1.102207394970589754e-02
1.042392037834335983e-02
9.795163939041225815e-03
9.333331466828367895e-03
8.783799311547898711e-03
8.279143848828815488e-03
7.770546846734411456e-03
7.350870339473901914e-03
6.826673301366261923e-03
6.496748541634905436e-03
6.036878789181288757e-03
5.606681574806115544e-03
5.225589572027374355e-03
4.862931457016623354e-03
4.507363326950341274e-03
4.134443475480127292e-03
3.833467364470498611e-03
3.564523243311321175e-03
3.267175127990610065e-03
2.930076068748096833e-03
2.694639388320413994e-03
2.441051189548665030e-03
2.213372497322667332e-03
1.984515622450733815e-03
1.808978509417051876e-03
1.574856027651568013e-03
1.406297370261356009e-03
1.232570476719659081e-03
1.079392386483589471e-03
9.184234601057620013e-04
7.628278387031418688e-04
6.496197847448560540e-04
5.397314596533917376e-04
4.319535399716405372e-04
3.386599920693895266e-04
2.590335081649989971e-04
1.872779983364851388e-04
1.387268755839073120e-04
8.687809747667670456e-05
4.904930463245535356e-05
2.230746116568878848e-05
1.062482644909567240e-05
8.144760886829821159e-07
0.000000000000000000e+00
0.000000000000000000e+00
0.000000000000000000e+00
0.000000000000000000e+00
0.000000000000000000e+00
0.000000000000000000e+00
0.000000000000000000e+00
0.000000000000000000e+00
0.000000000000000000e+00
0.000000000000000000e+00
0.000000000000000000e+00
0.000000000000000000e+00
0.000000000000000000e+00
0.000000000000000000e+00
0.000000000000000000e+00
0.000000000000000000e+00
0.000000000000000000e+00
0.000000000000000000e+00
0.000000000000000000e+00
0.000000000000000000e+00
0.000000000000000000e+00
0.000000000000000000e+00
0.000000000000000000e+00
0.000000000000000000e+00
0.000000000000000000e+00
0.000000000000000000e+00
0.000000000000000000e+00
0.000000000000000000e+00
0.000000000000000000e+00
0.000000000000000000e+00
0.000000000000000000e+00
0.000000000000000000e+00
0.000000000000000000e+00
0.000000000000000000e+00
0.000000000000000000e+00
0.000000000000000000e+00
0.000000000000000000e+00
0.000000000000000000e+00
0.000000000000000000e+00
0.000000000000000000e+00
0.000000000000000000e+00
0.000000000000000000e+00
0.000000000000000000e+00
0.000000000000000000e+00
0.000000000000000000e+00
0.000000000000000000e+00
0.000000000000000000e+00
0.000000000000000000e+00
0.000000000000000000e+00
0.000000000000000000e+00
0.000000000000000000e+00
0.000000000000000000e+00
0.000000000000000000e+00
0.000000000000000000e+00
0.000000000000000000e+00
0.000000000000000000e+00
0.000000000000000000e+00
0.000000000000000000e+00
0.000000000000000000e+00
0.000000000000000000e+00
0.000000000000000000e+00
0.000000000000000000e+00
0.000000000000000000e+00
0.000000000000000000e+00
0.000000000000000000e+00
0.000000000000000000e+00
0.000000000000000000e+00
0.000000000000000000e+00
0.000000000000000000e+00
0.000000000000000000e+00
