0.000000000000000000e+00
0.000000000000000000e+00
0.000000000000000000e+00
0.000000000000000000e+00
0.000000000000000000e+00
0.000000000000000000e+00
0.000000000000000000e+00
0.000000000000000000e+00
0.000000000000000000e+00
0.000000000000000000e+00
0.000000000000000000e+00
0.000000000000000000e+00
0.000000000000000000e+00
0.000000000000000000e+00
0.000000000000000000e+00
0.000000000000000000e+00
0.000000000000000000e+00
0.000000000000000000e+00
0.000000000000000000e+00
0.000000000000000000e+00
0.000000000000000000e+00
0.000000000000000000e+00
0.000000000000000000e+00
0.000000000000000000e+00
6.706418959046795769e-04
1.176252949049833192e-02
5.345504489055227793e-02
1.811206765323501444e-01
4.365173563899500953e-01
8.546375471978922000e-01
1.283125851545909857e+00
1.538081482264602506e+00
1.553422859491176533e+00
1.374094951546017462e+00
1.125889380845100929e+00
8.843867844354980079e-01
7.346827858549601631e-01
6.694001592774372345e-01
6.698450656556391714e-01
6.959642865981071624e-01
6.949724595378260483e-01
7.356354932432903615e-01
7.820556687234241355e-01
8.501801856401653978e-01
8.860982761562489207e-01
8.802973099851896244e-01
8.806405551697920053e-01
9.040851915735224065e-01
9.324410294811590338e-01
9.606250888010450240e-01
1.005087770571527095e+00
1.031517148865161326e+00
1.065995228675602702e+00
1.098253852768830807e+00
1.124839689146419630e+00
1.128260627547629236e+00
1.144199841252164118e+00
1.127245462571374368e+00
1.114742157997358873e+00
1.092314396970136992e+00
1.074982787303513376e+00
1.055690213471285110e+00
1.044982367678312096e+00
1.039911574306397801e+00
1.021900583227571824e+00
1.022255700797199962e+00
9.940871821711581013e-01
9.908521078651386649e-01
9.827475791722651843e-01
9.804261902460891243e-01
9.860213671256915502e-01
9.736163207983464796e-01
9.752262846545383113e-01
9.784568536042158593e-01
9.831222433176289854e-01
9.904830496541447982e-01
9.897645043546829946e-01
9.983048663380020837e-01
1.002792240730257411e+00
1.011437270910671593e+00
1.008473559670419073e+00
1.012577914907903054e+00
1.020373154441676977e+00
1.014153511287998466e+00
1.018696203285439639e+00
1.012960770797151300e+00
1.014090690809140716e+00
1.006044064549863615e+00
1.011966190530992682e+00
1.004067291882672519e+00
1.000373044609946138e+00
9.984990323742178875e-01
9.975775536817413913e-01
1.003720168465999096e+00
1.000634587610802262e+00
9.999847102308530022e-01
9.972444331951072494e-01
9.969996546006969496e-01
1.000719178579332125e+00
1.001099555478020875e+00
9.958356609903156187e-01
9.943647717623163018e-01
9.991034883743803441e-01
9.989078891514818759e-01
9.957255908120340449e-01
9.982804783553199668e-01
9.954972126737124949e-01
9.982620153401148277e-01
9.968403851052320963e-01
9.978222708789210582e-01
1.000979536642081724e+00
1.000131269402418255e+00
1.001707670571880371e+00
1.002651576610077422e+00
1.001766894425215160e+00
9.980235814592209875e-01
1.000371391550239686e+00
9.962181025057900152e-01
9.995020791125079906e-01
9.982446504296502710e-01
9.981111176910394400e-01
9.996808099123744018e-01
9.955463126395687201e-01
9.988645184942517297e-01
1.000831198821911405e+00
1.003401028291130981e+00
1.000355568925950234e+00
1.000427146670971101e+00
9.993025190900955979e-01
9.941800125906485874e-01
9.996462139234164601e-01
9.937143989945274036e-01
9.937407266841923326e-01
9.956088006534349333e-01
9.991533003142778480e-01
9.941907658367018508e-01
9.968178898832213974e-01
9.940837095292746062e-01
9.972063096696600626e-01
9.952239666394792073e-01
9.950476943085651005e-01
9.992459745539543636e-01
9.985943147814674292e-01
1.000850180498261688e+00
9.971058068132565566e-01
9.986611089135614128e-01
1.001033185333918274e+00
9.992660705962375101e-01
9.970493899312643515e-01
9.992742634062906637e-01
1.001307724926666642e+00
9.941888720364802090e-01
1.001166599381154487e+00
9.996299709254834465e-01
9.949709790736672721e-01
1.000913351644942439e+00
9.984040049763079905e-01
9.954636200596924667e-01
9.994048649373357129e-01
9.963643108292236095e-01
9.989598727634400044e-01
9.967416763487334519e-01
9.969074152865695648e-01
9.979960789872560634e-01
1.002042138132064331e+00
9.975063662990292235e-01
1.001441117459832775e+00
1.001476487491973266e+00
9.967326541853042121e-01
1.000925707828921318e+00
9.986990702755842442e-01
1.000063054245867722e+00
9.950469879954889629e-01
9.964260676151008855e-01
9.982470593270622583e-01
1.001795250583911168e+00
9.980619626481558315e-01
1.001338901057354125e+00
9.994414062124452602e-01
9.967741926831560351e-01
9.961651689347976735e-01
9.983016540846574305e-01
9.972521909967351217e-01
9.970121808164841282e-01
9.985549716692827538e-01
9.981433751000846621e-01
9.935769016381065244e-01
9.976397680493910292e-01
9.956828866833384861e-01
9.964500483703468969e-01
9.965444157464333763e-01
9.960170789120579293e-01
9.951345236129944816e-01
9.958486948300482311e-01
9.975226057315490502e-01
9.999397881736300508e-01
1.001114472090122831e+00
1.002059330231944045e+00
9.939222029594821928e-01
9.980160847846372141e-01
9.973821367524328130e-01
9.979560269889159452e-01
9.954042286058616407e-01
1.000797103156437107e+00
9.964942813645385478e-01
9.986771174715196597e-01
9.967890727243519100e-01
9.952275736530064032e-01
9.966090742801365643e-01
9.985105725642474672e-01
9.964353697704372292e-01
9.967510329203214114e-01
9.924360994408970571e-01
9.979467686342651245e-01
9.995644172530592231e-01
9.957601274010001724e-01
9.984919855653162646e-01
9.988741641208532807e-01
9.953810831007268156e-01
9.969175531083255271e-01
9.927275045876056137e-01
9.979190208752470870e-01
9.974817959193247319e-01
9.990414927560139491e-01
9.961683201364147644e-01
9.970893030100743681e-01
9.982259699229394379e-01
9.995375330812481529e-01
9.995040702834457891e-01
9.994408789009950889e-01
9.975717511738056986e-01
9.990894140970189019e-01
9.977325144362736431e-01
9.996444772980301874e-01
9.996828726281844490e-01
9.978043838801990972e-01
9.978617515812641114e-01
9.998634739357588064e-01
9.987301002868672617e-01
9.972543728816497532e-01
1.001645168034763334e+00
9.989483649353910755e-01
9.987454006314875343e-01
9.991537447928982019e-01
9.985875545802012088e-01
9.988207307666366885e-01
9.990851782758239930e-01
9.985897717683785979e-01
9.987643172383835477e-01
9.993227624280910382e-01
9.980054875786744661e-01
1.000066950110872543e+00
9.993854584828661958e-01
9.988856232795592094e-01
1.000013102033870283e+00
1.000440160528962563e+00
9.968495125497626175e-01
9.987612550841150627e-01
9.989718076381027823e-01
9.995216328766582947e-01
9.982655850237818207e-01
1.000077229518671951e+00
9.979819144514585627e-01
9.984046716661703069e-01
1.000770734944406160e+00
9.947797282676861252e-01
1.000007832484451020e+00
9.982489437540099653e-01
9.992025949685455766e-01
9.987676178732712851e-01
9.968274908403153001e-01
1.001002016709936049e+00
9.990607579170167618e-01
9.988447565610312218e-01
1.000315189617549949e+00
9.970475420931184107e-01
1.002542704546142804e+00
9.981050942347368116e-01
9.976554344289041421e-01
9.999992765269755113e-01
9.994278194313510610e-01
9.988963872414986511e-01
9.996767304954136124e-01
9.984726107740863332e-01
9.980652567522627638e-01
1.000154468537564956e+00
9.980884901905708873e-01
1.001360613914181519e+00
1.001541445719515311e+00
1.000759145019318952e+00
9.992339305233219893e-01
1.000296618715193597e+00
9.999732368025483487e-01
1.002666638173106417e+00
9.983663605600768820e-01
9.990600473332886811e-01
9.995716948898002441e-01
1.000707806696283342e+00
1.001883097712116255e+00
9.979810835759808096e-01
9.986386215407239142e-01
1.000618560272771518e+00
9.994189838381845048e-01
1.000666601668880995e+00
9.996943525298307431e-01
9.998015257811834200e-01
9.989013798532471178e-01
1.000353830903539132e+00
9.976778918787193584e-01
1.001112075138321122e+00
9.979939904710591891e-01
1.001313055514508665e+00
9.999425549959470860e-01
9.979700309232157895e-01
9.985545020804453831e-01
1.000358295589831359e+00
1.000428329862916632e+00
9.978027330407666096e-01
1.000484771309342991e+00
9.987200768293387210e-01
1.000531464083938449e+00
9.990242554200742253e-01
1.000149720853361623e+00
9.965583471304503282e-01
9.994853223833908284e-01
1.000816682021807180e+00
1.000489952757364742e+00
9.978325095642559539e-01
1.000121065131831743e+00
9.969827919537390670e-01
9.991616462899907125e-01
9.983990617062112882e-01
9.979070595911949670e-01
9.998690224943129756e-01
9.991324188517363147e-01
9.979826370569699900e-01
1.000019115526685543e+00
9.988417039327522895e-01
9.986208503192818275e-01
9.979276751183400185e-01
9.962027383406647507e-01
9.873519796726545339e-01
9.792704425640160748e-01
9.690994192748457747e-01
9.642210060541356320e-01
9.516650125999076559e-01
9.458429171754207943e-01
9.364878675282418685e-01
9.265117485124542140e-01
9.208111769146547498e-01
9.123084767274106666e-01
9.036781266702429427e-01
8.939684839430208640e-01
8.850620906038894065e-01
8.788360108249130276e-01
8.699668038258061564e-01
8.614634957454617714e-01
8.546513075232055057e-01
8.468052062859490192e-01
8.377207825714150236e-01
8.302543652490534942e-01
8.219688124107314975e-01
8.144160547396007699e-01
8.060395548416365852e-01
7.991660827958839697e-01
7.923541562641084335e-01
7.845068017503504798e-01
7.766897855559684594e-01
7.691038320875878131e-01
7.613555513339922420e-01
7.530651485514742172e-01
7.468861404024371708e-01
7.391681377199297298e-01
7.308755005078337863e-01
7.246896043636104068e-01
7.164575932066230557e-01
7.107616252033984727e-01
7.031241117840127952e-01
6.952263710269561692e-01
6.891254250347075283e-01
6.807228734625866418e-01
6.739908223578849888e-01
6.667721621070707982e-01
6.608965685830717751e-01
6.547196560040411395e-01
6.469757507901013893e-01
6.410293674582910883e-01
6.333050369447428274e-01
6.271254211748095164e-01
6.202119954062433882e-01
6.126911130310377374e-01
6.060774723978077372e-01
5.995401789193748332e-01
5.938830634380565243e-01
5.874302428298063816e-01
5.795344309683648776e-01
5.736313929083551866e-01
5.683198966088960358e-01
5.615326208366769878e-01
5.547449227078128375e-01
5.484232993857171001e-01
5.414902284807444621e-01
5.359400544219357077e-01
5.295899969875037527e-01
5.229663809424053289e-01
5.168986273051543456e-01
5.111978738555353896e-01
5.052037133519647893e-01
4.984942147370987064e-01
4.926622577117639734e-01
4.864624315492402373e-01
4.801695661635491663e-01
4.736397160326860090e-01
4.688403396770959852e-01
4.622527379874640796e-01
4.572482183780754439e-01
4.503757087646116930e-01
4.440377998187340358e-01
4.371644737758716426e-01
4.329882566607641814e-01
4.271385020942440325e-01
4.220276627256411284e-01
4.160531199760195697e-01
4.096548998948456033e-01
4.035519015564577039e-01
3.992161857052066720e-01
3.931797428552510909e-01
3.879537225448851934e-01
3.821115928644126525e-01
3.769628977033977479e-01
3.711947423250480660e-01
3.656802864087608240e-01
3.603962903755811853e-01
3.543183451778160187e-01
3.494579208270234272e-01
3.437388196741589796e-01
3.389558895169046959e-01
3.326528325036827716e-01
3.280368770179870608e-01
3.226085151716445720e-01
3.176513575431554881e-01
3.123474401433563030e-01
3.071483116282176518e-01
3.016914406421811190e-01
2.961368534224610438e-01
2.913491811513207463e-01
2.865418059477887747e-01
2.808576710988986980e-01
2.763506781332074613e-01
2.712059685854940061e-01
2.658631357890062774e-01
2.614072619963777044e-01
2.565437570069081241e-01
2.503472897220904714e-01
2.464061744414695332e-01
2.411772145813409207e-01
2.364152429402074096e-01
2.317127531156110976e-01
2.268723211425942576e-01
2.218639404953724192e-01
2.163353784400961766e-01
2.121885959153170520e-01
2.071651148607620563e-01
2.029878729967371787e-01
1.984121986186460074e-01
1.927921115772772975e-01
1.879819402730106837e-01
1.837094128028566031e-01
1.786131724757665795e-01
1.742613706161368070e-01
1.693060906960424661e-01
1.649703056530076872e-01
1.605511000378736508e-01
1.561488603711811418e-01
1.516548583504911396e-01
1.466683826052452566e-01
1.421479537087974587e-01
1.381770247437304755e-01
1.332796830806414756e-01
1.287809217938195583e-01
1.245560101445876838e-01
1.200620188737336475e-01
1.164636725646284177e-01
1.124918977764802069e-01
1.092893907173170115e-01
1.054427255408292297e-01
1.023271392829289000e-01
9.924086194503695113e-02
9.604231338214840041e-02
9.343697635885399311e-02
9.049186199564661359e-02
8.747742077234892111e-02
8.538093894636716863e-02
8.250596898107753763e-02
7.986263278072426586e-02
7.779297034004746536e-02
7.522281159601579281e-02
7.283899405402392835e-02
7.106179082224665933e-02
6.865921199496423377e-02
6.648820445560331416e-02
6.442439580787853726e-02
6.261085663734126949e-02
6.037288050319301880e-02
5.834393616038904135e-02
5.690210028443359186e-02
5.478301820858993282e-02
5.300375962253344592e-02
5.138403261158332180e-02
4.975798969693744078e-02
4.847681368663227935e-02
4.696636253371255787e-02
4.484997054751610479e-02
4.358718056195648449e-02
4.197377710128210454e-02
4.051269428990837695e-02
3.924936269005292050e-02
3.797556449413339724e-02
3.673075996131135168e-02
3.539940097441023753e-02
3.396542199452805971e-02
3.288821077834715167e-02
3.149012623488579854e-02
3.034450732976108969e-02
2.946020721842681350e-02
2.823542399183515128e-02
2.719619107458930846e-02
2.616643680233229560e-02
2.496589746111635769e-02
2.430590701511789117e-02
2.333669844987150757e-02
2.243268206477933013e-02
2.143554066876092110e-02
2.041388378502539264e-02
1.967205266730271893e-02
1.880855411131413316e-02
1.805066291732737582e-02
1.728991502261233507e-02
1.654718376445306338e-02
1.571058734760948095e-02
1.476498896267904384e-02
1.435728876851568268e-02
1.354175197695020594e-02
1.287727007487791432e-02
1.230244630162439200e-02
1.170671688460452921e-02
1.102629079772569388e-02
1.054919917037846697e-02
9.949716987834183318e-03
9.480194035959701310e-03
8.890793623271183929e-03
8.417786084421747389e-03
7.841968622751355200e-03
7.450950533126230249e-03
6.932084648439708861e-03
6.562704962032464909e-03
6.064305313598870699e-03
5.669503392937575922e-03
5.406238336439856719e-03
4.964438629807691079e-03
4.592394612080239434e-03
4.271492273469112803e-03
3.983697566317319881e-03
3.679849051323114822e-03
3.390129365334961474e-03
3.060258421439672385e-03
2.844974469573292690e-03
2.554617817815020044e-03
2.300542160336558738e-03
2.069026410705206240e-03
1.934986297562923821e-03
1.682609009892208204e-03
1.477738791310082705e-03
1.330900538641747620e-03
1.141465524471698204e-03
9.961880590727101130e-04
8.192032846387128919e-04
7.125495154844713359e-04
5.726420779886429386e-04
4.747569559433515015e-04
3.835161137022703964e-04
3.056990197413185940e-04
2.379060847986267475e-04
1.667325623990374445e-04
1.210865296958143908e-04
7.105335826975765052e-05
4.476910789561430222e-05
2.391228913443983406e-05
2.615607766605513787e-06
5.792758462454519922e-07
0.000000000000000000e+00
0.000000000000000000e+00
0.000000000000000000e+00
0.000000000000000000e+00
0.000000000000000000e+00
0.000000000000000000e+00
0.000000000000000000e+00
0.000000000000000000e+00
0.000000000000000000e+00
0.000000000000000000e+00
0.000000000000000000e+00
0.000000000000000000e+00
0.000000000000000000e+00
0.000000000000000000e+00
0.000000000000000000e+00
0.000000000000000000e+00
0.000000000000000000e+00
0.000000000000000000e+00
0.000000000000000000e+00
0.000000000000000000e+00
0.000000000000000000e+00
0.000000000000000000e+00
0.000000000000000000e+00
0.000000000000000000e+00
0.000000000000000000e+00
0.000000000000000000e+00
0.000000000000000000e+00
0.000000000000000000e+00
0.000000000000000000e+00
0.000000000000000000e+00
0.000000000000000000e+00
0.000000000000000000e+00
0.000000000000000000e+00
0.000000000000000000e+00
0.000000000000000000e+00
0.000000000000000000e+00
0.000000000000000000e+00
0.000000000000000000e+00
0.000000000000000000e+00
0.000000000000000000e+00
0.000000000000000000e+00
0.000000000000000000e+00
0.000000000000000000e+00
0.000000000000000000e+00
0.000000000000000000e+00
0.000000000000000000e+00
0.000000000000000000e+00
0.000000000000000000e+00
0.000000000000000000e+00
0.000000000000000000e+00
0.000000000000000000e+00
0.000000000000000000e+00
0.000000000000000000e+00
0.000000000000000000e+00
0.000000000000000000e+00
0.000000000000000000e+00
0.000000000000000000e+00
0.000000000000000000e+00
0.000000000000000000e+00
0.000000000000000000e+00
