0.000000000000000000e+00
0.000000000000000000e+00
0.000000000000000000e+00
0.000000000000000000e+00
0.000000000000000000e+00
0.000000000000000000e+00
0.000000000000000000e+00
0.000000000000000000e+00
0.000000000000000000e+00
0.000000000000000000e+00
0.000000000000000000e+00
0.000000000000000000e+00
0.000000000000000000e+00
0.000000000000000000e+00
0.000000000000000000e+00
0.000000000000000000e+00
0.000000000000000000e+00
0.000000000000000000e+00
0.000000000000000000e+00
0.000000000000000000e+00
1.732150677244331723e-05
1.698417448680241207e-02
7.165722961526391765e-01
2.995654294629928049e+00
3.532129133839197355e+00
2.160182875011722459e+00
1.006591392823411146e+00
4.499596286963686853e-01
2.380572825087305944e-01
2.298013322482571619e-01
3.705581037930463784e-01
5.648176883819882033e-01
7.194764960178986479e-01
8.033138683604185148e-01
8.392449867390894269e-01
8.503754977930795267e-01
8.704671618112777010e-01
9.056812697242068166e-01
9.638612505957907528e-01
1.025217216799757747e+00
1.071372700340850637e+00
1.125753340659151780e+00
1.186086939847847965e+00
1.234791211180833903e+00
1.262944830031645482e+00
1.266088439734196491e+00
1.249196521482796252e+00
1.207578633889544673e+00
1.156122356910889604e+00
1.096014960846579456e+00
1.035722109164847637e+00
9.860217966527929923e-01
9.518912917744426494e-01
9.298633879423615634e-01
9.222227122218187301e-01
9.178236428235201361e-01
9.209384187576815650e-01
9.245780353398659335e-01
9.299750190491470336e-01
9.383736859867094493e-01
9.474987605079663311e-01
9.555264725196880304e-01
9.692059005108445424e-01
9.801851446203109219e-01
9.900622462389364609e-01
9.985953604799554517e-01
1.006354065183639346e+00
1.010736454936208117e+00
1.013871079161754674e+00
1.014748551220279627e+00
1.010377089005108475e+00
1.008605112585536201e+00
1.006206421230517067e+00
1.003839592518156021e+00
1.002706915402344023e+00
1.002449699661640992e+00
1.001756184504165148e+00
1.001919044000977532e+00
1.001934031282192050e+00
1.002820051487552711e+00
1.003137942120239323e+00
1.005695082752388725e+00
1.004395643079261324e+00
1.003582292381399732e+00
1.002203158466212995e+00
1.002129454587979751e+00
9.996831058322493968e-01
9.991754138835799992e-01
9.970845831403641890e-01
9.956797778695692935e-01
9.952208759813946370e-01
9.938709842888528989e-01
9.932570131469894426e-01
9.922785646177351149e-01
9.918697483052263397e-01
9.922666316992210245e-01
9.917617393336459752e-01
9.921321334489974220e-01
9.936436329210215357e-01
9.931391938859663870e-01
9.953467763470582597e-01
9.979428359114590474e-01
1.000027887247565195e+00
1.000893878554626415e+00
1.001194036285623312e+00
1.003426032303214033e+00
1.004416242544700077e+00
1.003857942984665907e+00
1.004515994922581035e+00
1.002872877362232629e+00
1.003438009889679350e+00
1.002251247006536561e+00
1.001438630546793274e+00
1.000656327291665981e+00
9.991753431382142114e-01
9.994709586858342432e-01
9.989389432011362979e-01
9.983980406083066139e-01
9.982222389654632488e-01
9.982981692444395927e-01
9.985083740057740798e-01
9.992124210755332081e-01
9.979643498365206034e-01
9.984611898654270901e-01
9.980604043941038173e-01
9.982038194096458650e-01
9.994478000809972063e-01
9.986714175579882724e-01
9.994980648353170016e-01
9.996051485215095012e-01
9.996009894115346350e-01
9.999512272018142856e-01
9.994212471577089696e-01
1.000278419734156987e+00
1.000118093423832955e+00
9.998075217907974599e-01
9.995809552616649052e-01
1.000600149099138081e+00
1.000626665846805929e+00
9.996408143735295848e-01
1.000313018511582719e+00
1.000336801735033143e+00
9.993375970572214717e-01
9.998469689541215066e-01
1.000220591413542248e+00
9.997999697723680690e-01
9.999745327920022131e-01
1.000002438581100161e+00
1.000652876006420611e+00
9.991782487778801958e-01
1.000470656249884627e+00
9.992917477785641100e-01
9.998745098173207335e-01
9.991152809816421509e-01
9.997547207072334796e-01
9.998290163653796858e-01
1.000771932974179323e+00
9.999461890175828094e-01
9.992519541950928286e-01
9.996203378708535814e-01
9.996483224786807398e-01
9.998878821814362050e-01
9.997395232956806099e-01
1.000506870380266866e+00
1.000058541892240305e+00
9.998887378432153028e-01
1.000205665439552583e+00
9.995033177022202286e-01
1.000172150297726326e+00
1.000289757108038247e+00
9.996144923710461594e-01
1.000483439163752930e+00
9.999762515683248143e-01
1.000011303607489355e+00
1.000025424675460295e+00
1.000275092517140640e+00
9.997404453359350907e-01
9.996218113986341525e-01
1.000549283258472144e+00
9.992234344685338998e-01
9.993314446850465327e-01
1.000536753882740770e+00
9.998966248953240488e-01
9.996783545420944161e-01
9.996926651863420332e-01
9.997709682382642793e-01
9.996830439309490890e-01
9.996974055499100453e-01
1.000241636753156138e+00
9.998478221192481641e-01
1.000118452083045728e+00
9.998913402017090002e-01
1.000148693315970005e+00
9.996957156334915773e-01
1.000114684026176759e+00
9.999411165551828073e-01
1.000454849542280034e+00
9.998403751477510371e-01
1.000436313486026796e+00
9.994050044171939318e-01
9.998033121616899388e-01
9.996997903725853840e-01
1.000195750002380590e+00
1.000220105765897705e+00
1.000051652560518090e+00
9.999821121560944492e-01
9.999647607301421770e-01
1.000197386355568430e+00
9.999213261245099016e-01
9.992003502495656608e-01
9.999231202155278719e-01
1.000038901548211845e+00
9.996571649507003388e-01
9.997352817264422153e-01
1.000046286922298355e+00
9.997544259491981666e-01
9.999693266202865916e-01
1.000429825840414955e+00
1.000230167969714534e+00
9.998558519174697290e-01
9.999105620079049572e-01
9.997711960559196864e-01
1.000455313036814564e+00
1.000335088467886768e+00
1.000560479674840630e+00
9.997208686530407729e-01
9.997028158739255099e-01
9.999120418148430556e-01
9.996869878101493079e-01
9.997940597133155860e-01
9.999186533483889194e-01
9.996595981463116676e-01
1.000090265858093241e+00
9.998501411548164075e-01
9.996155971941537155e-01
9.998672637229814031e-01
1.000170514781293374e+00
1.000060633773912633e+00
1.000111341956004152e+00
9.995210649345093179e-01
1.000036070015275724e+00
9.999198659655958998e-01
9.996008916026372093e-01
9.997160482828100214e-01
9.998135423358277540e-01
9.998058488744132610e-01
1.000222261232054377e+00
9.995539576389279590e-01
1.000291922564745084e+00
9.995656023628157749e-01
9.998826055618719177e-01
9.998674908444579179e-01
9.995986215373861006e-01
1.000238711194404662e+00
1.000105433445609648e+00
1.000196825772811104e+00
9.999054246388394684e-01
1.000349654582139536e+00
9.999020511578988746e-01
9.999563278250975795e-01
1.000252876180787176e+00
9.996179852720081804e-01
1.000063135193012931e+00
9.998755578869942262e-01
1.000484587559546945e+00
9.996548329108461139e-01
9.999276639725204197e-01
9.997993870100516656e-01
9.998890234341789585e-01
1.000007341200736422e+00
1.000173250664089908e+00
9.997617911517520106e-01
9.998829611645810855e-01
1.000323941060290878e+00
9.997146395636002936e-01
1.000116231020907076e+00
1.000268119821919433e+00
9.997383787055007520e-01
9.999718169333711160e-01
9.997595355922919147e-01
9.999916580722083559e-01
9.999886163642450754e-01
1.000173809508257516e+00
1.000592812848202007e+00
9.999370949042297729e-01
1.000271379689064322e+00
1.000354621962375568e+00
1.000004846259298530e+00
9.997321410870178005e-01
1.000228396041779266e+00
1.000144131158718919e+00
1.000081262884194189e+00
1.000034635947531836e+00
1.000177740006062743e+00
1.000081818391749033e+00
1.000159853558409528e+00
1.000059711439348131e+00
9.998281623286334741e-01
1.000076733281449082e+00
1.000046452828824872e+00
9.997837417304835661e-01
1.000237377618688361e+00
1.000040249860550512e+00
1.000095391185089833e+00
1.000241588179737073e+00
1.000453141483182318e+00
1.000184810081665709e+00
1.000298854291788775e+00
1.000285291034009649e+00
1.000232243700504675e+00
1.000228983087293244e+00
1.000081940578069872e+00
1.000232929298037199e+00
1.000205185331502600e+00
1.000014617669402250e+00
9.998794734820634078e-01
1.000214824250542422e+00
1.000276832193483623e+00
1.000621439539695734e+00
1.000288276098654672e+00
1.000203065150772952e+00
1.000253433151565785e+00
1.000841941745814978e+00
9.998063972533439703e-01
1.000258290108259063e+00
1.000150959130332362e+00
1.000038195485162706e+00
1.000305642081875668e+00
1.000058133427117912e+00
1.000228376836422406e+00
1.000076102377676524e+00
1.000146503190013192e+00
1.000202444861326034e+00
1.000292068595485695e+00
1.000065988014382290e+00
1.000216452230588970e+00
1.000067987853391571e+00
1.000311107659053844e+00
1.000259210246493335e+00
1.000192366266680288e+00
9.979663567251499945e-01
9.896525344624099718e-01
9.807755792467739431e-01
9.718787811147265865e-01
9.635619976224319982e-01
9.544988916501264686e-01
9.463081865424897154e-01
9.378385501512274125e-01
9.292133097264296815e-01
9.208040883259706044e-01
9.125630764356585933e-01
9.042769380555395475e-01
8.962746188792567459e-01
8.880250287580471191e-01
8.796884892698501046e-01
8.719145122986488028e-01
8.637896955524735354e-01
8.554848915470053550e-01
8.476098990199644190e-01
8.398300961201886627e-01
8.318895543937152581e-01
8.242268933895984251e-01
8.163949051113194022e-01
8.087435154734677889e-01
8.008676000931816974e-01
7.930650254995801340e-01
7.856504930098494599e-01
7.777897314370246784e-01
7.705011694800666389e-01
7.627653729387171566e-01
7.555809971120051038e-01
7.483552255483187921e-01
7.406660064357281081e-01
7.334688793437290633e-01
7.261108402698381870e-01
7.187175038970899932e-01
7.113921353127690139e-01
7.044056694703505483e-01
6.970391329409294512e-01
6.903249633676394881e-01
6.830662548372501419e-01
6.760138131340935885e-01
6.689611444561897047e-01
6.620684657639467341e-01
6.550382803135486043e-01
6.481816326827378738e-01
6.413756796584459963e-01
6.347067293643510189e-01
6.278975193248039766e-01
6.208636305062392724e-01
6.144036543375749337e-01
6.076300257848497033e-01
6.009076278171012753e-01
5.943293495185403286e-01
5.879057284907898140e-01
5.813599800745528068e-01
5.749225129951068824e-01
5.680168288432146939e-01
5.617861475555905315e-01
5.555487271756255341e-01
5.489736800590044874e-01
5.426244797133568110e-01
5.365938898513069599e-01
5.300892623997164321e-01
5.240416456863715711e-01
5.175902489511384763e-01
5.115003339087244028e-01
5.052729212361085631e-01
4.991299945048341402e-01
4.930165713760203960e-01
4.869277087128489612e-01
4.809107128062249381e-01
4.749554690957020764e-01
4.689367407859085235e-01
4.630166439220687047e-01
4.571280483004739326e-01
4.511783482511924070e-01
4.451918895573193091e-01
4.393350204804606363e-01
4.336005912625344183e-01
4.277229920632779070e-01
4.220869087134770936e-01
4.164357825691000214e-01
4.108162527442607015e-01
4.050864656649900697e-01
3.992332007707324326e-01
3.935326196370852458e-01
3.879739496969344392e-01
3.825413155959359601e-01
3.770977026072254157e-01
3.714706615376062726e-01
3.660887350108802951e-01
3.604510171896855852e-01
3.551043447590078173e-01
3.496128131251817761e-01
3.441708161363052354e-01
3.387327935224229702e-01
3.336159882682240285e-01
3.281720172790708601e-01
3.228697475800115790e-01
3.174358531825924867e-01
3.123125561729902522e-01
3.070239364086519429e-01
3.019660147439426345e-01
2.966680507623775109e-01
2.916395091650845206e-01
2.863927263084383723e-01
2.812665366395541988e-01
2.762968570131090762e-01
2.710674988827285747e-01
2.662293353088098224e-01
2.609539823844608253e-01
2.560459073486062720e-01
2.511107608490288912e-01
2.461693442065451543e-01
2.411353117833262838e-01
2.362627980802557981e-01
2.313536417270531387e-01
2.265605552881311824e-01
2.216770061685042204e-01
2.167832404463412577e-01
2.119928517431056703e-01
2.072410048275485916e-01
2.024975282811994626e-01
1.977868437904689858e-01
1.930466515864470434e-01
1.883719241152271018e-01
1.836580150940122780e-01
1.790257822929244846e-01
1.744167236007982957e-01
1.698480186815176929e-01
1.652054223672763111e-01
1.605103771710801597e-01
1.559743642963092036e-01
1.514060990944030571e-01
1.469183312730509283e-01
1.424444163507619099e-01
1.378632584891012480e-01
1.335018143202672813e-01
1.290847279554879767e-01
1.245809091859526180e-01
1.202277738420841485e-01
1.162154796227509584e-01
1.125913175503928942e-01
1.089977146489549825e-01
1.056401978973168648e-01
1.023890567559304077e-01
9.922362964090812587e-02
9.632817621613268266e-02
9.333261941497277003e-02
9.061461127220026002e-02
8.786289376323347389e-02
8.517279800926634559e-02
8.260031017922461749e-02
8.017418779595986145e-02
7.767987730423489556e-02
7.531821468292404509e-02
7.300489849456026636e-02
7.082158742340964597e-02
6.859539379238792367e-02
6.651214413796228964e-02
6.441418998545181407e-02
6.245224169134717257e-02
6.047323319891542703e-02
5.861804051165736551e-02
5.676376234145434629e-02
5.495723074422691895e-02
5.324506319419661932e-02
5.149046906815394481e-02
4.985618458301666750e-02
4.820670946007451357e-02
4.661856463945457385e-02
4.508993397264242364e-02
4.359354087555297047e-02
4.214041765146962076e-02
4.068755924439814570e-02
3.923867971175559743e-02
3.797024885789004184e-02
3.663872209824640958e-02
3.535419712073288590e-02
3.408744688933260797e-02
3.286995259149302212e-02
3.167082766504914632e-02
3.051842161595447189e-02
2.938042776350867358e-02
2.827940733548428565e-02
2.723421649036903217e-02
2.616365380025914913e-02
2.515085706324452983e-02
2.418618415476965142e-02
2.325338349526137952e-02
2.229806915370019516e-02
2.139709522867986116e-02
2.049503930236096227e-02
1.966228366307970488e-02
1.880152646765244698e-02
1.800345277114582740e-02
1.721341285711574035e-02
1.644846985452912483e-02
1.572592156229687954e-02
1.498589876575634645e-02
1.427216208948503019e-02
1.361855107058325756e-02
1.296426380714591105e-02
1.235426114026517280e-02
1.173592934407777927e-02
1.111166357187723559e-02
1.053838977129914652e-02
9.990200875837898162e-03
9.439056912040057548e-03
8.927489255242237326e-03
8.430937101118475899e-03
7.932134171608633960e-03
7.460999489998063235e-03
7.021944095470213781e-03
6.576360648650846422e-03
6.154291223649379500e-03
5.750947028548942901e-03
5.362855682965983820e-03
5.005956283876074331e-03
4.638218420016596531e-03
4.305708067887935829e-03
3.982549149534318246e-03
3.665174669804771752e-03
3.379884654281344915e-03
3.082107807398623382e-03
2.817083612954421334e-03
2.559841045981669193e-03
2.327716946945067571e-03
2.110619122844523392e-03
1.874078212223477882e-03
1.677030139526365865e-03
1.486311031111176061e-03
1.308964200505579939e-03
1.140154865035806868e-03
9.808195190292375194e-04
8.499764570570173504e-04
7.212446261122540652e-04
5.988903629853035244e-04
4.903731821538336857e-04
3.956279875416564805e-04
3.087549741522217306e-04
2.383759849506016093e-04
1.722301968760828151e-04
1.177557020797610949e-04
7.458991335409213309e-05
4.247002589315357953e-05
1.837307331739027719e-05
5.413319923265711557e-06
5.237834663921083022e-07
2.088043740821789330e-08
0.000000000000000000e+00
0.000000000000000000e+00
0.000000000000000000e+00
0.000000000000000000e+00
0.000000000000000000e+00
0.000000000000000000e+00
0.000000000000000000e+00
0.000000000000000000e+00
0.000000000000000000e+00
0.000000000000000000e+00
0.000000000000000000e+00
0.000000000000000000e+00
0.000000000000000000e+00
0.000000000000000000e+00
0.000000000000000000e+00
0.000000000000000000e+00
0.000000000000000000e+00
0.000000000000000000e+00
0.000000000000000000e+00
0.000000000000000000e+00
0.000000000000000000e+00
0.000000000000000000e+00
0.000000000000000000e+00
0.000000000000000000e+00
0.000000000000000000e+00
0.000000000000000000e+00
0.000000000000000000e+00
0.000000000000000000e+00
0.000000000000000000e+00
0.000000000000000000e+00
0.000000000000000000e+00
0.000000000000000000e+00
0.000000000000000000e+00
0.000000000000000000e+00
0.000000000000000000e+00
0.000000000000000000e+00
0.000000000000000000e+00
0.000000000000000000e+00
0.000000000000000000e+00
0.000000000000000000e+00
0.000000000000000000e+00
0.000000000000000000e+00
0.000000000000000000e+00
0.000000000000000000e+00
0.000000000000000000e+00
0.000000000000000000e+00
0.000000000000000000e+00
0.000000000000000000e+00
0.000000000000000000e+00
0.000000000000000000e+00
0.000000000000000000e+00
0.000000000000000000e+00
0.000000000000000000e+00
0.000000000000000000e+00
0.000000000000000000e+00
0.000000000000000000e+00
0.000000000000000000e+00
0.000000000000000000e+00
0.000000000000000000e+00
