0.000000000000000000e+00
0.000000000000000000e+00
0.000000000000000000e+00
0.000000000000000000e+00
0.000000000000000000e+00
0.000000000000000000e+00
0.000000000000000000e+00
0.000000000000000000e+00
0.000000000000000000e+00
0.000000000000000000e+00
0.000000000000000000e+00
0.000000000000000000e+00
0.000000000000000000e+00
0.000000000000000000e+00
0.000000000000000000e+00
0.000000000000000000e+00
0.000000000000000000e+00
0.000000000000000000e+00
0.000000000000000000e+00
0.000000000000000000e+00
0.000000000000000000e+00
0.000000000000000000e+00
0.000000000000000000e+00
0.000000000000000000e+00
0.000000000000000000e+00
0.000000000000000000e+00
0.000000000000000000e+00
0.000000000000000000e+00
0.000000000000000000e+00
0.000000000000000000e+00
0.000000000000000000e+00
1.050474534481375330e-02
1.072640762121867958e-01
4.368042521100015674e-01
1.062816722427889493e+00
1.757406340843956194e+00
2.287450016071632231e+00
2.602265506353081292e+00
2.703765504850641044e+00
2.752084890706171905e+00
2.689057801234686629e+00
2.604363715765450671e+00
2.497638360094194709e+00
2.385805888561020716e+00
2.292451712588988944e+00
2.151056203481786167e+00
2.043047422741922414e+00
1.924454925835816566e+00
1.850669427838674164e+00
1.783496434657862784e+00
1.708351635240012989e+00
1.591048783881054529e+00
1.471985761028898443e+00
1.307373917267451890e+00
1.172916146214211697e+00
1.075021225250139656e+00
1.021025502198566803e+00
9.818003129959855801e-01
9.876779185185360355e-01
1.004130705485218655e+00
1.009348282252864770e+00
1.024602589231949912e+00
1.023249946260421206e+00
1.038071091147383607e+00
1.042010555931276228e+00
1.030649191686538124e+00
1.029504266336504603e+00
1.021409145832986809e+00
1.008676016777426021e+00
9.916186214485409600e-01
9.933839253662173352e-01
9.774939946472018804e-01
9.735358753500485962e-01
9.708839894905527679e-01
9.701730411753232142e-01
9.765266803149895702e-01
9.710926468115425036e-01
9.798736806901722218e-01
9.832124112941340588e-01
9.833013855565223560e-01
9.755990739397621958e-01
9.813500672294502847e-01
9.805220435729982142e-01
9.808603598383122124e-01
9.844838224321300624e-01
9.855211445134285375e-01
9.808566405779636233e-01
9.743116260808478701e-01
9.812352255872502926e-01
9.643345253864892275e-01
9.691126066802421279e-01
9.634197880670042347e-01
9.658319958448264853e-01
9.640329518644141782e-01
9.645801667660102163e-01
9.741362757611627954e-01
9.656350483393475459e-01
9.768866903483923725e-01
9.782199108463697224e-01
9.827969169767587498e-01
9.849049143761412495e-01
9.863288591111785131e-01
9.883727870550557126e-01
9.934963555030709159e-01
9.949926637280471775e-01
9.978284929257232871e-01
9.961738675621520933e-01
1.000643635673724718e+00
1.001276705005279544e+00
1.001946641815650407e+00
9.986299960822028199e-01
1.008406733558283364e+00
1.005516045110855128e+00
1.001819675462442882e+00
1.006164852458915071e+00
1.010243979559660277e+00
1.000744808966398613e+00
1.001729105204232528e+00
9.989874544334081952e-01
9.991802489158631007e-01
9.944846610803798059e-01
9.995195774204231887e-01
1.000774881009790063e+00
9.940930492256306872e-01
9.976810951763236401e-01
9.980651114023946224e-01
9.938185003864263845e-01
9.967748407837927482e-01
9.994825436827360354e-01
9.963667587840630002e-01
9.999263123810017140e-01
9.958017433436503474e-01
9.924273544212839360e-01
9.972898233005240698e-01
9.995768766796966354e-01
1.002955197682841693e+00
1.003362677501515421e+00
1.002973036804558626e+00
9.971817317921921608e-01
1.003082164170745916e+00
1.002193707896205543e+00
1.003395596966693892e+00
9.993986414755782199e-01
9.985332665829713683e-01
1.002530512546787822e+00
1.002263422052167119e+00
1.002937885366025128e+00
1.000161931650301428e+00
1.001000448045541447e+00
1.002267860046075043e+00
1.003906884163961122e+00
9.995310079954230487e-01
9.960341873568994142e-01
9.998719662840523936e-01
9.983248101534639707e-01
9.957599557314642524e-01
9.964296075063844293e-01
9.968680392143132174e-01
1.000349197184286609e+00
1.000190980060847723e+00
9.953904609013731752e-01
9.974492592901638144e-01
1.001642013061590397e+00
1.000136449069803479e+00
9.994252069376047265e-01
9.994468124876249027e-01
9.954121439871723709e-01
1.003377908887983505e+00
9.998630382388419280e-01
1.002024314816424067e+00
9.968841366092541234e-01
9.991507811001619777e-01
1.001034006533661591e+00
9.997109997060492637e-01
1.001706372890241781e+00
1.003699391476573499e+00
1.003977851953000711e+00
1.004124004738953913e+00
1.001268878705260601e+00
9.984195594930224127e-01
1.002133119530439487e+00
1.000618507788830769e+00
1.002061473034457695e+00
1.000268505487735382e+00
1.000150795895783595e+00
9.989018293894696976e-01
1.002069767064348804e+00
1.002195644600339053e+00
9.976067610239135464e-01
9.961508278002338956e-01
9.986418772068668126e-01
9.983242428745079389e-01
9.997245968539930638e-01
1.001200112346915194e+00
9.954002118847059544e-01
9.967891435223339425e-01
9.966897709040605235e-01
9.958054073991517985e-01
9.963298797863555656e-01
9.988663485870405978e-01
9.986195136940695383e-01
9.999729831380655964e-01
1.000278449290959548e+00
1.001186286817650428e+00
9.975671497811239297e-01
9.967254819131350363e-01
9.957647190782143998e-01
9.940603411401058853e-01
9.983514094798858762e-01
9.981577311333000857e-01
9.980488136071686833e-01
9.995994933673454375e-01
9.991430857074520278e-01
9.980845972231058294e-01
9.971731127937012440e-01
9.962290178409956010e-01
9.997495931449280615e-01
9.980090512934031155e-01
9.982456575165901125e-01
1.000016889131722708e+00
9.984368516735452337e-01
9.987228642657868249e-01
9.963847753528486395e-01
1.002946215211707681e+00
1.002415231567810983e+00
1.000668776470663879e+00
9.976359705510482456e-01
1.000534467202458977e+00
9.982660584021665340e-01
1.000542530145895892e+00
9.986246333456373359e-01
1.000753332773362203e+00
1.002453603774223767e+00
9.949219902104379232e-01
9.996746760253005792e-01
1.001725827215987463e+00
9.976238711774489953e-01
1.001247537256244824e+00
1.002693230729104545e+00
1.000576968215609597e+00
1.000252950097026972e+00
1.001044912142138976e+00
1.001065351607941967e+00
1.000343352020562904e+00
1.004921883725944154e+00
9.992684899253883035e-01
1.002790960433286305e+00
1.002818053713170565e+00
9.991963450156609028e-01
1.003492651533468782e+00
9.996618236885279618e-01
9.987429403565157848e-01
1.002039289077823137e+00
9.996880202591832409e-01
9.990803900238020008e-01
1.001524960203293624e+00
9.999010486228940842e-01
1.005143902143993184e+00
1.000122366076903191e+00
1.003359303016811976e+00
1.001788556460108337e+00
1.000884065180340343e+00
1.001203002557778721e+00
1.001059631372545500e+00
1.001749261362455901e+00
1.001825738357727813e+00
1.000443412242009167e+00
9.999383432624242563e-01
1.000249167815588258e+00
9.991279718146726108e-01
1.000940260403653026e+00
1.000391020423977650e+00
9.973305901251794392e-01
9.980062891231641364e-01
1.001059677209492405e+00
9.997690287571407985e-01
9.948644943090712012e-01
9.994155954017166499e-01
9.969280114688416905e-01
9.998130320106130009e-01
