0.000000000000000000e+00
0.000000000000000000e+00
0.000000000000000000e+00
0.000000000000000000e+00
0.000000000000000000e+00
0.000000000000000000e+00
0.000000000000000000e+00
0.000000000000000000e+00
0.000000000000000000e+00
0.000000000000000000e+00
0.000000000000000000e+00
0.000000000000000000e+00
0.000000000000000000e+00
0.000000000000000000e+00
0.000000000000000000e+00
0.000000000000000000e+00
0.000000000000000000e+00
0.000000000000000000e+00
0.000000000000000000e+00
0.000000000000000000e+00
0.000000000000000000e+00
0.000000000000000000e+00
0.000000000000000000e+00
0.000000000000000000e+00
0.000000000000000000e+00
0.000000000000000000e+00
1.458124133718326295e-05
1.859518481702274531e-03
2.704990591944404776e-02
1.911410883463543209e-01
7.290847180243454906e-01
1.530168807980240686e+00
2.052521616298444762e+00
2.114411113910693807e+00
1.911857785914705898e+00
1.649276534596743726e+00
1.421285644676862692e+00
1.265401878561317028e+00
1.164854812695502062e+00
1.095322560318368721e+00
1.016932421002307185e+00
9.530867235990903019e-01
9.163302068355593244e-01
9.063414762582862050e-01
9.126046386823124523e-01
9.231592666901780042e-01
9.408454301532485076e-01
9.551095374792040182e-01
9.636523939400558625e-01
9.681717684240441768e-01
9.769189742469290838e-01
9.824370552634290599e-01
9.870453671154640896e-01
9.906414072689246897e-01
9.910519351830407997e-01
9.869633183764078277e-01
9.825267958883615593e-01
9.765685129816590315e-01
9.686525136985764117e-01
9.625483753008844401e-01
9.579360622896727628e-01
9.564462289913047144e-01
9.554405153000277151e-01
9.621426660166232381e-01
9.683973082191013049e-01
9.781575381774293421e-01
9.889643214146542904e-01
1.001105052760435932e+00
1.013085880771340985e+00
1.018969090685456491e+00
1.027866589530702202e+00
1.031366045684785071e+00
1.035860786099055408e+00
1.033837839951540660e+00
1.033713198346042583e+00
1.032956318817057850e+00
1.029353994416366325e+00
1.023707828099739370e+00
1.019619906713066237e+00
1.014110241341257934e+00
1.008958306390184356e+00
1.003518491353818654e+00
9.973773022061005467e-01
9.944519433864711377e-01
9.903780471352152670e-01
9.883546299504409882e-01
9.881440954548111888e-01
9.853094240159188111e-01
9.870577487910603409e-01
9.896730364215209352e-01
9.912317208895495835e-01
9.943984660748920179e-01
9.963391551091653753e-01
9.972977732011946150e-01
9.992126575654352028e-01
1.000367563330819998e+00
1.001923372770074483e+00
1.001634199238895739e+00
1.002483987083767625e+00
1.003579126019010559e+00
1.003024735726591787e+00
1.005383742195364638e+00
1.004530473719323913e+00
1.005605738964028051e+00
1.004816513151414403e+00
1.004727453998238262e+00
1.004948493832054979e+00
1.004291228496419830e+00
1.003691491058457563e+00
1.004557153972937877e+00
1.003502002072337529e+00
1.002460492186248331e+00
1.002427926329143570e+00
1.001920237363701283e+00
1.001509541265486636e+00
1.000294418234557892e+00
1.000162916599541596e+00
1.000318465925810196e+00
9.990777977241949159e-01
1.000288988238505317e+00
9.994149837973257400e-01
9.998437498560776016e-01
9.989861570505713662e-01
9.976699338528510763e-01
9.992294574155553555e-01
1.000206628515005969e+00
9.997447997871184988e-01
9.987974205326866084e-01
9.994589049952770088e-01
9.998418958562131920e-01
9.993842418838373431e-01
1.000555089898492289e+00
1.000644542689330452e+00
1.000912286916053162e+00
1.001001652953982690e+00
1.001264940365013789e+00
1.001531080153939657e+00
1.001082700796315450e+00
1.002323083869877784e+00
1.001093880817386816e+00
1.001211154364083589e+00
1.000693705850929982e+00
1.000524322772888386e+00
1.001274988684601741e+00
1.000761608422017002e+00
1.000867347074052338e+00
1.001045546340376458e+00
1.000402188252350832e+00
1.000490411238227795e+00
1.000422919192051729e+00
1.000596214776320103e+00
1.000431930400471403e+00
1.000063034391233341e+00
1.000763327157396132e+00
1.000479545117269220e+00
9.997573065040503693e-01
9.995839083489431731e-01
1.000425139358986248e+00
1.000807042135306357e+00
1.000562411200527357e+00
1.000887131631999605e+00
1.000351390956580211e+00
1.000216951962174861e+00
1.000363903535412158e+00
1.001050361884174622e+00
1.000111306099077169e+00
1.000579842890253257e+00
1.000063743669259209e+00
1.000102674165342265e+00
1.000185847888722446e+00
1.000643552019807148e+00
1.000663855506962019e+00
1.000909197789754845e+00
1.001537380210288486e+00
1.001047148598866121e+00
1.001000987821168753e+00
1.000481887767735278e+00
1.001183775662083164e+00
1.000360831062386602e+00
1.000799606208997883e+00
1.000581160044041962e+00
9.999724617251350978e-01
1.000411905977858007e+00
1.000130137440659706e+00
1.000225591774166478e+00
1.000751128137219226e+00
1.000465362418579307e+00
1.000290899934689781e+00
9.997168079479772373e-01
1.000448656095244804e+00
1.000715952145062371e+00
1.000486085741491671e+00
1.000460579291599261e+00
1.000624396922516812e+00
1.000730969655339031e+00
1.000552843102183509e+00
1.001180517656937496e+00
1.000179883294229466e+00
1.000501006412368721e+00
1.000496132916906200e+00
1.000389357628514997e+00
1.000833942066246429e+00
1.000164993458466212e+00
1.000400861335497993e+00
9.998418244482093487e-01
1.000204142619936176e+00
1.000417142473247534e+00
1.000355611781862608e+00
1.000533255304873359e+00
1.000525744426118857e+00
1.000675135288759288e+00
1.000609162668757879e+00
1.000710567281948071e+00
1.000427298880625981e+00
1.000520464137749643e+00
1.000864680273499951e+00
1.000529167398759745e+00
1.000640969278987269e+00
1.000463924061686383e+00
1.000579931197035810e+00
1.000357100692556234e+00
1.000716805636848505e+00
1.000786722348713909e+00
1.000388212681326605e+00
1.000668242427717569e+00
1.000122028375842076e+00
1.000417097648943709e+00
1.000593746957042951e+00
9.999923556785766943e-01
1.000255037215785681e+00
1.000265172279085180e+00
1.000133533552894027e+00
1.000432810892924129e+00
1.001199740975940333e+00
1.000641798807822003e+00
1.001042144843183879e+00
1.000115669078350145e+00
1.000414016220104729e+00
1.000152500623376461e+00
1.000205274634002439e+00
1.000138606656366003e+00
1.000676722970240462e+00
1.000231345824327045e+00
1.000287747109544600e+00
1.000844361387242420e+00
1.000413829026276291e+00
9.999924945984034474e-01
1.000987729866610554e+00
1.000056252304973414e+00
1.000586366378893866e+00
1.000641337541641418e+00
1.000651061668464070e+00
1.000277633321744242e+00
1.000147518949533909e+00
1.000443285446296571e+00
1.000314057700723902e+00
1.000566164410147119e+00
9.998183226323588135e-01
1.000212534260118913e+00
1.000380586679606054e+00
1.000442990617684380e+00
1.000806401076165475e+00
9.998059851323365388e-01
1.000013596166528407e+00
1.000235894287613503e+00
1.000097706080676385e+00
1.000449486461171933e+00
1.000262719320704763e+00
1.000258465966880062e+00
1.000413744957628026e+00
1.000234232852789118e+00
1.000458076543326635e+00
9.998952952303715724e-01
1.000237731025520160e+00
9.999823075347493706e-01
1.000145030876708807e+00
1.000027148399730725e+00
1.000156369887963859e+00
1.000634030158592314e+00
1.000285722198569482e+00
