0.000000000000000000e+00
0.000000000000000000e+00
0.000000000000000000e+00
0.000000000000000000e+00
0.000000000000000000e+00
0.000000000000000000e+00
0.000000000000000000e+00
0.000000000000000000e+00
0.000000000000000000e+00
0.000000000000000000e+00
0.000000000000000000e+00
0.000000000000000000e+00
0.000000000000000000e+00
0.000000000000000000e+00
0.000000000000000000e+00
0.000000000000000000e+00
0.000000000000000000e+00
0.000000000000000000e+00
0.000000000000000000e+00
0.000000000000000000e+00
0.000000000000000000e+00
0.000000000000000000e+00
0.000000000000000000e+00
0.000000000000000000e+00
1.413102212241518912e-03
1.826240860043960856e-02
8.515533670593825044e-02
2.768576966189048028e-01
6.932514968236743735e-01
1.276234973435736553e+00
1.931316311155534926e+00
2.415054337587402511e+00
2.484363673120237870e+00
2.277420913227247823e+00
1.850248276921270252e+00
1.441110488593705830e+00
1.077235651830167562e+00
8.483323614156580428e-01
7.384516687744588914e-01
7.447600596534169615e-01
7.848065586963612894e-01
8.217347530260101784e-01
9.096990869508011501e-01
9.986621756809673789e-01
1.085297107042535458e+00
1.132635019648907226e+00
1.196649494856479867e+00
1.264415008763868808e+00
1.364219895639167124e+00
1.436660259456336686e+00
1.489654329580363035e+00
1.555506994225774209e+00
1.600382231455264925e+00
1.639216805262526222e+00
1.639020772114538671e+00
1.610968557981030669e+00
1.576328551485054463e+00
1.512612777900746552e+00
1.413295108194614791e+00
1.337994496963980096e+00
1.273850496984135106e+00
1.210109068641391561e+00
1.147916240391567699e+00
1.113624692012949113e+00
1.080143716163528111e+00
1.066528638508855042e+00
1.062317757321099787e+00
1.061299842445570407e+00
1.065221483297800198e+00
1.065171990611962549e+00
1.067797325815168508e+00
1.052408924462085338e+00
1.068364028496011642e+00
1.062862514020216365e+00
1.067586359214726555e+00
1.069158716999647263e+00
1.056682828034349209e+00
1.045950158576557820e+00
1.045536251889168877e+00
1.040606414639842603e+00
1.039088233949409412e+00
1.022132575470931393e+00
1.020894605557873591e+00
1.017820382563831227e+00
1.010723792627315820e+00
1.011415177325941217e+00
9.939664664058699417e-01
1.007147684420027112e+00
1.002947135121343702e+00
9.971991404964224426e-01
9.962924906267947023e-01
1.005032524284951601e+00
9.964079835794683593e-01
9.903464397622281368e-01
9.931672769139653356e-01
9.830188048201398132e-01
9.928285328655759301e-01
9.869199862214240726e-01
9.881569570074939524e-01
9.882739258328862020e-01
9.871687093995584750e-01
9.830329491028285682e-01
9.864060634386451198e-01
9.865622027372832337e-01
9.883573070630800039e-01
9.881035718115237509e-01
9.829356593638510775e-01
9.789015004307421997e-01
9.795564090531629908e-01
9.936320661411797150e-01
9.831864287499809674e-01
9.934134126339787541e-01
9.918287556107118208e-01
9.920003124976483067e-01
9.949803420229429429e-01
9.945399140221741208e-01
9.974473431346410068e-01
9.935067929015501953e-01
9.978331436016645295e-01
9.961236963384173526e-01
9.942748952520906736e-01
9.942577103727920917e-01
9.958987383286542761e-01
9.941768556149348512e-01
9.921626518911533799e-01
9.945566300565282791e-01
9.947102045590863195e-01
9.936842286261660107e-01
9.974417114135641915e-01
9.903758869382240926e-01
9.919848134089183089e-01
9.957688857043311970e-01
9.978443161678014484e-01
9.968504205742312330e-01
9.975263733839632163e-01
9.988978407134129212e-01
9.944309262253548942e-01
9.990665693238883760e-01
9.960132760882239866e-01
9.959451856811085690e-01
9.975042606676629564e-01
9.963495308067924494e-01
9.967651104812933482e-01
1.000182714338821555e+00
9.929420093330976194e-01
9.977131767687855701e-01
1.001728381074618701e+00
9.946579635363859140e-01
1.004394894550615369e+00
9.947228639847441878e-01
1.001610467216617506e+00
9.980967744073433456e-01
9.988323514316029827e-01
1.001396304396623416e+00
9.970579570838192796e-01
9.969054233476084548e-01
9.993077431548685885e-01
9.994428813490873198e-01
1.000637550454826386e+00
9.965329271152036927e-01
9.996975731955325406e-01
1.001439184781573344e+00
9.948701873616037084e-01
1.003380949111582821e+00
1.000352107756471653e+00
1.003868392264838150e+00
1.003525559592349792e+00
1.000750783109016329e+00
1.002647042700202329e+00
1.000226284998721793e+00
1.000618968427882116e+00
1.001328689865037536e+00
1.000106394329321358e+00
1.004298811376172607e+00
1.003830398938227564e+00
1.006410592158347495e+00
1.000398957653662491e+00
1.003240817830280518e+00
1.004256820366266290e+00
1.002261053306589211e+00
1.005155938750030842e+00
1.004359693696025513e+00
1.003567190588530167e+00
1.003391497216356898e+00
1.000057926334490643e+00
1.006644290743980541e+00
9.987805248911487688e-01
1.001813042510137919e+00
1.000964859136892038e+00
9.986416327925323744e-01
1.001875446182914908e+00
9.997362891395485951e-01
1.003219082890651315e+00
1.002154767169689764e+00
1.002516848457989163e+00
1.000288773839549172e+00
9.972484265505132672e-01
1.000789907289154179e+00
1.002304179057527778e+00
9.996774238246494138e-01
1.002694510196213029e+00
1.001563164651007032e+00
1.002570534068668362e+00
9.980607664394818279e-01
1.000312198347957482e+00
1.003483753228643582e+00
9.991498033605066276e-01
9.992824422769711612e-01
9.974866974858290769e-01
9.980312504458204170e-01
1.000144612730544225e+00
1.000397124069456467e+00
1.001076522762324394e+00
9.949218261503142147e-01
9.981646066283605956e-01
1.000573802880281082e+00
9.977348288575833557e-01
1.000249601525828202e+00
9.985808970411580443e-01
9.980777753062188840e-01
1.000473963641585362e+00
1.000777664283855062e+00
1.000095884443924277e+00
1.001712858598800882e+00
9.977714024690208516e-01
1.000046892845396052e+00
9.979578243043657482e-01
9.966999649966746810e-01
9.971806057957927072e-01
9.984176792946116707e-01
1.000322293375113691e+00
9.982179372415425078e-01
1.001116303560474208e+00
1.001532367881997843e+00
1.001043602403213439e+00
1.000914507703677181e+00
9.997431835748944451e-01
1.002521514370612987e+00
1.001618995215660224e+00
1.002759702152572707e+00
9.988479094524933544e-01
9.999530981260840168e-01
9.998881190206527769e-01
9.993636314579593671e-01
1.001853456925001051e+00
9.967650715490671276e-01
9.992653140970277903e-01
1.000750961631393654e+00
1.000362429909668283e+00
9.984829784096116434e-01
9.988187379932604859e-01
1.002293975630769385e+00
1.000342854610045462e+00
1.000404430995893934e+00
9.981835577300618434e-01
9.983080416006858693e-01
1.001636661476771550e+00
9.995782606581578023e-01
1.001287955289923870e+00
9.986101553973754097e-01
9.982524302474053979e-01
1.000077111123550022e+00
1.000490813857830119e+00
9.993055221980640113e-01
9.944778114168993932e-01
9.984616476705741039e-01
1.003518412210584465e+00
9.998331264985915734e-01
1.000391417574315600e+00
9.998977335400017763e-01
1.000866083974973453e+00
9.994644727779777860e-01
1.000213744087958823e+00
9.996740653594227144e-01
9.996091860643918636e-01
1.000360900332575076e+00
9.980907249335181364e-01
1.000068545478656423e+00
9.990008875217559758e-01
9.995517739053992878e-01
