0.000000000000000000e+00
0.000000000000000000e+00
0.000000000000000000e+00
0.000000000000000000e+00
0.000000000000000000e+00
0.000000000000000000e+00
0.000000000000000000e+00
0.000000000000000000e+00
0.000000000000000000e+00
0.000000000000000000e+00
0.000000000000000000e+00
0.000000000000000000e+00
0.000000000000000000e+00
0.000000000000000000e+00
0.000000000000000000e+00
0.000000000000000000e+00
0.000000000000000000e+00
0.000000000000000000e+00
0.000000000000000000e+00
0.000000000000000000e+00
0.000000000000000000e+00
0.000000000000000000e+00
0.000000000000000000e+00
0.000000000000000000e+00
1.177639878992914552e-03
7.500980529091264698e-03
4.378757943041360762e-02
1.441372044436377287e-01
3.435957881952221848e-01
6.590233780629415339e-01
9.935159893978513512e-01
1.227389052178606832e+00
1.307226048336947111e+00
1.224054069782928078e+00
1.081489886485694329e+00
9.328499415223944213e-01
8.028436866615520362e-01
6.919789877871952433e-01
6.348003284844093708e-01
5.983096137232355449e-01
6.041696532925139307e-01
6.242518802164417346e-01
6.711123233100166896e-01
7.265033211467347707e-01
7.465557326081321277e-01
7.792563099589708830e-01
8.093338509916402357e-01
8.383138822186816386e-01
8.851882424276172889e-01
9.339475634918265046e-01
9.857290461280003857e-01
1.037488197751469388e+00
1.078547372087138578e+00
1.127078739812817254e+00
1.159596918898742723e+00
1.180821316263240606e+00
1.181182955574032079e+00
1.173791920801769528e+00
1.158031182840061346e+00
1.138744000502095233e+00
1.118968446753350721e+00
1.090988001296928411e+00
1.065134049636182079e+00
1.041161220137070575e+00
1.020190672652409480e+00
1.002823415730596635e+00
9.924101655463019034e-01
9.699423447419927014e-01
9.555407038208606485e-01
9.644659802393023007e-01
9.501297266124495433e-01
9.565133094182525220e-01
9.656557092185180657e-01
9.707829110120177463e-01
9.715948258745332744e-01
9.843265569949652960e-01
9.984809503415347232e-01
1.000858813961454929e+00
1.014700728425761644e+00
1.001538197687592779e+00
1.013477194851656105e+00
1.017965232023180677e+00
1.016008185608544334e+00
1.010546770865651922e+00
1.007919206888095998e+00
1.011907022700646586e+00
1.004736810951387893e+00
1.005135314468093677e+00
1.006911175428064631e+00
1.004667965969232579e+00
9.977716566500383077e-01
1.002309513637852367e+00
9.949669996742069866e-01
9.998297592404923329e-01
1.001074570596623081e+00
1.002428094743488485e+00
1.001962072501984879e+00
1.004933381061634545e+00
1.004014921522871751e+00
1.004479772246551050e+00
1.003586480995459995e+00
9.996716423105498350e-01
9.997955918689731547e-01
9.976822434968948272e-01
1.005131895275358289e+00
1.000154373329792179e+00
9.992309535982043522e-01
1.005203943576531644e+00
9.981706291601034620e-01
1.000340952125079896e+00
1.006994199136693524e+00
1.003678371089546495e+00
1.004739272084151480e+00
1.003658903472879782e+00
1.000899008670750989e+00
1.007395104495145244e+00
1.008130359525149622e+00
1.004009347846464451e+00
1.006977032869396993e+00
1.009522007190865267e+00
1.008757288195387014e+00
1.002756581026803318e+00
1.001490068092530494e+00
1.005245548489519747e+00
1.004737918751650305e+00
1.006749102064277146e+00
1.003632090612220917e+00
1.003441547584755567e+00
1.001846618057146587e+00
1.007052582914862437e+00
1.001728279190300830e+00
1.005279744016809529e+00
1.004474654862675287e+00
1.003735491767090204e+00
1.002477294614373404e+00
1.003915321057513799e+00
1.000923725844172330e+00
1.002325091762175102e+00
1.005288186839411679e+00
1.005418852614892833e+00
1.002152671638187886e+00
1.001028406636967460e+00
1.001483661870748110e+00
1.003288158926199269e+00
1.001815041568978826e+00
1.003009166786224871e+00
1.006027511553301945e+00
1.003178917192854014e+00
1.002316037638865343e+00
1.001962094127903935e+00
1.000268032788550254e+00
9.992242870101095686e-01
9.996326528626335861e-01
9.973772097551431015e-01
1.004067316701260593e+00
9.988024765569286645e-01
1.000803197600771410e+00
9.993867088504742036e-01
9.997975802186953587e-01
9.979381298870519945e-01
1.002310061826219734e+00
1.001867892949078298e+00
1.000340609452258889e+00
9.994394277754189426e-01
9.986612023199893384e-01
9.998058869370572976e-01
1.000050342342742704e+00
9.986931991314309531e-01
1.000913249889685996e+00
1.000378559778340115e+00
1.004551708839906521e+00
1.000925717431135231e+00
1.002388560529603012e+00
1.002180075880342747e+00
1.002203057720804313e+00
1.002160441328353802e+00
1.002941788126200162e+00
1.002688294905821786e+00
1.000791035871173795e+00
1.001982870491090027e+00
9.988360019794954026e-01
1.000680713835493396e+00
9.993897380438889755e-01
9.993607295543689428e-01
1.001529120694231390e+00
1.000441120187671284e+00
1.003085162426130550e+00
1.000148260620726370e+00
9.992664154301297286e-01
1.001146962672056384e+00
1.001666783378556858e+00
1.002402636686642756e+00
9.998201216788742407e-01
1.001257232966639599e+00
1.001748617676029074e+00
1.001483928071169371e+00
9.986936051582722129e-01
1.002083373289520019e+00
1.001188064712004833e+00
1.002743585104493018e+00
1.002153704617357866e+00
1.000141840510039737e+00
9.983190083791988467e-01
9.993875022038378741e-01
9.992277151659686441e-01
9.982318528696222382e-01
9.988463951963599818e-01
9.998444435283085907e-01
9.988356738841294158e-01
9.987025942190075334e-01
9.989992251376904608e-01
9.984174460563184361e-01
1.001400140262791005e+00
1.001127015998183767e+00
1.000757054432335424e+00
1.001838148653280358e+00
9.985262777589638539e-01
9.994950328138064721e-01
1.002635854888323852e+00
1.002881303342442187e+00
9.994778661463677993e-01
9.978845620587287746e-01
1.001060579508469717e+00
9.999633724673457902e-01
1.000346859186318937e+00
1.001191691484908830e+00
1.001261913953485294e+00
9.992159399609484849e-01
1.000021668538960018e+00
1.000445244598677341e+00
1.002561665189134255e+00
1.001273344626189887e+00
1.001791884702086133e+00
1.000942225329710222e+00
9.994560581215410355e-01
9.981871631670647949e-01
1.001734897826136894e+00
9.991150674639808216e-01
9.985160771959764592e-01
1.000966133665024627e+00
9.992304384167117748e-01
9.984758281091448140e-01
9.990809964891613770e-01
9.996568726580057351e-01
9.962588801001818206e-01
9.995550422794713397e-01
1.000192510644768440e+00
9.995856149480709663e-01
1.000484460164583700e+00
9.999171850340237144e-01
9.995737986103245820e-01
9.987929293748341042e-01
9.978411342322748290e-01
1.000324386329346948e+00
9.973250620431669544e-01
9.993821689385853357e-01
9.996866624046524263e-01
1.000548047027629339e+00
9.991327817893340679e-01
1.001901648271467993e+00
9.992572680616371716e-01
1.001484125112052315e+00
1.000922038090549915e+00
9.977421310634942975e-01
1.000805518304630937e+00
9.999312023258767335e-01
1.000926147767773333e+00
9.999200795379997730e-01
9.981304092885230350e-01
1.000015239063553940e+00
1.000366670364319921e+00
1.000862275436676940e+00
1.000280200402622111e+00
1.000486055263109186e+00
1.002291172306507328e+00
9.995196945044879655e-01
1.000018911426955315e+00
9.998606944762548077e-01
1.000204892039291860e+00
1.000539389183071615e+00
