0.000000000000000000e+00
0.000000000000000000e+00
0.000000000000000000e+00
0.000000000000000000e+00
0.000000000000000000e+00
0.000000000000000000e+00
0.000000000000000000e+00
0.000000000000000000e+00
0.000000000000000000e+00
0.000000000000000000e+00
0.000000000000000000e+00
0.000000000000000000e+00
0.000000000000000000e+00
0.000000000000000000e+00
0.000000000000000000e+00
0.000000000000000000e+00
0.000000000000000000e+00
0.000000000000000000e+00
0.000000000000000000e+00
0.000000000000000000e+00
0.000000000000000000e+00
0.000000000000000000e+00
0.000000000000000000e+00
0.000000000000000000e+00
1.295061909062854852e-03
8.911855591734805029e-03
4.186396441560324283e-02
1.364362950200093128e-01
3.381976371317101382e-01
6.144280340360427362e-01
9.456194809084966790e-01
1.181765921107360118e+00
1.275500303382480993e+00
1.209120737799127765e+00
1.069744544995574920e+00
9.262106158697330782e-01
7.929237821303996014e-01
7.000888301888695819e-01
6.355386923728717496e-01
6.004618387763583920e-01
6.126278027696391293e-01
6.187933491685481124e-01
6.698786970015280229e-01
7.039387844411081341e-01
7.398629968653298583e-01
7.674092251802078213e-01
7.891161018551845485e-01
8.418828757600860246e-01
8.769322021605007178e-01
9.302396651991192700e-01
9.780138701092120357e-01
1.034895960845883200e+00
1.083468065495254207e+00
1.124163780747471586e+00
1.158648346965787113e+00
1.175461653081871560e+00
1.183107312457876370e+00
1.173888225933473972e+00
1.167411407466164341e+00
1.142056869643326866e+00
1.103997889986473302e+00
1.073059845645319976e+00
1.061758900687112428e+00
1.034611330863877132e+00
1.017084238847173916e+00
1.003316496996254248e+00
9.832780240112128922e-01
9.645052097976318795e-01
9.631511667376297936e-01
9.542906694503544562e-01
9.488550612444532906e-01
9.561363844449191074e-01
9.634779562727552316e-01
9.696108325596893840e-01
9.755915650263933259e-01
9.845874787270730844e-01
9.877586390126587013e-01
1.001418328154663806e+00
9.979282355208770605e-01
1.004047146740821850e+00
1.006305724819956282e+00
1.007162232465443230e+00
1.007951759501789502e+00
1.003812562552245158e+00
1.005990181318766830e+00
1.005152427550352723e+00
1.000872612763122671e+00
9.985741387371668276e-01
9.929108435482596473e-01
9.940704654318086586e-01
9.931330794539842133e-01
9.955699353999405421e-01
9.914662622959343752e-01
9.973182848147220669e-01
9.952939134595071291e-01
1.002233222455276573e+00
9.929996367863553886e-01
9.990324191085305783e-01
9.951611743368073970e-01
9.960546765947844161e-01
9.924751395434159296e-01
9.946945992544760085e-01
9.967533038242235577e-01
9.924308594641412240e-01
9.963232100344623365e-01
9.941307933171465994e-01
1.001646694819181116e+00
9.979907718289215968e-01
9.937885129353830616e-01
9.993754193456148016e-01
9.956319037122439708e-01
9.921228254386776912e-01
9.981021565781093008e-01
9.972710203752261915e-01
9.972168426216012627e-01
9.981541214625445635e-01
1.001563066108368538e+00
9.988502454826971855e-01
9.940877489892678831e-01
9.984163446950248266e-01
1.000615243034411295e+00
9.978237781546605012e-01
1.002996635796025382e+00
1.000531566643855896e+00
1.004158061557808068e+00
9.973064877595579913e-01
1.002704635181804083e+00
1.000124518728460421e+00
1.000738918870297534e+00
9.995588334800499242e-01
9.986126700766165820e-01
9.996395706683800508e-01
1.001942948093569541e+00
1.001261603081676999e+00
1.000602977694764473e+00
9.984649685453164114e-01
9.977158636630460986e-01
1.001559557817251145e+00
9.981068424448602538e-01
1.000464595133359280e+00
9.969399641274345747e-01
9.990168037242885823e-01
9.967640764739523762e-01
1.001650394722781501e+00
1.000084899230606172e+00
1.001071762923579023e+00
1.001059304371265224e+00
9.981580583177741550e-01
9.985034504094877361e-01
9.972861570932347597e-01
1.000862105000507318e+00
1.000801983991474131e+00
1.001225679556581483e+00
1.001349444018940327e+00
9.983896393558766569e-01
9.997138587488032524e-01
1.000492835647565748e+00
1.000761201048444793e+00
9.994464407106566917e-01
9.964717247252973253e-01
1.001024812674033759e+00
1.000782340170396356e+00
9.990862026653434258e-01
9.989191347135235599e-01
9.994606227651864350e-01
9.990155515900088767e-01
9.997073157774838403e-01
9.991122644030255850e-01
9.999370716010421711e-01
9.951401956419841932e-01
9.982009612179939539e-01
9.990923108053583190e-01
9.974684454951100454e-01
9.995370421558802398e-01
1.000459942708218142e+00
9.976597895478227507e-01
9.987565157164042251e-01
1.000610999866821782e+00
9.975521607165336313e-01
9.989324790889834160e-01
9.977414605658680991e-01
9.964108393693222876e-01
1.000844812998106681e+00
9.990801283535705180e-01
1.002113958470358446e+00
9.988953270638653015e-01
9.983133123939488263e-01
9.989292943559140436e-01
9.981134832192358752e-01
9.994537635328519798e-01
9.992054749369051470e-01
9.995457916181754721e-01
9.982134248270490007e-01
9.994714566535054523e-01
9.979306428955290187e-01
9.974396897880014601e-01
1.000075570989805485e+00
1.000178996947802990e+00
9.972393561123097383e-01
9.975953257901045701e-01
9.968994743424752780e-01
9.986679959459714429e-01
9.960440198118786226e-01
9.981610997501821902e-01
9.978907514536216050e-01
9.956151837074626032e-01
9.973644712156598535e-01
9.960298411600088109e-01
9.977168125171613777e-01
9.982408853585045261e-01
9.983606653153020982e-01
9.983071501572821083e-01
9.983732034749579487e-01
9.982608700399877577e-01
9.974190314756079534e-01
9.976836299112776807e-01
9.977002407760465763e-01
9.958635540189604285e-01
9.974872564011064702e-01
9.964318298434339249e-01
9.992925255666521567e-01
9.986799805281918463e-01
9.981308513952643624e-01
9.987174439175207086e-01
9.964002147192231318e-01
9.967047570804182799e-01
9.962734857927381116e-01
9.952499994858343690e-01
9.991769547357142178e-01
9.967176728277180597e-01
9.971501021666798747e-01
9.968481333808373313e-01
9.984704846822822777e-01
9.982396004284274094e-01
9.958594453099556265e-01
9.979950306808541560e-01
9.960696149644656661e-01
9.985317999329151872e-01
9.989060709789380210e-01
9.972209564366116830e-01
9.976383855443867743e-01
9.973227413774510275e-01
9.965120284369324288e-01
9.997684788681824308e-01
9.991692143785707581e-01
9.985969439091330058e-01
9.986978122965353144e-01
9.975137054481859611e-01
9.974562525003987101e-01
9.972280162197495468e-01
9.980957255212404844e-01
9.969648919243958574e-01
9.968139148519142845e-01
9.965836942471764104e-01
9.978823913355145958e-01
9.984676518537236589e-01
9.987266378745013329e-01
9.961064813796319806e-01
9.974273673865057255e-01
9.972446813170309232e-01
9.963625662429438368e-01
9.972259813817332397e-01
9.971385526495538665e-01
9.979958704120922564e-01
9.965891427697900484e-01
9.969840810030364819e-01
9.975012794838260533e-01
9.990121169997312478e-01
9.968551570948017693e-01
9.978176417049442470e-01
9.973592938651369977e-01
9.981712236446886877e-01
9.987416558826802682e-01
9.959397677997640086e-01
9.970701716180768726e-01
9.979726391288922249e-01
9.975269214053034128e-01
9.968873092770034194e-01
9.972444596572757058e-01
9.974054177273881105e-01
