0.000000000000000000e+00
0.000000000000000000e+00
0.000000000000000000e+00
0.000000000000000000e+00
0.000000000000000000e+00
0.000000000000000000e+00
0.000000000000000000e+00
0.000000000000000000e+00
0.000000000000000000e+00
0.000000000000000000e+00
0.000000000000000000e+00
0.000000000000000000e+00
0.000000000000000000e+00
0.000000000000000000e+00
0.000000000000000000e+00
0.000000000000000000e+00
0.000000000000000000e+00
0.000000000000000000e+00
0.000000000000000000e+00
0.000000000000000000e+00
0.000000000000000000e+00
0.000000000000000000e+00
0.000000000000000000e+00
0.000000000000000000e+00
1.412896890018272913e-03
9.129877546109879324e-03
4.579201949888959261e-02
1.520533500568375662e-01
3.570170225509767259e-01
6.709168299630461352e-01
1.024248197085267265e+00
1.253152728416490058e+00
1.347257968773376335e+00
1.269227649618686948e+00
1.107054203626897104e+00
9.566748758050603874e-01
8.086316672959517060e-01
6.974253061518186358e-01
6.450737969385571535e-01
6.017283417288500358e-01
6.077596596899139669e-01
6.213825226274432012e-01
6.601834157613397647e-01
7.135519830210261816e-01
7.427005110810164235e-01
7.699569962607950568e-01
7.935861072908828584e-01
8.264681809251068767e-01
8.716168822901239066e-01
9.193739700264367265e-01
9.824913205193014365e-01
1.023084935755212532e+00
1.077237865782388226e+00
1.111724858994317167e+00
1.146571957100805950e+00
1.176716876679714918e+00
1.180978614063654009e+00
1.166747147444452404e+00
1.162889966547801190e+00
1.128143658205750244e+00
1.107688784366306578e+00
1.072782307325503393e+00
1.058687132046116863e+00
1.036509135772722523e+00
1.014796116345959787e+00
9.982157784582917914e-01
9.842441423605794437e-01
9.731227668863645652e-01
9.649229609753817716e-01
9.591154685281941816e-01
9.560199973738325863e-01
9.556109429938249855e-01
9.701502518310971546e-01
9.797032295137366731e-01
9.800429324360466765e-01
9.881306171011864370e-01
9.965140426051948275e-01
1.002832266300922592e+00
1.003815804970787706e+00
1.007485957363222662e+00
1.016620556079128379e+00
1.013971045055575226e+00
1.015159115384003607e+00
1.012309600380673524e+00
1.008894059556149303e+00
1.012293140734709773e+00
1.009239218504070834e+00
1.005081068611096917e+00
1.006167603609727568e+00
1.002445781974461214e+00
9.976493825902099655e-01
9.970517801628339116e-01
1.000162410821731740e+00
1.000082738711928210e+00
9.982389929231749726e-01
9.994613271600183424e-01
9.995535643091608691e-01
9.997589249230848241e-01
9.979723392510218005e-01
9.983042134566018078e-01
1.002477287097531811e+00
1.000975655862909042e+00
9.961794582937208986e-01
9.960986860231219042e-01
9.955084378825493907e-01
9.975874833503168837e-01
9.994818219253686076e-01
1.000185299551402007e+00
9.998525646899003583e-01
9.995183693338069997e-01
9.995013440454186826e-01
1.001706359957527104e+00
9.962083960438598007e-01
9.985611693253085841e-01
1.001974091134706590e+00
9.986289300407032998e-01
1.001494818319485169e+00
1.000396886018763309e+00
9.976227221671585266e-01
1.001468234302765437e+00
1.003734871113323601e+00
1.007151346025813909e+00
1.005956510439613982e+00
1.006605294849510113e+00
1.006556300647038382e+00
1.003315885221120363e+00
1.004676442614816256e+00
1.004283991640050111e+00
1.001723012127216927e+00
1.004376953390141880e+00
1.003491082010016466e+00
1.001571655346914280e+00
9.999781204125103296e-01
1.000401928814212527e+00
9.983738843206430014e-01
1.003653530643511482e+00
1.001175660081253804e+00
9.944462465073464763e-01
1.003304591169149607e+00
9.996687836388882253e-01
1.003339083231458373e+00
1.005086902635322632e+00
1.002631776832699551e+00
1.003075190372557435e+00
1.000471982947234162e+00
1.003831850559186112e+00
1.005630422088581000e+00
9.996596940612327842e-01
1.003611104636259022e+00
1.002348722120130375e+00
1.001758276763952349e+00
1.002035306588212826e+00
1.002990939026357831e+00
1.003806697431859130e+00
1.002699209911974698e+00
1.002209429755273939e+00
1.000002361525016426e+00
1.002716988147034582e+00
1.005218999850489237e+00
1.007485166667143162e+00
1.002208425181042806e+00
1.004001003838778328e+00
1.002769374393140955e+00
1.000805192229782703e+00
1.001659081063671852e+00
9.985483845400987546e-01
1.002176282210164748e+00
1.001550136274550473e+00
9.984658010064447753e-01
1.004246173484328652e+00
1.001030389734923753e+00
1.002646754395286832e+00
1.000248507001087583e+00
1.003695003144922993e+00
1.004039701024634690e+00
1.002647578579077159e+00
1.003171511951114869e+00
1.003400162439361587e+00
1.002140944467901695e+00
1.002505917422050086e+00
1.002504080655503893e+00
1.003885470486618692e+00
1.000961695155484277e+00
1.001910630758785503e+00
1.000753593640547834e+00
1.001909048473045960e+00
1.004116202661069934e+00
1.002280702468791862e+00
1.003874968439113280e+00
1.001901776117948950e+00
1.002707639660172845e+00
1.004436638026651618e+00
1.002621244269948031e+00
1.005086288963579433e+00
1.005646576940599557e+00
9.999307537462157613e-01
1.002102921087308252e+00
1.000186027660322052e+00
1.003381989399919627e+00
1.000549801054910981e+00
1.004196343267970137e+00
1.002972251079287114e+00
1.001088966279957138e+00
1.001643480709284884e+00
1.001520692090316356e+00
1.002973065094696192e+00
1.001055083813199298e+00
1.001159779361606050e+00
1.000164422980825973e+00
9.995466327772566384e-01
1.001353622349824057e+00
1.001754496373394865e+00
9.998275171393085081e-01
1.001437480817189085e+00
1.001592928140296657e+00
9.998622213347878596e-01
9.994522552165828744e-01
9.993347645712722382e-01
9.992056813856702302e-01
9.998780951838749376e-01
9.978280651263718992e-01
9.992722318023451455e-01
9.974105531644050782e-01
9.998876692099682995e-01
9.997497409935716117e-01
9.996597198307188847e-01
1.000287341696537435e+00
1.000949997218460341e+00
9.998001383824749455e-01
1.001679972595744816e+00
9.981946657572090542e-01
9.982417192329759992e-01
1.000902847215197067e+00
1.000684184204156280e+00
9.992541364803221304e-01
9.999113386604118192e-01
9.997647360402034389e-01
1.001121472636473220e+00
1.001433696675081864e+00
9.980594889238569856e-01
1.001112671178508551e+00
9.989218663139221022e-01
9.995817709127360340e-01
1.001011386552141502e+00
1.001405195048414187e+00
1.001589329104838333e+00
1.000717316315794747e+00
1.001406364828174134e+00
1.001859634425465106e+00
1.001533144391116181e+00
9.986668521084558492e-01
1.001884614858381095e+00
9.998050402621633248e-01
1.001438198663191947e+00
9.999384821367792719e-01
1.001737237833689953e+00
1.001854255558181528e+00
1.001613040523448017e+00
1.000651654008614999e+00
9.998715956053960685e-01
9.987063117600299966e-01
9.998315359681176906e-01
9.986508226262323928e-01
9.993109923990153298e-01
1.000043786313492333e+00
1.000287976259659040e+00
1.001505536463329404e+00
9.992314834128388501e-01
9.991675490315020669e-01
9.990118416482656194e-01
9.995942785212410531e-01
9.992415793037391358e-01
9.986310555254078736e-01
9.984733102223941614e-01
9.991290519720373853e-01
9.992200158778937746e-01
9.979355333680692830e-01
9.982645918104235960e-01
9.992558031740567115e-01
9.982954329174461572e-01
