0.000000000000000000e+00
0.000000000000000000e+00
0.000000000000000000e+00
0.000000000000000000e+00
0.000000000000000000e+00
0.000000000000000000e+00
0.000000000000000000e+00
0.000000000000000000e+00
0.000000000000000000e+00
0.000000000000000000e+00
0.000000000000000000e+00
0.000000000000000000e+00
0.000000000000000000e+00
0.000000000000000000e+00
0.000000000000000000e+00
0.000000000000000000e+00
0.000000000000000000e+00
0.000000000000000000e+00
0.000000000000000000e+00
0.000000000000000000e+00
0.000000000000000000e+00
0.000000000000000000e+00
0.000000000000000000e+00
0.000000000000000000e+00
0.000000000000000000e+00
0.000000000000000000e+00
4.593408401444776940e-02
9.721676934605446574e-01
3.348555456697428490e+00
4.247621009251206559e+00
3.094331767638454078e+00
1.754742570749199482e+00
9.060373657979697848e-01
4.941678207183564098e-01
2.920297015748266056e-01
1.938989939869603663e-01
1.470996806947791058e-01
1.168019342582516523e-01
1.235089223588161922e-01
1.423179751570755602e-01
1.933957795193407270e-01
2.609853691872054959e-01
4.081000513326047963e-01
5.775106607802898973e-01
8.378855774754802033e-01
1.153626890226795432e+00
1.493944183317393648e+00
1.756389297393574411e+00
1.960485516775711590e+00
2.119942126225824008e+00
2.233626785306661144e+00
2.282437040745327383e+00
2.272298374032160506e+00
2.190403153356887511e+00
2.042788787235081838e+00
1.804013803909376490e+00
1.545764223455060149e+00
1.343423922383562452e+00
1.139757001235807365e+00
1.009657202150769928e+00
9.388047355779051140e-01
9.125037679612469921e-01
8.986099018657642823e-01
9.197342810058952711e-01
9.579959405953044627e-01
1.007546491066168448e+00
1.031455938618309531e+00
1.082782783246410085e+00
1.111673167047199984e+00
1.125162430251430035e+00
1.137877177163936881e+00
1.152968744854123928e+00
1.155139119311890727e+00
1.137506655093237562e+00
1.137545020423245345e+00
1.114638588555173282e+00
1.079578888785287516e+00
1.063581210143092370e+00
1.045818157453920705e+00
1.026139561338570205e+00
9.888561671980093948e-01
9.729956361734205528e-01
9.679575463383444101e-01
9.594871134001562440e-01
9.535161709856482259e-01
9.727885027540204010e-01
9.695054990802808303e-01
9.741937477584421412e-01
9.805861847068508830e-01
9.948417652811785139e-01
9.912939622444251198e-01
9.933142493067365075e-01
9.952987177916179373e-01
1.001584263084683624e+00
9.873929645185101078e-01
9.794392757080632173e-01
9.832070218059234534e-01
9.795448516467860633e-01
9.829491823742803058e-01
9.789048947004590495e-01
9.736815975516739385e-01
9.704041420473199508e-01
9.714186669006821262e-01
9.755759275683965059e-01
9.856746230549424670e-01
9.800723935063061498e-01
9.810002753654580854e-01
9.761874374810913801e-01
9.772535985937278458e-01
9.810329651007909657e-01
9.762814972365689847e-01
9.902037741662507164e-01
9.784137631718019534e-01
9.818885384845930098e-01
9.842934582740483496e-01
9.842313107255690197e-01
9.946235713217635999e-01
9.832182143915747519e-01
9.860304897086566989e-01
9.953698671162067857e-01
9.810840893062171553e-01
9.936111340811396575e-01
9.896375740647871400e-01
9.913904437594678321e-01
9.972955982237606820e-01
9.935506759986427738e-01
9.978127409006811721e-01
1.004548100153305201e+00
1.000989612890164304e+00
1.001043777259878143e+00
9.959903368268595569e-01
9.973018328936659183e-01
1.002212134862209059e+00
9.979489747998833149e-01
1.009974215782570850e+00
1.005503487033699850e+00
1.005845234844228164e+00
1.001961223097554088e+00
9.988409219492047075e-01
1.000265703298202302e+00
1.004436078693260015e+00
1.007704283291169123e+00
1.003712347392040405e+00
1.007710299265694998e+00
1.003557722710549438e+00
1.006674840282515193e+00
1.001296209135654980e+00
1.006572668900017842e+00
1.003436448404666059e+00
1.003168609146144918e+00
1.001940939584131218e+00
9.991471790937559438e-01
1.003414979756499292e+00
9.953356626906587623e-01
9.988010442041503900e-01
1.004163231726496130e+00
9.989892620529075007e-01
1.001896004491999781e+00
9.970842630868748113e-01
1.000134036020593920e+00
9.993779296944418356e-01
9.934616209804137954e-01
9.990887524988432133e-01
1.005409424888986214e+00
9.977928528685936493e-01
1.000670893547719320e+00
9.959602061223430391e-01
1.000144315806077877e+00
9.998509229073209159e-01
9.958360565964587963e-01
1.000622652903146781e+00
1.000020161771476346e+00
9.921274860632022241e-01
9.967280838803681542e-01
9.970441099926428130e-01
9.967383337572937041e-01
9.979978807715985667e-01
1.003099541636064851e+00
9.989288106675313639e-01
1.000796076646901289e+00
1.004120321159073681e+00
9.949142048742770639e-01
9.996195040481815619e-01
9.987661955604812958e-01
9.995232347332965173e-01
1.001377867358049567e+00
9.942853438413196132e-01
9.996979069964424536e-01
9.938782834497665863e-01
9.986365173858900990e-01
9.988843738416436357e-01
9.976797289729507634e-01
9.954014255979031223e-01
9.998374364072393217e-01
1.002360305157909970e+00
9.946715035076446609e-01
9.978301811049080650e-01
9.926860362413373329e-01
9.949088944707231708e-01
9.998338862261558768e-01
1.000705838675622017e+00
9.984257288521961593e-01
9.991837740772586685e-01
9.924066362992693957e-01
9.960316911867566070e-01
9.928549659062737565e-01
9.952976818059382502e-01
9.971540311097449871e-01
9.950453794100538873e-01
9.964412575497315627e-01
9.970012873474272119e-01
9.940203907538830430e-01
9.937125669420202589e-01
9.952424282721444859e-01
9.954443702191891896e-01
9.928094248571297520e-01
9.963807822414766369e-01
9.961847836801426270e-01
9.966376195877982846e-01
9.944071517000967475e-01
9.944597055274146946e-01
9.967119325687238129e-01
9.934259774290264966e-01
9.954546521531443259e-01
9.968477566154626546e-01
9.925094667409856131e-01
9.956972149953321471e-01
9.975076735472606648e-01
9.944855311844820189e-01
9.957503183925056067e-01
9.921133039420916289e-01
9.957405391059795940e-01
9.949419685584595108e-01
9.978729071077617752e-01
9.967382107425671878e-01
9.930321476119133850e-01
9.946834653013707506e-01
9.971964562991758596e-01
9.972267378677812655e-01
9.972264320949225658e-01
9.921485671518592842e-01
9.959247513011854069e-01
9.969077598532508633e-01
9.982083282989695494e-01
9.953304109834067992e-01
1.000878860341671173e+00
9.964646423859458979e-01
9.975793354159848692e-01
9.916694587950812823e-01
9.987480289782161291e-01
9.961581621648020191e-01
9.950696829266233445e-01
9.975935346805493431e-01
9.943738350968704953e-01
1.003256513393355309e+00
9.960940080533328134e-01
9.986600499367100925e-01
9.938459192855929603e-01
9.991423830782321103e-01
1.001054170174095370e+00
9.988979749925612772e-01
9.968043923164576769e-01
1.002512870540002377e+00
9.998858883703960476e-01
9.962592486578329964e-01
9.978723552186934409e-01
9.972718251586406568e-01
9.982115507336954963e-01
9.877805265283051694e-01
9.764142141592218049e-01
9.638622860256489400e-01
9.538573531384688664e-01
9.412794303564843146e-01
9.345417873842521983e-01
9.219615940776259011e-01
9.117457867829311668e-01
8.978591147446778331e-01
8.893154977870476596e-01
8.777620889920665359e-01
8.723974702633160438e-01
