0.000000000000000000e+00
0.000000000000000000e+00
0.000000000000000000e+00
0.000000000000000000e+00
0.000000000000000000e+00
0.000000000000000000e+00
0.000000000000000000e+00
0.000000000000000000e+00
0.000000000000000000e+00
0.000000000000000000e+00
0.000000000000000000e+00
0.000000000000000000e+00
0.000000000000000000e+00
0.000000000000000000e+00
0.000000000000000000e+00
0.000000000000000000e+00
0.000000000000000000e+00
0.000000000000000000e+00
0.000000000000000000e+00
0.000000000000000000e+00
0.000000000000000000e+00
0.000000000000000000e+00
0.000000000000000000e+00
0.000000000000000000e+00
0.000000000000000000e+00
0.000000000000000000e+00
5.627196730797810048e-02
9.668825174586619386e-01
3.271601841621222917e+00
4.279643675302351014e+00
3.082921525305737820e+00
1.764851706068665482e+00
9.058265552657046582e-01
4.886820089353369201e-01
2.988197468667566081e-01
1.870820910827092620e-01
1.444834733948820171e-01
1.221604523758641342e-01
1.313139109685912131e-01
1.555924103540181902e-01
1.947163298760927752e-01
2.819152594802261103e-01
3.887705160953966455e-01
5.681615103269328504e-01
8.204126372109504794e-01
1.132125662674341893e+00
1.465170397130681090e+00
1.749324683019772175e+00
1.959780039085810666e+00
2.098977807457927280e+00
2.202108673338698530e+00
2.221018317391802999e+00
2.250363767637426626e+00
2.161484880350964755e+00
1.998626279709752485e+00
1.776258149819301746e+00
1.547186293231674226e+00
1.312263714819870586e+00
1.136512505922348204e+00
9.854808633679253971e-01
9.295952033737093778e-01
9.034493197270729858e-01
8.977585199905102620e-01
9.196452987901807541e-01
9.558449574940361959e-01
9.937460667522951541e-01
1.033755103653398066e+00
1.057167028811146769e+00
1.093048087290726000e+00
1.124882749054638698e+00
1.152807350110849560e+00
1.144136741047832917e+00
1.139031832904195296e+00
1.137511761185773906e+00
1.134693529320432770e+00
1.116201630847243553e+00
1.106551682928606173e+00
1.072987755861412040e+00
1.055990479058418030e+00
1.028783885550484500e+00
9.986120207024784534e-01
9.823520483477854448e-01
9.618816309060600478e-01
9.675153712953317164e-01
9.581181806810890045e-01
9.653328425469537288e-01
9.753373140602846769e-01
9.858639286774034671e-01
9.866405884769395840e-01
9.909963878548611049e-01
9.962328387215630965e-01
9.882563089783853449e-01
9.999028838677324060e-01
9.958817255166176885e-01
1.002854772483672496e+00
9.923097283409590963e-01
9.797610785008192824e-01
9.849373393072327065e-01
9.885386671594071917e-01
9.882666764720996477e-01
9.772688176742163613e-01
9.831599545250047090e-01
9.769161545927164125e-01
9.737657587001091741e-01
9.730184238746688585e-01
9.777283109338490430e-01
9.873764787099904572e-01
9.842608593521678939e-01
9.835811534092170350e-01
9.793985912905954772e-01
9.864351489365971171e-01
9.841747860328464714e-01
9.810738158367882100e-01
9.832924574375081495e-01
9.819826230821224744e-01
9.908286901990469575e-01
9.933047272124144733e-01
9.948133146744300159e-01
9.889882519178133657e-01
9.904475713602945985e-01
9.941109613714815829e-01
9.833691573611074155e-01
9.920502385839083948e-01
9.955982718669064147e-01
9.927299083668945645e-01
9.924207883762373728e-01
9.947862945343467489e-01
9.970219375282293184e-01
9.962835357217078025e-01
9.905272551390508218e-01
9.883817708035300686e-01
9.916906014817021831e-01
9.957520970682662842e-01
9.934262742082821118e-01
9.985347631823183745e-01
9.938666781676991357e-01
9.977699566626602179e-01
9.966484795343035774e-01
9.958196542013155739e-01
9.974679548126688111e-01
1.002373497842001138e+00
1.002811480997670479e+00
1.004925881895861517e+00
1.003424295128984234e+00
9.985072417658309440e-01
1.003167511079176899e+00
1.002697408387770883e+00
9.995403497083886757e-01
9.994128329230705932e-01
1.004179331319024815e+00
1.008565142422426453e+00
1.001620097008431021e+00
1.001301569396954916e+00
1.002092974899714717e+00
1.001372169500806431e+00
9.988413181475843672e-01
9.988837731187338864e-01
1.007265870746119951e+00
9.985557052159694802e-01
9.963143720463936148e-01
9.989773574236118225e-01
1.006373845772772002e+00
9.931604324300694620e-01
1.003285549492311413e+00
9.964798373354988303e-01
9.995412827167965419e-01
9.964737610826681635e-01
1.000412963798177790e+00
1.000476781113635028e+00
1.000684686473000573e+00
1.000781903420577379e+00
1.000205515436339176e+00
1.001698465258008985e+00
1.002795906011057836e+00
1.001303780105751162e+00
9.991606935351804442e-01
9.960524169952379436e-01
1.002823662707165608e+00
1.000993684707682130e+00
1.000418796921139553e+00
9.997539056681601366e-01
9.998018981761116475e-01
9.991107440982274213e-01
9.951335453731892100e-01
1.003907524049743261e+00
9.987618705688862120e-01
9.976415938971797681e-01
1.002606263716175450e+00
9.966577294348297755e-01
9.985798751549386232e-01
1.000184586622024696e+00
9.985489591435552370e-01
1.002922405964492336e+00
1.001020188064712491e+00
9.986491283844567413e-01
9.995169080756631796e-01
9.918414558720355378e-01
1.002335311029296072e+00
9.947658350749154499e-01
1.001152075021653820e+00
9.953904332859554449e-01
9.977786176462906109e-01
9.928656852047107462e-01
9.961485409501437127e-01
9.894066348459071847e-01
9.949210075551653265e-01
9.997401982660718556e-01
9.995374865080139948e-01
9.993606896297694275e-01
9.966730934194661939e-01
9.930265994714428945e-01
1.000132739097052692e+00
9.970768087510949451e-01
9.945236685599312398e-01
9.901164983043244661e-01
9.963308706015201466e-01
9.968647752687249675e-01
9.942721086888315352e-01
9.959367239064862432e-01
9.954874546072687291e-01
9.973167557558361151e-01
9.951105739568643083e-01
9.970147280098824449e-01
9.997115761881456564e-01
1.000027129876935206e+00
9.991557475560253199e-01
9.971340054735026159e-01
9.976389067007603861e-01
9.956869390497775640e-01
1.001265256720823338e+00
1.001416435300457985e+00
1.000780157817254823e+00
9.956962160648697990e-01
1.000825460385793342e+00
9.993286409411018534e-01
1.000802433945567449e+00
1.000278483282749820e+00
9.993656068573045781e-01
1.000663751547489877e+00
9.967261441898188634e-01
9.987969089757674501e-01
1.000172332181780366e+00
1.000553912277183377e+00
9.994626306827671947e-01
1.003082439256641312e+00
1.000623806466518051e+00
9.990126653441732119e-01
9.969778837673106686e-01
9.967763675570613380e-01
1.000830424859039391e+00
9.951950698216411872e-01
1.000188548110380715e+00
9.967518891216493593e-01
1.000935839197797828e+00
9.991913712937831038e-01
9.957425675643709617e-01
9.987368295384021488e-01
9.960793666979022021e-01
9.968288278391537194e-01
9.985552579047580757e-01
9.977457094650391545e-01
9.950832379131878680e-01
9.973406960057809023e-01
9.949777232568712826e-01
9.981019711265091132e-01
9.960439702316237209e-01
9.970852319462253366e-01
9.995108676609331111e-01
9.894653452735444610e-01
9.743476509093388360e-01
9.625970316163777740e-01
9.537282935851827403e-01
9.437470407256225435e-01
9.337566075796173148e-01
9.221844721694140157e-01
9.110317357369773772e-01
9.004590205343832032e-01
8.905943305697232582e-01
8.808721144247229073e-01
8.725840991785911438e-01
