0.000000000000000000e+00
0.000000000000000000e+00
0.000000000000000000e+00
0.000000000000000000e+00
0.000000000000000000e+00
0.000000000000000000e+00
0.000000000000000000e+00
0.000000000000000000e+00
0.000000000000000000e+00
0.000000000000000000e+00
0.000000000000000000e+00
0.000000000000000000e+00
0.000000000000000000e+00
0.000000000000000000e+00
0.000000000000000000e+00
0.000000000000000000e+00
0.000000000000000000e+00
0.000000000000000000e+00
0.000000000000000000e+00
0.000000000000000000e+00
0.000000000000000000e+00
0.000000000000000000e+00
0.000000000000000000e+00
0.000000000000000000e+00
0.000000000000000000e+00
0.000000000000000000e+00
2.353279729874958176e-02
4.569508047761909886e-01
1.577075905212364404e+00
2.022695708291078365e+00
1.493749163604701558e+00
8.563395547903421834e-01
4.922907822112107534e-01
3.202680740500091772e-01
2.771370721127109915e-01
2.697409122816004090e-01
2.818906312339147791e-01
2.864541254864829689e-01
2.682321396266947877e-01
2.605933090994314583e-01
2.640218796777443755e-01
2.862478467009371697e-01
3.357958943656728645e-01
4.328005399366385841e-01
5.606071293077594664e-01
7.094656010558708648e-01
8.959713061548404411e-01
1.048144432700720552e+00
1.199588118212525423e+00
1.304336691056742437e+00
1.386336433028615645e+00
1.470266267598479892e+00
1.527210120314678843e+00
1.524123992016893858e+00
1.486531421776289719e+00
1.389431306125609611e+00
1.253932024161192205e+00
1.162253197709829822e+00
1.066162074663766779e+00
9.749468828029388412e-01
9.393499761301008499e-01
8.971141442038464975e-01
8.888976130060839420e-01
8.779837318910185262e-01
8.826236328042285084e-01
8.900182563731909857e-01
9.064778096648171690e-01
9.146480592648056351e-01
9.193810369802756233e-01
9.447738831667901183e-01
9.672308254086361412e-01
9.803168356739870859e-01
9.902471407564179540e-01
1.000123468457863929e+00
1.017178156351931984e+00
1.026289701768428930e+00
1.029620849380862513e+00
1.019374270288870843e+00
1.022286598421246362e+00
1.016630529887402989e+00
1.008926911808716076e+00
9.974492973788438022e-01
9.895450390354599834e-01
9.830030114981036515e-01
9.795967705314839735e-01
9.709516540816905961e-01
9.704337713304602708e-01
9.660352783492415218e-01
9.704392482840165091e-01
9.725275031246154445e-01
9.855417072030594472e-01
9.823019791323671646e-01
9.869334032742644869e-01
9.975678452346542491e-01
1.004734804275023263e+00
1.006875994079927450e+00
1.007327866576090303e+00
1.005019281538966247e+00
1.007138973980106211e+00
1.009622337300246420e+00
1.012060698345213172e+00
1.001660115241716387e+00
1.006537041405748178e+00
9.990224691196049056e-01
9.991280704723438655e-01
9.930983441354673813e-01
9.900796010242144396e-01
9.949424688431269814e-01
9.810131792439168441e-01
9.875293834961539341e-01
9.948276094110569678e-01
9.941512956535073497e-01
9.876297429582926446e-01
9.928547211096843128e-01
9.924586163049795573e-01
9.959161012098318722e-01
1.002049586124727609e+00
9.972611788825747059e-01
1.003792146587739520e+00
9.969898466531574854e-01
1.001119979668110060e+00
1.005334623674785544e+00
1.003879271602589052e+00
1.003255277354037300e+00
1.002816467610443185e+00
1.004550617229601484e+00
1.005407857487631063e+00
1.000402997211466971e+00
9.999561245537460508e-01
9.968476960874284032e-01
1.001843663787788996e+00
9.944662534932385833e-01
9.985318855287170781e-01
9.974487536754967909e-01
1.000513786452086995e+00
9.985863024914911623e-01
9.973072448866572293e-01
9.993711278088103223e-01
9.959057810316550574e-01
9.987893012513575641e-01
9.953433781534110070e-01
9.970690518997470386e-01
9.967360260354363177e-01
1.000850554699374673e+00
1.002008201771245277e+00
9.975111461317487382e-01
1.000556129559520890e+00
9.953732675657620543e-01
9.982576649107005595e-01
1.003254669927067466e+00
9.972814861967836952e-01
9.988834523277141386e-01
1.001160902247502316e+00
9.985382188982262486e-01
9.994457830517409214e-01
9.956573081319931573e-01
9.995042465750449967e-01
9.964782583818090345e-01
1.001268686296459487e+00
9.959997376736023922e-01
9.993229932383767000e-01
9.933329394993092309e-01
9.971080924529839296e-01
1.001264752755580911e+00
9.966215683689773064e-01
9.957701322361074414e-01
9.992828969915081849e-01
1.000260711698122584e+00
9.973730157574225430e-01
9.962001074089639197e-01
9.952587352206386795e-01
9.933303851943050544e-01
9.946988216145747908e-01
9.994337664883079508e-01
9.998382431417340843e-01
9.976906105890129828e-01
9.967566443086439687e-01
9.951405907344330615e-01
9.958808558391427646e-01
9.959215045121708743e-01
1.000573016956927352e+00
9.980458957154072497e-01
9.996895896465439746e-01
9.992709043582235218e-01
9.979538317883531739e-01
9.994576652378277526e-01
9.963055850601810759e-01
9.966533382297583232e-01
9.987944714404191071e-01
9.966291240303494225e-01
9.971163341684685655e-01
9.956886455226241495e-01
9.978447782113070152e-01
1.002928625118517214e+00
1.001465407842038857e+00
9.980599742022768783e-01
1.001137748774081349e+00
9.991036227352048105e-01
1.002076086071105321e+00
1.001228477971156439e+00
1.001975720866637776e+00
9.995710964908290919e-01
9.992130353451372793e-01
1.001769693440003328e+00
9.961670121926100574e-01
1.000200029133470725e+00
1.001918334262448695e+00
9.981986137723645180e-01
1.001882202077579276e+00
1.001292542151902110e+00
1.001238957116439732e+00
9.981016352337486186e-01
1.000293532335733815e+00
1.003506135012984801e+00
9.991594658961331366e-01
9.990513664626882173e-01
9.997626619547138604e-01
9.995125541332384733e-01
1.004375748857814887e+00
1.001238593440560098e+00
1.003898602590918898e+00
9.985327680310865928e-01
1.001568964789626426e+00
1.000645402073894408e+00
1.002999159691581710e+00
1.004072198586672737e+00
1.000301884041724598e+00
9.985009176240655648e-01
1.002576308975055008e+00
1.000703197018514290e+00
1.002886543789796248e+00
1.001286581632991668e+00
1.001064054295724093e+00
1.003186890279540666e+00
1.003062404138021169e+00
1.001774796011180246e+00
1.003670672468037317e+00
1.002642870851919499e+00
1.000836322149696311e+00
1.001292569781971453e+00
9.996088157707172517e-01
1.000485178395685404e+00
1.000947517548550714e+00
1.000226325764679292e+00
1.001632296599647587e+00
1.001784971613456587e+00
1.000524471470348065e+00
1.001899289149526862e+00
1.000497444480218379e+00
1.001986984010031279e+00
9.993800956398469770e-01
1.000560077474905718e+00
1.001270640987507621e+00
9.982043384003145281e-01
9.974372832591903437e-01
1.001132763746541254e+00
9.987684889985206649e-01
9.982305116234252429e-01
9.993259187087536466e-01
1.000245123192271768e+00
9.993129207426347804e-01
9.996508213769802476e-01
9.982404569673756223e-01
9.983960715848559930e-01
9.995522166395645058e-01
1.000614992456893448e+00
9.992535868794585330e-01
9.967934957480096836e-01
9.866499483493257339e-01
9.781093014595152457e-01
9.685732285208832337e-01
9.539919421839919700e-01
9.458720329664158655e-01
9.335446374805953518e-01
9.224396447447177350e-01
9.149020026519547599e-01
9.011427934218062541e-01
8.919812674230449545e-01
8.789172291731250919e-01
8.714833846817192642e-01
