0.000000000000000000e+00
0.000000000000000000e+00
0.000000000000000000e+00
0.000000000000000000e+00
0.000000000000000000e+00
0.000000000000000000e+00
0.000000000000000000e+00
0.000000000000000000e+00
0.000000000000000000e+00
0.000000000000000000e+00
0.000000000000000000e+00
0.000000000000000000e+00
0.000000000000000000e+00
0.000000000000000000e+00
0.000000000000000000e+00
0.000000000000000000e+00
0.000000000000000000e+00
0.000000000000000000e+00
0.000000000000000000e+00
0.000000000000000000e+00
0.000000000000000000e+00
0.000000000000000000e+00
0.000000000000000000e+00
0.000000000000000000e+00
0.000000000000000000e+00
0.000000000000000000e+00
0.000000000000000000e+00
0.000000000000000000e+00
1.492375305975927804e-05
6.045280280995321727e-03
1.977566355685649591e-01
1.265249414800930117e+00
2.836130884230994464e+00
3.345338634782158760e+00
2.728391702503437433e+00
1.888350478535156363e+00
1.275296387785058494e+00
9.158328304761574890e-01
7.464229563091965280e-01
6.795622455806800133e-01
6.686357742939064153e-01
6.911623515336081658e-01
7.401421339829687973e-01
8.069769546120029169e-01
8.834510584453874049e-01
9.656660127023832807e-01
1.042299276657186136e+00
1.111729028624513393e+00
1.165251822145156879e+00
1.198402039250346274e+00
1.214534023548185404e+00
1.212409809780909953e+00
1.196154341509513497e+00
1.165347165250993244e+00
1.128546745279128460e+00
1.088422969436386056e+00
1.036611049436383158e+00
9.980974811654532708e-01
9.638489677323096583e-01
9.380448987331796440e-01
9.148402007840809036e-01
9.083161786461425580e-01
9.068834562775073271e-01
9.170434532108833192e-01
9.355573210080667668e-01
9.544714421563028628e-01
9.730532319550663223e-01
9.917620852590014469e-01
1.004551181420973993e+00
1.021318829492961378e+00
1.036598638044948784e+00
1.043034682282960368e+00
1.049394824379840552e+00
1.056046092974735950e+00
1.056244079836782479e+00
1.054772328579717922e+00
1.044819168360292316e+00
1.036710525403408800e+00
1.024929583720190829e+00
1.010181431930833984e+00
1.000873793527570887e+00
9.908162141967365999e-01
9.871618444642746848e-01
9.829469371662540311e-01
9.830461487331590975e-01
9.810940792351565687e-01
9.827473557104895452e-01
9.871140877110796685e-01
9.916295358695882411e-01
9.928087117286563679e-01
9.956358907280128401e-01
1.000237328147203009e+00
1.002408958250452065e+00
1.001541408572218295e+00
1.002367406517058468e+00
1.004077185657210380e+00
1.001832630518814327e+00
1.002067426008310891e+00
1.000880454226414029e+00
9.997368993694218942e-01
9.986540916246546828e-01
9.969948664136215610e-01
9.963211576664861013e-01
9.952484333461169008e-01
9.960700932175934330e-01
9.947333494425256717e-01
9.946411824517562561e-01
9.962769404366461634e-01
9.969473911309729708e-01
9.958348477626820516e-01
1.001231355109909460e+00
1.000729406312384828e+00
9.990352708520197078e-01
9.998783013877943215e-01
1.001387551098088302e+00
1.001382617272489783e+00
9.984639907115463453e-01
9.991687322943627603e-01
1.000094346414864832e+00
9.997514993154381635e-01
9.980065039003290783e-01
9.977575446652603430e-01
9.984266212970329679e-01
9.984512800552877154e-01
9.981077778330679218e-01
9.978554452526045004e-01
9.994454189134198696e-01
9.982274827014717689e-01
9.986596610734103097e-01
9.996404549845099297e-01
9.996148171518666192e-01
9.984493815226846980e-01
9.993146703233386496e-01
9.999965107784650753e-01
1.000477303675487040e+00
9.996134975630490693e-01
1.001065152368450839e+00
1.001132720844909008e+00
1.001815073013837765e+00
9.995704620261732787e-01
9.998415656037622501e-01
9.985381162953174128e-01
9.983117436872496198e-01
9.992716053019565781e-01
9.994080048348016332e-01
9.996323737067959181e-01
9.997789704630185570e-01
9.999913055189102451e-01
9.989753512738610564e-01
9.988809385738436353e-01
9.997536092136052321e-01
1.000732831133747780e+00
9.995257814498957893e-01
1.000374117346042535e+00
9.988004128054733810e-01
9.998971775485704372e-01
9.999855670418887899e-01
9.988841781771442552e-01
9.992176584539070872e-01
1.000121884548053286e+00
1.000160856351703043e+00
1.001686227464646750e+00
1.000404894351865526e+00
9.997759905198791985e-01
1.001388432019426622e+00
1.000378127252522287e+00
1.000175141791648903e+00
9.982304364478324921e-01
9.999794788130400569e-01
1.000146080296691720e+00
1.000058581495961940e+00
1.000381996705210552e+00
9.993921877655598252e-01
1.000259545050819376e+00
9.997642490045436370e-01
1.000196113664913788e+00
9.995060409411076208e-01
1.000031606822109120e+00
9.987785079266469079e-01
9.996847475686638784e-01
9.995113105625322847e-01
1.000136980316785662e+00
9.998630692694955302e-01
1.000064953291369241e+00
1.001003968981259762e+00
1.000309574237594257e+00
1.000473103942270070e+00
1.000296588438263967e+00
9.995905201141398466e-01
1.000688211310147846e+00
9.991816822349901539e-01
1.001052949528285163e+00
1.001505231575476440e+00
9.995084612553946091e-01
1.000538933729018032e+00
1.000985082715705410e+00
9.994906177894103960e-01
9.996778778463644155e-01
1.000586594449993871e+00
9.999727561548550359e-01
1.000661212091563890e+00
9.996201024888914377e-01
9.995390224091803555e-01
1.000576362378017059e+00
1.000238571405858146e+00
9.997692386885712601e-01
1.000338408383117716e+00
1.000420527693172135e+00
9.998105885326142861e-01
9.997699281571650332e-01
9.997593286348875896e-01
9.995267152184575954e-01
1.000688081502898230e+00
9.996913136447668213e-01
1.000058161080923602e+00
1.000521087075333604e+00
9.996243484050620909e-01
9.999536291936568233e-01
1.000788326643373249e+00
1.000063421932479324e+00
1.000717004945390620e+00
1.000057612617169855e+00
9.995449534104114964e-01
1.001327131560412198e+00
9.991696729543535493e-01
1.000034966957446425e+00
9.997415659584353298e-01
9.991307774630396876e-01
9.995822515747750936e-01
1.000348379160398427e+00
9.994545164908530399e-01
1.000565338796558512e+00
9.999233074789006803e-01
1.000056231788457595e+00
9.994836407068584672e-01
9.992090778965257991e-01
9.992222421190546378e-01
1.000123498510980813e+00
1.000709836674107622e+00
1.000499973135813958e+00
9.992240087017704164e-01
9.992304359584204265e-01
9.995388021485072105e-01
1.000270288883837955e+00
1.000400535716527317e+00
1.000796384504632153e+00
1.000338868935550574e+00
9.999704472151815793e-01
9.996114715664063954e-01
1.000324095365060728e+00
1.000685356396752157e+00
9.999242555345558836e-01
9.992055945992307509e-01
1.000312123900671812e+00
1.000367211065784190e+00
9.999948619716190201e-01
1.000186064332402758e+00
1.000278136326084866e+00
9.995915721889435668e-01
1.000181695004242144e+00
1.000194692110273564e+00
9.998713603475277711e-01
1.000625271085848977e+00
9.997884870758830811e-01
9.995032359105410213e-01
1.000221671418708880e+00
1.000237540778638134e+00
9.991626158861788287e-01
9.899921284230475127e-01
9.788500630998608898e-01
9.676003508364084960e-01
9.577397752503645778e-01
9.461614340836200787e-01
9.358862701951670138e-01
9.245828379968955568e-01
9.145351885548769211e-01
9.037317090636821648e-01
8.928077205163904573e-01
8.830609779271304527e-01
8.723486705964007548e-01
