0.000000000000000000e+00
0.000000000000000000e+00
0.000000000000000000e+00
0.000000000000000000e+00
0.000000000000000000e+00
0.000000000000000000e+00
0.000000000000000000e+00
0.000000000000000000e+00
0.000000000000000000e+00
0.000000000000000000e+00
0.000000000000000000e+00
0.000000000000000000e+00
0.000000000000000000e+00
0.000000000000000000e+00
0.000000000000000000e+00
0.000000000000000000e+00
0.000000000000000000e+00
0.000000000000000000e+00
0.000000000000000000e+00
0.000000000000000000e+00
2.884154338353154732e-05
3.568742784947924462e-02
1.044889832286818310e+00
3.447643015803395716e+00
3.423206739694518941e+00
1.910771053076530723e+00
8.727741633440874169e-01
3.984020748166459125e-01
2.050747526706821200e-01
1.259688760856709500e-01
1.857747413668454362e-01
7.069634706075065278e-01
1.493684428519885365e+00
1.757851201093339144e+00
1.472223842876965838e+00
1.086319023760707880e+00
8.262638708695867473e-01
7.080095250334900170e-01
6.964408826636290240e-01
7.484663532229627325e-01
8.255716581599403803e-01
9.147621073350638010e-01
9.987331553045363242e-01
1.072557859806486213e+00
1.131136174405726447e+00
1.170814338923006570e+00
1.195468101563185614e+00
1.199651227337077630e+00
1.188126221036774011e+00
1.161750844662026605e+00
1.123984209399687906e+00
1.087734392895358226e+00
1.054552461001283303e+00
1.023377312957253427e+00
9.986669979936856345e-01
9.809073744373699721e-01
9.599536000506573297e-01
9.467428262597057387e-01
9.366278699038425026e-01
9.327612480113233184e-01
9.305705941807118631e-01
9.330409431123423136e-01
9.386254168988439339e-01
9.458528875189813334e-01
9.579394794291188342e-01
9.692977276062448855e-01
9.763674963798660844e-01
9.866974319599798315e-01
9.914665935440475364e-01
1.000731124403387629e+00
1.004753953240857367e+00
1.005747788893568639e+00
1.010014669018995948e+00
1.013097376074091116e+00
1.014845763173073179e+00
1.016938889715154559e+00
1.015565557401126640e+00
1.014367060654675301e+00
1.011228431703308894e+00
1.008784092542007738e+00
1.007646831882651250e+00
1.004652456512814540e+00
1.003436160266713895e+00
1.002257363231697118e+00
1.000282504569475650e+00
9.993193018155632767e-01
9.982237430515934484e-01
9.981448655293786443e-01
9.972442621310072530e-01
9.960118819091040576e-01
9.968636893507144547e-01
9.964262162271544376e-01
9.969887891034857619e-01
9.956187794385572554e-01
9.957230490131068201e-01
9.959097040356811315e-01
9.957172905680085062e-01
9.957300133762457817e-01
9.960211501017157687e-01
9.968550139198643079e-01
9.971189545282458377e-01
9.991529887646412034e-01
9.990818187915018189e-01
9.983724691467021906e-01
1.000046602634038662e+00
9.995622790057944185e-01
1.000587635781776674e+00
1.000604757151736468e+00
1.001041331719484839e+00
1.000343207310522731e+00
1.001217455172509707e+00
1.000976600153803187e+00
9.995826908503628871e-01
1.001114855600941933e+00
1.002114361511208029e+00
1.001060464489944346e+00
9.997426332946147687e-01
9.996073331420464170e-01
1.000605864985554261e+00
1.000071547474909339e+00
9.997422661216643913e-01
9.992714560788112932e-01
9.989707170546057169e-01
9.988705546083397335e-01
9.986861527755381829e-01
9.986136016601626642e-01
9.988931424382259117e-01
9.991991870552056065e-01
9.993042730904767579e-01
9.997669602733366689e-01
9.997037985434195084e-01
9.988223484841883826e-01
9.999164616195296285e-01
9.997012964067276686e-01
9.996895537098351436e-01
9.992935892331873404e-01
1.000297714847104169e+00
1.000472587958226800e+00
1.001298104373995024e+00
9.998168437795643682e-01
1.000073398362293808e+00
9.994893206426399557e-01
9.997962063590398740e-01
9.996498561418769579e-01
1.000105011715934911e+00
1.000334721439982921e+00
9.998049536982291929e-01
1.000206949623492214e+00
9.999646094110020700e-01
9.991092935184827661e-01
9.993682460244133203e-01
1.000491450909566593e+00
9.992862532774704487e-01
1.000253464691870375e+00
9.988595798355814903e-01
9.996650476742418023e-01
9.996828905939478815e-01
9.994303097508809852e-01
1.000072274250899840e+00
1.000218858243275610e+00
9.998693136587383234e-01
1.000900018683881898e+00
9.998105935964344271e-01
9.997494608816995809e-01
1.000489965593324593e+00
1.000231846739430219e+00
1.000177328307106039e+00
9.989157425501232757e-01
9.993863985256267179e-01
9.999796169309281835e-01
9.999564103177777108e-01
1.000250718604110078e+00
9.996341899903717909e-01
1.000156446601431215e+00
9.996539681693120682e-01
1.000030997772080488e+00
1.000124601578357364e+00
9.999725428235191060e-01
9.997285728722772324e-01
1.000158264507667649e+00
9.993351223746802514e-01
9.999047668883057627e-01
9.999398704613570166e-01
1.000463506892552701e+00
9.999314588779385504e-01
1.000481148606559234e+00
1.000523468086968570e+00
1.000201586961053213e+00
9.997298937603532609e-01
1.000502872983877412e+00
9.996720788084700882e-01
1.000928156380017198e+00
1.001015484687842960e+00
9.997422300949541096e-01
1.000103750720069185e+00
1.000403517031559497e+00
9.997358273030146902e-01
9.999069354373051333e-01
1.000557980794988477e+00
9.999857015272872740e-01
1.000083411237740805e+00
9.999270431689871730e-01
9.993549872730336237e-01
1.000079728328582940e+00
1.000065800305841801e+00
9.997728270636538905e-01
1.000300312664843316e+00
9.999711534533330948e-01
1.000139234996990201e+00
1.000083015113026441e+00
1.000509251071282302e+00
9.994300989387892020e-01
1.000264840598671157e+00
9.998519532819712952e-01
9.997712252202907157e-01
1.000363023737802948e+00
9.996771109727897731e-01
9.995958801681953387e-01
1.000317673158806819e+00
9.999110669449802202e-01
1.000630109466866369e+00
9.998079230205220158e-01
9.995721349809104650e-01
1.001118901302464392e+00
9.995065427189874230e-01
1.000062741342360839e+00
9.996465708454446153e-01
9.993243713703862108e-01
9.997026409019975635e-01
9.999069155968216549e-01
9.999602683916943846e-01
1.000135994329251599e+00
9.998535603822900075e-01
1.000101924793559416e+00
9.996526218079452297e-01
9.996707395121454676e-01
9.996735055247306656e-01
9.998806346457322913e-01
1.000650587851887208e+00
1.000730132443227616e+00
9.995816830827479738e-01
9.990828531444800875e-01
9.998919410732940438e-01
1.000021253489719042e+00
1.000562567710210127e+00
1.000424769550250170e+00
1.000660089811381992e+00
1.000171520808583958e+00
9.997861941179100320e-01
9.999121082087931711e-01
1.000452652800033482e+00
9.999414092741569782e-01
9.994059142415601116e-01
1.000406354364915762e+00
1.000327811784752718e+00
9.999641273434400901e-01
1.000246963099945541e+00
1.000309583799818158e+00
9.994333719346764067e-01
1.000111754607742265e+00
1.000340914886024501e+00
1.000005563986666735e+00
1.000159042323869762e+00
9.997445745359475611e-01
9.996988744448880304e-01
1.000348164112529581e+00
1.000182833460380394e+00
9.986823106586154575e-01
9.901030300829710695e-01
9.792297937845615419e-01
9.681849624209308836e-01
9.573180060393012836e-01
9.461314759401220353e-01
9.357780898273846404e-01
9.247707566943990098e-01
9.143736282988920161e-01
9.035096314934210060e-01
8.927216853406606534e-01
8.827468131294609055e-01
8.722533873353625067e-01
