0.000000000000000000e+00
0.000000000000000000e+00
0.000000000000000000e+00
0.000000000000000000e+00
0.000000000000000000e+00
0.000000000000000000e+00
0.000000000000000000e+00
0.000000000000000000e+00
0.000000000000000000e+00
0.000000000000000000e+00
0.000000000000000000e+00
0.000000000000000000e+00
0.000000000000000000e+00
0.000000000000000000e+00
0.000000000000000000e+00
0.000000000000000000e+00
0.000000000000000000e+00
0.000000000000000000e+00
0.000000000000000000e+00
0.000000000000000000e+00
0.000000000000000000e+00
3.482455263101683768e-02
1.044735379114912543e+00
3.449189992342412747e+00
3.426303597171573401e+00
1.902981474713661303e+00
8.716699479808348583e-01
4.003054086050392146e-01
2.071636304995624900e-01
1.252672394146402968e-01
1.894235934170444557e-01
7.088577293430130544e-01
1.493134602251285692e+00
1.752151543456319516e+00
1.474032764692679187e+00
1.087419426695321212e+00
8.272270382631436991e-01
7.083219412289067929e-01
7.001087309907666478e-01
7.472055151963764574e-01
8.278023422309600532e-01
9.143755223844758362e-01
9.995076978988886029e-01
1.071264949112547216e+00
1.129139810491379459e+00
1.171756993300152372e+00
1.196036637917045509e+00
1.205003562652901428e+00
1.189268396107982628e+00
1.162717698168860503e+00
1.125072950233021007e+00
1.085508890503855239e+00
1.054595366082656804e+00
1.025983879933942911e+00
1.002798045494668777e+00
9.790256804280003111e-01
9.613404269076206710e-01
9.484829154483181979e-01
9.410294489845982824e-01
9.319120875890950506e-01
9.299185246562999829e-01
9.323608899776856251e-01
9.374961036232651868e-01
9.470269454621772498e-01
9.567169036460935194e-01
9.688963709619091702e-01
9.758271104923841310e-01
9.841307719283388655e-01
9.932489193530074090e-01
9.997255434243752514e-01
1.003499652878236503e+00
1.009249636865802602e+00
1.013312092083874738e+00
1.015833160025970905e+00
1.017556478780164531e+00
1.017536358324707901e+00
1.014908347575055547e+00
1.015219115000928207e+00
1.012118530333445010e+00
1.010226129967059627e+00
1.006526435545839426e+00
1.004654217573665687e+00
1.003340625150804133e+00
1.000831114988484982e+00
1.000251379205877145e+00
1.000832828079625036e+00
9.992810977067254630e-01
9.980594342928669205e-01
9.974014103921762242e-01
9.985349240532742643e-01
9.970029256475962942e-01
9.968332546816415229e-01
9.965419826086935329e-01
9.963255927974057347e-01
9.955523359242482995e-01
9.962923575589324177e-01
9.955102161209468115e-01
9.975997553037521115e-01
9.975259054327066943e-01
9.970893850654486412e-01
9.981189052138738083e-01
9.993858007868986482e-01
1.000346565016157152e+00
9.999774856600509576e-01
1.000644395503230921e+00
1.002168490314653937e+00
1.001801825467428575e+00
1.002400474438658096e+00
1.000952173166060000e+00
1.000825659292676306e+00
1.001427425016208961e+00
1.001320580046108910e+00
1.002092876727635362e+00
1.001571148820063151e+00
1.000764423346998999e+00
1.001213123615014799e+00
1.000606178348325992e+00
1.001996798271706846e+00
9.995309444691943268e-01
1.000712807812041527e+00
1.000757723981171798e+00
1.000062365821888344e+00
9.990809238551385807e-01
1.000000342677342946e+00
9.996221979574687611e-01
9.997772104156275041e-01
9.996561828069827627e-01
9.997146269896652893e-01
9.996237466359069179e-01
9.998921314907238678e-01
9.995572427318349940e-01
1.000784457542505779e+00
9.997477459687708068e-01
1.000111290778297857e+00
9.993753975226896680e-01
1.000442734709149128e+00
1.000131091884212342e+00
1.001640343932936217e+00
9.995756261088700745e-01
1.000567348061303319e+00
9.998272960749519100e-01
1.000395087103302272e+00
1.000718364657268822e+00
1.000021453108627778e+00
1.000066903192298851e+00
1.001014249607923734e+00
1.001248358724543763e+00
1.000163166035465290e+00
1.000162313304843398e+00
1.001349722501486683e+00
1.000357400644635408e+00
1.000473683287688154e+00
1.000870510457050555e+00
9.997519615958671002e-01
1.000269241546324572e+00
9.989760449988129842e-01
1.000415814859534791e+00
1.000346165954234534e+00
9.993299548854053249e-01
9.998994047169658117e-01
1.000861411379895261e+00
9.997739509973793126e-01
9.999431342020801416e-01
1.000805073105543785e+00
1.000174798639731133e+00
1.001225745425636804e+00
9.992853080879197103e-01
1.000610348408661920e+00
1.000303860172104375e+00
1.000257328266060730e+00
1.000928170079867563e+00
1.001066709831432089e+00
1.000049555982490235e+00
9.999043364980978454e-01
1.000348131557659448e+00
9.992734742040138007e-01
9.999450277517625274e-01
9.997890271705701659e-01
1.000820864735686877e+00
1.000705471165273419e+00
9.998122478902533583e-01
9.997230915300028276e-01
1.000387229590607996e+00
1.000176426997134715e+00
9.992395040589772126e-01
9.997951337054324927e-01
9.993540640297264854e-01
1.000952404040716726e+00
1.000689627580112928e+00
9.995555533557805017e-01
9.998835889727407666e-01
1.000047460885058248e+00
1.000699535386742500e+00
1.000470222772657181e+00
1.000344296945160805e+00
9.998147393924401438e-01
1.000574968538282761e+00
9.995540978575752078e-01
1.000487439679349499e+00
9.995419968552979872e-01
9.995923474772623329e-01
9.996278496263765190e-01
1.000367830714117501e+00
9.997621476907322391e-01
9.997448961855290861e-01
9.996595304797629700e-01
1.000530855100319139e+00
1.000037795993764966e+00
9.999620327717978485e-01
1.000160914393718237e+00
1.000260272777911075e+00
9.995822001845217075e-01
1.000381190191993008e+00
1.000295126165136494e+00
9.994893140784800734e-01
9.999517905097190518e-01
1.000324425399121919e+00
1.000296708644723198e+00
1.000393926729344241e+00
1.000126389127787618e+00
9.995170779828149721e-01
9.997909323559395212e-01
1.000447696090997152e+00
1.000032229801221417e+00
9.996048964211616816e-01
1.000335407581748104e+00
1.000115459890330127e+00
9.994672928391995503e-01
1.000754493318217531e+00
1.000498160380746349e+00
1.000001624388268118e+00
9.998711871515459926e-01
9.997098034755124152e-01
9.996444738723733181e-01
1.000319632663587699e+00
1.000208523379276127e+00
1.000058643317242257e+00
1.000295593292820362e+00
1.000057010773574007e+00
1.000702099009641133e+00
1.000127246381443680e+00
1.000107869582032460e+00
9.994873235548408230e-01
1.000269646015657266e+00
9.999905021446567899e-01
1.000813216984002718e+00
1.000252842665040554e+00
9.994294450148299980e-01
1.000645116995316997e+00
1.000262147875120800e+00
1.000164551497904286e+00
9.999693110462841705e-01
1.000089116808741130e+00
1.000228551311201697e+00
1.000194155869062129e+00
9.997150322876249273e-01
1.000548220891711138e+00
9.997888926164449908e-01
9.997695616547342956e-01
1.000496173901724406e+00
1.000078782344958173e+00
1.000336249440763714e+00
1.000027388129359318e+00
9.996176486220307300e-01
9.996603389419927987e-01
1.000556612306447768e+00
1.000408668547935642e+00
9.988070819075697271e-01
9.900870421107180741e-01
9.793235143872445203e-01
9.680740033669943401e-01
9.571306261728185216e-01
9.459175027336412800e-01
9.353367436703341475e-01
9.245214652705269209e-01
9.138929121338402739e-01
9.033105570807571372e-01
8.930932841711193282e-01
8.823923216955826820e-01
8.723511240932163568e-01
