0.000000000000000000e+00
0.000000000000000000e+00
0.000000000000000000e+00
0.000000000000000000e+00
0.000000000000000000e+00
0.000000000000000000e+00
0.000000000000000000e+00
0.000000000000000000e+00
0.000000000000000000e+00
0.000000000000000000e+00
0.000000000000000000e+00
0.000000000000000000e+00
0.000000000000000000e+00
0.000000000000000000e+00
0.000000000000000000e+00
0.000000000000000000e+00
0.000000000000000000e+00
0.000000000000000000e+00
0.000000000000000000e+00
0.000000000000000000e+00
0.000000000000000000e+00
3.610562814940036780e-02
1.046838141219918139e+00
3.463108804310626176e+00
3.431025382508927191e+00
1.919694060846854233e+00
8.745367831284599491e-01
4.017772029494027786e-01
2.070817548881107861e-01
1.254348990440428968e-01
1.901721034975867308e-01
7.130208711339822703e-01
1.492596007230362121e+00
1.758153045682479654e+00
1.479735943079943938e+00
1.088110947519453475e+00
8.236991200988236228e-01
7.067979328931764949e-01
6.963209249581534532e-01
7.452181558669317418e-01
8.239963642467472704e-01
9.126200498492099689e-01
9.989644457911792674e-01
1.075198939528224207e+00
1.128406753597940959e+00
1.172738191928513363e+00
1.197783863058202058e+00
1.206800646764220053e+00
1.193802338134973162e+00
1.162561038171188832e+00
1.124638758153068574e+00
1.088752006764954317e+00
1.053086046732677694e+00
1.024980387479469846e+00
1.000429666184691646e+00
9.796351384407513407e-01
9.616988735798257526e-01
9.473510717042065155e-01
9.397703832449471051e-01
9.346252338935698845e-01
9.305757163755279393e-01
9.333139166620225691e-01
9.365841989621268571e-01
9.466068657614977733e-01
9.553498462284144566e-01
9.691472310327401418e-01
9.758034862969552359e-01
9.856935928558889781e-01
9.926814099841748673e-01
9.975555336963999320e-01
1.005862899890093809e+00
1.010637825282322932e+00
1.011925905136378701e+00
1.016287619441827994e+00
1.015588831388883895e+00
1.014938158572791460e+00
1.015285419287595525e+00
1.013556311968121015e+00
1.012531464922294289e+00
1.008694775372985575e+00
1.006989214475491279e+00
1.004796672742971797e+00
1.003041722810357639e+00
1.001851477006647562e+00
9.998573511940482827e-01
1.000559831732889871e+00
9.990987582975409120e-01
9.975211020513083948e-01
9.983385773701866084e-01
9.975283027721255635e-01
9.960325224523502996e-01
9.953922411071123300e-01
9.958281754520682538e-01
9.953064877060571192e-01
9.946780872254830097e-01
9.967372876416188410e-01
9.966396584332130049e-01
9.951178471742975207e-01
9.967881177716951813e-01
9.972587348363081139e-01
9.979112095130041604e-01
9.979856099402845127e-01
9.994773388924678148e-01
9.998658827334094834e-01
9.996219741637540901e-01
1.000158977569037599e+00
1.000010135388229804e+00
1.000522948622847519e+00
1.000437209761964485e+00
1.001091562963337678e+00
1.000728475254152317e+00
1.000433290016808474e+00
1.000364926156592116e+00
1.001342038974181392e+00
1.001366015243740915e+00
1.000451183117128329e+00
9.997014200689916530e-01
9.994217543235406342e-01
9.983167460659575498e-01
1.000679931718758242e+00
1.000624683093769285e+00
9.997093354102591922e-01
9.988822544870569198e-01
9.996580020060482630e-01
9.985207359016987638e-01
9.994831249216953317e-01
9.988885549179693513e-01
9.995318886153761184e-01
9.987730092349829114e-01
9.993325536486117322e-01
9.994480759299673167e-01
9.991388633268818431e-01
9.986042569154282011e-01
9.996171707959786712e-01
1.000190799521560425e+00
9.989196789659380293e-01
1.001205529155489105e+00
9.998865055910394206e-01
1.000506915398545749e+00
9.995416842243315392e-01
9.997147088970749218e-01
1.000772632356600411e+00
9.999563145813235021e-01
1.000689389512787519e+00
1.001091939616793436e+00
1.000203595416954361e+00
1.000656520522515525e+00
9.992801699707204444e-01
1.000252566705294832e+00
1.000537933827812864e+00
9.993324040787980866e-01
9.997140064062332021e-01
1.000530595633169373e+00
1.000348218766116126e+00
9.996045118143435104e-01
9.990979384216170933e-01
9.994734544690495603e-01
9.993545209566537801e-01
1.000407832716018630e+00
1.001110605777655316e+00
9.998022324523087034e-01
1.000098679369942234e+00
9.994655842518631594e-01
9.997948003181866827e-01
9.996156847812940338e-01
9.996745946832271690e-01
9.997476533209994631e-01
9.999525169680866243e-01
1.000331884194312293e+00
9.994573888239172144e-01
1.000186511692734870e+00
1.000865544207633073e+00
9.997006824147957049e-01
9.999774822212422754e-01
1.000206578945420199e+00
1.000178188666307477e+00
9.996221769117186184e-01
1.001456518431639520e+00
1.000624478260436101e+00
1.000070262616200134e+00
1.000223501854011099e+00
1.000037028622282831e+00
1.000486846137783381e+00
9.998282980136968812e-01
9.999118861456375296e-01
9.999750217184862899e-01
1.000108963773690407e+00
1.000279373505155833e+00
1.000159422631443196e+00
1.000186134552704331e+00
9.996940135398110217e-01
9.997565826040710757e-01
1.000061924138949676e+00
9.996655365827112893e-01
1.000460693016459901e+00
9.998975109326042610e-01
1.000000032353246082e+00
9.998995708620098677e-01
1.000114180889440485e+00
9.989576814207293820e-01
1.000431591943730547e+00
9.997324963857552316e-01
1.000025097253469886e+00
9.998526868248684973e-01
1.000247159094858507e+00
9.998206016100482652e-01
9.995562213143980301e-01
9.995921465298127639e-01
1.000013488913275683e+00
9.999865631651566611e-01
9.998526338287410109e-01
1.000154571518876878e+00
9.994402378798472597e-01
9.996345743550005825e-01
1.000466361352328803e+00
1.000106666823676660e+00
9.998289783532644526e-01
1.000267500469287141e+00
1.000255320047825247e+00
9.998671991461393072e-01
1.000267878133215493e+00
1.000119364912961606e+00
9.996310588700597632e-01
1.000112620677313435e+00
1.000042892827038621e+00
9.997240814382976071e-01
1.000638692263261742e+00
1.000357951203340479e+00
1.000144666101464130e+00
1.000432917445185588e+00
1.001205025049890507e+00
9.998482687821135251e-01
1.000297509723172107e+00
1.000883047699470341e+00
1.000439693276228059e+00
1.000041749523189694e+00
1.000234075094123432e+00
9.998399969681777133e-01
1.000066501111062989e+00
1.000021998655910016e+00
9.999243725292786822e-01
1.000009613147546439e+00
1.000289603768390601e+00
1.000453580025862932e+00
9.998830188519866047e-01
1.000923480570092394e+00
9.997289632848623819e-01
9.999756943381055141e-01
9.998072045717066869e-01
9.999305061962531216e-01
1.000015629939324802e+00
1.000367916690736658e+00
1.000745059204679599e+00
9.998916814627547556e-01
1.000430313315885833e+00
1.000714853766627499e+00
1.000517088918672748e+00
1.000248875502166568e+00
1.000231154666047617e+00
1.000247726284786198e+00
9.996473731516051231e-01
1.000107611352956560e+00
1.000283071719670458e+00
1.000624795510420606e+00
1.000372469969115885e+00
1.000011968268992746e+00
9.996317690447380500e-01
9.986450715085595231e-01
9.902229983826443815e-01
9.787967052846626714e-01
9.677269643192553117e-01
9.563869968325170445e-01
9.467030084397596301e-01
9.352776716934813050e-01
9.245421658617126726e-01
9.139947005020656601e-01
9.030258537436782751e-01
8.929057962229024481e-01
8.826256651686225085e-01
8.721520371475089961e-01
