0.000000000000000000e+00
0.000000000000000000e+00
0.000000000000000000e+00
0.000000000000000000e+00
0.000000000000000000e+00
0.000000000000000000e+00
0.000000000000000000e+00
0.000000000000000000e+00
0.000000000000000000e+00
0.000000000000000000e+00
0.000000000000000000e+00
0.000000000000000000e+00
0.000000000000000000e+00
0.000000000000000000e+00
0.000000000000000000e+00
0.000000000000000000e+00
0.000000000000000000e+00
0.000000000000000000e+00
0.000000000000000000e+00
0.000000000000000000e+00
0.000000000000000000e+00
1.580403822053583381e-03
2.537198220686207040e-01
2.059646457680342380e+00
3.464921560934262512e+00
2.522590637299138461e+00
1.280163385876227355e+00
6.261688473331751270e-01
4.536865990372959678e-01
5.783083755271548609e-01
7.720978502604065596e-01
8.895517223800180062e-01
9.233281696094182145e-01
9.043402092646367629e-01
8.641724353331420305e-01
8.440581071903606736e-01
8.328867176202962019e-01
8.466740550980804692e-01
8.663564208678480316e-01
9.006035131734216881e-01
9.533739768176693330e-01
1.014317581723902517e+00
1.077610218306045420e+00
1.128262918857394270e+00
1.166392864593814638e+00
1.188083458966877393e+00
1.184925979787578854e+00
1.165462326709359564e+00
1.127934886661235536e+00
1.086791009537055208e+00
1.050063508718203087e+00
1.015664123647605832e+00
9.905609861850314113e-01
9.741012680750819053e-01
9.630585953340601302e-01
9.598146454617694223e-01
9.582293737299629743e-01
9.585885655649947212e-01
9.590964742125991371e-01
9.588890486216719022e-01
9.615886923345368098e-01
9.663514701695135045e-01
9.719395679918231279e-01
9.751950694352240490e-01
9.827480945103214127e-01
9.887097601770373778e-01
9.936902605666529942e-01
9.956753166746780126e-01
9.991774915660132095e-01
1.001095417843397728e+00
1.001129075012601399e+00
1.000268070221375538e+00
1.000772439335084085e+00
1.000608734408722000e+00
1.002927746802709574e+00
1.002252386698472275e+00
1.002005613201468082e+00
1.003373727865745302e+00
1.003430864129843059e+00
1.004402595378889762e+00
1.003974786195674263e+00
1.002777254413288244e+00
1.003554423939249540e+00
1.003020149997735366e+00
1.002481576426494936e+00
1.002427613214048607e+00
1.001319821292649959e+00
9.992497519728652522e-01
9.984323824979726147e-01
9.985673041137592687e-01
9.964496282738657396e-01
9.947881481199937204e-01
9.950257015512388170e-01
9.944466138710694736e-01
9.935071833723918555e-01
9.927226907832478187e-01
9.936594789347288348e-01
9.946299039638454298e-01
9.942476656998571194e-01
9.951504612347573664e-01
9.957107200236651190e-01
9.968709782634088690e-01
9.979605003807842101e-01
1.000745017026208217e+00
1.001246615461630629e+00
1.000818893433706114e+00
1.001299208392111728e+00
1.001827053669337442e+00
1.002835102690239566e+00
1.002430035277126930e+00
1.001529102295020346e+00
1.002347248543479452e+00
1.001189225736301536e+00
1.000643098311753354e+00
1.000762864994083623e+00
9.995399607780061091e-01
1.000438981483853462e+00
9.993958299688033842e-01
9.984442308734818861e-01
9.981764740074408060e-01
9.980094035446808176e-01
9.984452429573450472e-01
9.993380418314371516e-01
9.987375717283494270e-01
9.981791078177580934e-01
9.989767497239550043e-01
9.991473345251841165e-01
9.981780887838660465e-01
9.989858806564753113e-01
9.991940746836077691e-01
9.999551175848335749e-01
1.000014447224203851e+00
9.997733841080350681e-01
1.000057568923805373e+00
9.995436218586356558e-01
9.998453616104306940e-01
9.998416558276053134e-01
1.000734955302594154e+00
1.000357699312477644e+00
1.000721009872457490e+00
9.994380806201189626e-01
1.000078078770392676e+00
1.001049127083233126e+00
9.995315165427339776e-01
1.000351901109186592e+00
1.000212529000275463e+00
1.000185951085404978e+00
1.000567442355410286e+00
1.000161988520167133e+00
9.999817194952022037e-01
9.999070351260989087e-01
9.995575405745567021e-01
1.000294881865587682e+00
9.999851443896212722e-01
9.997927088450037081e-01
9.997715008476533161e-01
9.993652308634929371e-01
1.000376944855608574e+00
9.995818853717639563e-01
1.000085096477334901e+00
1.000082473895121060e+00
1.000114444102081723e+00
9.998915110921341443e-01
9.998875360382144528e-01
9.993532780852613095e-01
1.000306911554860401e+00
9.996015027548503795e-01
1.000109757276212985e+00
1.000057430108666434e+00
9.997765895388722734e-01
9.997934916559655383e-01
9.999340394772154861e-01
1.000209854822215583e+00
9.999655627572182626e-01
1.000574330736431872e+00
1.000026008005433509e+00
1.000213740925277373e+00
9.998086352123275455e-01
1.000047311437472164e+00
1.000486664096592371e+00
9.998129849051340390e-01
1.000217429612108688e+00
9.998468388193531009e-01
1.000145449755999172e+00
1.000116029235286419e+00
9.998044665797638508e-01
1.000125916493882938e+00
1.000466070079290004e+00
1.000345226400181975e+00
1.000238622889599638e+00
9.993314811157738564e-01
9.998087059082499950e-01
9.999964062079935712e-01
9.998832751649641137e-01
1.000116331721977003e+00
9.999418790534526646e-01
9.994776293685022628e-01
9.999134827729325714e-01
9.998947706253110690e-01
9.996121878855189768e-01
1.000129448791921227e+00
9.999186782750306701e-01
1.000276530265209907e+00
1.000199012390585507e+00
9.999558675587911782e-01
9.997704719236861770e-01
9.996497900553892313e-01
1.000391181461335544e+00
1.000594994876661481e+00
9.999594672958248553e-01
9.997695272540867428e-01
1.000358895173376617e+00
1.000313386058906184e+00
1.000134642042908473e+00
1.000039651211334757e+00
1.000060818641044902e+00
9.999557636816737149e-01
1.000299178630336350e+00
9.999006048343213049e-01
1.000113878213413576e+00
9.999212270546834480e-01
9.999817825737236099e-01
1.000178093178524907e+00
9.998688731548249775e-01
1.000070326479814087e+00
1.000311834405316791e+00
9.999867334417006370e-01
1.000082200484443851e+00
9.999856803890259105e-01
1.000477546565707421e+00
1.000223765623629024e+00
1.000247736443599766e+00
1.000511066153027206e+00
9.999702460213905075e-01
1.000085654988510431e+00
1.000208564893721785e+00
1.000327728335382860e+00
1.000095198980559985e+00
1.000214710103804805e+00
1.000187853088180923e+00
9.999705484558890634e-01
1.000174842347971937e+00
1.000387411958413075e+00
1.000005040821733582e+00
1.000080362396534417e+00
9.998088799800805004e-01
1.000203029231421681e+00
9.999583414641138868e-01
1.000142994526653117e+00
1.000187481333781880e+00
1.000220521646054017e+00
1.000427260907207350e+00
1.000060470289066528e+00
1.000060859248459666e+00
1.000298684809345806e+00
1.000225504511763841e+00
1.000052321809454137e+00
1.000352126628117677e+00
1.000301252639223870e+00
1.000091012660203393e+00
1.000058029613245747e+00
1.000285898964929698e+00
1.000204164776569149e+00
1.000221996243605860e+00
1.000153275957135879e+00
1.000140223705270115e+00
9.999481067079624141e-01
1.000174102713173196e+00
9.999411422569761676e-01
1.000057267661668137e+00
1.000287707322287334e+00
1.000121499836722938e+00
1.000213946615136296e+00
1.000430064639567407e+00
1.000512695257020024e+00
1.000681304437625041e+00
1.000377816543816412e+00
1.000040692462009995e+00
1.000410246296478123e+00
1.000035186477062021e+00
1.000427803187011078e+00
9.999026781676020326e-01
1.000407530389430866e+00
1.000454708043840180e+00
1.000293206945987556e+00
1.000571322058426249e+00
1.000354287521080021e+00
9.998406543552196268e-01
1.000354986400727730e+00
1.000187794021601739e+00
1.000188521742372050e+00
1.000093252718711856e+00
1.000492021099425477e+00
9.999014757890363203e-01
1.000165414118410867e+00
1.000092487547599607e+00
1.000092282421172429e+00
9.999565950446444029e-01
1.000153032004319487e+00
1.000599306147619938e+00
1.000678970892883157e+00
9.999435289806711813e-01
9.999579217189177305e-01
1.000297737765413864e+00
1.000182671756222552e+00
1.000180731844278359e+00
1.000144905450639943e+00
1.000165762460953456e+00
1.000462541758240675e+00
1.000419641660057035e+00
1.000103381567652550e+00
1.000033046409376736e+00
1.000100637210591170e+00
1.000311563419799876e+00
1.000115484593434134e+00
1.000414582790317919e+00
1.000447822855697444e+00
1.000336922379335247e+00
1.000274244793700529e+00
1.000355261982976307e+00
1.000238695874892558e+00
9.997630564734349967e-01
9.998845788077856955e-01
1.000331563600862506e+00
1.000242747932482024e+00
1.000291884626418160e+00
1.000102614267533774e+00
1.000021464950511918e+00
1.000074140555045732e+00
1.000297870019602131e+00
1.000157794302140024e+00
1.000235970569065991e+00
1.000024937394067281e+00
1.000079354202511039e+00
1.000034977178257067e+00
1.000184454436585213e+00
1.000163613264754892e+00
1.000227046013251408e+00
1.000184338014115326e+00
9.981597472319316822e-01
9.903677464415718834e-01
9.814028069681922650e-01
9.729679854900225022e-01
9.643555043141233130e-01
9.556891060384392622e-01
9.470952856786035712e-01
9.388114027554725904e-01
9.300988865779514780e-01
9.217256654191864351e-01
9.132527633835374470e-01
9.049227528494098172e-01
8.966999284553065497e-01
8.886580030470812019e-01
8.802043456079828854e-01
8.723384821673523248e-01
8.640468047489894277e-01
8.561818434486071494e-01
8.480371246935446417e-01
8.401631031100256219e-01
8.319808704593129045e-01
8.243750395846736190e-01
8.166681740668011447e-01
8.088010073218828699e-01
8.009941660550695675e-01
7.933043698257274956e-01
7.857726093732551043e-01
7.779802855685125085e-01
7.706029080608693960e-01
7.631200792701453572e-01
7.554857367650447131e-01
7.480619637172757352e-01
7.406790969341555675e-01
7.332925931999587643e-01
7.262098303912106756e-01
7.186597338727472861e-01
7.118331976271521366e-01
7.045990223286960896e-01
6.970816737916148975e-01
6.901675803011996235e-01
6.830215449322918353e-01
6.757535756960197926e-01
6.689460236109529001e-01
6.619186232840927886e-01
6.549538568012406303e-01
6.480584361203719501e-01
6.412983304435286858e-01
6.342533974675244046e-01
6.275810354427441284e-01
6.208848981339342155e-01
6.137905686008365835e-01
6.072057769989233078e-01
6.005751062457059808e-01
5.942626807547922718e-01
5.874580659590942222e-01
5.808612316533571240e-01
5.744087051799215971e-01
5.679420520372379100e-01
5.615243670549965316e-01
5.550928550732668887e-01
5.488128565545141724e-01
5.423055641505258873e-01
5.360316622198695313e-01
5.297557118393834141e-01
5.233541838426042370e-01
5.172008921471080711e-01
5.108350666655212535e-01
5.046567191510078487e-01
4.984991383212408755e-01
4.923641397133063924e-01
4.864639229394522313e-01
4.802872510851475818e-01
4.743387355557256990e-01
4.680683401062273874e-01
4.622586394736670767e-01
4.563617916807913844e-01
4.503678482186512233e-01
4.444026021747224386e-01
4.387649655482629418e-01
4.330142836921632710e-01
4.270507373370993065e-01
4.214265472413957214e-01
4.158179930969509996e-01
4.097747129601952421e-01
4.040648233935476008e-01
3.984936095545075774e-01
3.929303887545472773e-01
3.872631400744279140e-01
3.816809335187409946e-01
3.759994717578983292e-01
3.707364996861526873e-01
3.650505218098732407e-01
3.595212201919451567e-01
3.541027162863495392e-01
3.486337060365615748e-01
3.432711821377670280e-01
3.378908190466883288e-01
3.326763818084276236e-01
3.270923959217981736e-01
3.218518538942005680e-01
3.167060081407308547e-01
3.113400744978229717e-01
3.060674586970051902e-01
3.010459350715476989e-01
2.956878992575114884e-01
2.905592010604064468e-01
2.854312381824968270e-01
2.802840209142766215e-01
2.752540115087003247e-01
2.702230759485372280e-01
2.651785093953838435e-01
2.600432132224799187e-01
2.550550750777399456e-01
2.501353208354863411e-01
2.451761361315535070e-01
2.401076075147383637e-01
2.352070790457039817e-01
2.304554413167264615e-01
2.255825472684277189e-01
2.206774281769491863e-01
2.159130938664113597e-01
2.110627338509723228e-01
2.062899161797632774e-01
2.014188743133009107e-01
1.967279339922650694e-01
1.920008593458467361e-01
1.872922404516196015e-01
1.825252661050751068e-01
1.778342109409250249e-01
1.731860448955781506e-01
1.686034376368501786e-01
1.640469642651887217e-01
1.594169407572134101e-01
1.548457559467802391e-01
1.502546710756414439e-01
1.457436737626352508e-01
1.412749414019274230e-01
1.367197387596810199e-01
1.322398298564548824e-01
1.278354592384324251e-01
1.233755449026710110e-01
1.191740663685414703e-01
1.151617790813771885e-01
1.115836453942725126e-01
1.081280528755325376e-01
1.047672327186037478e-01
1.014599374810270932e-01
9.844154111353510539e-02
9.539487096348145401e-02
9.249716592560118522e-02
8.974860211561988543e-02
8.701582152860855290e-02
8.438284512274810134e-02
8.184932742303367703e-02
7.931854412494072915e-02
7.697448923375743712e-02
7.457074057740459283e-02
7.232778401791473133e-02
7.013375118415367260e-02
6.797158924574049632e-02
6.586982663965638973e-02
6.382501265959243664e-02
6.179452180249492971e-02
5.984361911248902571e-02
5.806279442716280603e-02
5.618791974800333572e-02
5.438072248397974456e-02
5.259321257998746807e-02
5.090957743973229671e-02
4.928234192407873748e-02
4.768479998828612648e-02
4.607324926520344616e-02
4.455646016161904366e-02
4.306043582184918700e-02
4.160166594606204415e-02
4.022466115515292706e-02
3.880647199828027999e-02
3.747269349545080674e-02
3.618974470191693715e-02
3.488786171097857380e-02
3.361805812645084907e-02
3.244313566111560465e-02
3.131113489039766273e-02
3.011363738078760149e-02
2.899420164407822201e-02
2.792232361710166727e-02
2.682643123627480655e-02
2.578646328917099870e-02
2.482510290544203205e-02
2.379727676934986769e-02
2.284981139388389190e-02
2.194861495604086624e-02
2.105226759704376116e-02
2.016082227432470370e-02
1.931412756158899444e-02
1.846126236698007739e-02
1.767403007878201246e-02
1.693625512329701224e-02
1.615901399221476506e-02
1.542471155232261193e-02
1.469127683641567247e-02
1.401488816659651575e-02
1.334910207590505986e-02
1.270549346276450380e-02
1.209183584355305423e-02
1.145085418754604976e-02
1.086402845805288335e-02
1.029962417257190496e-02
9.755660496435999279e-03
9.199914693248576608e-03
8.681421537275437611e-03
8.208426880853929297e-03
7.731822480290779544e-03
7.246715423670150105e-03
6.816854830281713837e-03
6.385924732137813337e-03
5.971841131724785028e-03
5.582005137955889026e-03
5.188134880119904535e-03
4.827057166604325003e-03
4.471971511279918508e-03
4.154233965395322942e-03
3.835845058315438903e-03
3.519582955964582933e-03
3.227493947654977175e-03
2.957142580478655872e-03
2.687083221312073535e-03
2.431750545491833011e-03
2.208063388398401675e-03
1.991435279047051692e-03
1.776893886886585748e-03
1.574518856796646663e-03
1.396217071046478107e-03
1.214395123450835766e-03
1.064294637696789822e-03
9.162571195377142196e-04
7.822697300112730441e-04
6.587073107401750401e-04
5.382896179575151919e-04
4.414700863506380792e-04
3.489102529665744643e-04
2.684407232608571276e-04
1.997993872022154835e-04
1.411284031699766193e-04
9.429760331968927366e-05
5.531301696414909705e-05
2.778166333783607976e-05
1.034730093517312053e-05
1.671742305300588762e-06
9.054705252357062600e-08
0.000000000000000000e+00
0.000000000000000000e+00
0.000000000000000000e+00
0.000000000000000000e+00
0.000000000000000000e+00
0.000000000000000000e+00
0.000000000000000000e+00
0.000000000000000000e+00
0.000000000000000000e+00
0.000000000000000000e+00
0.000000000000000000e+00
0.000000000000000000e+00
0.000000000000000000e+00
0.000000000000000000e+00
0.000000000000000000e+00
0.000000000000000000e+00
0.000000000000000000e+00
0.000000000000000000e+00
0.000000000000000000e+00
0.000000000000000000e+00
0.000000000000000000e+00
0.000000000000000000e+00
0.000000000000000000e+00
0.000000000000000000e+00
0.000000000000000000e+00
0.000000000000000000e+00
0.000000000000000000e+00
0.000000000000000000e+00
0.000000000000000000e+00
0.000000000000000000e+00
0.000000000000000000e+00
0.000000000000000000e+00
0.000000000000000000e+00
0.000000000000000000e+00
0.000000000000000000e+00
0.000000000000000000e+00
0.000000000000000000e+00
0.000000000000000000e+00
0.000000000000000000e+00
0.000000000000000000e+00
0.000000000000000000e+00
0.000000000000000000e+00
0.000000000000000000e+00
0.000000000000000000e+00
0.000000000000000000e+00
0.000000000000000000e+00
0.000000000000000000e+00
0.000000000000000000e+00
0.000000000000000000e+00
0.000000000000000000e+00
0.000000000000000000e+00
0.000000000000000000e+00
0.000000000000000000e+00
0.000000000000000000e+00
0.000000000000000000e+00
0.000000000000000000e+00
0.000000000000000000e+00
0.000000000000000000e+00
0.000000000000000000e+00
0.000000000000000000e+00
0.000000000000000000e+00
