0.000000000000000000e+00
0.000000000000000000e+00
0.000000000000000000e+00
0.000000000000000000e+00
0.000000000000000000e+00
0.000000000000000000e+00
0.000000000000000000e+00
0.000000000000000000e+00
0.000000000000000000e+00
0.000000000000000000e+00
0.000000000000000000e+00
0.000000000000000000e+00
0.000000000000000000e+00
0.000000000000000000e+00
0.000000000000000000e+00
0.000000000000000000e+00
0.000000000000000000e+00
0.000000000000000000e+00
0.000000000000000000e+00
0.000000000000000000e+00
0.000000000000000000e+00
1.749798133047091465e-03
2.544249223348540867e-01
2.067879999924882473e+00
3.472599226754018442e+00
2.533536095058412929e+00
1.284105659982534675e+00
6.224779539564015973e-01
4.543239563196044273e-01
5.796405845352491371e-01
7.710187779800072860e-01
8.939392940200266979e-01
9.210560195049458665e-01
9.017650604830701466e-01
8.694404753381055340e-01
8.455302204523250653e-01
8.348265095502270805e-01
8.473576867513716859e-01
8.671847728800664568e-01
9.014007021590439983e-01
9.524995840087628896e-01
1.017171636733693818e+00
1.080191927059956702e+00
1.132834888208826607e+00
1.170209646828793915e+00
1.189858049239679083e+00
1.188685232126052149e+00
1.167694481753434044e+00
1.130789410529824179e+00
1.091287954992804066e+00
1.053677801655166668e+00
1.017307571660188037e+00
9.933651519921641304e-01
9.778763973191990644e-01
9.681993493685242536e-01
9.639777263055411272e-01
9.613905731604731608e-01
9.603969275745887213e-01
9.608282948112002453e-01
9.615403898736205601e-01
9.631747949723324931e-01
9.674832092272234174e-01
9.729177322027823260e-01
9.789177028047171270e-01
9.834582109762881608e-01
9.884658272699159420e-01
9.941109488695841767e-01
9.972985727844664305e-01
9.990116596514270197e-01
1.001211028374350054e+00
1.002887661842589928e+00
1.002692085859829163e+00
1.001945478093538844e+00
1.003127591487098069e+00
1.002574390917752911e+00
1.003426141159043938e+00
1.003724392728416959e+00
1.003342246336865529e+00
1.004979069771588351e+00
1.005336449472768345e+00
1.004523122423627957e+00
1.005127317259161490e+00
1.005355625184007895e+00
1.003112579910973245e+00
1.002753061628108178e+00
1.001113258712674092e+00
1.002228131619282703e+00
9.999522614682875288e-01
9.993347051760668176e-01
1.000016874662989830e+00
9.981612753391720938e-01
9.960212511725455853e-01
9.951497536876814376e-01
9.958155543155988720e-01
9.941535769015130697e-01
9.945208246287777776e-01
9.951156667699526670e-01
9.947374838242082351e-01
9.941894886166253720e-01
9.952455881550932304e-01
9.980613492459418090e-01
9.982597379118692826e-01
9.992133824480019522e-01
1.000143895473758260e+00
1.001089976728866349e+00
1.002203498242528079e+00
1.001646940977478861e+00
1.002305613145350716e+00
1.001913080765185260e+00
1.003050729722501089e+00
1.002597321890256188e+00
1.001664812563084705e+00
1.001660810523357759e+00
1.001253896504853635e+00
1.000505513309484673e+00
9.991178360950501158e-01
9.996960394770532110e-01
1.000378359437295250e+00
9.998190669176735268e-01
9.992977235656428370e-01
9.984680275905054581e-01
9.987765525303979874e-01
9.982649633691997870e-01
9.981487554686029329e-01
9.980725322080953310e-01
9.987057410052569972e-01
9.990623929666444525e-01
9.997284751043336026e-01
9.995749684795320888e-01
9.996139708956042202e-01
9.996518632027030504e-01
9.995265732359309707e-01
9.998805630693800017e-01
9.995190865355809695e-01
1.000244749572313241e+00
9.999017430656659267e-01
9.998699907485005811e-01
9.996323817043725191e-01
1.000653621640217983e+00
1.000392811032313256e+00
1.000078363752627597e+00
1.000314148408973924e+00
1.000650057334850684e+00
1.000053562356506553e+00
1.000316544954539255e+00
1.000075124145132888e+00
1.000002437119742460e+00
1.000474936988881680e+00
9.991662175106894583e-01
9.993221150139606213e-01
9.997777081235128538e-01
9.995914649027634047e-01
1.000222879574767632e+00
9.994639242515988009e-01
9.994668764270170369e-01
9.998700005594436391e-01
9.999801128991981924e-01
9.999604332576429444e-01
9.996730458089378990e-01
9.995522340116272941e-01
9.993506024848849423e-01
9.998594553621235059e-01
1.000112581787577559e+00
1.000353582511291917e+00
1.000277974819367088e+00
9.997812966284896907e-01
9.999914497897069987e-01
1.000153605481413521e+00
1.000195318773612119e+00
1.000256139897814478e+00
1.000419307398068058e+00
9.999444637159721205e-01
9.996373887660456869e-01
1.000640294316237799e+00
9.999177305697171114e-01
1.000048602675465359e+00
1.000336277977905697e+00
1.000386707367173944e+00
1.000197455756852039e+00
9.998310011508496631e-01
1.000085426370700192e+00
1.000093372546138060e+00
9.993641897066426472e-01
9.995706302127266296e-01
1.000270724971922043e+00
9.997980691051321367e-01
9.996096684957563872e-01
1.000057486934855966e+00
1.000131581164287464e+00
9.998801770125064214e-01
9.999694643347268874e-01
9.992890891689369948e-01
1.000007006411551380e+00
9.996739925431810114e-01
9.998989348718214654e-01
9.999794381220917794e-01
9.999683474801549510e-01
1.000477039592307271e+00
1.000255088056459352e+00
9.998189397980378201e-01
1.000215929887059652e+00
9.997982841306032320e-01
9.999908926234302164e-01
1.000012563674288479e+00
9.997095434603067154e-01
1.000006867837100355e+00
9.999580883938410381e-01
9.995880767125427946e-01
9.998989905891508823e-01
9.997832902151696510e-01
9.997255624291492282e-01
9.996664217727055934e-01
9.996308443920641773e-01
9.998010219122187570e-01
9.995898945597246898e-01
1.000217573342622623e+00
1.000010743469353258e+00
9.997892174839358992e-01
9.996153583483960992e-01
1.000052340427727282e+00
9.998090469333382746e-01
9.997560626001243955e-01
9.999396634450818944e-01
9.998219006181080504e-01
9.999826621840867125e-01
9.999107751292892754e-01
9.999413200163449478e-01
9.996381896826173064e-01
9.995617898683251124e-01
1.000465345041584353e+00
1.000111906345155344e+00
1.000109696911116508e+00
9.999683153258346335e-01
1.000113516728006413e+00
9.999686989391005643e-01
1.000250376578599720e+00
9.996767538618722693e-01
9.997510550194874668e-01
9.999927045148261362e-01
9.999280452447211198e-01
9.997782719610721625e-01
1.000085503437178946e+00
9.998747981601261436e-01
1.000044986669300195e+00
9.997987177450665675e-01
1.000232225210813342e+00
9.997738107440184985e-01
9.996499367581620499e-01
9.999320531817844637e-01
9.999372179695413809e-01
9.998447200183679939e-01
1.000179583883346490e+00
1.000039140795741410e+00
1.000017188235543530e+00
1.000191120432970537e+00
9.998926743200851064e-01
1.000388304995075472e+00
9.998324799058974088e-01
1.000070285977655127e+00
9.998908202754942520e-01
9.998847529952771263e-01
9.999643990979226738e-01
1.000098498112743872e+00
9.999627251872096334e-01
9.998662517492011848e-01
1.000050991015942081e+00
1.000093857887243587e+00
9.999279882620686344e-01
1.000160520231951899e+00
1.000254962046372320e+00
9.995583473938189911e-01
1.000016903918341971e+00
1.000066886570372793e+00
9.999816707833680818e-01
9.997589173850540689e-01
9.998216868918032851e-01
9.999416800815221773e-01
1.000146933979373376e+00
1.000256634977946923e+00
9.999745067546617072e-01
9.999201673891562336e-01
1.000181899933059837e+00
1.000351263320372608e+00
9.998180258757294325e-01
9.999303163514056125e-01
1.000023005295452627e+00
1.000201890608118926e+00
1.000018781239857990e+00
1.000350222838362280e+00
1.000090795028883983e+00
9.996353654524122723e-01
1.000260016973157251e+00
1.000053734630055535e+00
9.999457008983145823e-01
9.998097800638411359e-01
1.000464955803415323e+00
1.000520127831647343e+00
9.997698385733158055e-01
1.000002477394485778e+00
9.999273434973580121e-01
1.000229313229554773e+00
9.998765541680153524e-01
1.000225163273131157e+00
1.000056872811364128e+00
1.000392176539526945e+00
1.000020017007554385e+00
1.000030610967521882e+00
1.000106300949237470e+00
1.000088567395990280e+00
9.998383257504357413e-01
1.000441508132844382e+00
9.999849122274016011e-01
1.000069014844160442e+00
1.000070823631360017e+00
1.000348639582784527e+00
1.000061090887236492e+00
1.000162843955443970e+00
1.000055568227322000e+00
1.000044070800136353e+00
9.999217092556337283e-01
1.000185654406708258e+00
1.000044949116572823e+00
1.000207772848767496e+00
1.000150285572920739e+00
1.000025017763760182e+00
1.000238555879569669e+00
9.997281330400351607e-01
1.000189678521967940e+00
9.997978813521238850e-01
1.000326102451312149e+00
1.000702291984172598e+00
9.999436478170543596e-01
1.000361808402707942e+00
1.000209061570064728e+00
1.000062200292654691e+00
1.000218921504617997e+00
9.999278908552635681e-01
1.000105777052043399e+00
1.000255627511678069e+00
9.980801118614497369e-01
9.898683035601909541e-01
9.812452468847119302e-01
9.728447637614500154e-01
9.642619454091058140e-01
9.557132593228896411e-01
9.468888715432972614e-01
9.381998284397715659e-01
9.302490468258555190e-01
9.212878684420301445e-01
9.132084922303712604e-01
9.047879041453721349e-01
8.967030003688287731e-01
8.886454083698912543e-01
8.803438534470283683e-01
8.722600735524906890e-01
8.637670195557828334e-01
8.560360745788162529e-01
8.479415292528217352e-01
8.398103065697891667e-01
8.323764921426088925e-01
8.243011811173890369e-01
8.165762308759096921e-01
8.088147847208015939e-01
8.008904312337262743e-01
7.933833346516492302e-01
7.854116257721635019e-01
7.782503012280970189e-01
7.704496640180948930e-01
7.631939483251468648e-01
7.552585856868716530e-01
7.478946019013903435e-01
7.407861127904629139e-01
7.333165812994223431e-01
7.258936152831307886e-01
7.186713900453819415e-01
7.114386222163260332e-01
7.043439699271463184e-01
6.970335354173987641e-01
6.900206548885864377e-01
6.827371252741211149e-01
6.759640389762741064e-01
6.686527618470531342e-01
6.617878821636588027e-01
6.547266973020983150e-01
6.480858603959721576e-01
6.413126005280879172e-01
6.342419846412928885e-01
6.274854518754084953e-01
6.206888162686481358e-01
6.139774068468114576e-01
6.074369580125182910e-01
6.008384020207486742e-01
5.941514138730279448e-01
5.876822633006015817e-01
5.808519520945281123e-01
5.743873595470626592e-01
5.677689140341800611e-01
5.615753771472501432e-01
5.548622276006952569e-01
5.485720074289958115e-01
5.423356004805005570e-01
5.357587013165657774e-01
5.296376846872971056e-01
5.232512014272514556e-01
5.171542205323678143e-01
5.109111517145010772e-01
5.047191574832290417e-01
4.986747702717836961e-01
4.923590478181771313e-01
4.862419099620014507e-01
4.803175378103503035e-01
4.743330576282513977e-01
4.683124942656255452e-01
4.623432317581303574e-01
4.563662641380631935e-01
4.504256276913285451e-01
4.445747452188807403e-01
4.388847232771223572e-01
4.328410851840418516e-01
4.272476443726400119e-01
4.213023339639601628e-01
4.156751428403676618e-01
4.097938537347304844e-01
4.041509534342415111e-01
3.984256216689366914e-01
3.928738831109348517e-01
3.871924958226053981e-01
3.816385040521390049e-01
3.761834148052989324e-01
3.707253667506278938e-01
3.650366944917114442e-01
3.595848746509796579e-01
3.540829267447840323e-01
3.486713773618748125e-01
3.433213676167200523e-01
3.379110527938468111e-01
3.325280104478507415e-01
3.271886970831958119e-01
3.219390285718846667e-01
3.166950451247131926e-01
3.114649438559465855e-01
3.062492285924297009e-01
3.009326128209951490e-01
2.957374124114623415e-01
2.905654552220276465e-01
2.854403630205617493e-01
2.803042700269097187e-01
2.751298876755670086e-01
2.701861084706146943e-01
2.651695944624919421e-01
2.600168467808732786e-01
2.551271339306924735e-01
2.500425908258707697e-01
2.450549923806377428e-01
2.401089566033846046e-01
2.351664347296132662e-01
2.303198647240753683e-01
2.255041473686781872e-01
2.206219013516652061e-01
2.158143978657988682e-01
2.110207249034354859e-01
2.061391209258439938e-01
2.014823310636432718e-01
1.966919758653603856e-01
1.919624544478239492e-01
1.872399949349875803e-01
1.825150553127111164e-01
1.778352998250262718e-01
1.731487793311574930e-01
1.685321384660860844e-01
1.639975605036547435e-01
1.594285963277696783e-01
1.547615624710076132e-01
1.502567393277017271e-01
1.456481086803964320e-01
1.411781845516540956e-01
1.367289661052698835e-01
1.322119660445116029e-01
1.277353127258254450e-01
1.233354009862526607e-01
1.190512641416728717e-01
1.152203980603912353e-01
1.115487944066069909e-01
1.080001456576655389e-01
1.046618006723078337e-01
1.015267836832583204e-01
9.841139882893720769e-02
9.537323369514083549e-02
9.247195494516260994e-02
8.971712513964226476e-02
8.699066817514723715e-02
8.431008912833547198e-02
8.178669315450354249e-02
7.932739169741703789e-02
7.691187617892104866e-02
7.456174588224721844e-02
7.234630618896133181e-02
7.002776795051568470e-02
6.790943785551177558e-02
6.582368010219612209e-02
6.376822765746627264e-02
6.179799935229880053e-02
5.981960036766423294e-02
5.795739354388745185e-02
5.608843702805511866e-02
5.435562800576856229e-02
5.259230801130432287e-02
5.090718214962491189e-02
4.926845873018774469e-02
4.763506914039618290e-02
4.605311853041912928e-02
4.454522022847832996e-02
4.304388185858111504e-02
4.158768526311831110e-02
4.014825429603601642e-02
3.880567572433907958e-02
3.747328938738258425e-02
3.612729752205252887e-02
3.485968990667259043e-02
3.363737377298301606e-02
3.240175434210136596e-02
3.123993323639771141e-02
3.009884333977385848e-02
2.895858157076802719e-02
2.787244945400713450e-02
2.681599797027248502e-02
2.579761138024148914e-02
2.477259345150189737e-02
2.378366721040780368e-02
2.285626952104114970e-02
2.191917680949582656e-02
2.102532006223115438e-02
2.013405799086464415e-02
1.931107331331202021e-02
1.847452038099623925e-02
1.767093115796916289e-02
1.690016175772278764e-02
1.615441740697075648e-02
1.542680702588949612e-02
1.468132396344262215e-02
1.399899214785771569e-02
1.333208632910878183e-02
1.267546376503212412e-02
1.206089112414960966e-02
1.143996650102594749e-02
1.085602815141033760e-02
1.029045679367066556e-02
9.732665217690445250e-03
9.198255051643870403e-03
8.691935742906144180e-03
8.192801032526718721e-03
7.715123154554898340e-03
7.259809045124187253e-03
6.806810882110467080e-03
6.362986047980760153e-03
5.962711958498954565e-03
5.564592901545067916e-03
5.179408300658482414e-03
4.825604126558352171e-03
4.471349131915246418e-03
4.136457110313522707e-03
3.813000477983271869e-03
3.519237052179442771e-03
3.223425051512625143e-03
2.956174506230596286e-03
2.688076445010278807e-03
2.433546772621754742e-03
2.202407337091693944e-03
1.977214527521170117e-03
1.770633089620159140e-03
1.571536882985105719e-03
1.393157387872827726e-03
1.222748648910923107e-03
1.055244534418641605e-03
9.134948691958019685e-04
7.801172761407057727e-04
6.504042893831160372e-04
5.394668588109639146e-04
4.364502489458378588e-04
3.447666136176780844e-04
2.684508053356009336e-04
2.004653961475122675e-04
1.396078093281106125e-04
9.199487534864374911e-05
5.385728016982515464e-05
2.780629516039831415e-05
9.981629147640714596e-06
1.744250399715824298e-06
9.053789862680087742e-09
0.000000000000000000e+00
0.000000000000000000e+00
0.000000000000000000e+00
0.000000000000000000e+00
0.000000000000000000e+00
0.000000000000000000e+00
0.000000000000000000e+00
0.000000000000000000e+00
0.000000000000000000e+00
0.000000000000000000e+00
0.000000000000000000e+00
0.000000000000000000e+00
0.000000000000000000e+00
0.000000000000000000e+00
0.000000000000000000e+00
0.000000000000000000e+00
0.000000000000000000e+00
0.000000000000000000e+00
0.000000000000000000e+00
0.000000000000000000e+00
0.000000000000000000e+00
0.000000000000000000e+00
0.000000000000000000e+00
0.000000000000000000e+00
0.000000000000000000e+00
0.000000000000000000e+00
0.000000000000000000e+00
0.000000000000000000e+00
0.000000000000000000e+00
0.000000000000000000e+00
0.000000000000000000e+00
0.000000000000000000e+00
0.000000000000000000e+00
0.000000000000000000e+00
0.000000000000000000e+00
0.000000000000000000e+00
0.000000000000000000e+00
0.000000000000000000e+00
0.000000000000000000e+00
0.000000000000000000e+00
0.000000000000000000e+00
0.000000000000000000e+00
0.000000000000000000e+00
0.000000000000000000e+00
0.000000000000000000e+00
0.000000000000000000e+00
0.000000000000000000e+00
0.000000000000000000e+00
0.000000000000000000e+00
0.000000000000000000e+00
0.000000000000000000e+00
0.000000000000000000e+00
0.000000000000000000e+00
0.000000000000000000e+00
0.000000000000000000e+00
0.000000000000000000e+00
0.000000000000000000e+00
0.000000000000000000e+00
0.000000000000000000e+00
0.000000000000000000e+00
0.000000000000000000e+00
