0.000000000000000000e+00
0.000000000000000000e+00
0.000000000000000000e+00
0.000000000000000000e+00
0.000000000000000000e+00
0.000000000000000000e+00
0.000000000000000000e+00
0.000000000000000000e+00
0.000000000000000000e+00
0.000000000000000000e+00
0.000000000000000000e+00
0.000000000000000000e+00
0.000000000000000000e+00
0.000000000000000000e+00
0.000000000000000000e+00
0.000000000000000000e+00
0.000000000000000000e+00
0.000000000000000000e+00
0.000000000000000000e+00
0.000000000000000000e+00
0.000000000000000000e+00
0.000000000000000000e+00
0.000000000000000000e+00
0.000000000000000000e+00
0.000000000000000000e+00
0.000000000000000000e+00
0.000000000000000000e+00
0.000000000000000000e+00
0.000000000000000000e+00
0.000000000000000000e+00
0.000000000000000000e+00
6.373354296779540741e-04
2.155396423775509523e-02
3.730454689896473552e-01
2.189574167761800361e+00
5.320702546608313099e+00
7.275143588051644628e+00
6.920664095428752383e+00
5.692469380329728601e+00
4.157870415647024309e+00
2.981546187952004878e+00
2.160633467448450862e+00
1.656108880925542426e+00
1.352908751129884735e+00
1.164724222004658971e+00
1.025807946224437828e+00
9.517448753334730727e-01
8.882692365911382115e-01
9.095546044145887965e-01
9.351231480274868613e-01
1.022449882136411414e+00
1.063725968114721976e+00
1.097703566905272377e+00
1.165762874254350434e+00
1.206841662023273143e+00
1.255111537797504395e+00
1.285172153442551091e+00
1.279117171927583341e+00
1.278265624856757432e+00
1.265136570957474227e+00
1.266856608111931237e+00
1.245055965200527970e+00
1.239857302060791255e+00
1.158923801389082797e+00
1.134972917924321312e+00
1.074490441145879549e+00
1.037413077778948534e+00
1.015092750732919713e+00
9.804153054185058558e-01
9.634037299430747714e-01
9.514095507966754406e-01
9.719932118475919092e-01
9.695495435671880324e-01
9.941553402660945338e-01
9.993236577566900758e-01
1.043812992083220204e+00
1.044475952849124312e+00
1.059288339861357953e+00
1.058027594630034596e+00
1.072705342276335294e+00
1.061152213041864023e+00
1.041746364670500302e+00
1.071189717166159294e+00
1.042511625458758973e+00
1.022677516976359113e+00
1.028742875574883087e+00
1.007714963203612868e+00
9.892740018301031668e-01
1.002331167295384962e+00
9.715310182652159288e-01
9.788277990289993014e-01
9.780212223807220884e-01
9.773901193269018961e-01
9.807580380054454761e-01
9.675474061458918529e-01
9.610518632419450258e-01
9.851103040077363593e-01
9.794435634718992034e-01
9.932279172481829344e-01
9.987889068332781450e-01
9.861498612358760019e-01
9.873181167720879170e-01
1.012392255530831564e+00
1.001543524532536589e+00
1.004706380036515023e+00
9.966600715945431732e-01
1.007082450311403532e+00
1.009393944378148777e+00
1.009300588260043208e+00
1.025288208455485295e+00
1.008990492873985456e+00
1.009490448600631085e+00
1.011112507976948072e+00
1.003536672011445141e+00
1.002872002212779501e+00
9.983345047969398589e-01
1.019480075331715474e+00
1.007240118313772026e+00
9.922037424585786747e-01
9.915225482621510267e-01
1.000265995738936819e+00
9.913230861942864403e-01
1.001208133711049664e+00
9.943482926797538868e-01
1.006715053375932811e+00
1.002862493162640201e+00
9.994797175976719572e-01
1.000475511428860598e+00
1.000476734247239152e+00
1.000962002606256007e+00
1.007145411344122277e+00
1.001724323080152468e+00
9.975763546563780615e-01
9.944688951692701728e-01
9.922521945341250538e-01
1.004012086632182665e+00
1.009144379475053643e+00
9.962588454199308163e-01
1.009652540762063122e+00
1.006246477293502251e+00
9.995668253819847138e-01
9.916165680878236133e-01
9.819838090811627840e-01
9.865887971973580362e-01
9.943650885492248959e-01
1.013097745817549189e+00
1.002290571693150278e+00
9.970020951855620428e-01
9.999096569189070971e-01
9.903978329226170718e-01
9.989757937397574228e-01
1.002612498846418676e+00
1.000520497650812635e+00
9.873927011010346089e-01
1.005307271313366169e+00
1.001128682375683088e+00
9.966129486011733318e-01
9.999324347036743221e-01
9.951841914070297390e-01
1.004223677072373588e+00
9.974449074810579630e-01
9.916779396023535087e-01
1.005376981786539670e+00
1.001254993150068051e+00
1.004614233962596082e+00
1.000661447724793263e+00
1.001042651606839140e+00
9.921011784145180590e-01
9.936143077660755107e-01
9.945825056877080073e-01
9.996585715641027603e-01
9.903140692400760337e-01
9.905978378660968975e-01
1.004570818546390409e+00
1.000795753308433733e+00
9.979447419806299902e-01
1.002930411961076018e+00
9.956161722273285664e-01
1.000133437299904893e+00
9.996401848605106499e-01
9.956605152985229523e-01
9.938386728678888504e-01
1.000048138919294560e+00
9.931788216435983863e-01
9.896506681754135837e-01
1.003950523998265787e+00
9.968679828386902697e-01
9.944663730487921516e-01
9.960643132271895794e-01
9.863896704336743149e-01
9.919375152753486802e-01
9.905210823907307782e-01
9.969996661984953379e-01
9.991702890112778013e-01
9.926338847594268211e-01
9.905967607032204469e-01
9.991307153642928762e-01
9.914868881066283279e-01
9.905911286027555551e-01
9.980059999042796282e-01
1.002171937388644407e+00
9.991811430501444935e-01
9.917739406776244770e-01
9.932298496623790385e-01
1.000023957152669896e+00
9.930407285980844545e-01
9.981590418002675991e-01
9.931737404381970613e-01
1.005943228372774056e+00
9.978182752441813186e-01
9.982659374874380820e-01
1.002096201950250176e+00
1.002883117518423184e+00
1.002903737228611147e+00
9.993751985502982160e-01
9.963590788183621649e-01
9.976871713969309718e-01
9.939486802179228198e-01
9.894550958164952670e-01
9.968159905209984517e-01
9.930242752395209704e-01
1.004368177165238407e+00
9.925116004241079093e-01
1.005034469101380168e+00
9.984223631943525135e-01
1.000071607150076591e+00
1.000814570567460704e+00
9.960314085172702336e-01
9.948910261007574141e-01
1.001045339971682768e+00
1.000770465421813471e+00
9.960021514942897225e-01
1.001597907910502183e+00
9.965520394878746302e-01
9.955005060029261665e-01
9.971791326779280151e-01
9.982510765317209600e-01
1.001198176837514664e+00
9.934426374352546274e-01
9.980863494942777692e-01
9.944943794504875756e-01
1.008071966946222142e+00
9.986673829946675074e-01
9.941082839026600393e-01
9.942875288633421516e-01
9.953752896322585197e-01
9.939354674269114120e-01
9.965129764102560461e-01
9.984740784508900902e-01
9.955255754901723986e-01
1.001209626089819782e+00
9.951233417994316266e-01
9.925341214691245639e-01
9.977689977156410928e-01
9.999031773200497408e-01
1.005790594196775745e+00
9.958005874742864583e-01
9.936229897318977766e-01
9.985666259825007884e-01
9.979198654786752831e-01
9.979339371052582397e-01
1.000221539197424736e+00
9.924134039692062981e-01
9.958348938854467702e-01
9.952710401426938525e-01
9.967599753646088079e-01
9.985191551819909694e-01
9.955309865984315332e-01
9.943141036813207823e-01
9.948206837772425315e-01
9.968397986056324322e-01
9.941862079146783771e-01
9.915361317776388850e-01
9.922547719422245560e-01
9.970074640147146283e-01
9.979737766341335581e-01
9.973861925849375476e-01
9.942515549767428906e-01
9.978061743944536266e-01
9.960384594510718337e-01
