0.000000000000000000e+00
0.000000000000000000e+00
0.000000000000000000e+00
0.000000000000000000e+00
0.000000000000000000e+00
0.000000000000000000e+00
0.000000000000000000e+00
0.000000000000000000e+00
0.000000000000000000e+00
0.000000000000000000e+00
0.000000000000000000e+00
0.000000000000000000e+00
0.000000000000000000e+00
0.000000000000000000e+00
0.000000000000000000e+00
0.000000000000000000e+00
0.000000000000000000e+00
0.000000000000000000e+00
0.000000000000000000e+00
0.000000000000000000e+00
0.000000000000000000e+00
0.000000000000000000e+00
0.000000000000000000e+00
0.000000000000000000e+00
0.000000000000000000e+00
0.000000000000000000e+00
0.000000000000000000e+00
0.000000000000000000e+00
0.000000000000000000e+00
0.000000000000000000e+00
0.000000000000000000e+00
0.000000000000000000e+00
1.556976562193343114e-02
3.533909233219904023e-01
2.212849291661423745e+00
5.308181095950141426e+00
7.262783272585299876e+00
7.052446511070475488e+00
5.605662885900561498e+00
4.109620996607629806e+00
2.979423953379848111e+00
2.141586133072271636e+00
1.669036572612407454e+00
1.315731165155282545e+00
1.132687597331748286e+00
9.899527061735313715e-01
9.141913126531718836e-01
8.996553547519025029e-01
9.167224139446203957e-01
9.347878700628855508e-01
9.608871390837965265e-01
1.026249489864599740e+00
1.080933263139074008e+00
1.127092810263840006e+00
1.235186442358449543e+00
1.252890225201604535e+00
1.297508314598593726e+00
1.274964417448128495e+00
1.279806947426404662e+00
1.271635147712769864e+00
1.224242993565265669e+00
1.249812585378016649e+00
1.190707195063516854e+00
1.145186304831205870e+00
1.131239389052742572e+00
1.095192777253804817e+00
1.034753112723966861e+00
9.865507381679926580e-01
9.791222049050308796e-01
9.518040061362564863e-01
9.566845189216454104e-01
9.662421341085077886e-01
9.564993329413346013e-01
9.891957443315135823e-01
1.015928807230691788e+00
1.007061731314307540e+00
1.026843509560326551e+00
1.022316359426351795e+00
1.049712366026239518e+00
1.048592318402827184e+00
1.059307753441586453e+00
1.055280711872768062e+00
1.053552869561456662e+00
1.042713452311786249e+00
1.026419157237753899e+00
1.031278378192966860e+00
1.017294218604386513e+00
9.972318680006785341e-01
1.005271195953447272e+00
9.705345617281151416e-01
9.769319807903119601e-01
9.779838991067372200e-01
9.744742695021366696e-01
9.708178876326868378e-01
9.801306780118214101e-01
9.745547305299214758e-01
9.766061866922728374e-01
9.838253344984400073e-01
9.939417860312478314e-01
9.846700191404895719e-01
9.952340644807545766e-01
1.004762886495294660e+00
1.009638029923719538e+00
1.012248458810663942e+00
1.001541177777788505e+00
1.007651315586227447e+00
1.003986937726869977e+00
1.014625264174701558e+00
1.010301991833920443e+00
1.013088852638960535e+00
9.988763855762634591e-01
1.004038073098072914e+00
1.007259824277994431e+00
1.000048167788728293e+00
1.007505141267109883e+00
9.969629858319247750e-01
9.989371351749242178e-01
1.010046714027998949e+00
9.832962403263555418e-01
9.819692299513128608e-01
9.898298963976763787e-01
1.005912731668451077e+00
1.006713323473314325e+00
9.938772150881954870e-01
9.952790444515313695e-01
9.912087277564993748e-01
9.810546014259914349e-01
9.950269139450159672e-01
1.003658528370797720e+00
9.866337082216045662e-01
1.001731674632259761e+00
9.923340197382456429e-01
9.995710304363569776e-01
9.873143288222118175e-01
1.000381887482225896e+00
1.003689662594168919e+00
9.961670650157472551e-01
1.008162083249125152e+00
1.000515576795568240e+00
1.004328413252048913e+00
9.988630886872910120e-01
9.922192547546425656e-01
9.945721931640243429e-01
9.923398991626304344e-01
9.860143782813672875e-01
9.884635169272125710e-01
9.868636186052391901e-01
9.951598414655176139e-01
9.855599308279795467e-01
9.887216018104765247e-01
9.896458477434102452e-01
9.907627799768926602e-01
9.908678050453516573e-01
9.992621852196283960e-01
9.881176812173230184e-01
9.893932715071528383e-01
1.001919701412791852e+00
9.972699726207253645e-01
9.916250875521522845e-01
9.997186232698306307e-01
9.924812423403851502e-01
9.908513043705287071e-01
9.926118023044973038e-01
9.881737969321100490e-01
9.935179503745582563e-01
9.917327645740473541e-01
9.949614661818655392e-01
1.001672582733354799e+00
9.895958118639842649e-01
9.932998775809196434e-01
1.001788745812520531e+00
9.991946267622666689e-01
1.002141592710156681e+00
9.956452068988906889e-01
9.927838207151056249e-01
1.002635722909314131e+00
9.945555476385475879e-01
1.000647622434540640e+00
9.920680979219378415e-01
9.932567627110946429e-01
9.879316456216369335e-01
9.943191126911445910e-01
9.931385376765323736e-01
9.835647565681160387e-01
9.914032336084833696e-01
9.948613755390912639e-01
9.956424201174444155e-01
9.945149536497086551e-01
9.962571480319456496e-01
9.972555097413777769e-01
9.997119741882392052e-01
9.939212115724375129e-01
9.930274702516734830e-01
1.000630816891358910e+00
9.996483380654023199e-01
9.995603852739315398e-01
9.937704317085216399e-01
1.005252592850433224e+00
1.002165308075189110e+00
9.948456554275242336e-01
1.005355696236442942e+00
9.996394359364203508e-01
1.002286068311515344e+00
9.941247837690528888e-01
1.002637708084938239e+00
9.999286277599711559e-01
9.948958767626400190e-01
1.000344583055883474e+00
1.001743534042124351e+00
9.987753147696895040e-01
9.941193129554217744e-01
1.002459899649234876e+00
9.940698192245249754e-01
1.005276673269898335e+00
1.000984766616215493e+00
9.979549511018448449e-01
9.965442530886573502e-01
9.937666945674900054e-01
9.962980008928080666e-01
9.907725771959335903e-01
9.970285786262300665e-01
9.988638147624780972e-01
9.957320362736186148e-01
9.904254029538100967e-01
9.913110066003292253e-01
9.982001990225662924e-01
9.957926207152912879e-01
1.001394189745679508e+00
9.906615244478426119e-01
9.942613188486447706e-01
9.872365524625739130e-01
9.988389353808081461e-01
9.942790775210504917e-01
9.978123586546873147e-01
9.944738792926164361e-01
9.977599818332378856e-01
9.963407513665879511e-01
9.896279428518450771e-01
9.968043655308151951e-01
9.951255584074468752e-01
9.930683062076745005e-01
9.941780030280495950e-01
1.001506909877118323e+00
9.981734751563408059e-01
9.986597520603469613e-01
9.921149478097727181e-01
9.926808183317844536e-01
9.945063253909948164e-01
9.994049253091481511e-01
9.965109216283949412e-01
9.965344454565301380e-01
9.956860226876085296e-01
9.929743155045795966e-01
9.970565528777761699e-01
9.957702493633238117e-01
9.985045704654712528e-01
9.915898519591471727e-01
9.952463727428572104e-01
1.001060297501057184e+00
9.975400467633186441e-01
9.948086193532671428e-01
9.955494092356048652e-01
9.968192285171042499e-01
9.971665118235651937e-01
9.925974513358064577e-01
9.892892532779136161e-01
1.000360196961262105e+00
9.955911152925944752e-01
9.915583795236084796e-01
9.925572075813485773e-01
9.968166537243658976e-01
9.920530586429544551e-01
9.949226236753690999e-01
9.946624921956047638e-01
9.958992449255209545e-01
9.949582985150424719e-01
1.000152517744374192e+00
9.927354144470034170e-01
9.952998246136044447e-01
9.942555235120904555e-01
