0.000000000000000000e+00
0.000000000000000000e+00
0.000000000000000000e+00
0.000000000000000000e+00
0.000000000000000000e+00
0.000000000000000000e+00
0.000000000000000000e+00
0.000000000000000000e+00
0.000000000000000000e+00
0.000000000000000000e+00
0.000000000000000000e+00
0.000000000000000000e+00
0.000000000000000000e+00
0.000000000000000000e+00
0.000000000000000000e+00
0.000000000000000000e+00
0.000000000000000000e+00
0.000000000000000000e+00
0.000000000000000000e+00
0.000000000000000000e+00
0.000000000000000000e+00
0.000000000000000000e+00
0.000000000000000000e+00
0.000000000000000000e+00
0.000000000000000000e+00
0.000000000000000000e+00
0.000000000000000000e+00
1.133764857704507233e-05
4.803008495157375275e-03
1.749032601599344872e-01
1.176700935025293937e+00
2.648979250097268423e+00
3.143132905490989337e+00
2.685383643013825594e+00
1.981627024771084100e+00
1.439429923369307307e+00
1.080957250537690317e+00
8.789041569780151608e-01
7.714355731674170658e-01
7.270246659428361014e-01
7.246110493821908971e-01
7.466858070605342235e-01
7.887345046055856956e-01
8.422225448726939900e-01
9.009336145572652832e-01
9.630664912169121239e-01
1.012844990582246085e+00
1.052476453261723899e+00
1.079492865822600844e+00
1.091485786782819378e+00
1.092922723586265965e+00
1.079084434442179052e+00
1.062370804366895571e+00
1.039762982117679480e+00
1.013447505716230657e+00
9.836512644402686245e-01
9.590687475506839421e-01
9.417174766103607597e-01
9.233282676003848888e-01
9.089051539188102158e-01
9.022207193593986263e-01
9.027734510736212803e-01
9.144020681272057027e-01
9.298642631988351948e-01
9.535568487446712815e-01
9.792696106721422433e-01
1.000572972919064885e+00
1.021482611371641980e+00
1.037592209445600711e+00
1.051099726487897179e+00
1.056909093606238637e+00
1.060434689824520715e+00
1.060497013877274242e+00
1.055138041665428350e+00
1.049956183879074967e+00
1.037883394624846023e+00
1.028013020999527072e+00
1.015220863746068902e+00
1.006484542548755634e+00
9.978990341014413179e-01
9.883616433195826501e-01
9.837191090764719759e-01
9.788901894568164952e-01
9.790145875450467772e-01
9.778297486130281824e-01
9.797787489373257497e-01
9.834201602908699824e-01
9.869481188743359779e-01
9.896689844049237905e-01
9.937599262602854200e-01
9.959877071651838110e-01
9.991440934908099036e-01
1.002207520703272570e+00
1.003803641698784110e+00
1.004769153960069383e+00
1.006076989201319272e+00
1.007178638827658457e+00
1.005813675409294783e+00
1.005154426119973410e+00
1.004624970447684396e+00
1.002053075469146126e+00
1.000957632331679337e+00
1.001170855439859286e+00
1.001270647709917139e+00
1.002025837948085973e+00
1.001187397038477478e+00
1.000735093737766146e+00
1.002579392446169448e+00
1.001436992340706933e+00
1.001544159876674556e+00
1.004086074723541611e+00
1.003581965081123961e+00
1.002591490071024216e+00
1.001612423245857864e+00
1.001690476467095747e+00
1.003396205339047276e+00
1.001428045503660158e+00
9.993806272132930157e-01
1.001417358033299676e+00
9.989131763012740750e-01
9.996503150894778811e-01
9.985056646600785069e-01
9.989318633134732783e-01
9.993353823515584988e-01
9.999843490085427167e-01
9.994579226036958142e-01
1.000616090479121478e+00
1.000519508837103944e+00
1.000360292017214991e+00
1.000458385053697885e+00
9.996882821857735468e-01
1.002083285145779268e+00
1.001261667082849582e+00
1.002312768371107055e+00
1.000377956582356509e+00
1.002104783280131306e+00
1.000950207820015425e+00
1.002088374091196110e+00
1.000887365974892917e+00
1.002253604852957558e+00
1.000852043721822238e+00
1.000433124030762233e+00
1.001610571214270662e+00
1.000692648173857835e+00
1.001038803973276048e+00
1.001099881633706667e+00
1.001300543484525019e+00
9.997479715593178273e-01
1.001404049641741345e+00
9.992471569920488017e-01
1.001117391513591359e+00
1.001500019493298810e+00
9.996874353837940097e-01
9.994895285871342461e-01
1.000419637050008692e+00
1.000121536526396460e+00
1.000613062808422216e+00
9.996616326360386884e-01
1.000465241397752170e+00
1.001171182676875215e+00
1.000586879315074507e+00
9.996617662921446490e-01
1.000388426236569206e+00
1.001243585918091039e+00
1.000831281894620561e+00
1.000474143289115547e+00
9.999157079187308561e-01
1.000826821105124331e+00
1.001551704002692000e+00
1.000865564851718181e+00
1.000844540961095985e+00
9.996678996146189933e-01
1.000477643203913747e+00
1.001198651017354946e+00
9.999473173497844813e-01
1.000810664765164004e+00
1.000641477665024759e+00
1.000937847542139991e+00
1.000553864151397132e+00
1.000833523595846986e+00
1.000769225351739955e+00
1.000739807755204547e+00
1.000168201225771769e+00
1.001161077879326289e+00
9.995785719941926439e-01
1.000038022544955219e+00
1.000328103907764721e+00
9.999121711885843311e-01
9.997873228848389582e-01
9.994565877255919828e-01
1.000665548074616495e+00
1.000331748837395063e+00
9.996444788947630444e-01
9.998003600365783505e-01
1.000163133234946100e+00
1.000279968015883814e+00
1.000282441384004128e+00
1.000552120750510587e+00
1.000020449270411449e+00
1.000372988585409351e+00
9.996555487210843083e-01
1.000052577486159278e+00
9.998781856751893793e-01
1.000604788513692611e+00
1.000081161479584813e+00
1.000857628094756757e+00
9.999342889420248515e-01
1.000285111499531032e+00
1.000433698893751000e+00
1.000121635265236897e+00
1.000219690702486286e+00
1.000658407596747734e+00
9.989101458120586141e-01
9.999382484325013420e-01
9.995246491845547476e-01
1.000669698363025883e+00
1.000369211215017096e+00
9.998309073344121556e-01
1.000474338600719548e+00
1.000655929911900666e+00
9.993172375975006849e-01
9.998353253468351687e-01
9.996493576554563720e-01
1.000744032469439659e+00
9.999317029610430563e-01
9.992338499459266776e-01
9.999982591885441252e-01
1.000050737361491970e+00
1.000192589071686955e+00
1.000104493765558544e+00
9.997485082307950854e-01
9.998056715668824923e-01
1.000388165167962029e+00
1.000271804000491427e+00
9.998921234023927518e-01
1.000424107160012621e+00
9.998098192253040972e-01
1.000439012549919848e+00
1.000528210921814320e+00
1.000378475309967596e+00
1.000302926589832886e+00
9.999812772363541047e-01
9.999379956584671936e-01
1.000872463971840265e+00
1.000024288842658704e+00
9.999033584835714805e-01
1.000237784897668458e+00
1.000326991255798825e+00
1.000688004317284774e+00
1.000461338376675835e+00
1.000022318328584570e+00
1.000211532077126986e+00
1.000720111543350832e+00
1.000849552717164137e+00
1.000824924659684534e+00
1.000021807698985521e+00
1.001284822903894201e+00
9.997623598186551330e-01
1.000331442470291377e+00
1.000149616279216946e+00
9.999461491396147705e-01
1.000477580110621378e+00
1.000595210472679186e+00
1.000223305843772392e+00
9.998464279964208723e-01
1.000002771967751558e+00
1.000608186262002430e+00
1.000963665491092502e+00
1.000512122909215318e+00
1.000250805349316430e+00
1.000426916944726408e+00
9.997615405061970328e-01
1.000029936847820489e+00
1.000308036131828615e+00
1.000243614760623068e+00
1.000482307581638919e+00
1.000734232984696881e+00
1.000620034300478745e+00
1.000127665423688805e+00
1.000170817217410413e+00
