0.000000000000000000e+00
0.000000000000000000e+00
0.000000000000000000e+00
0.000000000000000000e+00
0.000000000000000000e+00
0.000000000000000000e+00
0.000000000000000000e+00
0.000000000000000000e+00
0.000000000000000000e+00
0.000000000000000000e+00
0.000000000000000000e+00
0.000000000000000000e+00
0.000000000000000000e+00
0.000000000000000000e+00
0.000000000000000000e+00
0.000000000000000000e+00
0.000000000000000000e+00
0.000000000000000000e+00
0.000000000000000000e+00
0.000000000000000000e+00
0.000000000000000000e+00
0.000000000000000000e+00
0.000000000000000000e+00
0.000000000000000000e+00
0.000000000000000000e+00
0.000000000000000000e+00
5.228718157624574064e-02
8.583658681084979092e-01
2.920685366526482696e+00
3.790698006680284227e+00
2.853332668273623529e+00
1.600541891462787802e+00
8.132438690174140783e-01
4.697693454921954004e-01
2.809648993198501365e-01
1.836706527380607967e-01
1.353537482791388469e-01
1.189056240188651747e-01
1.305048428171448061e-01
1.374297805224612701e-01
1.938921002440623931e-01
2.806084647602497539e-01
3.949858027320897191e-01
6.085235059277380731e-01
8.699058707759632636e-01
1.173224679763378742e+00
1.499058060311896146e+00
1.819081590988381958e+00
2.016369358201724360e+00
2.155177367760942264e+00
2.314174207457349475e+00
2.297620621697935572e+00
2.347490685156275791e+00
2.234668101454304168e+00
2.128690024018154325e+00
1.883852805435394462e+00
1.608231436158098271e+00
1.394111130017264832e+00
1.200081086025859056e+00
1.076914835926139791e+00
9.823089380674470128e-01
9.761107177508746569e-01
9.520085184570522552e-01
9.795056014378774600e-01
1.012103736311429358e+00
1.061528603936707782e+00
1.098203238230725409e+00
1.163342452748182820e+00
1.181053939242702411e+00
1.213155705473787371e+00
1.222919452879572155e+00
1.229613856193820798e+00
1.237222762121731323e+00
1.245785977506786102e+00
1.205359901497645936e+00
1.184685633570592200e+00
1.170163938866415121e+00
1.128479195157853665e+00
1.108637726213417496e+00
1.072622816727119899e+00
1.041687145664501823e+00
1.013517100068896726e+00
9.933354562991495440e-01
1.015019256674154269e+00
1.007760610348953145e+00
1.010877861269416256e+00
1.016825188638396549e+00
1.003309381885513440e+00
1.015342820059550455e+00
1.032157798152933292e+00
1.019081871809446316e+00
1.034446783703872441e+00
1.017183166649751058e+00
1.020820397278614289e+00
1.024664135559488320e+00
1.002383022845884986e+00
9.989688106723456640e-01
9.885848353287410850e-01
9.880120765827332674e-01
9.844143289301527933e-01
9.871261134709100604e-01
9.855940020768082510e-01
9.643347011376205424e-01
9.773167260995629935e-01
9.801396656235012994e-01
9.743142225436483006e-01
9.807907111488273211e-01
9.776092215771429172e-01
9.953226331572325725e-01
9.813829093139225801e-01
9.848609888458709216e-01
9.837317239171079475e-01
9.902070059067673569e-01
9.927390520127191698e-01
9.855283234523273261e-01
9.800395769245381361e-01
9.959974834369886842e-01
9.792115730345373192e-01
9.811541860326924436e-01
9.764200324997390767e-01
9.836300223649568908e-01
9.815425711741790904e-01
9.904478667287961446e-01
9.765369924206186436e-01
9.832929962063327034e-01
9.894607149002203617e-01
9.925656553013931793e-01
9.929508020573665217e-01
9.816073399000759814e-01
9.850016529079047567e-01
9.718890493392119412e-01
9.841266345746430000e-01
9.922996473070395673e-01
9.907723886448068784e-01
9.763482972511932090e-01
9.843490768065256136e-01
9.808193910813853833e-01
9.701774350672148772e-01
9.781657407396934234e-01
9.780419369716982780e-01
9.798489451369948311e-01
9.760050470778716125e-01
9.795351455678347197e-01
9.926170467350394766e-01
9.957596284701505374e-01
9.936113290410218957e-01
9.881899296213091377e-01
9.846322019755148203e-01
9.896445921446238581e-01
9.888605298204465877e-01
9.959136997090289878e-01
9.932667051224828292e-01
9.919285436946235768e-01
1.004762581183516135e+00
9.928145517974983347e-01
9.953819633780887077e-01
9.901721784790971093e-01
9.901160888445282859e-01
9.959340674364794976e-01
9.944143848766566762e-01
9.951716780279300512e-01
9.949289000694917506e-01
1.002265502486691107e+00
9.950226791335701204e-01
9.972112841684167561e-01
9.985323077517418433e-01
9.952553208744847613e-01
9.988335456956600744e-01
9.908010232994080013e-01
9.890735288665365443e-01
1.007485123968085317e+00
1.000653070556238866e+00
9.965117436216945901e-01
9.995444960400733381e-01
9.984799138308768640e-01
9.984391691992428042e-01
9.998719198999447277e-01
1.002915830573313238e+00
9.954559818552487505e-01
1.002794248399566435e+00
1.004031937785739403e+00
1.001996494729096909e+00
9.944126419895761293e-01
1.007071280568202942e+00
9.950089984581262925e-01
9.949440597973524536e-01
1.003213100130972535e+00
1.004665121920108595e+00
1.001176138717080111e+00
9.988551132161389567e-01
1.005110796430492615e+00
9.958033063674606167e-01
1.004083243790799163e+00
9.947652936175693794e-01
1.006248072092906565e+00
9.941616207601056132e-01
9.893675148915972439e-01
1.000708219433888324e+00
9.882044317556032409e-01
9.902679000968936940e-01
1.000642084194214076e+00
9.958062330641694881e-01
9.920723287413286684e-01
1.003676086214277063e+00
9.944330238499814456e-01
1.002418643156717692e+00
9.969625587408780243e-01
1.004861039641500753e+00
9.973419956999781677e-01
9.973311500597797918e-01
9.986814412025404319e-01
1.000841254080696352e+00
9.999682726695100499e-01
9.912558473631051248e-01
9.934370360629931618e-01
1.004304076368087051e+00
9.982936844880963001e-01
9.977296363409859925e-01
9.920244363923687025e-01
1.000237249935869377e+00
1.004133423886589549e+00
1.002264794021013206e+00
1.001912423544545794e+00
9.968789458219275978e-01
9.960587747557795302e-01
9.999725537096374461e-01
9.928495606324918565e-01
1.003994774148894598e+00
9.974368144418531701e-01
1.000790623016727388e+00
9.985069666757907525e-01
9.956012871977604206e-01
1.000205631137666806e+00
9.932806323946161697e-01
9.964065596662012858e-01
9.957072710535240789e-01
9.964965925927545820e-01
9.943890240089011678e-01
1.001031828348525332e+00
1.001584380978095767e+00
1.000188438513124334e+00
1.000006804042688380e+00
1.003451776931381545e+00
1.005645252276992974e+00
9.960537751167309883e-01
9.990756425470523894e-01
1.008081088899082101e+00
1.004072993577672213e+00
9.978665765285917866e-01
9.975737809646829657e-01
1.005760502776800180e+00
9.989602133350512503e-01
1.008733895963837224e+00
1.004138244046239414e+00
1.000191003469591555e+00
1.000433478439361590e+00
1.003043881413475447e+00
9.982452709343069275e-01
1.003745972441117962e+00
9.986054902072133421e-01
1.001100054544892481e+00
1.000918919873025059e+00
9.978469237895196686e-01
9.968893674819805373e-01
9.994234021436277926e-01
1.000281635550129833e+00
1.002373058972519271e+00
9.986775808640268037e-01
9.938540246797210598e-01
9.975796048923704085e-01
9.963923948098318828e-01
9.955425332153856610e-01
9.895473922900294150e-01
9.972102798674024049e-01
9.941178723521210125e-01
9.911736032341216251e-01
9.935810371412918673e-01
9.799354687831237642e-01
9.749822802240249997e-01
9.600351363358965440e-01
