0.000000000000000000e+00
0.000000000000000000e+00
0.000000000000000000e+00
0.000000000000000000e+00
0.000000000000000000e+00
0.000000000000000000e+00
0.000000000000000000e+00
0.000000000000000000e+00
0.000000000000000000e+00
0.000000000000000000e+00
0.000000000000000000e+00
0.000000000000000000e+00
0.000000000000000000e+00
0.000000000000000000e+00
0.000000000000000000e+00
0.000000000000000000e+00
0.000000000000000000e+00
0.000000000000000000e+00
0.000000000000000000e+00
0.000000000000000000e+00
0.000000000000000000e+00
0.000000000000000000e+00
0.000000000000000000e+00
0.000000000000000000e+00
0.000000000000000000e+00
0.000000000000000000e+00
0.000000000000000000e+00
0.000000000000000000e+00
0.000000000000000000e+00
5.981023256507653034e-03
1.950089664915188592e-01
1.247931131944809868e+00
2.793545719148131656e+00
3.300530782163520360e+00
2.703783787423017504e+00
1.850293772807873216e+00
1.212376486436663736e+00
8.493604238836331977e-01
6.713912557379562163e-01
5.960935815277035310e-01
5.905775546519564934e-01
6.234345266728347212e-01
6.872502879998838576e-01
7.692718769640272125e-01
8.583580451575242298e-01
9.490889215475164509e-01
1.049384621196880696e+00
1.125246464361969290e+00
1.186702289247835163e+00
1.216738418976950342e+00
1.231200763957420508e+00
1.232562336469090525e+00
1.216456821944655209e+00
1.183046031308466306e+00
1.145070886611913918e+00
1.104747006886699356e+00
1.047285113671521994e+00
1.014635979927619003e+00
9.726856593057295886e-01
9.384698743189937575e-01
9.112155565654452838e-01
8.960023726015386991e-01
8.905762728415047569e-01
8.955499666816888471e-01
9.106515678978268635e-01
9.294284560192428435e-01
9.523881792349898623e-01
9.745862449707138886e-01
1.000113522586792758e+00
1.018180596933712989e+00
1.039125634765098560e+00
1.055611324760298508e+00
1.064304751608248667e+00
1.070772986721682640e+00
1.070898136445342708e+00
1.068780924767818830e+00
1.063228902746422344e+00
1.051134788316049340e+00
1.033100040942977138e+00
1.022585292294426962e+00
1.010370558931444895e+00
9.945148025172992901e-01
9.902671794566959562e-01
9.842379192528297738e-01
9.832814843260824222e-01
9.828792377830981586e-01
9.862177761837384038e-01
9.868663015263909877e-01
9.894150336436881021e-01
9.942950686446769826e-01
1.000544647724033842e+00
1.003395328513907891e+00
1.006058979390487718e+00
1.007204855600069004e+00
1.008464468864654684e+00
1.007098756068043333e+00
1.006131760601506775e+00
1.005233068386879536e+00
1.006880087166241333e+00
1.004808770922366312e+00
1.003407010473903016e+00
9.995609096714268560e-01
1.000922056751807343e+00
9.955933833735516325e-01
9.970410597579900669e-01
9.951870127933277743e-01
9.981408508874323182e-01
9.968391727257353008e-01
9.968742858769233939e-01
9.992388821247085717e-01
9.999715989654303083e-01
1.002993100131983395e+00
1.000052230246846419e+00
1.001845406689177986e+00
1.001970017333427609e+00
1.001129603735824158e+00
1.001651649806079458e+00
1.002271610721713335e+00
9.996231533122019730e-01
9.990289990381394647e-01
9.992683785617444414e-01
9.989669771699473122e-01
9.992569221078987374e-01
9.978363545700256187e-01
9.981500774394154174e-01
9.989238087190003279e-01
1.001738159988730947e+00
9.983973173675497748e-01
9.981943885307096309e-01
1.000196208075967208e+00
9.990718081930292094e-01
9.987880778619856459e-01
9.995144313878023823e-01
1.001332173280667703e+00
9.995528385024434748e-01
9.997070945552271048e-01
1.001138012287536405e+00
9.983758260348957192e-01
1.000599958221570329e+00
9.996885976553624431e-01
9.995892615233165079e-01
1.000178052408083884e+00
1.000522028547058184e+00
1.000445445488907348e+00
9.994143004207215464e-01
1.000724591899718297e+00
1.000555847471492177e+00
9.989572281337796289e-01
9.997758539030079383e-01
1.000462157116938533e+00
9.986026775342836670e-01
1.000230937245651042e+00
9.988247058051976657e-01
1.000747714428367630e+00
9.990994616293276120e-01
9.988316740310813069e-01
1.000373413211303131e+00
1.000640739737025608e+00
9.998788467458441520e-01
9.999190543417378896e-01
9.993883334925542927e-01
1.000916410417864277e+00
9.997017916744236343e-01
1.000158508894705145e+00
9.986233925793429611e-01
1.001121691727843821e+00
1.000320553987568140e+00
9.988183692234187117e-01
1.000472518548270351e+00
1.001433927776822941e+00
1.000783765793242353e+00
1.000305716650984778e+00
9.992225757461967728e-01
1.001670135938258044e+00
9.996862328860205427e-01
1.000149429403990098e+00
9.998454755110359748e-01
1.000173465654790039e+00
9.997756763149994175e-01
1.000852405627702391e+00
9.997207983876349457e-01
9.994844375115667923e-01
9.984862297916337059e-01
9.998356434722746044e-01
9.990148211773779430e-01
1.001100389356522680e+00
1.000174093138126441e+00
1.001015676263197429e+00
1.000770434159227396e+00
9.995280003558812965e-01
9.997620705375733774e-01
9.994675697323958108e-01
1.000159447981903371e+00
9.994144007936228702e-01
1.000298669380639494e+00
9.994384715753525938e-01
1.000331343938053008e+00
9.999054979708676960e-01
9.997105250434343837e-01
9.993586045515606697e-01
1.000428301636785422e+00
1.000355473839064313e+00
1.000451687397338363e+00
1.000547054045166862e+00
1.000099836749230642e+00
1.001338374429835198e+00
1.000055597680966191e+00
9.998346082532660883e-01
1.000733501965233474e+00
1.000428268117828479e+00
1.000657637215508933e+00
9.992892180540833280e-01
1.001328764698708573e+00
1.000198356145361123e+00
1.000913356106112539e+00
9.999061168231906382e-01
1.000240210909659977e+00
1.000248960482550853e+00
9.996514583907998297e-01
1.000953909315259072e+00
9.999817658250969021e-01
1.000553259253137206e+00
1.000116482028969411e+00
9.994649033852711639e-01
1.000569101251198356e+00
1.000909887938461473e+00
9.996244150351861757e-01
1.001122090133532483e+00
1.001239831362057409e+00
1.000459534150754726e+00
1.000272831771671589e+00
1.000795163388275899e+00
1.000451375901559858e+00
1.000820364268186324e+00
1.000048862826145468e+00
1.000165225139483471e+00
1.000196081311932161e+00
1.001759808692665343e+00
9.999465336429564921e-01
1.000955827677725063e+00
9.998794886190365272e-01
1.001096728551722048e+00
9.992511674953896694e-01
9.999324916070005953e-01
1.000482476696640033e+00
1.000692683427002461e+00
1.000660718018694828e+00
1.000260673344033346e+00
9.996318262863662651e-01
1.000512754068113130e+00
1.000501803775516452e+00
1.000757649660234172e+00
1.000767921455542497e+00
1.000482128566709150e+00
1.000702019744155402e+00
1.000440955583066005e+00
1.000141321496232472e+00
1.000587259830210796e+00
1.000269132464941979e+00
1.000896855947934982e+00
1.000487492487416530e+00
1.001353287287572336e+00
1.000648496374394236e+00
1.000189451711106736e+00
9.995069841014877499e-01
9.998714797333447812e-01
9.994650051784810252e-01
9.994211341258636416e-01
1.000293224767258238e+00
9.996866460102905583e-01
9.997511356126861370e-01
1.000530710128123557e+00
9.998847244989746974e-01
1.000630962901739363e+00
1.000347365903836439e+00
1.000486612055012214e+00
9.962846026151332968e-01
9.858930507946588317e-01
9.742491885879879243e-01
9.648429430300571319e-01
