0.000000000000000000e+00
0.000000000000000000e+00
0.000000000000000000e+00
0.000000000000000000e+00
0.000000000000000000e+00
0.000000000000000000e+00
0.000000000000000000e+00
0.000000000000000000e+00
0.000000000000000000e+00
0.000000000000000000e+00
0.000000000000000000e+00
0.000000000000000000e+00
0.000000000000000000e+00
0.000000000000000000e+00
0.000000000000000000e+00
0.000000000000000000e+00
0.000000000000000000e+00
0.000000000000000000e+00
0.000000000000000000e+00
0.000000000000000000e+00
2.077797673534939425e-05
3.421057167209222427e-02
1.049041580805193385e+00
3.432888186393754371e+00
3.404024259731545321e+00
1.897593721230562469e+00
8.595603722314153483e-01
3.887890850876253301e-01
1.989321433551863860e-01
1.224755093202900547e-01
1.842990307120833116e-01
6.959246686135425186e-01
1.465835523436239907e+00
1.729758139713749143e+00
1.456427944458186019e+00
1.064464430829348496e+00
7.981841516525092217e-01
6.757120466310382323e-01
6.661436255289535646e-01
7.136016116814755117e-01
7.986229007006735436e-01
8.981014878229939269e-01
9.861479249184357254e-01
1.060525519004890338e+00
1.128029036930921158e+00
1.177046726558654388e+00
1.210473791624635309e+00
1.215605414640524629e+00
1.205989872815993902e+00
1.179691424684568668e+00
1.141445022729010050e+00
1.099198515050896940e+00
1.064245289787036253e+00
1.036193167690970363e+00
1.006124205152534756e+00
9.842298327018160764e-01
9.640183844649747869e-01
9.513675658254593381e-01
9.420325042136453719e-01
9.340379323688942081e-01
9.310086126174409449e-01
9.281634163748021527e-01
9.332453604813648607e-01
9.399621740339161313e-01
9.499358126218129250e-01
9.612485851070881049e-01
9.739171389318083127e-01
9.829133134128626992e-01
9.924749385525103440e-01
9.999568075432951897e-01
1.006417515186676548e+00
1.013564850028861875e+00
1.015931635533634525e+00
1.018779801506937366e+00
1.020444387135395425e+00
1.018570543271670736e+00
1.020986498889822736e+00
1.014447586111038246e+00
1.011664135512449381e+00
1.008821822891911468e+00
1.008427606306773416e+00
1.003304668423963930e+00
1.002878728937959041e+00
1.001016581964028651e+00
1.001387879397148239e+00
9.981515493421210250e-01
9.978591790390823890e-01
9.968870288343011365e-01
9.986431140254576899e-01
9.993864545041096781e-01
9.977024562006612252e-01
9.978328529214309794e-01
9.955553896310368467e-01
9.962854485114865932e-01
9.949320105689699600e-01
9.940896844174800240e-01
9.950651181430805181e-01
9.972918698266957094e-01
9.973304944629360902e-01
9.971740472824507373e-01
9.984744138797854163e-01
9.976660300118553870e-01
9.976092163637102495e-01
9.987918221241820493e-01
9.999594077795732616e-01
9.987118701408125299e-01
1.001344841177750578e+00
1.001725128139117071e+00
1.000190532159679568e+00
1.002292231897476738e+00
1.002720254986636528e+00
9.997290264347412636e-01
1.002679119082069414e+00
1.000386148554493593e+00
1.001538001228402308e+00
1.001123360389923667e+00
1.002251604137880836e+00
1.000808571959634907e+00
1.000412581145282198e+00
1.001377616595230835e+00
9.995751680725463162e-01
1.000050200133487222e+00
9.985595619344811436e-01
9.984237036326326642e-01
9.991617840110903481e-01
9.990343379506352317e-01
9.993476314955275219e-01
9.986992515876627063e-01
9.978980995083009953e-01
9.989007425708968935e-01
9.991247988563510818e-01
1.000650300461805919e+00
1.000769454478236842e+00
1.000337113439883741e+00
9.995380316872808368e-01
1.000505789595784734e+00
9.998994457445379291e-01
1.000989792055481109e+00
1.000729775104413299e+00
1.000394059120839563e+00
1.001350834700894810e+00
9.996411941537080015e-01
9.998041405279479710e-01
1.000216221492115087e+00
1.000383139700130375e+00
1.000201404015880424e+00
1.000116544566290955e+00
1.000504438258370987e+00
9.994434799921321222e-01
1.000052753709868458e+00
1.000161640236708616e+00
1.001085381132045038e+00
1.000686342644169891e+00
9.992964172820594237e-01
1.000814826891003317e+00
1.000471801236491043e+00
1.000306115119312667e+00
1.000179089266452381e+00
9.997121085872036073e-01
1.000140787149483845e+00
9.998058396641102963e-01
9.999191452880854536e-01
9.999102878330484723e-01
9.996399595239378044e-01
9.996656968294332923e-01
1.000150955380925577e+00
9.995953761687178529e-01
1.000367283959858522e+00
1.000549724958015751e+00
1.000503200998526854e+00
1.000075277176651900e+00
9.997312090182467470e-01
9.985958733373040408e-01
1.000466029683842795e+00
1.000467081404757375e+00
1.000100588376429123e+00
9.998699089778058102e-01
1.000160006443007177e+00
1.000819704159806589e+00
9.992910942445600853e-01
9.998174323130359920e-01
1.000293273366528402e+00
1.000546062346474585e+00
9.996899684194862079e-01
1.000311714169121347e+00
9.998084210703969132e-01
9.999554153347950392e-01
1.000083394192538444e+00
1.000200801925850147e+00
1.000665709772480039e+00
9.997592094450803435e-01
1.000370025645188621e+00
1.000312516125317908e+00
1.000724085909258987e+00
1.000686707876382364e+00
9.996411894478712812e-01
1.000667039394443236e+00
1.000597444512132173e+00
1.000042463246824553e+00
1.000443448644958933e+00
1.000266378443337434e+00
1.000232824935045173e+00
9.998408295329246354e-01
1.000239775314823776e+00
9.997260495422977122e-01
9.996876114918420431e-01
9.995231504860789817e-01
1.000453365186256383e+00
1.000436225792674438e+00
1.000593109524800850e+00
1.000456667817361200e+00
1.000308521468296297e+00
1.000683409518106970e+00
1.000254978266207351e+00
1.000398633022198558e+00
1.001011841251028489e+00
1.000569355235128466e+00
1.000758775263827616e+00
1.000199989360410768e+00
9.999304885483966121e-01
9.999872158443992021e-01
9.995551716680090015e-01
1.000936841618366824e+00
1.000901080026702417e+00
9.999665624937411623e-01
9.994229704145324300e-01
1.000160476277645039e+00
1.000339003870804877e+00
1.000383265707795344e+00
9.999241515274260861e-01
9.998255727449371077e-01
9.999439734427195692e-01
9.998007113166156312e-01
1.000306408236822930e+00
1.000044653419316365e+00
1.000389512814489290e+00
1.000814899839330918e+00
1.000682220913054810e+00
1.000153606575321819e+00
1.000475166821441553e+00
1.000958839787000620e+00
1.000485995733970901e+00
1.000454420616316398e+00
9.997655114905212859e-01
1.000280709813569091e+00
9.996982626779900016e-01
1.000405199291537928e+00
1.000387294057174525e+00
1.000019905383289220e+00
1.000172719761893259e+00
1.000594502054986235e+00
1.000806197109002538e+00
9.994957714738593735e-01
1.000400033848579451e+00
1.000051346152954768e+00
1.000123102647417550e+00
1.000366178129252326e+00
1.000248001344332893e+00
1.000263384450765347e+00
1.000509898835527434e+00
1.000190848851675307e+00
1.000315878373153833e+00
1.000379303074417248e+00
9.995589855842943461e-01
1.000092294089526268e+00
1.000289759092530151e+00
1.000246806701865498e+00
1.000356321579906727e+00
1.000219850431142810e+00
9.999027342072854818e-01
1.000082656474808207e+00
9.996246284953748118e-01
1.000823451222759619e+00
1.000488580198612532e+00
1.000119265628935272e+00
1.000067929623325691e+00
9.957631504589119498e-01
9.861700676819811218e-01
9.750230086503477445e-01
9.647806787537520634e-01
