0.000000000000000000e+00
0.000000000000000000e+00
0.000000000000000000e+00
0.000000000000000000e+00
0.000000000000000000e+00
0.000000000000000000e+00
0.000000000000000000e+00
0.000000000000000000e+00
0.000000000000000000e+00
0.000000000000000000e+00
0.000000000000000000e+00
0.000000000000000000e+00
0.000000000000000000e+00
0.000000000000000000e+00
0.000000000000000000e+00
0.000000000000000000e+00
0.000000000000000000e+00
0.000000000000000000e+00
0.000000000000000000e+00
0.000000000000000000e+00
0.000000000000000000e+00
0.000000000000000000e+00
0.000000000000000000e+00
0.000000000000000000e+00
0.000000000000000000e+00
1.028980632442550933e-02
6.590172470863771281e-02
2.425742101408812912e-01
5.828212592659071101e-01
1.102058881622659303e+00
1.608214820518751864e+00
1.954492313830547445e+00
2.059382106712430716e+00
1.908465944602588227e+00
1.624228831460703404e+00
1.298627669660379791e+00
9.995013799479314232e-01
7.764015360684249911e-01
7.170327474860707095e-01
7.305088373570862714e-01
7.822516313034888480e-01
8.087926508468448183e-01
8.949778524762886933e-01
1.011078900956370541e+00
1.085827150420904497e+00
1.207509158736270072e+00
1.258001392706161070e+00
1.373159376619268679e+00
1.478085526030645580e+00
1.526616159117857752e+00
1.642776231864705894e+00
1.708483086602382128e+00
1.769253428015825635e+00
1.863683402442019243e+00
1.845296318349792575e+00
1.804563973966519574e+00
1.751558921698631588e+00
1.689479814799090152e+00
1.610706218901671871e+00
1.533866580431346716e+00
1.447625945909163825e+00
1.358913322792667300e+00
1.308068104710560009e+00
1.260003031040831001e+00
1.241610866137416558e+00
1.205808914180960034e+00
1.205377155324380167e+00
1.190244245197951578e+00
1.198292608493015665e+00
1.227900556149317035e+00
1.222260634440844651e+00
1.201073455597704065e+00
1.198511483151361023e+00
1.211333381926672503e+00
1.213896710221828767e+00
1.214334887242645600e+00
1.195563954108799454e+00
1.188771005730845376e+00
1.173699065299198097e+00
1.172503876002326306e+00
1.152762293663868620e+00
1.120197990038913849e+00
1.126388682462172053e+00
1.124845007737944824e+00
1.107751138987153494e+00
1.090305449295790208e+00
1.083650719845242527e+00
1.096679149347065119e+00
1.083356283448686730e+00
1.066174721915036816e+00
1.073041713503445127e+00
1.068498631514856134e+00
1.072372743173839460e+00
1.064164476538721482e+00
1.050254304197519417e+00
1.059741490906638717e+00
1.054239988504752201e+00
1.053843575266525168e+00
1.038532031065728223e+00
1.034322057359505109e+00
1.023226992429392412e+00
1.030824054891133823e+00
1.016859528533281543e+00
1.027550176356472722e+00
1.022429875579042413e+00
1.007548286749845756e+00
1.009021471497527189e+00
1.006357072499660443e+00
9.963714805210941439e-01
1.001603318934036979e+00
1.006985800396300146e+00
9.880175867244509469e-01
9.967913491259510206e-01
9.992167102308090465e-01
9.951104450917280797e-01
1.008887150857610271e+00
9.937370917813700411e-01
9.983016780269732271e-01
9.906576764275301095e-01
9.968352856513708060e-01
9.969883212186136934e-01
9.983234207334762411e-01
9.960262547672278366e-01
9.912226517239371981e-01
9.979208008256268414e-01
1.003112062391709580e+00
9.969682648421734905e-01
9.893493843417895395e-01
1.002818243693444966e+00
9.959031384151917354e-01
1.003390770347636352e+00
9.849633314700727560e-01
9.957217397519289026e-01
9.865864616700724676e-01
9.963230757727249420e-01
9.864400238572204049e-01
9.914637308011932104e-01
1.000602798300803897e+00
9.986482900894831927e-01
9.947268540271649861e-01
9.844876438011349595e-01
9.917053734881408067e-01
9.933790269352031910e-01
9.905769955253070913e-01
9.951549399510819516e-01
9.848682176622449713e-01
9.961264833263708818e-01
1.003324616544894798e+00
9.950413312974034641e-01
9.953722935668818383e-01
9.954835278687030886e-01
9.888236957792860826e-01
9.993250062146211699e-01
9.874829601927335165e-01
9.890153897476429146e-01
9.966766913529198080e-01
9.954556007630683823e-01
9.970400471059062131e-01
9.935109713306291557e-01
9.924467708792344967e-01
9.887125108612858648e-01
9.923064443292288761e-01
9.855795164091420979e-01
9.860141335003662633e-01
9.830681447184486110e-01
9.897511345477939537e-01
9.851596882430405655e-01
9.885176919043289212e-01
9.860898891409702882e-01
9.938405476895088020e-01
9.847873098744153175e-01
9.908741884602636496e-01
9.952736372421004951e-01
9.935039670347731722e-01
9.849150896405896027e-01
9.922990670191746965e-01
9.899297419279239341e-01
9.877099657231164231e-01
9.910257470124428369e-01
9.865566625842421278e-01
9.994984123467707260e-01
9.893614282712696051e-01
9.877910190269797441e-01
9.934331783819466688e-01
9.947670339709026033e-01
9.911689010008104539e-01
9.935706832932915678e-01
1.000353928607214726e+00
9.934720952278747186e-01
9.935277011245191581e-01
9.909304762859574289e-01
9.992056770398444199e-01
9.967970306920421741e-01
9.977804096055046257e-01
9.921902145404111195e-01
9.926877314416895359e-01
9.985251688976417572e-01
9.956016411556806167e-01
9.948091022945827477e-01
9.975972732595339565e-01
9.943849579527829219e-01
9.927940419846690290e-01
1.001072540139327893e+00
9.944495778644841799e-01
9.911215659741762218e-01
9.972790430852781496e-01
1.001427139022463164e+00
1.000903112781411863e+00
9.980084011432563962e-01
9.917943659871530926e-01
9.954065440707787760e-01
1.002284614260969597e+00
9.930958484833514177e-01
9.966969579835871507e-01
9.983941258040914812e-01
9.946374070754009367e-01
9.988665739575999236e-01
9.946419260567049836e-01
9.924032256266804852e-01
9.982543281609109753e-01
1.000816066799353310e+00
9.900834769148501024e-01
1.000319249276660383e+00
9.914995235019523623e-01
9.977449251010083175e-01
9.993664593101673210e-01
9.967899683826467738e-01
1.001826881139651793e+00
9.947435048263496560e-01
9.999739077764102646e-01
9.930899853983057302e-01
9.999393340513400563e-01
1.004106911685195724e+00
9.979590999519435401e-01
9.945058995495474896e-01
9.981639722715477392e-01
9.952940373424800091e-01
9.974493021486001698e-01
9.948277839694834590e-01
9.941595553496573867e-01
9.994648461361883562e-01
1.000689884206118485e+00
9.965693474564057963e-01
9.984078188030945933e-01
9.974777193625170568e-01
1.000859775260268369e+00
1.000217053311477811e+00
9.949820359342346210e-01
9.957768672485047823e-01
9.937051842372206512e-01
9.941408588127608192e-01
9.957460280877129533e-01
9.999186098885854967e-01
1.002909777429391802e+00
1.000287139829081573e+00
9.972049228085454464e-01
9.948691992236419201e-01
9.996882899190298044e-01
9.966003519474082584e-01
9.987473069757947242e-01
9.986707528464792150e-01
9.954999185342900958e-01
9.933437468946169080e-01
1.001142678696250510e+00
9.984252877031801754e-01
9.943359261810019722e-01
9.960036456601812915e-01
9.939403081807209883e-01
1.002771216024538559e+00
1.003013563427109789e+00
1.001174804848766087e+00
1.001053178370122865e+00
9.931862924528008785e-01
1.001115140984833118e+00
9.988002511458260457e-01
9.969921360438041003e-01
1.003068915317163468e+00
9.988361694369535249e-01
9.989304971822717816e-01
1.001303592941135578e+00
