0.000000000000000000e+00
0.000000000000000000e+00
0.000000000000000000e+00
0.000000000000000000e+00
0.000000000000000000e+00
0.000000000000000000e+00
0.000000000000000000e+00
0.000000000000000000e+00
0.000000000000000000e+00
0.000000000000000000e+00
0.000000000000000000e+00
0.000000000000000000e+00
0.000000000000000000e+00
0.000000000000000000e+00
0.000000000000000000e+00
0.000000000000000000e+00
0.000000000000000000e+00
0.000000000000000000e+00
0.000000000000000000e+00
0.000000000000000000e+00
0.000000000000000000e+00
0.000000000000000000e+00
1.762349306174422481e-02
1.419686966689427399e+00
5.759804725044928020e+00
6.745691189376281649e+00
3.758389204212642998e+00
1.583169197824343399e+00
6.659566932182483523e-01
3.069434884914342687e-01
1.534652007784420291e-01
1.073456167809619805e-01
8.975454822763917484e-02
8.298567633375117381e-02
9.417507837648210478e-02
1.212477445328013353e-01
1.825080916766358974e-01
2.542016043622012944e-01
3.815053289329962682e-01
5.904745514743663382e-01
8.571350679123956873e-01
1.150499751048547070e+00
1.448049722689870977e+00
1.698181646402909140e+00
1.894205501728135843e+00
2.128924381622520290e+00
2.190261002572685189e+00
2.311584465073353467e+00
2.355232693907490127e+00
2.208686863721780025e+00
2.010555567274686428e+00
1.773429880869822561e+00
1.562653992888932475e+00
1.379304752215766205e+00
1.237902429156972905e+00
1.185911042116459369e+00
1.112683235122352121e+00
1.093042122605086819e+00
1.078319243708870889e+00
1.123821869670184270e+00
1.138478293751814308e+00
1.210428062770561697e+00
1.240106699885959118e+00
1.267330214406018341e+00
1.299923501531210057e+00
1.332550652552505044e+00
1.349652615287784352e+00
1.339214237037265720e+00
1.350437400930990739e+00
1.340259289528176856e+00
1.320685700818589048e+00
1.296111492225252126e+00
1.271107988023410629e+00
1.229735854742256107e+00
1.200160300866574214e+00
1.142456193220200422e+00
1.146137665355753787e+00
1.148414254269952472e+00
1.114183372989394405e+00
1.103625418990273443e+00
1.106068183118370518e+00
1.093198045395313844e+00
1.095126471870409457e+00
1.083211335519600915e+00
1.089280433946740123e+00
1.100874163325292532e+00
1.087940968402469011e+00
1.104081024717244119e+00
1.094865412959892481e+00
1.094904425063915276e+00
1.078808534137773778e+00
1.082268947836495077e+00
1.074964591689731241e+00
1.065107892632929376e+00
1.039562845039612160e+00
1.039492094695612989e+00
1.040937788784766838e+00
1.043924466115328631e+00
1.032147901518394306e+00
1.036348253048392287e+00
1.029852301191962916e+00
1.035481857382593684e+00
1.003379241153838475e+00
1.032554210995769495e+00
1.022539492664537475e+00
1.029653380417373087e+00
1.020094710344980227e+00
1.029485047368615680e+00
1.027319198367145470e+00
1.020595108128144801e+00
1.019974184417557161e+00
1.016968269450451157e+00
1.019107327713358879e+00
1.019628083273792729e+00
1.021932087659934263e+00
1.016478645665164660e+00
1.004732930697347149e+00
1.012749017846507504e+00
1.017612134865033324e+00
1.009986334691035825e+00
1.006966299605747350e+00
1.000130520299383763e+00
9.979169602461738231e-01
1.000360616565878269e+00
9.985315175800359988e-01
1.004069434382532044e+00
1.005822953981167833e+00
1.012612849887558841e+00
1.000493931720869423e+00
1.003791758562334602e+00
1.000714762372293176e+00
9.994855185400848274e-01
1.002817209376243524e+00
9.997413197337889912e-01
9.947651182224338529e-01
9.911629065609762756e-01
9.951619138083925842e-01
1.011919538425086751e+00
1.003261851452902587e+00
1.000593923146023245e+00
1.006601746737837644e+00
1.002117825315199440e+00
9.991432857232127596e-01
9.936894534994451522e-01
1.002499996374488500e+00
1.000305984413274452e+00
1.006081796542664053e+00
1.000791844132729480e+00
9.996496853811066563e-01
9.975501171258432942e-01
1.004946844420671281e+00
1.008052727182155328e+00
1.007441800094568407e+00
9.927251256255332779e-01
9.887242337845135731e-01
9.962299965746824748e-01
9.967236368826958293e-01
9.974616980680195422e-01
9.981906414121336502e-01
9.899444220229113300e-01
9.987774935212886396e-01
9.961761830655427863e-01
9.967099880249494781e-01
9.982828326057833213e-01
9.942822650977094501e-01
9.910585805587667219e-01
9.939360465830808788e-01
9.982248561621289706e-01
9.889259847845777163e-01
9.951118131591178972e-01
9.940632518104861592e-01
1.001106011640409355e+00
9.989414309125798086e-01
9.973714921927278043e-01
9.924933690717776535e-01
1.003450891825491409e+00
9.933299669462910542e-01
9.921881369011862351e-01
9.955079331747127558e-01
9.943996728006861963e-01
9.971063429945123957e-01
1.003942557116739964e+00
1.005880909630918474e+00
9.917674607034701051e-01
1.004146917903040004e+00
1.000221781065160354e+00
9.989685230104226044e-01
1.002253778904660164e+00
9.967805607954998148e-01
9.960569979249417338e-01
9.911289242941194733e-01
1.001700448555316258e+00
1.002758478819138599e+00
9.943125418568853346e-01
9.961001302485810172e-01
9.928963036232688610e-01
9.970578452228666677e-01
9.947647180350812635e-01
9.929766270679967199e-01
9.985870280733326609e-01
1.000859399729893573e+00
9.922548938256485762e-01
9.990173744318894267e-01
9.954585006699498972e-01
9.953219355435090065e-01
9.981519341361989595e-01
9.912153390196888347e-01
9.947282007286893935e-01
9.878906216811600416e-01
9.915830260413113217e-01
9.955258503794662817e-01
9.944251996284084738e-01
9.933628790656532370e-01
9.942466540672241226e-01
9.915919621418449736e-01
9.933149525532503077e-01
9.977957139721248536e-01
9.951376119257241415e-01
9.979649627995604844e-01
9.909877773387347766e-01
1.003160156593838170e+00
9.949525577539048982e-01
9.976101383735992423e-01
9.984163807177672822e-01
1.000629362229897179e+00
9.945162128839045712e-01
9.901350447464863924e-01
9.930012435912177748e-01
9.942413036313035857e-01
9.920019426007151697e-01
9.957052444525907875e-01
9.904725339974339571e-01
9.939592652812793139e-01
9.886042485084366449e-01
9.945618130075937202e-01
9.914027272879534225e-01
9.949021872394897548e-01
9.952228223741438340e-01
9.902478295354514293e-01
1.001956973876172219e+00
9.961007962527763659e-01
9.963792732238330174e-01
9.973021257151503116e-01
9.921845493662778681e-01
9.956721497612051053e-01
9.958961745427854506e-01
9.919534511650371922e-01
9.977927556813385168e-01
9.974550906873252965e-01
9.915002607732626982e-01
9.954117399895712204e-01
9.898041672330798457e-01
9.971041401156492956e-01
9.894525760261402292e-01
9.962182517347902833e-01
9.990461273969686307e-01
9.912206278001993720e-01
9.947067448964189706e-01
9.949127746218621171e-01
9.923696082584384515e-01
1.001251591048858858e+00
9.961123057206924258e-01
9.946157445202185032e-01
9.934103651278453073e-01
9.928723497614354576e-01
9.964204979352143665e-01
9.956785364123552640e-01
1.000804269586849093e+00
9.983995506710313661e-01
9.928085384803279068e-01
9.950472818017072063e-01
9.979979008086335979e-01
9.912498892084010693e-01
9.985309344379162955e-01
9.954878134437554760e-01
9.937924586477302480e-01
9.963995188991358054e-01
1.001963334838593456e+00
1.000569166309210445e+00
9.961779729767220593e-01
