0.000000000000000000e+00
0.000000000000000000e+00
0.000000000000000000e+00
0.000000000000000000e+00
0.000000000000000000e+00
0.000000000000000000e+00
0.000000000000000000e+00
0.000000000000000000e+00
0.000000000000000000e+00
0.000000000000000000e+00
0.000000000000000000e+00
0.000000000000000000e+00
0.000000000000000000e+00
0.000000000000000000e+00
0.000000000000000000e+00
0.000000000000000000e+00
0.000000000000000000e+00
0.000000000000000000e+00
0.000000000000000000e+00
0.000000000000000000e+00
0.000000000000000000e+00
0.000000000000000000e+00
0.000000000000000000e+00
0.000000000000000000e+00
0.000000000000000000e+00
2.572451581106377505e-02
3.700024543882551309e-01
1.347798346922586488e+00
2.097881941480108203e+00
2.017024046132634751e+00
1.557864449693714404e+00
1.089637894340837132e+00
6.968429584364030926e-01
5.167416251983055764e-01
3.916513709550470401e-01
3.287496962717758597e-01
3.059612683173943970e-01
3.192049216215945284e-01
3.825930242357470923e-01
4.856954549746967942e-01
5.837140595167711332e-01
7.204017806782344602e-01
8.792331575896757956e-01
1.038190314214308740e+00
1.289138146946810393e+00
1.408177087190100263e+00
1.539878293531875331e+00
1.709776200045374450e+00
1.731505482297968745e+00
1.817010049850473541e+00
1.832352565290328306e+00
1.829165992301344357e+00
1.747605615917747546e+00
1.693407498852815385e+00
1.630334034850910552e+00
1.533372477878854445e+00
1.477129973260559392e+00
1.402587016059621883e+00
1.390894110727837196e+00
1.346110474056920081e+00
1.358196727823636651e+00
1.309374983153051897e+00
1.318489251894219283e+00
1.346852103973949388e+00
1.343749210086105927e+00
1.312651096724535504e+00
1.323657704722253081e+00
1.325240584781842701e+00
1.281007242581197580e+00
1.286894274106472169e+00
1.278134124063714072e+00
1.256703958036613278e+00
1.241478390354715966e+00
1.234971672890558869e+00
1.233187238972250022e+00
1.220008892193912287e+00
1.203186901134279951e+00
1.190256505269403187e+00
1.187635044948857077e+00
1.156798729646060675e+00
1.164465464157917962e+00
1.158648914076823022e+00
1.153999461192878329e+00
1.167954468714249794e+00
1.129853054690295400e+00
1.132718506723094487e+00
1.132541701428356529e+00
1.117072996847708000e+00
1.118029949986509397e+00
1.113026539600235676e+00
1.102455039660392266e+00
1.103200525731240722e+00
1.079998099376060061e+00
1.052363815496962562e+00
1.071173216850243470e+00
1.062248379963133926e+00
1.041724444193619314e+00
1.022342656818536089e+00
1.025140146443540123e+00
1.020747390048954539e+00
1.021791504283751317e+00
1.028334141715068206e+00
1.030659689166889104e+00
1.014067452020066318e+00
1.012727464413323952e+00
1.014762953745965923e+00
1.020968663310317881e+00
1.014077865192057670e+00
1.027872242836703531e+00
1.026020190332642690e+00
1.015480487632624218e+00
1.009592765333179321e+00
1.008775933264317137e+00
1.018003698587615968e+00
1.008466490390244941e+00
1.009723187444191872e+00
1.015759876913050030e+00
1.020072377349539039e+00
9.932786740481593935e-01
9.923445089110602968e-01
1.005706208310933603e+00
9.962080086114437627e-01
9.908608759136425803e-01
9.903086106965646174e-01
1.009972984410477448e+00
9.894808981950128368e-01
9.988849083657611594e-01
9.898982415294553805e-01
9.946792527616027391e-01
9.920791363812102581e-01
9.840060059301248829e-01
9.828026876823474645e-01
9.912748517984623087e-01
9.883386687632037537e-01
9.896030352257599860e-01
9.959466353316742682e-01
9.978386447584079999e-01
9.920491250456677790e-01
9.859151755383888105e-01
9.884512460119559973e-01
9.911544754779518795e-01
9.841854911379905868e-01
9.912919231271950515e-01
9.879501886534419741e-01
9.975051528949844259e-01
1.001963605965296544e+00
9.922810370450755313e-01
9.988647125167217089e-01
9.891746106981252895e-01
9.974182284962567202e-01
1.000481380076185589e+00
9.891881360711037852e-01
9.971909260353069016e-01
9.885479763275401011e-01
9.890153897476429146e-01
9.865524099936414659e-01
9.934747531780088181e-01
9.911952055599210221e-01
9.951757758985231295e-01
9.921618117834346551e-01
9.848808791659200423e-01
9.814238281919459572e-01
9.932876056203984172e-01
9.885799772903369753e-01
9.908990581637154849e-01
9.936601364368213840e-01
9.853206127454591234e-01
9.914593539142585454e-01
9.896448879445897129e-01
9.800984015698640528e-01
9.806438254687649403e-01
9.878595890196533169e-01
9.947863826934770781e-01
9.960604381787373507e-01
9.945296453770263723e-01
9.915929589743309736e-01
9.891421086365760340e-01
9.890197380954107720e-01
9.940710719626435488e-01
9.855182183234257876e-01
9.886638803660273700e-01
9.991458564608631798e-01
9.945552201166436568e-01
9.939631330665100739e-01
9.938987854851483172e-01
9.853833955699429215e-01
9.919834584555256018e-01
9.951036011666131165e-01
9.919811494592315482e-01
9.954222349486988586e-01
9.914221998153688320e-01
9.956321975982928008e-01
9.916353201704779519e-01
9.893357504980275774e-01
9.919985838106568643e-01
9.847067771212667520e-01
9.894120868227721521e-01
9.951441561970795213e-01
1.000993842555821578e+00
9.957758175639758180e-01
9.994204155128640910e-01
9.960353699767612312e-01
9.978087496453467153e-01
9.906926187280700180e-01
9.944285047907944763e-01
1.005994324104785953e+00
9.976870060613857172e-01
9.951525824750589999e-01
9.994707596955929585e-01
1.003851922396604923e+00
9.997861617072193452e-01
1.001499232220167457e+00
9.964178175103236557e-01
9.939932630318948359e-01
9.966124695188932625e-01
9.957901643561528626e-01
9.984382741331343514e-01
1.002315959192072725e+00
9.979163822065539868e-01
9.972010730841249782e-01
1.001481297112264857e+00
9.988695186980982577e-01
9.981452543990027015e-01
9.998722605691872101e-01
1.000245483487639309e+00
9.970525271599797179e-01
9.966486599096693322e-01
9.974093224850099082e-01
9.944764939969191753e-01
9.966388262400138753e-01
9.930899853983057302e-01
9.920624367602740579e-01
9.991964498736792821e-01
9.957907798479197492e-01
9.912810999078996987e-01
9.930661175713666466e-01
9.946160712954863481e-01
1.004162104711329606e+00
9.947101410449729064e-01
9.957442219594949684e-01
9.974883997269711200e-01
9.971425591374141195e-01
9.947391616757651489e-01
1.000439320450306813e+00
9.998657703880178271e-01
1.002488212567943071e+00
9.982438765764962696e-01
9.968482645003899911e-01
9.970411279329653986e-01
1.001597349961643069e+00
9.983976411647619287e-01
9.992549078792813955e-01
1.002455120213614936e+00
9.992043923051642240e-01
1.000330188112801499e+00
9.975978729391751232e-01
9.983443250728929463e-01
1.000192902654337912e+00
9.975517125968920151e-01
9.964203249578171828e-01
9.988926285485960621e-01
9.970085729973932054e-01
9.955692874989366947e-01
1.002853402160661433e+00
9.998680297002923156e-01
9.926508792220032351e-01
9.973148896300770838e-01
9.984291714197996992e-01
1.001200965580197888e+00
9.985680441734253732e-01
9.929667048470751656e-01
9.958407388101293556e-01
9.932463708662814250e-01
9.943161938817549617e-01
1.001679149905417621e+00
9.989097394536364805e-01
9.972847005245799590e-01
1.002645259737278582e+00
1.000756682387896612e+00
1.002402898951023191e+00
