0.000000000000000000e+00
0.000000000000000000e+00
0.000000000000000000e+00
0.000000000000000000e+00
0.000000000000000000e+00
0.000000000000000000e+00
0.000000000000000000e+00
0.000000000000000000e+00
0.000000000000000000e+00
0.000000000000000000e+00
0.000000000000000000e+00
0.000000000000000000e+00
0.000000000000000000e+00
0.000000000000000000e+00
0.000000000000000000e+00
0.000000000000000000e+00
0.000000000000000000e+00
0.000000000000000000e+00
0.000000000000000000e+00
0.000000000000000000e+00
0.000000000000000000e+00
0.000000000000000000e+00
0.000000000000000000e+00
0.000000000000000000e+00
0.000000000000000000e+00
0.000000000000000000e+00
5.116291305141519119e-05
4.244229336010128979e-03
5.041295054245867324e-02
2.440472324212375199e-01
6.145889294528724678e-01
1.013136539989330620e+00
1.296641956439382293e+00
1.419482119504577255e+00
1.417543705494752615e+00
1.368606146977534577e+00
1.297783488878170521e+00
1.247193707106357019e+00
1.224936082814774840e+00
1.207412016573476965e+00
1.144064281733103927e+00
1.063996402958941268e+00
1.016911123536454298e+00
1.009718320983208129e+00
1.010284927411412514e+00
1.022948252161812066e+00
1.044168552268108341e+00
1.049379000406574836e+00
1.044324862954596256e+00
1.037366676162004397e+00
1.030473339596193139e+00
1.035502966491935517e+00
1.043929057559387363e+00
1.052116455764106728e+00
1.053142345721112649e+00
1.050526596980799754e+00
1.047843569528906338e+00
1.037939297050923138e+00
1.022221255672429052e+00
1.008334847126675982e+00
9.913677291563162131e-01
9.779799246461231554e-01
9.709443534274107002e-01
9.692636609819315074e-01
9.699172942740007519e-01
9.763945604187524996e-01
9.798147197550474141e-01
9.877471032932821915e-01
9.940975207163408323e-01
1.002984033167722444e+00
1.014746168475182841e+00
1.021006275555112808e+00
1.026108877888383342e+00
1.030551042290199115e+00
1.029677729177422840e+00
1.035093019789702140e+00
1.035042933953752797e+00
1.036092553058327814e+00
1.028636159292116492e+00
1.029297927650637989e+00
1.023561812030967300e+00
1.017599017739989842e+00
1.012937378397929189e+00
1.005336913626948547e+00
1.004451543907306066e+00
9.995539809818695387e-01
9.964572321817348755e-01
9.956493574088391973e-01
9.939122292167107409e-01
9.954369081653789975e-01
9.973158114316205136e-01
9.963630282684425854e-01
9.992189517166353285e-01
9.994811995825518824e-01
1.000460912208134934e+00
1.001097890101629195e+00
1.002522718208350483e+00
1.003489777804705163e+00
1.002565483215592357e+00
1.002313859003103547e+00
1.002466619655471236e+00
1.002537398222850040e+00
1.002757754077452823e+00
1.002973661180382559e+00
1.003000984347245828e+00
1.003727336228461997e+00
1.002464990779385667e+00
1.001964979440570058e+00
1.003630767966998238e+00
1.001888181741119155e+00
1.002743591721548144e+00
1.003793616977736836e+00
1.001775728331350424e+00
1.001160457381739199e+00
1.001139175173535012e+00
1.001876272155755032e+00
9.989132254423043200e-01
1.000781166348744922e+00
1.000658765426928554e+00
1.000089940201006167e+00
1.000957024413615448e+00
9.983116384378533104e-01
9.994980461616184142e-01
1.000237277758160959e+00
9.994800860305839141e-01
1.001804808417217751e+00
9.994336369313961965e-01
1.000221376720730637e+00
9.989979465867783182e-01
9.990870440510780659e-01
9.993268801325833062e-01
9.993780927506570322e-01
1.000099192465613962e+00
1.000164422008881226e+00
1.000122448498806937e+00
1.000619916220163441e+00
1.001145290352853046e+00
1.001223316233801786e+00
1.001317725262283576e+00
9.995554447519374719e-01
1.000372048377657475e+00
9.984731099403418852e-01
9.994379280096336027e-01
9.990720192478772521e-01
9.999541886228645593e-01
1.000211429763872673e+00
1.001164318229025740e+00
1.000028561168717411e+00
9.998395017813125341e-01
1.000660864943641926e+00
9.992622190762437961e-01
1.000294086538173310e+00
9.990488692299953621e-01
9.995297895210297767e-01
1.000570427523925998e+00
1.000225679973145931e+00
9.996710788280693816e-01
1.000291289698945096e+00
1.000496871658008713e+00
9.982189086410752088e-01
1.000020906619571770e+00
1.000603847266685387e+00
9.987516506403527616e-01
9.987444694101791365e-01
1.000936567946121736e+00
1.000506370142573376e+00
9.998708197282933918e-01
9.999556472970190235e-01
9.993415612517047020e-01
9.990979739090618539e-01
1.000816039237427013e+00
1.001551059177754777e+00
9.990270658531970049e-01
1.000446921370434117e+00
9.999789390055047189e-01
9.996071278366844837e-01
9.996186090521647083e-01
9.992371494837084533e-01
1.000969795895316317e+00
1.000102660335697280e+00
1.000102045544882357e+00
1.000398871102724963e+00
9.995517160021316627e-01
1.000233690374932261e+00
1.000215861612219204e+00
1.000372106867361444e+00
9.991812951344358762e-01
9.994532253046752857e-01
1.000837939173462310e+00
9.989798086982246694e-01
9.996056010380280910e-01
1.000401978539624537e+00
1.000082890112278022e+00
1.000588991513286174e+00
9.995503786183862482e-01
9.989347024216516102e-01
1.000274072717856955e+00
9.996672388165480649e-01
1.000570645121584112e+00
1.000617267177195568e+00
9.998826016743356249e-01
9.999327133049785710e-01
1.000381730517660550e+00
9.993711620011820340e-01
9.999750373424982630e-01
1.000876664545570449e+00
9.989977619388635821e-01
1.000096808560318795e+00
9.990698466927411259e-01
1.000191637835600389e+00
1.000069841149715533e+00
1.000402329821367564e+00
9.991490025429442534e-01
9.993661814654226649e-01
1.000278085260175587e+00
1.000494552947288174e+00
1.000421585494612575e+00
1.000237016465959083e+00
9.999484285068351852e-01
1.000351229878419401e+00
9.996438227417381306e-01
9.994982116691355500e-01
1.000261558470992185e+00
1.000011397844848382e+00
9.998051303875920004e-01
1.000027451554018842e+00
1.000574134203042087e+00
9.992452357202135094e-01
1.000620367830441726e+00
1.000118447792223586e+00
1.000284618859884622e+00
1.000032442264121357e+00
9.995096088821767699e-01
9.993465558903652513e-01
1.000236177350525946e+00
1.000061131880783938e+00
1.000082841640033360e+00
9.998703937519153317e-01
9.997926898400691931e-01
1.000087358238485269e+00
1.000008538664806768e+00
1.000689875505039073e+00
1.000311649138486247e+00
9.999236458459411780e-01
9.997076724991286190e-01
1.000420527049352915e+00
1.000613859455307120e+00
1.001241869344131619e+00
1.000343743299870081e+00
9.997959060383673213e-01
9.993869733365493557e-01
1.000596042652293072e+00
9.995252107091284755e-01
1.000203529638266087e+00
1.000197167311122959e+00
9.998059561267139683e-01
9.999211187088755670e-01
9.998383273024685769e-01
9.992490101323660001e-01
1.000113070646967639e+00
9.991785496745082540e-01
1.000064365379324860e+00
1.000485480929532711e+00
9.998065017879266270e-01
9.996544690274139500e-01
1.000128682994485763e+00
1.000138769231859515e+00
9.997590217836502813e-01
9.996085529851942431e-01
1.000809325907471070e+00
9.995079518814362629e-01
9.997102421530822403e-01
9.996653721874340093e-01
9.998652011150247487e-01
9.990881787631985533e-01
9.994689122162320194e-01
9.994456063076706531e-01
1.000117620064003399e+00
9.995952446920007839e-01
1.000188566225512110e+00
9.993783853803988038e-01
9.995520699169164747e-01
1.000058010403069853e+00
9.998312177193158234e-01
1.000554258556910492e+00
9.997833106008058301e-01
1.000063245950479018e+00
9.994376662926717225e-01
9.995103547357047091e-01
9.996816696994352824e-01
9.999270050777675500e-01
9.999819350790541961e-01
9.995125238322050132e-01
1.000046467712747633e+00
9.997521580192848534e-01
9.997712852587842258e-01
9.998629198597316359e-01
9.994756083121386636e-01
9.994416518412818640e-01
1.000014528938782288e+00
9.999025279249590392e-01
1.000156213572520825e+00
9.998896475667577999e-01
9.996191768100799457e-01
9.994096155934991677e-01
9.996336349152156187e-01
1.000409128479462506e+00
9.994405244672505129e-01
9.996957969565956059e-01
1.000174491352193717e+00
1.000327001746266209e+00
9.997482645639780285e-01
9.991368122578838662e-01
1.000161115516068566e+00
9.994363766683321826e-01
9.997851407577490468e-01
1.000005880787888213e+00
1.000000826298327317e+00
9.992620016632600688e-01
1.000111420012791408e+00
1.000458077077758023e+00
1.000225423378642953e+00
1.000052535961626132e+00
9.998496200670971001e-01
9.999247034326876893e-01
9.995385268837431170e-01
9.991421345193066683e-01
1.000164611120662350e+00
1.000181707402678422e+00
9.997881945174600382e-01
9.998505629005183248e-01
9.995054139375603164e-01
1.000183148610073403e+00
9.999409462190658182e-01
1.000201128197319322e+00
1.000330734476953198e+00
9.997596961639207969e-01
9.996426361420237550e-01
9.997703204185280912e-01
1.000199748639874153e+00
9.999677137694232831e-01
1.000197281983755015e+00
1.000176974853934864e+00
9.997110560150137548e-01
1.000070452884896266e+00
1.000079925147063786e+00
1.000242126763167150e+00
9.999961833506391118e-01
9.997397432998189615e-01
1.000526728936594223e+00
1.000093715447634368e+00
1.000429253792312512e+00
9.998795463655176796e-01
