0.000000000000000000e+00
0.000000000000000000e+00
0.000000000000000000e+00
0.000000000000000000e+00
0.000000000000000000e+00
0.000000000000000000e+00
0.000000000000000000e+00
0.000000000000000000e+00
0.000000000000000000e+00
0.000000000000000000e+00
0.000000000000000000e+00
0.000000000000000000e+00
0.000000000000000000e+00
0.000000000000000000e+00
0.000000000000000000e+00
0.000000000000000000e+00
0.000000000000000000e+00
0.000000000000000000e+00
0.000000000000000000e+00
0.000000000000000000e+00
0.000000000000000000e+00
0.000000000000000000e+00
0.000000000000000000e+00
0.000000000000000000e+00
0.000000000000000000e+00
0.000000000000000000e+00
3.410860567554827532e-05
4.481779087884915462e-03
5.107646832101550571e-02
2.412534599265427349e-01
6.065807829290490449e-01
1.007258192271528241e+00
1.292457735864415369e+00
1.421520390530440325e+00
1.425321941739841725e+00
1.364975619621731528e+00
1.298340759754963436e+00
1.253249216020031254e+00
1.232483041989368644e+00
1.207734319961335290e+00
1.141274794980090546e+00
1.061756989834387932e+00
1.015438950228237935e+00
1.010756293820954665e+00
1.016956199176365594e+00
1.026997974864177099e+00
1.041775483584598261e+00
1.048030541589308307e+00
1.045679211117287011e+00
1.034086578409525004e+00
1.033929919771191086e+00
1.036767340711877816e+00
1.043120691244047604e+00
1.045458616433248444e+00
1.054735081323420420e+00
1.053108452537062867e+00
1.049580677342828006e+00
1.034903394655761977e+00
1.023061139664967811e+00
1.006386010144813214e+00
9.947315927511586331e-01
9.766529584312019230e-01
9.723547435747412759e-01
9.665753265550394158e-01
9.677636792611959971e-01
9.701240633938079672e-01
9.791727228736732958e-01
9.873053729932964595e-01
9.973571450034071084e-01
1.003306305952170741e+00
1.012876027440412940e+00
1.019366138617872952e+00
1.025755582517533071e+00
1.031903414866694568e+00
1.032196062959641392e+00
1.034052810969799951e+00
1.035550416742936353e+00
1.034467191492481009e+00
1.030282392682406511e+00
1.028757726465268085e+00
1.021554433043958987e+00
1.015844362626134867e+00
1.011798696054186042e+00
1.007125163420059533e+00
1.003953241631411863e+00
9.984184284885891936e-01
9.946834446383777673e-01
9.921386858888632254e-01
9.966067267126443863e-01
9.961844669953597853e-01
9.957904064200043814e-01
9.971884198888949502e-01
9.983117434633947962e-01
1.000507310214528767e+00
9.989130215141628355e-01
1.001110934383871998e+00
1.001582394931502584e+00
1.002000390510747074e+00
1.003118462980664205e+00
1.001658037581092842e+00
1.001676733202765179e+00
1.004133600762894263e+00
1.002309623237976011e+00
1.002268030768791895e+00
1.003055737139272763e+00
1.003097704855041794e+00
1.003746918117206510e+00
1.001032066590036962e+00
9.997144992454024548e-01
1.001357647684534280e+00
1.000546160309351729e+00
1.001236558580937963e+00
9.993793843849420044e-01
1.002131064530139115e+00
1.001683601285078051e+00
1.001286286627125710e+00
1.001146785588415522e+00
1.000394146375789495e+00
1.001207141704848924e+00
1.001323670850670755e+00
9.994589194318868053e-01
1.000109559463365549e+00
9.990980676506349134e-01
9.986155245016155035e-01
9.996221824611007944e-01
9.995240415869934836e-01
9.993332487898569649e-01
9.990475519852277664e-01
9.993351621832887721e-01
9.991448077259518223e-01
9.983020515739291501e-01
1.000725238801959183e+00
9.989269985570996546e-01
1.000128041667541323e+00
9.982856643863048385e-01
1.000798577961129698e+00
1.000259353521966155e+00
1.000414838016926655e+00
9.994462539593617079e-01
1.000096379246147249e+00
1.001215974129960884e+00
9.992507103059606877e-01
1.000395175073580223e+00
9.995791410626982954e-01
9.994791255739982061e-01
9.995793619282927756e-01
9.995195530607650092e-01
1.000165007226344382e+00
1.000663920338661139e+00
1.000282958430479541e+00
9.994070253818930771e-01
9.985374316177261234e-01
1.000085544315256314e+00
9.999912785485639555e-01
9.988818279995034244e-01
9.986969312961396783e-01
9.998807896262230654e-01
9.995094624312251819e-01
9.983312519024000187e-01
9.990921902974557733e-01
9.999013203977038522e-01
1.001007422204033270e+00
9.996047759989331594e-01
9.994523224838856024e-01
9.993368023221910201e-01
9.998477069063764766e-01
9.992852851454246954e-01
1.000236044937479418e+00
9.999131032015006193e-01
9.996461147125925706e-01
9.987372667666253312e-01
9.991291288754753364e-01
9.996742448593115560e-01
9.989996598293853225e-01
1.000062635024874913e+00
9.999208698322422650e-01
1.000342517760000716e+00
9.997210189843921402e-01
1.000300938897123793e+00
9.999271071447322079e-01
1.000097545167413005e+00
1.000265705068916100e+00
9.990646944736701895e-01
1.000291583448729815e+00
9.998135843670441503e-01
9.991617180540677268e-01
9.995024987082560264e-01
9.993543333029621945e-01
9.994041813609385594e-01
1.000065083967664137e+00
9.995563341816349201e-01
9.996026581486636697e-01
1.000000053926871857e+00
9.994017535721172463e-01
9.993660176544789664e-01
9.998309043605793089e-01
1.000208840583006742e+00
9.984778550714007439e-01
9.986183505123858994e-01
9.998226773855154459e-01
1.000164078463684270e+00
1.000478969950015840e+00
9.999621912489076170e-01
1.000027342594215884e+00
1.001006601228821236e+00
1.001288974336927984e+00
1.000238083605162975e+00
9.998399512548068468e-01
1.000077085105661956e+00
1.000060282757899266e+00
9.995377699661930349e-01
9.999548038246551807e-01
1.000227958842044407e+00
9.993471731685815707e-01
1.000016105971645697e+00
1.000195021219871139e+00
9.988563078161493136e-01
9.996928081344907957e-01
9.999553645749839070e-01
1.000608943104065451e+00
9.997149303314848412e-01
1.000796185841603680e+00
9.997318523410589908e-01
9.999352973944887202e-01
9.997313691841157590e-01
9.996551935623457785e-01
1.000135579656447282e+00
1.000172474489295915e+00
9.998786105423981274e-01
9.996385221858381520e-01
9.998873014395024406e-01
9.999916768379294441e-01
9.990109651011015446e-01
1.000102627221480578e+00
9.994168805403527145e-01
1.000225180885839116e+00
9.996281164246128004e-01
1.000383339258365867e+00
9.995125408984381066e-01
9.996971996157331120e-01
9.995704673867005230e-01
1.001043232875189259e+00
9.999035848968317319e-01
1.000610804417405353e+00
9.997881300106654656e-01
1.000081198215756473e+00
1.000555027302887368e+00
9.999172211126157173e-01
1.000184215153811840e+00
9.997123098926484763e-01
1.000506016162698186e+00
1.000267972974165254e+00
1.000528903334822139e+00
9.991583566367799873e-01
1.000290281973429840e+00
1.000554109492291399e+00
9.996876358554955821e-01
9.993107597197706804e-01
1.000450245182069819e+00
1.000262392491964691e+00
9.994977617184219731e-01
9.995493081728280549e-01
1.000210571146328942e+00
1.000008595392312349e+00
9.994521830932078243e-01
9.996052368426332491e-01
1.000039009295626613e+00
9.997793546703687140e-01
9.999585325561272109e-01
1.000252815137502749e+00
1.000042499471794022e+00
9.996807420819873169e-01
1.000124837147392975e+00
9.999690342622538086e-01
9.998935482908080097e-01
9.991320577623271637e-01
9.992879073972182891e-01
9.996179268527117801e-01
1.000318188489280002e+00
1.000012153682616534e+00
1.000189093903430360e+00
9.998582195099849912e-01
9.999413049547423160e-01
1.000754363451125339e+00
9.995798487597612469e-01
9.993913107905839643e-01
1.000047105575182504e+00
1.000310955762359288e+00
9.999598349250684581e-01
9.999082451947137740e-01
1.000212060548419046e+00
1.000249390812790073e+00
1.000629487593881484e+00
1.000226583505563926e+00
9.999252517497787540e-01
9.999000000192584947e-01
1.000292554701805114e+00
1.000055961818584915e+00
9.997533006021014357e-01
1.000008164265788091e+00
1.000678009217176534e+00
1.001066493760079279e+00
9.999436188911997592e-01
9.998185614701315949e-01
9.995644162588723791e-01
9.999027988567651404e-01
1.000221229769079345e+00
9.995935843821024402e-01
1.000155829990935885e+00
9.998066544075387974e-01
9.995104223570399071e-01
1.000566715693790076e+00
9.998910372622623610e-01
9.997131494153435050e-01
1.000272588141257524e+00
1.000302115140783821e+00
1.000591814417347791e+00
1.000100308733074206e+00
1.000238865730854076e+00
9.996510180498155984e-01
9.998704107939921926e-01
1.000311666543994393e+00
1.000606271858318408e+00
1.000556051629398757e+00
1.000585268808005024e+00
1.000102902539258265e+00
1.000123170728688393e+00
9.999836095969137917e-01
1.000371976319228917e+00
9.992833780924080811e-01
9.995525377702163539e-01
1.000129544363321132e+00
1.000029540420465324e+00
9.999208267300884190e-01
1.000600227103489503e+00
1.000444719747687783e+00
1.000183576881588765e+00
9.999850368774383380e-01
1.000407996641252906e+00
9.997998813014193908e-01
1.000042421572845619e+00
9.999597371541288915e-01
1.000065385224789605e+00
9.994266282507563437e-01
9.998836530432188008e-01
1.000152082363680028e+00
1.000015176473274980e+00
1.000280372827935915e+00
9.997763418038195793e-01
1.000506538321240813e+00
1.000124631476053239e+00
9.998239361872227615e-01
9.997194404261277034e-01
