0.000000000000000000e+00
0.000000000000000000e+00
0.000000000000000000e+00
0.000000000000000000e+00
0.000000000000000000e+00
0.000000000000000000e+00
0.000000000000000000e+00
0.000000000000000000e+00
0.000000000000000000e+00
0.000000000000000000e+00
0.000000000000000000e+00
0.000000000000000000e+00
0.000000000000000000e+00
0.000000000000000000e+00
0.000000000000000000e+00
0.000000000000000000e+00
0.000000000000000000e+00
0.000000000000000000e+00
0.000000000000000000e+00
0.000000000000000000e+00
0.000000000000000000e+00
0.000000000000000000e+00
0.000000000000000000e+00
0.000000000000000000e+00
0.000000000000000000e+00
0.000000000000000000e+00
6.821719262195456116e-05
4.576797882650750736e-03
5.272788700036338400e-02
2.429599208330710525e-01
6.058210065860383242e-01
1.007161352996370329e+00
1.289010313965751386e+00
1.421946889542495596e+00
1.423127912063581579e+00
1.368700686609983119e+00
1.303141113555678077e+00
1.243701266258133487e+00
1.232434221388100992e+00
1.206759080751732105e+00
1.142990464258698990e+00
1.063175396772774839e+00
1.020617484918750373e+00
1.007477259152468108e+00
1.017131322894919032e+00
1.031811184120634550e+00
1.048073375899395643e+00
1.049707747773689581e+00
1.044446688753943420e+00
1.037776910972192157e+00
1.033389531118523719e+00
1.039300503456223046e+00
1.044137265060909980e+00
1.052530351818676824e+00
1.055109812143518955e+00
1.054294148567887834e+00
1.047430463130944567e+00
1.038482322673753178e+00
1.026081266842927775e+00
1.007840527613791615e+00
9.938608810655102932e-01
9.821818810227361807e-01
9.717381599779247869e-01
9.678077935584362690e-01
9.697499571293813903e-01
9.750318017159573802e-01
9.782271944662409568e-01
9.902730451281138713e-01
9.978622923914974852e-01
1.008649794925273735e+00
1.013974645016877618e+00
1.022421030015038923e+00
1.027350416903941133e+00
1.029160512719307752e+00
1.032672704844746825e+00
1.035601145300635961e+00
1.035765032906665661e+00
1.037539962529517856e+00
1.029912804511373459e+00
1.029053083033540039e+00
1.023993949714746332e+00
1.018603059561623336e+00
1.012651922451208497e+00
1.007597310620666597e+00
1.003171257983846321e+00
9.968370255127309010e-01
9.967097983681704187e-01
9.947823011921251846e-01
9.959610984762877761e-01
9.944466620519559763e-01
9.963751056539124074e-01
9.973712681379693912e-01
9.985326497166839843e-01
9.996027747198922286e-01
1.000182910214408638e+00
1.002584190530251496e+00
1.002076032247658288e+00
1.002012715222792005e+00
1.003377438450879788e+00
1.002409072134876178e+00
1.005268494342167473e+00
1.003596190004434119e+00
1.002131499409595339e+00
1.001390022020202553e+00
1.000590873861873620e+00
1.005783476049664227e+00
1.001872195890728845e+00
1.000415091628311659e+00
1.003459471205142339e+00
1.003058592931545867e+00
1.002853094567834891e+00
1.002044609501938410e+00
1.001857700192451794e+00
1.001252142438416204e+00
1.001566383503602609e+00
1.002983872124446840e+00
1.001269180453635332e+00
1.000581264355670408e+00
1.001183836414577533e+00
9.991526796760128448e-01
1.001241250819067785e+00
1.001155148467205658e+00
1.000271122543992197e+00
9.983835840313867172e-01
9.990771229251959040e-01
9.993131144069538063e-01
9.985156086292028554e-01
9.988321296581700315e-01
9.991615207535600174e-01
9.993702287116855709e-01
9.999799029357782088e-01
1.000683404123502651e+00
9.996226189314745270e-01
9.997245268816459252e-01
1.000582914205147667e+00
1.000728499184105891e+00
1.001862990531353859e+00
9.996625586762144522e-01
1.000709802420733263e+00
1.000454324678313300e+00
1.000469374636009379e+00
1.001082191996303550e+00
9.997419303930021872e-01
1.001402962356280124e+00
1.000343900838482458e+00
9.991485270833092569e-01
9.990287220992473127e-01
1.000193360877530413e+00
9.990961045988582256e-01
1.000103153427584157e+00
1.001223754182927195e+00
9.989452484920042785e-01
9.986745916507867582e-01
9.986088130520430761e-01
1.000065267224352183e+00
9.992945482438875260e-01
1.001355957579801892e+00
9.991122831928825887e-01
9.998914756201972009e-01
9.994633924891921373e-01
1.001387557430585051e+00
9.997387528308800952e-01
1.000777953907892703e+00
9.997692775501190177e-01
1.000496669582932485e+00
9.995220809439090415e-01
9.999400187117133409e-01
9.998067159989174613e-01
1.000149074461739174e+00
9.997212999526194910e-01
1.000106986893428695e+00
1.000085047971552177e+00
1.000439984041616936e+00
9.989440770662570968e-01
1.000436834766344818e+00
9.998043185471839900e-01
9.994782910962357603e-01
9.996355861498167350e-01
9.991217679497550463e-01
9.991513690305627859e-01
9.987631085572498124e-01
1.000122899605284665e+00
1.000206230692718856e+00
9.992479925393763507e-01
9.998597568229306010e-01
9.998617955000663748e-01
9.996141427673890245e-01
9.995090779373698719e-01
9.999166297592331221e-01
9.991131983677212780e-01
1.000310565236394389e+00
9.998306888857889652e-01
9.999241430283172249e-01
1.000402446254542221e+00
9.994509137862763737e-01
1.000046867724333266e+00
9.990406379857104113e-01
1.000129635094981095e+00
1.000277238074355868e+00
9.998534004524768370e-01
9.994645086341700235e-01
9.991219773839331575e-01
1.000169597243410813e+00
9.997016812180832268e-01
9.993024675637548482e-01
1.000259688706619743e+00
9.994726648159170113e-01
9.995420144238096327e-01
1.000402483460162362e+00
9.991152181272990873e-01
9.995139780298925025e-01
1.000737477337758419e+00
1.000083121956188759e+00
9.995515988879057900e-01
9.996612639688101654e-01
1.000092095214953902e+00
1.000585023860228517e+00
1.001206649248394642e+00
1.000469402858934043e+00
1.000551489568078711e+00
9.998262541127505010e-01
9.997693260256963477e-01
9.997281906353076009e-01
9.997024317636240553e-01
9.998078566999748507e-01
9.993117225820175031e-01
1.000406369311693133e+00
1.000472591863447613e+00
1.000658773902431520e+00
1.000233609179660199e+00
1.000083386793733098e+00
1.000222499659692899e+00
1.000291644772344002e+00
9.999371486490035155e-01
1.000683644743200595e+00
1.000504804184193519e+00
9.993271780638970370e-01
1.001025418910406861e+00
1.000710839840725841e+00
9.998205447013446268e-01
9.999158159898288156e-01
1.000329494051499291e+00
1.000184799142192604e+00
1.000027117131344401e+00
1.000181970694581368e+00
1.000303903890731760e+00
9.998411584836612853e-01
1.000459167172826236e+00
9.999059884575361989e-01
9.997147292085243331e-01
1.000643938804973265e+00
1.000332271943231488e+00
1.000605842561656633e+00
1.000654973628014810e+00
9.998698525443042717e-01
1.000537871806673085e+00
1.000272849234700834e+00
1.000183896238429959e+00
9.993676681493478542e-01
1.000362969964532223e+00
9.996072744590909220e-01
9.992491610125346924e-01
9.994790050739512655e-01
9.998361554235933868e-01
1.000051823193008227e+00
1.000195438571561013e+00
1.000554292857291028e+00
1.000302675550061249e+00
1.000377774888715043e+00
1.000494470228736166e+00
1.000111796354358207e+00
9.998457238805407155e-01
1.000124401258107865e+00
1.000293175093881270e+00
1.000050804615709277e+00
9.998673340455374037e-01
1.000536607846096215e+00
1.000171074675677785e+00
1.000130901447713772e+00
9.999011784595671637e-01
1.000666224335036603e+00
9.993766704034565684e-01
9.994103268227850778e-01
9.996742251348165187e-01
1.000198143714071675e+00
9.997290174158106613e-01
9.999906501785138513e-01
1.001011759966974557e+00
1.000420353933052509e+00
1.000061604912652946e+00
1.000259191674973014e+00
1.000126902832334075e+00
9.999821374396151707e-01
9.997611978786788978e-01
9.996710040450894619e-01
9.995747678131673419e-01
9.995331111272837132e-01
1.000482526623640345e+00
1.000241804433010140e+00
9.996764650267468966e-01
1.000257120191945015e+00
9.996687127779736448e-01
9.989895060740126009e-01
9.996194638716402459e-01
1.000374371599471512e+00
9.998537559987240586e-01
9.995453239378753185e-01
1.000178035813049204e+00
9.997165772591370958e-01
1.000156372093354840e+00
9.991271229828246891e-01
1.000174267822553364e+00
1.000289628958525245e+00
1.000150149398433941e+00
9.997776298978026110e-01
9.996811724713255964e-01
1.000480935641811175e+00
9.995506107700752318e-01
9.996737203814840544e-01
1.000412378188183293e+00
9.994261008196889673e-01
9.992939506514867398e-01
9.992509756271281685e-01
9.996678484336865012e-01
1.000212466293215474e+00
9.998434017797208639e-01
1.000158401796302998e+00
1.000534113898789768e+00
9.994704168001748990e-01
9.996010545488638321e-01
1.000637093830215374e+00
1.000406555074882409e+00
9.999239582473212762e-01
1.000144444738375382e+00
9.999295014899501899e-01
9.995025899551307491e-01
1.000001994060098154e+00
1.000495919999305761e+00
9.998073805873877173e-01
1.000121341734199865e+00
9.997671356464807868e-01
9.995407306465299291e-01
9.996525982274394595e-01
1.000029241895920684e+00
9.996542789757815184e-01
1.000651608939139292e+00
9.990463010492640628e-01
9.999991925563923578e-01
1.000061181850675052e+00
1.000007247106616814e+00
9.997419652560740611e-01
1.000117502497011479e+00
9.998088141460480527e-01
