0.000000000000000000e+00
0.000000000000000000e+00
0.000000000000000000e+00
0.000000000000000000e+00
0.000000000000000000e+00
0.000000000000000000e+00
0.000000000000000000e+00
0.000000000000000000e+00
0.000000000000000000e+00
0.000000000000000000e+00
0.000000000000000000e+00
0.000000000000000000e+00
0.000000000000000000e+00
0.000000000000000000e+00
0.000000000000000000e+00
0.000000000000000000e+00
0.000000000000000000e+00
0.000000000000000000e+00
0.000000000000000000e+00
0.000000000000000000e+00
0.000000000000000000e+00
0.000000000000000000e+00
0.000000000000000000e+00
0.000000000000000000e+00
0.000000000000000000e+00
0.000000000000000000e+00
0.000000000000000000e+00
0.000000000000000000e+00
0.000000000000000000e+00
0.000000000000000000e+00
0.000000000000000000e+00
9.629831959216064372e-03
1.195415814447648717e-01
5.114726164350396065e-01
1.197893194228552005e+00
2.022260709162669645e+00
2.578471229036712664e+00
2.917957447134178040e+00
3.074105063469824817e+00
3.175467432499670117e+00
3.140023826712853072e+00
3.017476653764969097e+00
2.918721261852930127e+00
2.748562296969060625e+00
2.706389166070968688e+00
2.557747999896298197e+00
2.368745679362739942e+00
2.255844381428627976e+00
2.189607092426522073e+00
2.098413407222556870e+00
2.023359725656301400e+00
1.889960892920457880e+00
1.714147188623444507e+00
1.557427104334027979e+00
1.379926884141830401e+00
1.292757191075858625e+00
1.206777002842795321e+00
1.210379366589250827e+00
1.201464405302267391e+00
1.197665517915621702e+00
1.192153891034863689e+00
1.208200564193256277e+00
1.193087967783569514e+00
1.184922284144257709e+00
1.240179276180990664e+00
1.206260196611917079e+00
1.227363347688913642e+00
1.159657741800319553e+00
1.161976790021102213e+00
1.159302581544083388e+00
1.145325125521758025e+00
1.131403583112150502e+00
1.132742582574219670e+00
1.088736965296585257e+00
1.101641391225257838e+00
1.081872689250696018e+00
1.086314139018413005e+00
1.109486728758000140e+00
1.110531206018011918e+00
1.089141162890677084e+00
1.080472212406214938e+00
1.086284692659917006e+00
1.090597013812840244e+00
1.080980486062729007e+00
1.074474412648032784e+00
1.039590470351656082e+00
1.046070641696426273e+00
1.047527146761127570e+00
1.039500544779478508e+00
1.005750069825716686e+00
1.037233350745142335e+00
1.011587669381607268e+00
1.004990975042436174e+00
1.006719677161763915e+00
1.015793815297704406e+00
1.011246841546686426e+00
1.013852368746652521e+00
1.012476908577758739e+00
1.009681705985287392e+00
1.016514921683004946e+00
9.995627963777427016e-01
9.927511982558413495e-01
1.010831479390893461e+00
1.013375830587102788e+00
9.895736878880802001e-01
1.009354043975133397e+00
9.981910953072388182e-01
1.000556456446071163e+00
1.013913749284259147e+00
1.001286002935583230e+00
1.010636869115975722e+00
1.010378818849483995e+00
1.011156685460962823e+00
1.005498155253343295e+00
1.010399040150745664e+00
1.012575385076023959e+00
1.013623190667670704e+00
1.009198819857356932e+00
1.008618839900219832e+00
1.010880328333583877e+00
9.992488088922089062e-01
1.000669443224321498e+00
9.975895727746575403e-01
1.007187389387163012e+00
9.973698763157807790e-01
1.003120752564026441e+00
9.980728405184614571e-01
9.952846259747255564e-01
9.959342925895549037e-01
1.002835352745336417e+00
9.996292763190460784e-01
9.990490233558835254e-01
1.004243064707345257e+00
1.007561406779548197e+00
1.008029213553863324e+00
9.989306939951830833e-01
1.007244099315832697e+00
9.983147564585349576e-01
9.980061877996647679e-01
1.005250190524943132e+00
9.966968532278084325e-01
1.000113446910762871e+00
1.003067397139203232e+00
9.892687185562257790e-01
1.009621130044638049e+00
9.937596819966003636e-01
9.938193340337837522e-01
1.000813677449703176e+00
9.967277512267955775e-01
1.001029092292730294e+00
1.000939693518658524e+00
1.000973591154441067e+00
9.897969017748000642e-01
1.003014465508224262e+00
9.989083723547564908e-01
9.905338871094954145e-01
9.938846086431949445e-01
9.928606898984408957e-01
1.000070230249613612e+00
9.977650284487242782e-01
9.987780763309362930e-01
1.001495324183163449e+00
9.914818862866278115e-01
1.003239140398879625e+00
9.997306707389701508e-01
1.000644355937006624e+00
9.994450507250292048e-01
9.974974392130809830e-01
1.004324419407540470e+00
1.012132979623059370e+00
1.013514547262813092e+00
1.004908985276217637e+00
1.001641357998046544e+00
9.976338051982557298e-01
9.972386082474564706e-01
1.001175525420110457e+00
1.005529130361519030e+00
1.010132975726599991e+00
9.996393252954930420e-01
1.006835744831281909e+00
1.003127050415131505e+00
1.000516188057520628e+00
1.000709800460156895e+00
9.986505100050314665e-01
1.003113851902993847e+00
9.953032220692404897e-01
9.969038023705029117e-01
9.991320735837105893e-01
1.007020035893450016e+00
1.009345136995183134e+00
9.974595705460338468e-01
9.981626388099760216e-01
1.004102214445602881e+00
9.997848490266780797e-01
9.921830527435104852e-01
9.970959860234523964e-01
1.004827602448802537e+00
9.941354465551052177e-01
9.960278858089703924e-01
9.939737933882127896e-01
9.947465602506805338e-01
9.981112242182028638e-01
9.910075609891910720e-01
9.950546226564828123e-01
9.975879946054010405e-01
9.924445722349654053e-01
9.978542781335235645e-01
9.894168680755593970e-01
9.976284878639078979e-01
9.955299711628937676e-01
9.898678036236099320e-01
9.941558043925844412e-01
9.919405933342997361e-01
9.991720633589744605e-01
1.000974222851358286e+00
9.877816915920657470e-01
9.949876176686399676e-01
9.935787410345041648e-01
9.911674232533411733e-01
9.932071468715364393e-01
9.945795508902073312e-01
9.895844513588517577e-01
9.944003637170448773e-01
9.974235929444916771e-01
9.960875714952878157e-01
9.914472947206870446e-01
9.937152731632462599e-01
9.920410149283946932e-01
9.975088659897355381e-01
9.923080282835672339e-01
9.965894828985921716e-01
9.954617591316894387e-01
9.961095631996415012e-01
9.959836690298840001e-01
1.000019139689268366e+00
9.962827952806541099e-01
9.961249789279238431e-01
9.997341960475324418e-01
9.999120640144126826e-01
9.989335362213774827e-01
9.977242572108306895e-01
9.971443995063585808e-01
9.918044527454294990e-01
1.002969018243383470e+00
1.000170856242531769e+00
9.933078496736446050e-01
9.965994833629923111e-01
1.006368748615917186e+00
9.976112532888322670e-01
9.976348179506725478e-01
9.948850611594033388e-01
9.959890910110089646e-01
9.924623134199260788e-01
9.898416742390653278e-01
9.962733912735441955e-01
9.956733223591017756e-01
9.959237772129045929e-01
9.952447198224860792e-01
9.936985195883732969e-01
9.967990407276403619e-01
9.952461505283013432e-01
9.985988091736143213e-01
9.897568090879848013e-01
9.967492076254360622e-01
9.925340792140124879e-01
9.988893718679400235e-01
9.991821153834826719e-01
9.982025082844515618e-01
9.910081950946439955e-01
9.930371206114769755e-01
9.959698499251394832e-01
9.911282387931493743e-01
9.947966658517937155e-01
9.967516636582587353e-01
9.988148762344123410e-01
9.956869198390240205e-01
9.973813039975185646e-01
9.933171371164850605e-01
9.928496401845243735e-01
9.973961562764865896e-01
