0.000000000000000000e+00
0.000000000000000000e+00
0.000000000000000000e+00
0.000000000000000000e+00
0.000000000000000000e+00
0.000000000000000000e+00
0.000000000000000000e+00
0.000000000000000000e+00
0.000000000000000000e+00
0.000000000000000000e+00
0.000000000000000000e+00
0.000000000000000000e+00
0.000000000000000000e+00
0.000000000000000000e+00
0.000000000000000000e+00
0.000000000000000000e+00
0.000000000000000000e+00
0.000000000000000000e+00
0.000000000000000000e+00
0.000000000000000000e+00
0.000000000000000000e+00
0.000000000000000000e+00
0.000000000000000000e+00
0.000000000000000000e+00
0.000000000000000000e+00
0.000000000000000000e+00
0.000000000000000000e+00
0.000000000000000000e+00
0.000000000000000000e+00
0.000000000000000000e+00
6.174141384467451109e-04
1.041909690537034736e-02
1.109288051507077988e-01
4.882493403107341368e-01
1.182259033321735542e+00
1.946521929856972477e+00
2.555272292624379382e+00
2.982827800316833144e+00
3.107345117514420441e+00
3.216694423033046313e+00
3.185176431262484176e+00
3.125910665874760408e+00
2.970052540354573445e+00
2.861482008990078540e+00
2.704741066028503393e+00
2.600757303724881009e+00
2.468055769388253662e+00
2.340541748938161692e+00
2.206197795629581293e+00
2.138590626509805137e+00
1.982437796011449205e+00
1.957308967241322195e+00
1.777176683218370856e+00
1.560655484496172196e+00
1.430619993409848689e+00
1.336456541556290345e+00
1.249083664710304076e+00
1.196634872715882869e+00
1.201391455612935033e+00
1.201098839617478431e+00
1.231554143380144906e+00
1.231162914365229621e+00
1.231930502984207809e+00
1.262808411795413033e+00
1.260267263021846773e+00
1.231987625005481979e+00
1.235739203579699019e+00
1.186033543835613546e+00
1.190340599174316338e+00
1.176905576525222097e+00
1.175651713426255629e+00
1.149513494477547138e+00
1.136052821153466841e+00
1.140863003155685229e+00
1.104025470830526157e+00
1.111552000065846757e+00
1.100643440028489461e+00
1.096618413911016221e+00
1.097566597136759636e+00
1.101028566731970804e+00
1.086253333381087316e+00
1.099712489374650382e+00
1.078868963583707874e+00
1.091985175439441180e+00
1.086162411707506159e+00
1.071511440761530931e+00
1.050104331424162707e+00
1.046570590911570786e+00
1.052241334684807406e+00
1.053956790904694296e+00
1.043627925834716308e+00
1.030752071295249372e+00
1.019730081014058598e+00
1.034565609483929949e+00
1.025650136688286418e+00
1.017383100288022701e+00
1.022683302627790614e+00
1.025861291207751602e+00
1.027575224105787832e+00
1.023269548128368012e+00
1.017964133238077329e+00
1.032739721851985815e+00
1.014436659627921511e+00
1.025009984737198510e+00
1.017163606559911893e+00
1.022898502473268634e+00
1.026568465726247492e+00
1.027042623223793472e+00
1.021616261040208862e+00
1.023545420350009172e+00
1.010513517085449120e+00
1.038671300768471140e+00
1.036898937334927107e+00
1.025663968688210748e+00
1.018341869883560458e+00
1.025155216096057087e+00
1.017450204263410596e+00
1.014517534246905495e+00
1.011456717288938600e+00
1.015032893310541473e+00
9.961988391812763854e-01
1.013330595739697415e+00
1.002251131674206652e+00
1.006610775526403323e+00
1.019039492876998576e+00
1.012966554159814958e+00
1.015859440338242381e+00
1.009067794858252487e+00
1.015443298909472158e+00
1.001122943427363410e+00
1.019971770008486267e+00
9.955161194042386752e-01
9.963815510218442251e-01
1.017542796654058002e+00
1.003484424466758451e+00
1.001898505917937721e+00
1.011595947212283075e+00
1.007295453670254526e+00
9.995097620632533708e-01
9.973625777749721699e-01
1.008763728483424105e+00
1.009359039747035558e+00
1.001663462791519299e+00
9.895369065001935471e-01
1.001169280528320771e+00
1.008536686937848037e+00
9.983480563107820505e-01
1.001120428744003199e+00
9.962522938580244958e-01
9.907561926215541215e-01
9.939906596875585088e-01
1.001483248873485055e+00
1.003087872402111058e+00
9.964479595830773029e-01
1.002312057427540370e+00
1.005069037147684252e+00
9.985509940568940701e-01
1.003787258610714384e+00
1.006434427658007058e+00
9.974892777849677650e-01
9.897362270776861592e-01
1.003548137893977898e+00
1.000762367596745195e+00
1.000204121712608529e+00
9.950004814116271135e-01
9.983633955445926356e-01
1.009488938663024582e+00
1.000828949267447143e+00
1.003450014394503986e+00
1.007539164763186390e+00
9.990747294567352554e-01
9.982769202864471003e-01
9.962142873760716499e-01
9.984642704723323270e-01
1.001653751874615805e+00
9.986076294206737147e-01
1.005873135705895649e+00
1.003231170477459466e+00
9.996476697909776332e-01
1.003872050488390899e+00
1.000060967798626743e+00
1.003055518710983529e+00
1.002354641755736075e+00
1.008040494470288095e+00
1.007638573937547299e+00
1.006385458350194773e+00
1.013556456413198914e+00
1.008688571929343247e+00
1.001457988518258180e+00
1.006959832091666618e+00
9.955611385640436017e-01
1.006633533294878369e+00
1.004712103219979946e+00
9.967935497045777860e-01
9.986410845942736980e-01
9.957849515316120614e-01
9.985731260956095534e-01
9.948776288376413035e-01
9.941504502116655928e-01
9.966639001072002957e-01
9.996065448135725839e-01
1.000206600880785279e+00
1.003071343700804308e+00
9.937089798368327065e-01
1.003765219799396036e+00
9.995966675928937839e-01
9.975359996504609139e-01
9.984301595240179239e-01
9.934079441842835756e-01
1.005423060131702018e+00
9.979412311842262850e-01
9.922891289719173447e-01
9.977401675776583767e-01
1.002516521476654487e+00
9.940397777084791775e-01
1.001434405405774886e+00
9.938957934693471996e-01
9.924999599031179010e-01
9.980420596816769185e-01
9.917587366308264762e-01
9.918213212549844560e-01
9.983166387628051863e-01
9.992137729049387351e-01
9.980080974355298729e-01
9.980834366361319709e-01
9.960849252601245984e-01
9.918322453752487222e-01
9.963943401911947717e-01
9.953931370585235028e-01
9.926593336073344931e-01
9.975897054476164927e-01
9.977464281455276085e-01
9.980548185311836074e-01
9.979526075229998572e-01
9.985052392955059419e-01
1.002409602341299610e+00
9.932829780104256434e-01
1.004090843472920991e+00
9.948402222211011336e-01
9.956325474384565277e-01
1.003467915886063766e+00
9.958839486212962555e-01
9.986174439216274346e-01
9.947140243174459329e-01
9.965676062507020649e-01
9.968141140656888721e-01
9.944147333302159053e-01
1.000198254902017192e+00
9.983315966550695419e-01
9.884718497939803949e-01
9.965048418985843481e-01
9.932274775163226765e-01
9.983493329815212869e-01
9.955474766920721086e-01
9.999597806128782684e-01
9.953064718703386049e-01
9.970073526931840791e-01
9.965987495892797421e-01
9.972067254596117536e-01
9.967692302202718624e-01
9.925508304504783164e-01
9.977755062135363895e-01
9.954478919601558173e-01
9.967585699205245842e-01
9.951309527423429779e-01
9.970441923032078435e-01
9.980030214491447671e-01
1.003439017100958841e+00
1.000408509237878052e+00
9.967388561500999389e-01
1.000632204328574026e+00
9.970695794796057276e-01
9.997823902859563905e-01
9.951493255297841900e-01
9.974864852924452130e-01
9.969407495468527447e-01
9.968426179086061767e-01
9.927069889482474929e-01
9.993357617260891779e-01
1.002028334975197055e+00
