0.000000000000000000e+00
0.000000000000000000e+00
0.000000000000000000e+00
0.000000000000000000e+00
0.000000000000000000e+00
0.000000000000000000e+00
0.000000000000000000e+00
0.000000000000000000e+00
0.000000000000000000e+00
0.000000000000000000e+00
0.000000000000000000e+00
0.000000000000000000e+00
0.000000000000000000e+00
0.000000000000000000e+00
0.000000000000000000e+00
0.000000000000000000e+00
0.000000000000000000e+00
0.000000000000000000e+00
0.000000000000000000e+00
0.000000000000000000e+00
0.000000000000000000e+00
0.000000000000000000e+00
0.000000000000000000e+00
0.000000000000000000e+00
0.000000000000000000e+00
0.000000000000000000e+00
0.000000000000000000e+00
0.000000000000000000e+00
0.000000000000000000e+00
0.000000000000000000e+00
6.173452492664846698e-04
1.157548263824491504e-02
1.022171003635591741e-01
4.825657817144940465e-01
1.184057123938551559e+00
1.896177484240732625e+00
2.488601486146367225e+00
2.884889028851451265e+00
3.093824953173271552e+00
3.042967005626934451e+00
3.103239761308387745e+00
3.021187526953178271e+00
2.890549784107541598e+00
2.827473430154466616e+00
2.674567188598015122e+00
2.559410032172544813e+00
2.425282827764279947e+00
2.293189896829846752e+00
2.181536010759407951e+00
2.103427702484906181e+00
2.011943094672384635e+00
1.910101347315453113e+00
1.783021117988090376e+00
1.600210720956619426e+00
1.392562257237261125e+00
1.338171952112726659e+00
1.240848286945487322e+00
1.222383861959415619e+00
1.225087884691741902e+00
1.213942966785496846e+00
1.221374595941194574e+00
1.249702755043951452e+00
1.238115213269724180e+00
1.260103719595543126e+00
1.244941070984499021e+00
1.226093854420522877e+00
1.187808461789960468e+00
1.217162211121944893e+00
1.190574981584547221e+00
1.184383996548907581e+00
1.131032637770692295e+00
1.137589179204283374e+00
1.132975890354299020e+00
1.129360245883592739e+00
1.113008342658029726e+00
1.102662294874625193e+00
1.114063691157814118e+00
1.102042125414800955e+00
1.115338764479898881e+00
1.092454687064422503e+00
1.093754112435720183e+00
1.086706333314209516e+00
1.087946302264096943e+00
1.075882838130182373e+00
1.075906337763880671e+00
1.062985422106073718e+00
1.060196118803694132e+00
1.065357499636927052e+00
1.042371177037052510e+00
1.042295574759518839e+00
1.029697102839905343e+00
1.030019668726440019e+00
1.030289047360497312e+00
1.020785395140102914e+00
1.024378063107515002e+00
1.021614736777575416e+00
1.031080325567120148e+00
1.016684393574321721e+00
1.014437506196897099e+00
1.011901071803247731e+00
1.021319204633910793e+00
1.009433227613642625e+00
1.016947429133017833e+00
1.021142599201066536e+00
1.016261214375305588e+00
1.024848412504793416e+00
1.012275684566339429e+00
1.025387363563393217e+00
1.019502005094303776e+00
1.020365616834394196e+00
1.011764838688993029e+00
1.015410697472893808e+00
1.008511874628723159e+00
1.001875798749515933e+00
1.008809536566655840e+00
1.011350085859907155e+00
1.016448028800750913e+00
1.008497205398655394e+00
1.004431696690444520e+00
1.006554143309401184e+00
1.013095894485195547e+00
1.013373153657615378e+00
1.009564258680945459e+00
1.018924832786807011e+00
1.002659439246823769e+00
1.013035855755713310e+00
1.009680545288185183e+00
1.009414496646814152e+00
1.010077872176518454e+00
1.014812860481890899e+00
1.001208401025298622e+00
1.003442681078543508e+00
1.010828081834177050e+00
1.014657853608153859e+00
1.009404630848954154e+00
1.008637342942572790e+00
1.008123179579109019e+00
1.006636258469246092e+00
9.957155056633875123e-01
1.012037412270919257e+00
1.004810688109140981e+00
1.011598573122078459e+00
1.007887233862878151e+00
1.010986093397113095e+00
1.014067965828107321e+00
9.935301578107228471e-01
1.015604049549609700e+00
1.005839671619861653e+00
1.009501844192294717e+00
1.004650520560691263e+00
9.992553657549482216e-01
1.007226894825030028e+00
9.973946699352489453e-01
1.002381831474947971e+00
9.979174184049467433e-01
1.006785816408901635e+00
9.984395787925758325e-01
1.008305825462650018e+00
1.004538927587390607e+00
1.004782856099994071e+00
1.004340757487442781e+00
9.942317428249136668e-01
9.955829634156954100e-01
1.004303528341464524e+00
1.005819981195143376e+00
9.938905330191958321e-01
9.998255450757802532e-01
1.001413288581165739e+00
1.000020563790470440e+00
1.004188267948768143e+00
9.892429084298764996e-01
9.910381529216329977e-01
9.965277621344885706e-01
9.956244992596584575e-01
9.985430228721567936e-01
9.941327866812750269e-01
9.951046645321448558e-01
9.949342992410615816e-01
9.990854928001826618e-01
9.970399062741752694e-01
9.956128149058265375e-01
1.002071870149167765e+00
9.952934404285673775e-01
9.971652806326167795e-01
1.003189977595248195e+00
9.989625874412801920e-01
9.934964897008282669e-01
9.944284829349697707e-01
9.911792304894436745e-01
9.929969882852847096e-01
9.975549370647521785e-01
9.980797688984320848e-01
1.000771742497251093e+00
9.943967840633800570e-01
9.938384478820724288e-01
9.975973006077412109e-01
9.964239099820195733e-01
9.970635978775003183e-01
9.900164907368557143e-01
9.911412752977654117e-01
9.989806845192550355e-01
9.892596128366910602e-01
9.930991630055221453e-01
1.001489417611745480e+00
1.000659333740199441e+00
9.930794873598974837e-01
9.970745113942849347e-01
9.931564889422425102e-01
9.982382221054106886e-01
1.000992588617122037e+00
1.006553102223078477e+00
9.989062643477321091e-01
9.893488680687546610e-01
9.941012715063156646e-01
1.004177228079818907e+00
1.001693684401908202e+00
9.962110345500093667e-01
9.966142191644874471e-01
9.964269601214931216e-01
9.989673070067929261e-01
1.001078119029072955e+00
9.974443421729973780e-01
9.947518034716743562e-01
9.982301759998599699e-01
9.977555590913069761e-01
9.987183858007914194e-01
9.978789074070302245e-01
9.996122472000352754e-01
1.002982090184830311e+00
9.968012804672314875e-01
9.964514510881545828e-01
9.917087272586003754e-01
9.919404556887960744e-01
9.923846602855629362e-01
9.907903611933220889e-01
9.962188940745463350e-01
1.001160983706053331e+00
9.975538833212795886e-01
9.981823706064120172e-01
9.951309590692037910e-01
9.988478705169260286e-01
9.995838644389322125e-01
1.000527703671094004e+00
9.985260811235086020e-01
9.983394734706033669e-01
9.965218350219590127e-01
1.000060160721989444e+00
9.957268349538647145e-01
1.002005570582253258e+00
9.987779904040186008e-01
9.989015029801833201e-01
9.988098725069796124e-01
1.002237630195248697e+00
9.989577240924979451e-01
9.981545571431585939e-01
1.000571001214530353e+00
9.992443561609530844e-01
9.925723867464285588e-01
9.966485210340041423e-01
9.955322030866972094e-01
9.900449102776348598e-01
9.953964725642288069e-01
1.000846282634006545e+00
9.959773312796657008e-01
9.966946498065326621e-01
9.939997589927602739e-01
9.988458988573432062e-01
1.002580605002437286e+00
9.964569448620299585e-01
9.944767562559473362e-01
1.001533118252486254e+00
9.959532133744566362e-01
9.983946423411170779e-01
1.000981108875042214e+00
9.963690556824760236e-01
9.935000395067273837e-01
9.981286907909024952e-01
9.983018304821168476e-01
1.005014845747920438e+00
9.948218989949713098e-01
