0.000000000000000000e+00
0.000000000000000000e+00
0.000000000000000000e+00
0.000000000000000000e+00
0.000000000000000000e+00
0.000000000000000000e+00
0.000000000000000000e+00
0.000000000000000000e+00
0.000000000000000000e+00
0.000000000000000000e+00
0.000000000000000000e+00
0.000000000000000000e+00
0.000000000000000000e+00
0.000000000000000000e+00
0.000000000000000000e+00
0.000000000000000000e+00
0.000000000000000000e+00
0.000000000000000000e+00
0.000000000000000000e+00
0.000000000000000000e+00
0.000000000000000000e+00
0.000000000000000000e+00
0.000000000000000000e+00
0.000000000000000000e+00
0.000000000000000000e+00
0.000000000000000000e+00
7.056256456270481963e-05
3.865951559490335421e-03
4.795190984711713428e-02
2.315258006463785656e-01
5.860050395422675695e-01
9.835694186539669648e-01
1.265206360436653910e+00
1.382355957740605490e+00
1.387570432343198989e+00
1.326173269062606686e+00
1.257677183301723733e+00
1.211700362852004886e+00
1.200351805371999925e+00
1.178436949420419655e+00
1.105147699322732269e+00
1.025333167949868285e+00
9.795314151059306695e-01
9.709988784559205888e-01
9.821930816440797019e-01
9.960301148612128452e-01
1.013934995086687385e+00
1.026653736362727498e+00
1.019095921609622923e+00
1.018782940693168992e+00
1.023019724731405899e+00
1.026307234455448691e+00
1.033975833608618444e+00
1.040558453229042613e+00
1.046320733730359498e+00
1.048180337306161336e+00
1.035456796703619675e+00
1.024479250751019865e+00
1.012514865877407910e+00
9.914254579859238525e-01
9.710505154652478987e-01
9.583970104457892880e-01
9.483174126473600252e-01
9.449154392052729889e-01
9.447869509992780079e-01
9.514914599705019960e-01
9.569482100328918772e-01
9.674772854876146910e-01
9.799612297881989953e-01
9.911183793502079675e-01
1.002718389857050196e+00
1.011395950907209018e+00
1.020713278875046370e+00
1.027902676452496555e+00
1.030825100673181227e+00
1.032654927567866698e+00
1.034903294025064646e+00
1.034790648092758669e+00
1.032003536861531234e+00
1.027728661413358058e+00
1.023730664429103765e+00
1.018997105665152558e+00
1.011833545522228484e+00
1.004631722270611371e+00
9.995137793171712248e-01
9.961927989506734749e-01
9.913084667794782590e-01
9.893003220963652034e-01
9.884533069801634264e-01
9.888168031603418173e-01
9.905309635996869533e-01
9.919965404851969204e-01
9.929112557972499253e-01
9.929081969171420496e-01
9.945405770812870694e-01
9.967919433497491877e-01
9.965602575822313236e-01
9.999678405953655869e-01
9.986676301867177807e-01
1.000086956902650481e+00
9.987965645575295204e-01
1.000684214231408298e+00
1.001337903106888971e+00
1.000256413994056182e+00
1.001729547206707815e+00
1.000434965268828691e+00
1.001556186606809673e+00
1.001409934123338896e+00
1.002492317656207499e+00
1.001125012575600826e+00
1.002487943923120239e+00
9.998272999047818077e-01
1.001065110028274141e+00
1.000908806996443134e+00
1.001368807827765162e+00
1.002145830674251226e+00
9.997143896725853018e-01
1.001097801430055112e+00
1.001397670758576330e+00
9.998555191157935118e-01
9.997051145923006032e-01
9.992420589059284319e-01
9.983313993037769007e-01
9.982272487417366280e-01
9.975444065499990964e-01
9.990384850200221267e-01
9.988115823064157572e-01
9.990122656668184442e-01
9.999253620240438067e-01
1.000083944940087122e+00
9.989511604381231535e-01
9.974468597933716651e-01
9.989826359547383516e-01
9.998879188227538517e-01
9.996943712062300591e-01
9.991155300822974761e-01
9.997901499616187460e-01
9.993074032283044694e-01
9.994848276451701041e-01
9.988929914526164522e-01
9.991844857182128337e-01
1.001527566604381692e+00
1.001339371852825622e+00
1.001026041388898502e+00
1.000575006357465213e+00
1.000073947399504837e+00
1.000384590806014273e+00
1.000436021991276903e+00
9.995829415029534593e-01
9.999718753245940839e-01
9.998262896139278322e-01
9.986770457914724286e-01
1.000354527404461624e+00
1.000863066569297244e+00
9.987064665410655406e-01
1.000398563157304910e+00
9.993218842017365100e-01
9.989714528009380201e-01
9.994557429644171931e-01
9.989284620851883734e-01
9.994688572548277028e-01
1.000117869458545083e+00
1.000024957471473463e+00
9.991508427737152420e-01
9.988677467157626166e-01
1.001089136316390293e+00
1.000536374207688928e+00
1.000840400441903588e+00
9.998837479053748201e-01
1.000642834014349614e+00
9.997653046037460189e-01
1.000187261287583507e+00
1.000402774336711875e+00
9.999895971882107881e-01
9.996194353540184263e-01
1.000687937026326191e+00
1.000239141957753208e+00
1.000620130395886376e+00
9.993176556120804133e-01
1.000582958599488537e+00
1.000979763261068634e+00
1.000471781468887489e+00
9.998973120076900534e-01
1.000121447510192718e+00
9.994066447597240721e-01
1.000795012234090287e+00
9.998995051732449957e-01
1.000339125143981045e+00
1.000068440434548123e+00
1.000453987218281826e+00
1.000388170296142132e+00
1.001136751932110158e+00
9.994750748977301313e-01
1.000094588813017271e+00
1.000740583794024863e+00
1.000185519911336307e+00
9.995703178005105327e-01
9.996493524063293501e-01
1.000211550537709382e+00
1.000073807316912422e+00
1.000167961894414370e+00
1.000088016604653740e+00
1.000134293187470380e+00
1.000344078072148202e+00
1.000147911210431229e+00
1.001195243627158726e+00
9.992316050392697768e-01
1.000167546695325260e+00
9.998884902457590984e-01
1.000321746844849313e+00
9.997582549581290889e-01
9.998079540424505973e-01
1.000180920855039624e+00
1.000920544145202928e+00
1.000774898234258803e+00
1.000687020879021727e+00
1.000218137046643196e+00
1.001032391716130565e+00
1.000537219072966222e+00
1.000138328478709981e+00
1.000279618082283939e+00
1.000839717978292853e+00
1.000280237016945462e+00
1.001140898504086607e+00
9.999077019953249712e-01
9.993399027513995003e-01
1.000323516078958752e+00
9.994963358719033408e-01
1.000900517301436921e+00
1.000131847351745540e+00
1.000322417601521519e+00
1.001072528290243957e+00
1.000699645627238343e+00
9.999930511245938014e-01
1.000552636634181258e+00
1.000298641085618945e+00
1.001236780208008659e+00
1.000992930304928308e+00
1.000062345995064605e+00
1.001093485960855123e+00
1.000110826167205591e+00
1.000192002107597400e+00
1.001243427453816448e+00
1.001083952635577479e+00
1.000452551205904816e+00
9.995673445288083547e-01
1.001077956211232856e+00
1.000616787130395258e+00
9.999865488693436832e-01
1.000991161122112505e+00
1.000810225571138190e+00
1.000374078683616386e+00
9.997626343567834750e-01
1.000522260516824469e+00
1.000435128065507717e+00
1.000965321396620533e+00
1.000645782898304637e+00
9.998305076862087359e-01
1.000876645977136326e+00
1.000002188055011620e+00
1.000603089956820568e+00
1.000571114107519310e+00
1.000920714295131519e+00
1.000059017429920649e+00
9.999759834159965832e-01
1.000687165350333974e+00
1.001350636662962090e+00
1.000874515598586534e+00
1.001726432588644800e+00
1.000371403330260645e+00
1.001653012921176478e+00
1.000318008728174890e+00
1.000040084634389981e+00
9.997929710931776626e-01
1.000182095002007054e+00
1.001186625591369506e+00
1.000312276763085206e+00
9.997980941595389082e-01
1.000415918756659028e+00
1.001758363744154279e+00
1.000503088273700047e+00
1.000413591808780200e+00
1.000228563400471282e+00
1.001108793670765884e+00
1.000512322788312369e+00
1.000036126585913676e+00
1.000725266521229839e+00
1.000722757042915800e+00
1.001120623452214753e+00
1.000456534808381592e+00
1.000402391661067591e+00
1.000591687020671694e+00
1.000944282025603593e+00
1.001127035096833984e+00
9.999489898283734357e-01
1.001099108434429175e+00
1.000037544094481312e+00
1.000107509364643876e+00
1.000954459036611288e+00
1.000469882611372929e+00
1.000163308990035471e+00
9.997679101188092776e-01
9.998056572295657141e-01
1.000808470048986321e+00
1.000529323993612385e+00
1.000515669003488428e+00
1.000024304186616142e+00
1.000287559962531825e+00
9.999219634424715286e-01
1.000475851592600440e+00
1.000394795518931845e+00
1.000816390329584360e+00
9.999836319179319366e-01
1.000211503206732244e+00
9.999683274526929289e-01
9.996307140085209930e-01
9.996046607979873766e-01
9.998688234004735609e-01
1.000299762827655092e+00
1.000976990269710543e+00
1.000702512506780550e+00
1.000183731704795020e+00
1.000020224272074598e+00
1.000500701219550370e+00
1.000422801666395189e+00
1.000239852970812970e+00
1.000511888391916848e+00
1.000469126885910054e+00
1.000090543135577992e+00
1.000281365173014692e+00
1.000281429927329047e+00
9.999278782107838826e-01
1.000108704992511255e+00
1.000735462109898277e+00
9.998723447608862669e-01
1.000882611763086238e+00
1.000566737799222450e+00
1.000476540090527777e+00
9.998821746229333840e-01
9.999923733553800487e-01
1.000377580999221916e+00
9.999573172548886779e-01
1.000012957523775947e+00
1.000325060470628857e+00
1.000081460465745087e+00
9.999628932528856762e-01
1.000419917407713744e+00
9.998807337367821013e-01
1.000381062275345512e+00
1.000162584316859560e+00
1.000678424562768454e+00
1.000502053434206839e+00
1.000163704096339590e+00
1.000229383139112027e+00
1.000506242177629845e+00
9.998820487419937120e-01
1.000026060834258823e+00
