0.000000000000000000e+00
0.000000000000000000e+00
0.000000000000000000e+00
0.000000000000000000e+00
0.000000000000000000e+00
0.000000000000000000e+00
0.000000000000000000e+00
0.000000000000000000e+00
0.000000000000000000e+00
0.000000000000000000e+00
0.000000000000000000e+00
0.000000000000000000e+00
0.000000000000000000e+00
0.000000000000000000e+00
0.000000000000000000e+00
0.000000000000000000e+00
0.000000000000000000e+00
0.000000000000000000e+00
0.000000000000000000e+00
0.000000000000000000e+00
0.000000000000000000e+00
0.000000000000000000e+00
0.000000000000000000e+00
0.000000000000000000e+00
0.000000000000000000e+00
0.000000000000000000e+00
5.295240661238196571e-05
2.040627990475972226e-03
2.624071321285345940e-02
1.794062317098867598e-01
7.005316751102653727e-01
1.481363348385934309e+00
1.998409168534572844e+00
2.065842183799621257e+00
1.871540779351810180e+00
1.610968879274921717e+00
1.390419053229023039e+00
1.233355830555366017e+00
1.135222256931523344e+00
1.071398305412754715e+00
9.979809387997418124e-01
9.425822124339343633e-01
9.109790182249659640e-01
9.033029164237631470e-01
9.092547374945246785e-01
9.201845040849890855e-01
9.406172532339678316e-01
9.546227555993503922e-01
9.632862460844187069e-01
9.707963038659901400e-01
9.762304391142730964e-01
9.844616950476167139e-01
9.913814350327021518e-01
9.927676289405747978e-01
9.932957673633446838e-01
9.924654881371987036e-01
9.872733125005933585e-01
9.822100297958245019e-01
9.734845129911481321e-01
9.685884855588646758e-01
9.608602012031960404e-01
9.569317245287689566e-01
9.565911175883738959e-01
9.601504270475368363e-01
9.663860536403217072e-01
9.759714747982487504e-01
9.852848723868177228e-01
9.954681051861314911e-01
1.005740129115861192e+00
1.015732932698043767e+00
1.021736441676283302e+00
1.025898487703633233e+00
1.027539286637666027e+00
1.028265281319213686e+00
1.029117223003431780e+00
1.028471834718276634e+00
1.023814036100626712e+00
1.019656327398384521e+00
1.012709332850143529e+00
1.008581035105607482e+00
1.003483203989741224e+00
9.999979129095984964e-01
9.940452712483943687e-01
9.903170506152217945e-01
9.870040795727776928e-01
9.849164700420328655e-01
9.859439694167995150e-01
9.852960653497827570e-01
9.871154267282721273e-01
9.888996462459086478e-01
9.901471985902712269e-01
9.937857928602059632e-01
9.952536566035877774e-01
9.962516224857727032e-01
9.991168938645809128e-01
9.990705889483577629e-01
9.996249884273272768e-01
9.993564863937240972e-01
1.002106847787979982e+00
1.002516198692015914e+00
1.001287169976401881e+00
1.001796679357459530e+00
1.001456273680471964e+00
1.002184221746592163e+00
1.002042612834295854e+00
1.001494042669211604e+00
1.002724925322333815e+00
1.002245275608154129e+00
1.001818217374714326e+00
1.001509359169609370e+00
1.002553177926885031e+00
1.000958110560940639e+00
1.000702885832722933e+00
1.000747725987720882e+00
1.001158411747631316e+00
9.997633507222328797e-01
9.992941834087790687e-01
9.986449124499158225e-01
9.978159908271314604e-01
1.000164498442872585e+00
9.979967374407729963e-01
9.984190130497886395e-01
9.980964492387121023e-01
9.976419914385902254e-01
9.972752347668920603e-01
9.980338744187354783e-01
9.984762601581289587e-01
9.990481747935812118e-01
9.999832999012506773e-01
9.987609737394371745e-01
1.000123819010290571e+00
9.987422278108538665e-01
1.000081282396061200e+00
9.991958264366029852e-01
1.001809997938673868e+00
1.000799013459637843e+00
1.000147136884821153e+00
9.999921802124372983e-01
1.001392149697337475e+00
9.998766908263602149e-01
1.000750360463123823e+00
9.999207217642941403e-01
1.000371615013825544e+00
9.998697558051904410e-01
1.000741981416739090e+00
1.000166896462678867e+00
1.000176428083231039e+00
9.995618517134065018e-01
9.999588595764663523e-01
9.997890927704714548e-01
1.000331042367305301e+00
1.000412439558584943e+00
9.998974207369807354e-01
9.988436630607350208e-01
9.994063654060952873e-01
9.999009898401227669e-01
9.993222594163582162e-01
9.997370149504387626e-01
1.000707219476653753e+00
9.993357338897058684e-01
1.000542150280467668e+00
9.999170742455097960e-01
1.000889224042870396e+00
1.000199599368480019e+00
9.992559575943898986e-01
1.000197093725910369e+00
9.999788728896454870e-01
1.000979675039742389e+00
1.000912243789335854e+00
1.000258718736958929e+00
9.996268858454959716e-01
1.000173087742772804e+00
1.000575940508017903e+00
1.000632103216583468e+00
1.000271960142969263e+00
1.000250068047545904e+00
1.000427689613639481e+00
9.998669609196900732e-01
1.000421042030030794e+00
9.997403424887473244e-01
1.000283184875331299e+00
9.996995257641249077e-01
9.992375390221426290e-01
1.000716296604089006e+00
9.999160256257718649e-01
9.994085839465929322e-01
9.999007403767018465e-01
1.000520567992884136e+00
9.996131748204239997e-01
9.997111894181117675e-01
1.000262239915836515e+00
9.999190889403937188e-01
1.000046761154692598e+00
1.000186925257417592e+00
1.000128469845436463e+00
1.000182503774336373e+00
1.000046706336022995e+00
1.000035895449414625e+00
1.000115018735058259e+00
9.991895096751909344e-01
1.000629346498075334e+00
1.000223644768316156e+00
1.000184802498276015e+00
1.000443266462869740e+00
9.991824220599846429e-01
9.990678922691605957e-01
1.000612299457649179e+00
1.000088486043141378e+00
9.995298039033654325e-01
1.000481606558085712e+00
1.000489951235121966e+00
1.000022882478247332e+00
9.994197948188103808e-01
1.000455999843359534e+00
9.997707132658159024e-01
9.998794732451945499e-01
1.000272316503885595e+00
1.000259025575689797e+00
9.997131883119514395e-01
1.000259635421161697e+00
9.995060963015616196e-01
1.000054421419994455e+00
9.988650375335961229e-01
1.000291565151465223e+00
1.000057639532943687e+00
1.000169797424248719e+00
9.997749874951555871e-01
9.999509707880390730e-01
1.000041184338599010e+00
9.999898281135053413e-01
1.000141576599841597e+00
9.996047812060108173e-01
1.000260577814141350e+00
9.998858031314651340e-01
9.998786954182521391e-01
1.000085103894126526e+00
1.000402324670921272e+00
1.000053491872209488e+00
1.000467958494404952e+00
9.997429719438981621e-01
9.998412657838022799e-01
9.999856980905758030e-01
9.997404369874786090e-01
9.998717051939265410e-01
9.998961509589500141e-01
9.998121500685583918e-01
9.999434623074596740e-01
1.000058530373637344e+00
1.000326964715596789e+00
1.000475632370794177e+00
9.994776064754289369e-01
1.000044633136904393e+00
1.000155241516280658e+00
9.998754284195048303e-01
9.998631048003118194e-01
9.994896292993739051e-01
9.998494068338592555e-01
1.000399962948285149e+00
1.000371398442674531e+00
9.999617637987241459e-01
1.000030746617408317e+00
1.000160163614793429e+00
9.999379918389195154e-01
9.997582234794122336e-01
9.998421222969693378e-01
1.000590882542915283e+00
1.000501541934324834e+00
9.999579139994398957e-01
1.000002307940335955e+00
1.000242785815562696e+00
9.994427882532974650e-01
1.000307508198201134e+00
1.000623039023599281e+00
1.000226578508564446e+00
1.000412296592412709e+00
1.000137777508149917e+00
1.000525405829039594e+00
1.000521602772869612e+00
1.000196849946645816e+00
9.998137505578439388e-01
