0.000000000000000000e+00
0.000000000000000000e+00
0.000000000000000000e+00
0.000000000000000000e+00
0.000000000000000000e+00
0.000000000000000000e+00
0.000000000000000000e+00
0.000000000000000000e+00
0.000000000000000000e+00
0.000000000000000000e+00
0.000000000000000000e+00
0.000000000000000000e+00
0.000000000000000000e+00
0.000000000000000000e+00
0.000000000000000000e+00
0.000000000000000000e+00
0.000000000000000000e+00
0.000000000000000000e+00
0.000000000000000000e+00
0.000000000000000000e+00
0.000000000000000000e+00
0.000000000000000000e+00
0.000000000000000000e+00
0.000000000000000000e+00
0.000000000000000000e+00
0.000000000000000000e+00
3.536127803082910197e-05
1.477646353676975721e-03
2.320484838880451997e-02
1.657270997521390066e-01
6.619867664944857344e-01
1.465422330775932869e+00
2.032862870808769706e+00
2.104463054307700975e+00
1.882445055040427473e+00
1.610041621482588337e+00
1.376729230179045471e+00
1.214951037916143006e+00
1.112089416381039975e+00
1.029303091232419032e+00
9.539702208479537981e-01
9.046585599639709319e-01
8.913041160342304314e-01
8.953213548970710978e-01
9.080922812806222488e-01
9.316845366191921496e-01
9.613621516585660887e-01
9.782421387236853727e-01
9.971421853049221573e-01
1.006781544135215256e+00
1.011854454057624197e+00
1.019319806465700751e+00
1.017141805839169688e+00
1.016100494155389944e+00
1.007278261710466749e+00
9.999784312149941901e-01
9.873434645425264167e-01
9.752716032257209289e-01
9.614055432136335844e-01
9.499138771450250651e-01
9.424245466730062359e-01
9.359682934236587259e-01
9.389775961865184373e-01
9.418411845866834220e-01
9.519152173384539672e-01
9.673217267408397158e-01
9.823032306265246927e-01
9.965730597526740731e-01
1.010035002905909751e+00
1.020656963937775608e+00
1.030843746308002684e+00
1.038657753329374600e+00
1.042994844712660019e+00
1.041938838016347901e+00
1.039990570773419609e+00
1.038939273687292220e+00
1.033361535757709282e+00
1.025349423084691569e+00
1.018734526769947468e+00
1.011029582029150165e+00
1.003541123510437227e+00
9.968454183086070675e-01
9.924407070669898356e-01
9.871975242637545112e-01
9.851491034419769255e-01
9.832214361019128157e-01
9.830765681149739033e-01
9.846942069246256146e-01
9.879144264165311551e-01
9.898225247098511037e-01
9.924364908815798136e-01
9.951275167514029851e-01
9.972574877243719493e-01
9.990727189276314979e-01
1.000739050736363156e+00
1.002675099260541103e+00
1.002850904159962031e+00
1.001655814080571361e+00
1.003479556486827740e+00
1.002503783135908488e+00
1.001036003314985656e+00
1.003018224176986273e+00
1.003031527845370086e+00
1.003436074441530046e+00
1.003694386372358194e+00
1.003059776662178049e+00
1.004476855714850458e+00
1.003771300109204789e+00
1.003096612956349665e+00
1.003200233360770133e+00
1.002269855820407729e+00
1.002826416493323824e+00
1.002499450600236264e+00
1.002585901772067523e+00
1.002394702081215838e+00
1.002060251764864907e+00
1.002385510886805386e+00
1.000740453464727286e+00
1.000162826555383244e+00
1.000156472053418844e+00
9.996503926360574832e-01
9.997277853963273397e-01
1.000282606497729709e+00
9.976137975753429643e-01
9.985844942278205849e-01
9.983270381160652684e-01
9.992751782713251707e-01
1.000245410472523799e+00
1.000877270321226753e+00
1.001582171789523690e+00
1.000567936981498818e+00
1.000877515787505168e+00
1.002170380862869248e+00
1.000124359033923049e+00
1.002720237845282192e+00
1.000981520741059283e+00
1.002034052095795547e+00
1.001866793791211796e+00
1.002297070910517451e+00
1.001105208741797314e+00
1.002674143232551218e+00
1.001708972241999174e+00
1.001227302739073899e+00
1.000985246403194528e+00
1.001536215288568732e+00
9.999087221180692486e-01
1.001475131632030724e+00
9.997780813935527311e-01
1.001495457386436083e+00
1.001673310281924190e+00
1.000142372835362226e+00
1.001389923661499370e+00
1.000698615873076847e+00
1.000294945729031104e+00
1.000160669782130807e+00
1.000963150353765041e+00
1.000931908261263548e+00
1.000068123884124249e+00
1.001000711558541978e+00
1.001493103365969084e+00
1.000744898370431679e+00
9.998229192382348529e-01
1.000263706127168417e+00
9.993078321746899917e-01
1.000351061510101225e+00
1.001157910145155538e+00
1.000036969409926035e+00
1.000550569936568435e+00
1.000552081625067924e+00
1.000626321666162610e+00
1.001089399741034613e+00
1.000580094418389132e+00
1.000861380936422185e+00
1.000711452218737696e+00
1.000596473843738732e+00
1.001552029498398833e+00
1.001054910508550222e+00
1.000291173222146668e+00
1.000671901190874014e+00
9.999559516317391150e-01
1.000870082611501122e+00
1.000440433437971510e+00
1.001172527629867748e+00
1.000022444403313227e+00
1.000145825811406652e+00
1.000368657363861491e+00
1.000846954140233391e+00
1.000908129882402520e+00
1.000726978345782170e+00
1.000583802977330850e+00
1.000649042324440519e+00
1.000476010957033424e+00
1.001097521933379531e+00
1.000157207535419035e+00
1.000971054355750844e+00
1.000969990464396941e+00
1.001042846309836198e+00
9.990033355904229806e-01
1.001075401337808923e+00
1.000775885707508195e+00
1.000955640736652663e+00
1.001127650798402380e+00
1.000500687964599678e+00
1.000125979913004004e+00
1.000395307203035822e+00
1.000550289722199615e+00
1.000600901627522576e+00
1.000507015301641989e+00
1.000721379189873472e+00
1.001162345683626942e+00
1.000630163457374211e+00
1.000669677485552134e+00
1.000905162865877163e+00
1.000302312287979500e+00
1.001046979266363435e+00
9.998552896322481232e-01
1.000968770961478294e+00
1.000454551577484308e+00
1.000622932550659039e+00
1.000140532508176250e+00
1.000808339222405863e+00
9.999707993756244973e-01
1.000089225667436299e+00
1.001147683388190268e+00
1.001535011164203404e+00
1.001447534626573654e+00
1.000267945590549434e+00
1.000117630426148096e+00
1.000686143729472732e+00
1.000434670425337957e+00
1.000932148420897283e+00
1.000737600167413976e+00
1.000411613924314436e+00
1.000995913663576431e+00
1.000029609043982415e+00
1.000842864389957620e+00
1.001028957750482062e+00
1.000739774438496044e+00
1.000683728733445355e+00
9.997491043695425628e-01
1.000741656842455862e+00
1.000371111678409086e+00
1.000432965434920440e+00
1.000860914040387017e+00
1.000184348514201016e+00
1.000050824255432902e+00
1.000989193182206805e+00
1.000929235697220365e+00
1.000745924323700908e+00
1.000331513868014888e+00
1.000140856753420016e+00
1.000474924157903400e+00
1.000483592280584366e+00
1.000369103665242676e+00
1.000601766168780049e+00
1.000203896639174417e+00
1.000531764469549723e+00
1.000567622101447451e+00
1.000950496847750282e+00
1.000287978337226269e+00
1.000308516711778672e+00
1.000892021311178270e+00
1.000203259975323000e+00
9.999552910144289264e-01
1.000262618266213988e+00
1.000492912217789909e+00
1.000649451563422554e+00
1.000531350027623834e+00
1.000497740997304597e+00
1.000392113089861645e+00
1.000164896147823557e+00
1.000527751769604512e+00
1.000282504728887245e+00
1.000761864677174096e+00
1.000356841814114883e+00
1.000191532742273237e+00
9.999548511047110511e-01
1.000268539209888674e+00
1.000626712000895813e+00
1.000328985383500457e+00
1.000170016967093511e+00
1.000134497277661572e+00
1.000729093091671462e+00
1.000500302580771272e+00
1.000449285527256427e+00
1.000276779727232723e+00
1.000156354723133800e+00
1.000208776921475140e+00
1.000061213205916788e+00
1.000152585681983064e+00
1.000133509495547246e+00
1.000077490041703765e+00
1.000149148970386870e+00
1.000425024677457086e+00
1.000418097602501000e+00
1.000084734873168069e+00
1.000656530612033857e+00
9.999048795537364143e-01
1.000038400214777745e+00
1.000097594214037766e+00
1.000191677720624783e+00
9.999459295057546715e-01
1.000367001736430783e+00
1.000206818706494971e+00
1.000166106930813203e+00
9.999935290360892903e-01
1.000128533932564734e+00
1.000104646208169301e+00
1.000085167120709606e+00
1.000067873874189717e+00
1.000235557864446179e+00
1.000287057312797989e+00
1.000357468322627730e+00
9.999100191512774183e-01
9.998932697907103595e-01
1.000345414189593107e+00
9.996753716777083687e-01
1.000484125881461184e+00
1.000231958203491089e+00
9.999233798804222362e-01
1.000270223699342376e+00
1.000258707647806888e+00
1.000118913866099746e+00
1.000066859936346253e+00
1.000018975083405648e+00
1.000387330046454082e+00
1.000445977882698179e+00
9.995520444501303503e-01
9.998486262091701438e-01
1.000147390316751705e+00
1.000306744788274527e+00
9.998971983306763622e-01
1.000285876106681737e+00
1.000125165733351640e+00
9.998704748794209340e-01
9.994406397016114552e-01
9.997933769943829763e-01
1.000102642580434242e+00
1.000030248903974517e+00
9.999984532593458875e-01
9.996406233990017265e-01
1.000118458254575682e+00
9.999729916392793294e-01
9.996214612061709026e-01
1.000499444823398809e+00
9.995083732714736824e-01
1.000235104023707189e+00
9.997559964872414495e-01
9.998595342085765392e-01
1.000489141812627381e+00
1.000499380053964327e+00
1.000016507966702717e+00
9.998639359523276982e-01
9.997583453914239415e-01
9.996501365265297867e-01
1.000048769853329800e+00
9.998566994379525230e-01
9.974221225126064239e-01
9.890511488490739689e-01
9.812833685652260218e-01
9.727846772806737485e-01
9.645604789776301979e-01
9.565730304243836857e-01
9.480724191381376675e-01
9.406098832144640376e-01
9.320649680759164335e-01
9.240952046258075203e-01
9.162083341500999456e-01
9.085929747810653767e-01
9.005208652217000509e-01
8.928807312128357321e-01
8.848723291534216218e-01
8.771304216888025085e-01
8.695140849532198013e-01
8.617426971549830839e-01
8.539325770328587417e-01
8.465196984845582140e-01
8.386463555653951296e-01
8.312965768176581172e-01
8.239290118823756615e-01
8.164398642566053077e-01
8.090902088510243395e-01
8.018977735921856143e-01
7.947997369231518672e-01
7.873496673642768062e-01
7.800270601489749378e-01
7.729483617937334961e-01
7.657673905744665221e-01
7.583686424880546895e-01
7.512707609067886816e-01
7.448428298030995709e-01
7.374740529711397707e-01
7.301781833683642642e-01
7.237164566945913924e-01
7.170000005981781444e-01
7.098211980015233236e-01
7.029717109280279042e-01
6.957631545884404023e-01
6.896622789594222258e-01
6.826941548817919703e-01
6.759027933121896092e-01
6.693135468049166148e-01
6.624968350698888786e-01
6.560238807151245188e-01
6.496666006064352183e-01
6.431890710781613674e-01
6.363663098437246646e-01
6.299104489800825268e-01
6.234507163302787092e-01
6.174590698700433977e-01
6.110032730590851946e-01
6.042055043042908746e-01
5.981603048755627094e-01
5.918205659644016903e-01
5.855460279944336710e-01
5.794313116837033206e-01
5.732770154162005749e-01
5.666375593103507580e-01
5.607842598518428812e-01
5.548170539705756799e-01
5.488117486334266326e-01
5.425884085837313631e-01
5.365130723943529745e-01
5.306996170573471394e-01
5.246439815672134799e-01
5.189684587426039997e-01
5.130175050889544952e-01
5.070499345156835869e-01
5.013304381148920852e-01
4.954187029803272524e-01
4.896264411228924973e-01
4.837054200588513098e-01
4.779566734101325376e-01
4.722006858106038152e-01
4.667142583377141829e-01
4.608235798716758813e-01
4.551363180667112873e-01
4.496316408603300840e-01
4.440427082583590646e-01
4.385294684046763258e-01
4.331705786557488724e-01
4.275145409537307040e-01
4.219956786067722843e-01
4.164478815254115673e-01
4.111315875416383658e-01
4.056719201910329309e-01
4.002985298739017428e-01
3.948563012180880683e-01
3.896046354025017311e-01
3.842451692647137484e-01
3.789541780040643348e-01
3.738390957735405751e-01
3.685543080304393704e-01
3.632984388073060567e-01
3.581134600632843168e-01
3.529420028276285537e-01
3.477619614713950980e-01
3.428215872561887201e-01
3.374310068843707766e-01
3.323086000454904543e-01
3.273527696171763535e-01
3.223531184145722595e-01
3.174862800693498688e-01
3.122458067213409461e-01
3.072635820357471070e-01
3.023989770836653102e-01
2.974582946656949001e-01
2.925488913581990036e-01
2.876972335826579186e-01
2.828341875955150408e-01
2.779979499843572288e-01
2.730578292399136742e-01
2.682258813557620303e-01
2.633690225529470852e-01
2.587228683841694687e-01
2.539432544599528607e-01
2.493105505209428918e-01
2.445645884248940360e-01
2.398123947333270223e-01
2.351558966095351755e-01
2.305575581923790529e-01
2.258472287356699526e-01
2.211554454508760648e-01
2.167256755075515351e-01
2.121318375755332775e-01
2.075015322300244880e-01
2.028900993979008416e-01
1.984485589963573826e-01
1.939957531196765395e-01
1.895219287896056648e-01
1.850743705424140462e-01
1.807024737101220468e-01
1.761357315568788107e-01
1.716896582893729095e-01
1.673538895319019171e-01
1.629052926610387864e-01
1.586881021583241014e-01
1.542615926569179952e-01
1.500522547465168444e-01
1.456525084891741872e-01
1.414058867897094451e-01
1.370207150192505330e-01
1.328700636322282802e-01
1.286592835120146106e-01
1.243929436305625802e-01
1.202478885677397136e-01
1.164611730020534558e-01
1.129504828930587984e-01
1.095255024792839149e-01
1.062459603062082814e-01
1.032698025028373490e-01
1.001878165510817070e-01
9.725393484821626133e-02
9.442044132053441230e-02
9.175964787877646800e-02
8.907391053650984269e-02
8.659005761603305595e-02
8.412752506885071146e-02
8.166676843657000306e-02
7.929335806433210343e-02
7.704321700542107743e-02
7.476227207005017861e-02
7.263272977852525125e-02
7.042854692519533166e-02
6.841759649138107191e-02
6.639858503573263515e-02
6.446536219810583557e-02
6.256605510161597494e-02
6.072332767606953424e-02
5.891474489737596326e-02
5.712901759955953118e-02
5.541296112471098129e-02
5.379324321303316503e-02
5.206319552666335837e-02
5.047968889302584250e-02
4.888936230465051186e-02
4.741940013733875886e-02
4.588377896089836788e-02
4.442401689300885109e-02
4.303913205669609304e-02
4.166605278679960667e-02
4.028576785896414991e-02
3.893089468465501385e-02
3.773263384160581435e-02
3.645896994898360777e-02
3.524909174798127737e-02
3.403307745564061737e-02
3.289034923877779543e-02
3.169308573309020938e-02
3.063258055604113281e-02
2.957298837592712074e-02
2.854687991810254261e-02
2.748908978970778655e-02
2.651260140301859095e-02
2.554491051480308958e-02
2.457157499793374486e-02
2.360795132278604644e-02
2.273475916239572556e-02
2.186736529228528944e-02
2.099047195598539167e-02
2.020838953874423000e-02
1.936348449014615655e-02
1.862249123546675170e-02
1.784609699246974754e-02
1.707962228572424898e-02
1.635596326000173309e-02
1.564966563310753178e-02
1.494787405925566970e-02
1.430910929299484408e-02
1.363897465506985589e-02
1.303975663442895165e-02
1.243399991218375848e-02
1.185785234379675701e-02
1.126149981602092912e-02
1.069947339269456017e-02
1.015815378347573357e-02
9.660071238364677931e-03
9.166640659122558821e-03
8.686189984183198889e-03
8.193319825343201024e-03
7.720668632692682942e-03
7.267118626496186888e-03
6.868731227736171382e-03
6.461796447012835287e-03
6.072688040920573918e-03
5.668285569515444690e-03
5.333947735198282802e-03
4.969562070374352464e-03
4.621352622919488139e-03
4.307831846450709684e-03
3.996192854625870046e-03
3.693520370947292464e-03
3.416336336194791910e-03
3.134299761715294685e-03
2.891540885956151927e-03
2.624183441802855135e-03
2.395804038155439387e-03
2.174050634222815612e-03
1.973576710056716005e-03
1.771628534470056672e-03
1.587370683579475850e-03
1.406523937149498646e-03
1.240038151031911100e-03
1.092018433442309977e-03
9.476891282605013267e-04
8.121643312809279135e-04
6.901530341836962287e-04
5.781425426580175022e-04
4.825256500053919377e-04
3.900396440035676609e-04
3.153649068678570115e-04
2.396983786146217722e-04
1.764233907297345523e-04
1.231765861883747377e-04
8.222885193546119542e-05
4.774144030737782730e-05
2.360547981477096878e-05
8.711461181662025755e-06
1.655510393777125600e-06
4.853441300902078078e-08
0.000000000000000000e+00
0.000000000000000000e+00
0.000000000000000000e+00
0.000000000000000000e+00
0.000000000000000000e+00
0.000000000000000000e+00
0.000000000000000000e+00
0.000000000000000000e+00
0.000000000000000000e+00
0.000000000000000000e+00
0.000000000000000000e+00
0.000000000000000000e+00
0.000000000000000000e+00
0.000000000000000000e+00
0.000000000000000000e+00
0.000000000000000000e+00
0.000000000000000000e+00
0.000000000000000000e+00
0.000000000000000000e+00
0.000000000000000000e+00
0.000000000000000000e+00
0.000000000000000000e+00
0.000000000000000000e+00
0.000000000000000000e+00
0.000000000000000000e+00
0.000000000000000000e+00
0.000000000000000000e+00
0.000000000000000000e+00
0.000000000000000000e+00
0.000000000000000000e+00
