0.000000000000000000e+00
0.000000000000000000e+00
0.000000000000000000e+00
0.000000000000000000e+00
0.000000000000000000e+00
0.000000000000000000e+00
0.000000000000000000e+00
0.000000000000000000e+00
0.000000000000000000e+00
0.000000000000000000e+00
0.000000000000000000e+00
0.000000000000000000e+00
0.000000000000000000e+00
0.000000000000000000e+00
0.000000000000000000e+00
0.000000000000000000e+00
0.000000000000000000e+00
0.000000000000000000e+00
0.000000000000000000e+00
0.000000000000000000e+00
0.000000000000000000e+00
1.774655211662263046e-02
7.204197858657644948e-01
3.016066551910652205e+00
3.538701912309749176e+00
2.162267776271630026e+00
1.013075723647860693e+00
4.499709029401132154e-01
2.354666908339405063e-01
2.280770409300870716e-01
3.674085942553521056e-01
5.580885545725029484e-01
7.105419274404859431e-01
7.951119546554353823e-01
8.221569597055136125e-01
8.347008765561372279e-01
8.500580111187957533e-01
8.835673388172765597e-01
9.502286844088999596e-01
1.010499793036463645e+00
1.068345536668105611e+00
1.120010861101598421e+00
1.180693631036349167e+00
1.230572757831020825e+00
1.263081182928386559e+00
1.269685945366836988e+00
1.251324456350224157e+00
1.216862149894670564e+00
1.163893969582959542e+00
1.102616831278237619e+00
1.040367193327899953e+00
9.902197220602291239e-01
9.527357948380170694e-01
9.333932115796919060e-01
9.243383375704335991e-01
9.172677771015800285e-01
9.194242647347764530e-01
9.247151352816904701e-01
9.326558817272719848e-01
9.374711288363862804e-01
9.480611027008274405e-01
9.586200717862441989e-01
9.705162871071278952e-01
9.819232136047056914e-01
9.906602573926230892e-01
1.001538706745643381e+00
1.007264313578945636e+00
1.012306746687858361e+00
1.013751730210519897e+00
1.012646496298389653e+00
1.010466031369908757e+00
1.007837364649570189e+00
1.005719372476074902e+00
1.002867670823097912e+00
1.001507057217368990e+00
1.001409085914492403e+00
1.000681325460016868e+00
1.001260190091344260e+00
1.003137854467994972e+00
1.003882500684797341e+00
1.004854844023761684e+00
1.006523566902264966e+00
1.006113180109861061e+00
1.004510797911986719e+00
1.002958750083381867e+00
1.003486708641236014e+00
1.002836693560501979e+00
1.001949418889065413e+00
9.996927739366964216e-01
9.989530131214123809e-01
9.960701763824951760e-01
9.963910638742793369e-01
9.952634102337742927e-01
9.935880590353690645e-01
9.915340412110962287e-01
9.918186075626116427e-01
9.911865964654605898e-01
9.909286090680415882e-01
9.931390399898922805e-01
9.936802412092520242e-01
9.964496467489561971e-01
9.972131991353130331e-01
9.990098984999425946e-01
1.001686217528060086e+00
1.002862383993072148e+00
1.003431335530560409e+00
1.003485630312578758e+00
1.003827389703695561e+00
1.004311246282786119e+00
1.003199357605105257e+00
1.003714517284475249e+00
1.002298036537742298e+00
1.002466733132469479e+00
1.000440318663204708e+00
1.001083399590892986e+00
9.998496388182633865e-01
9.995337846317481345e-01
9.998115070004227611e-01
9.992640860771422329e-01
9.994784777702534484e-01
9.976565120185888480e-01
9.983564160903842799e-01
9.981696979897464184e-01
9.983476592865054844e-01
9.986155578574853475e-01
9.997872015972519844e-01
9.977277607363648215e-01
9.993605204794139274e-01
1.000083375841973599e+00
9.999622663830891600e-01
9.997174306926200904e-01
9.986269162905401231e-01
1.000618215333118011e+00
1.000306520193802617e+00
9.996957038547626961e-01
1.000124598542966536e+00
1.001193903951027586e+00
9.996767807663449190e-01
1.000425209287491013e+00
1.000152054580355943e+00
9.997343265951562641e-01
1.000983719851144205e+00
1.000229168962564419e+00
1.000142693310453579e+00
1.000918499493788305e+00
1.000697415977719773e+00
1.000633449694544597e+00
1.000265072285303702e+00
1.000306913783830964e+00
1.000724459577421399e+00
9.998003479437044261e-01
1.000152268277944678e+00
9.997914639950824522e-01
1.000178904387595491e+00
9.997748261930073932e-01
1.000587420802001137e+00
1.000325364226273495e+00
1.000233506067301548e+00
9.995159635900742190e-01
1.000074702173375130e+00
9.992745295416738394e-01
1.000286871571776093e+00
1.000357980452816431e+00
1.000182914496808628e+00
1.000073649191418168e+00
1.000538470141834280e+00
1.000647592237013939e+00
1.000555776065264579e+00
1.000397063204981452e+00
1.000382377652252019e+00
9.999206844991964660e-01
1.000820363763615273e+00
1.000705959776481579e+00
1.000386878669019097e+00
1.000240047557170664e+00
1.000221621890576618e+00
1.000525348605174836e+00
1.000386649609035450e+00
1.000430038368678831e+00
1.000136290850139664e+00
9.998223432699288038e-01
1.000336418877991962e+00
1.000649402640799046e+00
9.995771800522684769e-01
9.999246060709546802e-01
1.000820301651049071e+00
1.000038885934163568e+00
9.999875088027581072e-01
1.000654074441468699e+00
9.998457877226197832e-01
1.000405957477029428e+00
1.000326390916523200e+00
9.998772590812646799e-01
9.999386518615388519e-01
1.000361610106505594e+00
1.000411372609280036e+00
1.000465166669103789e+00
1.000142635011122216e+00
1.000101485815015234e+00
9.996055676755144503e-01
9.998869346573029393e-01
1.000045654829272213e+00
9.999173918342011413e-01
1.000426581453332853e+00
1.000785853853911833e+00
1.000122403992903752e+00
1.000299647063231268e+00
1.000384966938551834e+00
1.000172287798946957e+00
9.999203152295556007e-01
1.000488120145636151e+00
9.996249019732548202e-01
1.000054681244070265e+00
1.000726550870330689e+00
9.997064213036420677e-01
1.000405338157624335e+00
1.000969634470608050e+00
9.996927207263901494e-01
1.000323486748016188e+00
1.000312913622401156e+00
9.999113706627815734e-01
1.000251114724851620e+00
1.000424608342062704e+00
1.000184379315209426e+00
9.999321427752720925e-01
9.998964253807380853e-01
1.000357927466716257e+00
1.000408123501805191e+00
9.998546066617154393e-01
9.998915917026356404e-01
1.000057602754549135e+00
1.000100422419023527e+00
1.000070600502992901e+00
1.000532162928158719e+00
1.000711663132112905e+00
9.999338421854575554e-01
9.998049512887375867e-01
1.000912587547991617e+00
1.000197976124598487e+00
1.000563147913063000e+00
1.000142230888785289e+00
9.995051332671691657e-01
1.000395833951509550e+00
1.000409301093133196e+00
1.000245397370431499e+00
1.000221443733026572e+00
1.000347817479401602e+00
1.000201319374223630e+00
1.000302239047553554e+00
9.999017396044425077e-01
1.000689218140640602e+00
1.000258423704883937e+00
9.998507382136250232e-01
1.000117956813306508e+00
1.000020891480465135e+00
1.000286965616168366e+00
1.000134385356229227e+00
1.000210922045024819e+00
1.000109802767148004e+00
1.000223750495106145e+00
1.000197890244189480e+00
1.000439699482037925e+00
1.000509807211176883e+00
9.998934989400085627e-01
1.000284443010441171e+00
1.000303684110166902e+00
1.000198145873126832e+00
1.000340289393825577e+00
1.000655382703875329e+00
1.000306570784345706e+00
1.000202109071018253e+00
1.000435509553689206e+00
9.999934151049391096e-01
1.000134332630419287e+00
1.000337388892509782e+00
1.000328291620810495e+00
9.997938142987456978e-01
1.000286604648324307e+00
1.000179065218497199e+00
1.000169480278463974e+00
1.000104147785805031e+00
9.999103935223864204e-01
1.000350332272463838e+00
1.000770486117632085e+00
9.999250935348277247e-01
9.999626500850957722e-01
1.000222682358640647e+00
1.000408115257766850e+00
1.000451716406960179e+00
1.000020834592639352e+00
1.000402363468796629e+00
1.000670146152082829e+00
1.000465724770131626e+00
1.000028193314006497e+00
1.000221660248185707e+00
9.999451942645724012e-01
9.999690009349044839e-01
9.999623646385588094e-01
1.000302858450006660e+00
1.000028072844422189e+00
1.000511785726270642e+00
1.000259669510526805e+00
1.000425215807705381e+00
1.000492548210531574e+00
1.000235394781449294e+00
1.000039546978694238e+00
1.000299680217196174e+00
1.000737955293081516e+00
1.000282360513379931e+00
1.000047986938414679e+00
1.000550628554829125e+00
1.000344775794229868e+00
1.000435612297825516e+00
1.000241841149754229e+00
1.000132420704747727e+00
1.000168109192361765e+00
1.000088081242303417e+00
1.000108975822507018e+00
1.000268701145645922e+00
1.000029396042027452e+00
1.000145638014120930e+00
1.000371856268465587e+00
1.000548526695197227e+00
1.000030634142024644e+00
1.000196578350551091e+00
1.000061304850464072e+00
1.000290650393635516e+00
1.000071625044668622e+00
1.000281605826173426e+00
1.000321205544218106e+00
1.000078106678053524e+00
1.000297204235457871e+00
1.000169360413079467e+00
1.000047693690894857e+00
9.997876398742928661e-01
1.000058038734627619e+00
1.000159450427432484e+00
9.999764307906955363e-01
9.999991368214594667e-01
1.000256999232241428e+00
1.000092078867969247e+00
1.000009738790659242e+00
1.000245512430931294e+00
1.000267724435380368e+00
9.999942154449262821e-01
1.000074827858454807e+00
9.980628723589741735e-01
9.902107788055671822e-01
9.815218415906638016e-01
9.731799141296202382e-01
9.646985124070439621e-01
9.563909969203783223e-01
9.478805476215202974e-01
9.395995177010142418e-01
9.311915224987552531e-01
9.232941952617528258e-01
9.146903044790816173e-01
9.066275547837832072e-01
8.985577802872745101e-01
8.903132284835693078e-01
8.822794170243926093e-01
8.746997846363657736e-01
8.664334292646272973e-01
8.586567366518275124e-01
8.508553686262545490e-01
8.431837740622026844e-01
8.351396979556933164e-01
8.275428245297380414e-01
8.199520565099726044e-01
8.125585252730488373e-01
8.046657328761254169e-01
7.970618678500035470e-01
7.899260110233468080e-01
7.819704180064177557e-01
7.746727312522178055e-01
7.670389501328293003e-01
7.599281912919287896e-01
7.526875698562749406e-01
7.453337027115820579e-01
7.379792663780737616e-01
7.309206526768305956e-01
7.236191776337311810e-01
7.165272677174111537e-01
7.097086483392720524e-01
7.026108720983461620e-01
6.956015575344260959e-01
6.888308939205702863e-01
6.817420246738051803e-01
6.748366037727365763e-01
6.678484571874839792e-01
6.608841274795789200e-01
6.543002706417713199e-01
6.472132065077789154e-01
6.407805103286295934e-01
6.340825722103005102e-01
6.274320624966844839e-01
6.208436222419700945e-01
6.140209653940013057e-01
6.075092530925038092e-01
6.010744060955638401e-01
5.942626749675616882e-01
5.880087582130288926e-01
5.816289675623892430e-01
5.753771549711140798e-01
5.690235305775602770e-01
5.625206900330753657e-01
5.562978383941149518e-01
5.498902753858276871e-01
5.437068740529478195e-01
5.374270151590851974e-01
5.311998042921538543e-01
5.251845293149021154e-01
5.190501766955198937e-01
5.131882751222978101e-01
5.070303922634568083e-01
5.011291889598684657e-01
4.947850469898159576e-01
4.890059016358869193e-01
4.830478135943711560e-01
4.769733210418812264e-01
4.710590306618224754e-01
4.653640265492354211e-01
4.593709035066684265e-01
4.536487651024951329e-01
4.478070032283619217e-01
4.422164319948885258e-01
4.364824383542101893e-01
4.308863475670337007e-01
4.251959527523587190e-01
4.193209119369117333e-01
4.137272486530648719e-01
4.081380566506906948e-01
4.027073438481931777e-01
3.970792199534609046e-01
3.915522266972445986e-01
3.859411926174630691e-01
3.804952141432954571e-01
3.751617714290270689e-01
3.696290582458299223e-01
3.642770862804990406e-01
3.589622211086913040e-01
3.537069937880280013e-01
3.483207013871192914e-01
3.430561730934562625e-01
3.377413438658252720e-01
3.324988175650953615e-01
3.273465558518593443e-01
3.221166508938694828e-01
3.170827917814243446e-01
3.116688321401905881e-01
3.065326156108616473e-01
3.015025126720212167e-01
2.966485666213074524e-01
2.912937790313207542e-01
2.865051942278062369e-01
2.812924720585546212e-01
2.762649442315967541e-01
2.712298024935963503e-01
2.664301007955811040e-01
2.614341853852444886e-01
2.565418335239936787e-01
2.516322187178071657e-01
2.468208776638163293e-01
2.418793161199740693e-01
2.371001392367755034e-01
2.322539391516973972e-01
2.273941013275599943e-01
2.227651240234405916e-01
2.179906016592782492e-01
2.132101680653529230e-01
2.085062954174441985e-01
2.038893221445126080e-01
1.991506660397106554e-01
1.945745250605269427e-01
1.900502041335604964e-01
1.853234096856412605e-01
1.806463353967441010e-01
1.762773386904980810e-01
1.716475280787068680e-01
1.671890093976491354e-01
1.626930699733151464e-01
1.581824505318448204e-01
1.536686272332864478e-01
1.491977744012825124e-01
1.447708663084923131e-01
1.402581975015910198e-01
1.358525158761271223e-01
1.315697596034660077e-01
1.271269678215047327e-01
1.228160824707350829e-01
1.188083470064250080e-01
1.149257600519204697e-01
1.113469060343815070e-01
1.079352510772147583e-01
1.046706442542993665e-01
1.015064987919715722e-01
9.847004950133868284e-02
9.555598665760563215e-02
9.271087635098131108e-02
9.007845817167059455e-02
8.722076219733360114e-02
8.469577899754089645e-02
8.219843608373512966e-02
7.977560887794012123e-02
7.741463040435959952e-02
7.511921618993568084e-02
7.282405343137519915e-02
7.066772899614331971e-02
6.852678388670328802e-02
6.643903240746959482e-02
6.437136958449111990e-02
6.247095774345300806e-02
6.052057652737918153e-02
5.874690784551832995e-02
5.679783182656534396e-02
5.514609616106669332e-02
5.334958242079886753e-02
5.167847616119432275e-02
5.003121185394032722e-02
4.845082635129004806e-02
4.689643149272131745e-02
4.542415553045620752e-02
4.387260268562696852e-02
4.238938902777131951e-02
4.101797640092291752e-02
3.966627113096940493e-02
3.831156095264349332e-02
3.707580837368298909e-02
3.573541914199870190e-02
3.446246911002685126e-02
3.330577870263795592e-02
3.212621757441278675e-02
3.096128160759673703e-02
2.980552150766707306e-02
2.875864857309788289e-02
2.767824738272655835e-02
2.665242140952676572e-02
2.564353342283923198e-02
2.467884683983177091e-02
2.370556807752738013e-02
2.278671698897972997e-02
2.187285376835804498e-02
2.098431537668528010e-02
2.015333975588523216e-02
1.930583533724494066e-02
1.847729659389846582e-02
1.772258112215648398e-02
1.696641951142719915e-02
1.619857291726673962e-02
1.547429936686212266e-02
1.478734114691687175e-02
1.409126393203561159e-02
1.345150875755627903e-02
1.277459804677525020e-02
1.218013377981556379e-02
1.161542358749684777e-02
1.099351690951924643e-02
1.042745269777896333e-02
9.870658022339344820e-03
9.367908703049645722e-03
8.856825518518466472e-03
8.375386783848470795e-03
7.883605040176730125e-03
7.457667023111620545e-03
6.984897103158123864e-03
6.565169452764686026e-03
6.142047828207373647e-03
5.750867946288540367e-03
5.372955932099962757e-03
4.992642278128236848e-03
4.655143282580405731e-03
4.321575564475114463e-03
4.001480908957963552e-03
3.692726162877902913e-03
3.405603147134632271e-03
3.110812549449767060e-03
2.854033103640700366e-03
2.605460750110767318e-03
2.358414903616665084e-03
2.137848974750306431e-03
1.921149402891829091e-03
1.720868642323935107e-03
1.531794472334745919e-03
1.346408489952120001e-03
1.178379030898966560e-03
1.029670688713903073e-03
8.865573490244866694e-04
7.553062519493424333e-04
6.364445597510364361e-04
5.267605493370481045e-04
4.279967957459148396e-04
3.449519389752677898e-04
2.693298827333895406e-04
1.977059012437557093e-04
1.421860460790177550e-04
9.403550732050380649e-05
5.755427755701044085e-05
2.960770044703272503e-05
1.123433125978834558e-05
2.090084924415446427e-06
1.363953887318578567e-07
0.000000000000000000e+00
0.000000000000000000e+00
0.000000000000000000e+00
0.000000000000000000e+00
0.000000000000000000e+00
0.000000000000000000e+00
0.000000000000000000e+00
0.000000000000000000e+00
0.000000000000000000e+00
0.000000000000000000e+00
0.000000000000000000e+00
0.000000000000000000e+00
0.000000000000000000e+00
0.000000000000000000e+00
0.000000000000000000e+00
0.000000000000000000e+00
0.000000000000000000e+00
0.000000000000000000e+00
0.000000000000000000e+00
0.000000000000000000e+00
0.000000000000000000e+00
0.000000000000000000e+00
0.000000000000000000e+00
0.000000000000000000e+00
0.000000000000000000e+00
0.000000000000000000e+00
0.000000000000000000e+00
0.000000000000000000e+00
0.000000000000000000e+00
0.000000000000000000e+00
0.000000000000000000e+00
0.000000000000000000e+00
0.000000000000000000e+00
0.000000000000000000e+00
0.000000000000000000e+00
0.000000000000000000e+00
0.000000000000000000e+00
0.000000000000000000e+00
0.000000000000000000e+00
0.000000000000000000e+00
0.000000000000000000e+00
0.000000000000000000e+00
0.000000000000000000e+00
0.000000000000000000e+00
0.000000000000000000e+00
0.000000000000000000e+00
0.000000000000000000e+00
0.000000000000000000e+00
0.000000000000000000e+00
