0.000000000000000000e+00
0.000000000000000000e+00
0.000000000000000000e+00
0.000000000000000000e+00
0.000000000000000000e+00
0.000000000000000000e+00
0.000000000000000000e+00
0.000000000000000000e+00
0.000000000000000000e+00
0.000000000000000000e+00
0.000000000000000000e+00
0.000000000000000000e+00
0.000000000000000000e+00
0.000000000000000000e+00
0.000000000000000000e+00
0.000000000000000000e+00
0.000000000000000000e+00
0.000000000000000000e+00
0.000000000000000000e+00
0.000000000000000000e+00
0.000000000000000000e+00
0.000000000000000000e+00
0.000000000000000000e+00
0.000000000000000000e+00
0.000000000000000000e+00
0.000000000000000000e+00
0.000000000000000000e+00
0.000000000000000000e+00
0.000000000000000000e+00
0.000000000000000000e+00
2.038401411616370398e-04
1.063018290737516650e-02
1.140214387213316916e-01
4.888055179628902347e-01
1.149147111877091509e+00
1.858048630766556686e+00
2.338672901169032592e+00
2.595190370680978909e+00
2.680531151616778462e+00
2.660657098344157756e+00
2.566777839884423429e+00
2.433122952455418542e+00
2.300579207512249091e+00
2.164007306244777773e+00
2.041810291438761471e+00
1.917510034109267014e+00
1.799760649000193613e+00
1.702855797034160457e+00
1.629652921887627670e+00
1.558903358143691076e+00
1.491392336520852790e+00
1.384015788252021872e+00
1.247711321715554211e+00
1.092576322984748272e+00
9.474994214645110491e-01
8.573938366422053647e-01
7.945364967642244425e-01
7.714503459813453201e-01
7.607066465019868273e-01
7.688572869590195591e-01
7.759089073103405676e-01
7.929163832061015826e-01
8.034768944492235443e-01
8.154238128874207181e-01
8.229673839356731468e-01
8.240435136508097447e-01
8.196016768049421142e-01
8.193151420489775960e-01
8.143159364144259005e-01
8.091159171393947913e-01
8.130620298725812489e-01
8.165048511897765593e-01
8.207079007816282523e-01
8.319330734367064162e-01
8.406879118286899599e-01
8.579427981466937192e-01
8.806123515576895766e-01
8.976502973798444751e-01
9.186136576272123655e-01
9.342129811022509278e-01
9.518933853078941354e-01
9.618135978740495196e-01
9.757892346207972523e-01
9.867121935146269118e-01
9.945604534483224457e-01
1.002269871344797947e+00
1.003773615892780580e+00
1.010359210681908593e+00
1.015405867243709626e+00
1.018185602093270914e+00
1.014740126487039484e+00
1.019412103624687260e+00
1.017692251837464257e+00
1.017878538978054470e+00
1.019819884217634698e+00
1.019684527211194736e+00
1.022041634290215661e+00
1.023302527633983772e+00
1.025086070777120772e+00
1.024987336117639147e+00
1.029237907106439698e+00
1.028831585284487371e+00
1.030131339928115120e+00
1.031658148632447869e+00
1.031969993979533040e+00
1.032591576427390523e+00
1.032226313676541496e+00
1.031736898008058123e+00
1.028228734840162639e+00
1.026095530156470703e+00
1.026198492056874079e+00
1.023072431277824323e+00
1.017272705503333929e+00
1.013792016107166516e+00
1.009689569314925039e+00
1.007444152704763063e+00
1.004903154326789227e+00
1.000731332402753804e+00
9.963270295933204235e-01
9.949289421422634616e-01
9.914628430898320133e-01
9.906170825517355283e-01
9.871171147536633717e-01
9.847673406229985327e-01
9.863783159550139068e-01
9.855299547373141955e-01
9.841909970292191945e-01
9.859923274959447870e-01
9.845837637985345170e-01
9.836310154517747817e-01
9.856470016284458735e-01
9.844750414849948728e-01
9.878208418171112726e-01
9.886871973388740020e-01
9.902324093794513393e-01
9.912926655894082062e-01
9.912996570865949542e-01
9.939536906805117589e-01
9.933336324953540020e-01
9.959935698068670407e-01
9.979658528886748980e-01
9.974247158719914408e-01
9.991993599903116197e-01
9.984265323503300760e-01
1.000225641363315932e+00
1.002651506762538336e+00
1.001082265623074452e+00
1.003056645642046218e+00
1.002342851217834285e+00
1.001096969536667158e+00
1.001397866863867891e+00
1.002524860749357094e+00
1.002069516928487891e+00
1.002007712180732701e+00
1.001291534697296370e+00
1.000029496414952090e+00
1.000170591018496369e+00
1.000273355461629432e+00
9.999768680577009183e-01
9.992336467528483146e-01
1.000139162669051673e+00
1.000680314972975493e+00
9.996889394781772742e-01
1.001761144637232315e+00
9.984076642935441059e-01
9.999074861279081405e-01
1.001464386511047078e+00
9.998011580925070252e-01
1.000113863215723375e+00
1.000122713835804200e+00
9.998627698415394338e-01
9.998729159142915046e-01
1.001850227524761161e+00
9.996593560845823401e-01
1.001976493641139054e+00
1.001553922454808898e+00
9.997845051373085434e-01
1.000715659699066951e+00
9.999651829553152238e-01
1.001647882496964792e+00
1.000835351375435112e+00
9.997215335863052221e-01
1.001919199474909483e+00
1.000681961053872415e+00
9.993373981498906433e-01
9.996231228595068297e-01
1.001285328550453713e+00
9.985352443875453732e-01
1.000578376387897483e+00
1.000431641988622555e+00
1.000787405860727564e+00
1.002043037175825102e+00
1.000027171192147568e+00
1.000750816641238883e+00
1.000383493092847909e+00
9.997548426041289460e-01
9.998797112884707516e-01
1.001093916636848213e+00
1.000466029808160684e+00
9.996914007812829350e-01
1.000575354196950206e+00
1.000952351937739904e+00
1.001658120966072207e+00
1.001363527713506674e+00
1.001736447525322093e+00
1.000914652803243765e+00
9.997348851519305413e-01
1.000121867322293578e+00
9.997018621166342545e-01
1.000618822740790614e+00
1.000572915100511162e+00
9.999256514688935615e-01
9.994840302613395844e-01
1.000569528414949394e+00
9.988381116977417262e-01
9.997091099194197472e-01
9.986239213344630938e-01
9.993989883473338720e-01
9.995038727905664055e-01
9.999899638193520124e-01
9.989493491596339592e-01
9.991646757796600609e-01
9.986347826647052894e-01
1.000044681229483423e+00
9.984498391605616252e-01
9.994814822904867224e-01
9.990296341927480395e-01
9.990733439282982742e-01
1.000030080723882220e+00
9.988120003087828103e-01
9.991777624901061472e-01
9.994565967635872239e-01
9.993253174286095275e-01
9.989561455124095213e-01
9.993526746770917679e-01
9.985088253102220035e-01
1.000821665395347448e+00
9.996049132123723258e-01
9.986713019322027707e-01
9.996330452134827294e-01
9.999500353762106331e-01
1.000162068574393270e+00
9.992623383112799740e-01
9.999899859333888363e-01
1.000345182315067305e+00
1.000928083699036186e+00
9.998445282656982513e-01
9.995294017651286111e-01
1.000017267370887808e+00
1.000448839558247593e+00
9.995157044142007896e-01
9.992414528257920203e-01
1.001056123993881330e+00
1.000452887033018712e+00
1.000048524024293561e+00
9.996677606589181586e-01
9.993309801916121504e-01
1.000282745009739793e+00
1.000438195416975207e+00
9.999096114172958405e-01
1.000132336891556006e+00
9.997698531632048802e-01
9.999246475235307186e-01
9.999858200573812361e-01
9.996627250111456142e-01
9.999247938277787684e-01
9.995556741497589881e-01
9.990292863792860079e-01
9.996289099760510277e-01
9.992675127474128782e-01
1.000032272085114027e+00
9.998791326227562948e-01
9.991512676603976351e-01
9.996004255468005084e-01
9.999243534878201611e-01
9.999224204568085694e-01
9.993784152267156662e-01
9.991567282015437756e-01
9.996233311869041627e-01
9.993861736361718817e-01
