0.000000000000000000e+00
0.000000000000000000e+00
0.000000000000000000e+00
0.000000000000000000e+00
0.000000000000000000e+00
0.000000000000000000e+00
0.000000000000000000e+00
0.000000000000000000e+00
0.000000000000000000e+00
0.000000000000000000e+00
0.000000000000000000e+00
0.000000000000000000e+00
0.000000000000000000e+00
0.000000000000000000e+00
0.000000000000000000e+00
0.000000000000000000e+00
0.000000000000000000e+00
0.000000000000000000e+00
0.000000000000000000e+00
0.000000000000000000e+00
0.000000000000000000e+00
0.000000000000000000e+00
0.000000000000000000e+00
0.000000000000000000e+00
0.000000000000000000e+00
0.000000000000000000e+00
0.000000000000000000e+00
0.000000000000000000e+00
0.000000000000000000e+00
3.402005548954133065e-03
1.135042449729192077e-01
8.372653206967690664e-01
2.192735857738810967e+00
3.176517339401107254e+00
3.274043794537497831e+00
2.831035561269501954e+00
2.289013421080993815e+00
1.817759237219960244e+00
1.497380408858904666e+00
1.271342290941713804e+00
1.138248223621665778e+00
1.049440437413090565e+00
1.008480028247559890e+00
1.002816332041864600e+00
1.013119936976437208e+00
1.048994891731494850e+00
1.084056839242250936e+00
1.128075150230565704e+00
1.183196885532648235e+00
1.226540933505028352e+00
1.264341312266012762e+00
1.302596164661839362e+00
1.315476677179314713e+00
1.327850194951661456e+00
1.339690180219212712e+00
1.341632800014768367e+00
1.345708761767604456e+00
1.337501713116475699e+00
1.327057412749887533e+00
1.305019122357327754e+00
1.266448307930817752e+00
1.218246509869572947e+00
1.147758818863069408e+00
1.075309342635554888e+00
9.877098920645073221e-01
9.027977428762092860e-01
8.259787383596713939e-01
7.798160734630859015e-01
7.647106364742556339e-01
7.563340314067672487e-01
7.655735354533347303e-01
7.812920794642127520e-01
8.053169820694181524e-01
8.256319361559705250e-01
8.445946425900272558e-01
8.723672563935556123e-01
8.843315504787205850e-01
9.081890701570737301e-01
9.218299919418915245e-01
9.290860180947319025e-01
9.444279000376356592e-01
9.522692697525229066e-01
9.567407326704692183e-01
9.579437428009272004e-01
9.613035438439472280e-01
9.668566138011186473e-01
9.696655905942620501e-01
9.730193692954183238e-01
9.761562727215330471e-01
9.820600911243769771e-01
9.865434728404903764e-01
9.912395652498431353e-01
9.947473205620114278e-01
1.003509312220772998e+00
1.008167802845645999e+00
1.014123670188524784e+00
1.022033858729606282e+00
1.026908650634599240e+00
1.030667811416981161e+00
1.034502212855303638e+00
1.033456836897417075e+00
1.036686765196555005e+00
1.038537150192807124e+00
1.037478232442468506e+00
1.038681462998092053e+00
1.035268875242727926e+00
1.032030426934167133e+00
1.029435796125411473e+00
1.028495471180405296e+00
1.023620696584478740e+00
1.018974272132347814e+00
1.017221325726823000e+00
1.014121079314314278e+00
1.010842975105542552e+00
1.008633524897735168e+00
1.004883847874360692e+00
1.007986501061792994e+00
1.003713260508444893e+00
1.000651234938507272e+00
9.999077384540269176e-01
9.996659925991557838e-01
9.997379588680530560e-01
9.994581020363790813e-01
9.981989178492784998e-01
9.965928076374909184e-01
9.967667520112850621e-01
9.971274298391391566e-01
9.960180489247596469e-01
9.923119086924772070e-01
9.923256129503392753e-01
9.943128462258506994e-01
9.938114994250872858e-01
9.917156948850601728e-01
9.921639310684610136e-01
9.927118397781005132e-01
9.925382314265264183e-01
9.919885360208865466e-01
9.925237101118040695e-01
9.921374132442026816e-01
9.925511355641817302e-01
9.951108719162033989e-01
9.945169399741752292e-01
9.951119133635540903e-01
9.948230787410042852e-01
9.955529538988943106e-01
9.952670339768239227e-01
9.945915129336045934e-01
9.970676101340379960e-01
1.000380601575551864e+00
9.970035146569524720e-01
9.996438658125964549e-01
9.987170669888052466e-01
9.994793655413277689e-01
9.980209519260110351e-01
9.999667316430949082e-01
1.000994433697981689e+00
1.001308879874553526e+00
1.001716087634369368e+00
1.001203613304284090e+00
1.000182936590069849e+00
1.000713521141834095e+00
1.001652892643693615e+00
1.000484092302953654e+00
1.002064447180946782e+00
1.002756118358620219e+00
1.001934500749601886e+00
1.000610784847091317e+00
1.002118513933043520e+00
1.003037861675833087e+00
1.000967838296862311e+00
1.000492197560907792e+00
1.001342328355762534e+00
1.001693212281574041e+00
1.000491733493515278e+00
1.001320336169429392e+00
1.001578331522952059e+00
1.001627064991069682e+00
1.000466104928285915e+00
1.001013017599325705e+00
1.000162391133809114e+00
1.000259335106866709e+00
9.989567212008978458e-01
1.000297289466694384e+00
9.997182832997556501e-01
9.997937476279047386e-01
1.000896419128444848e+00
9.988773171171583254e-01
1.000531064770825873e+00
1.000151020287494363e+00
9.997740432460153759e-01
9.990985485198347060e-01
9.994735439350408424e-01
9.993240513070570374e-01
9.992754514709325520e-01
1.001291991142325477e+00
9.989790995448297739e-01
1.000150039527598400e+00
9.982456256633196467e-01
9.990970580292628522e-01
9.998830846534706440e-01
9.991866776968276742e-01
9.984011364098291930e-01
9.991818344476084413e-01
9.984101430244262110e-01
9.992652759441003063e-01
9.991091588769666076e-01
1.000171800880627071e+00
9.982826617010465142e-01
9.996589134141188326e-01
9.992947497627492348e-01
1.000238419260543576e+00
9.986451198085400938e-01
9.990800616160311343e-01
9.990036826104122802e-01
1.000029225688523482e+00
9.990280301610465763e-01
9.999997707556428361e-01
1.000191415444388721e+00
9.993989654651884713e-01
9.988606188518964757e-01
9.996550198450105951e-01
9.994316969058361089e-01
9.988930499045493017e-01
9.995132813519685966e-01
9.999512544402890946e-01
9.997594248199090927e-01
1.000374159982524436e+00
1.000997600447080638e+00
9.988638913515102136e-01
9.993228293754679026e-01
1.000111161944993166e+00
9.999354672547592360e-01
1.000710402713013591e+00
9.993287811213465988e-01
1.000902571785942108e+00
9.996943138120616412e-01
9.994861980906152299e-01
1.000013356364143347e+00
1.000640631584167162e+00
9.999209616612230178e-01
9.997691705547019358e-01
9.999905204562342664e-01
9.992832371014394033e-01
1.000632393625556782e+00
9.995617601120091456e-01
9.998178631252090387e-01
1.000540579468317537e+00
9.993064412876889735e-01
9.996201316566309947e-01
1.000120438303877535e+00
9.989441560604560566e-01
9.995303536003009581e-01
1.000068516444778233e+00
9.990923319876869879e-01
1.000742820174682857e+00
9.995941200325867415e-01
9.992508589777605588e-01
1.000836137192172348e+00
1.000639300203421511e+00
9.990481587967554589e-01
9.989535487106997458e-01
9.998651409535328494e-01
9.997507293450442756e-01
9.998405516548862781e-01
9.993786889429161491e-01
9.996208971320154069e-01
9.989088309338817195e-01
9.997051534984149335e-01
9.995724970123534003e-01
9.995447297642974238e-01
9.994777490345839732e-01
9.992204262769734946e-01
9.992152425392156756e-01
9.994532139154016503e-01
9.993525018371013369e-01
1.000107917281311432e+00
9.996359240741988783e-01
9.997907042099413166e-01
1.000197840172690533e+00
1.000273080566135953e+00
