0.000000000000000000e+00
0.000000000000000000e+00
0.000000000000000000e+00
0.000000000000000000e+00
0.000000000000000000e+00
0.000000000000000000e+00
0.000000000000000000e+00
0.000000000000000000e+00
0.000000000000000000e+00
0.000000000000000000e+00
0.000000000000000000e+00
0.000000000000000000e+00
0.000000000000000000e+00
0.000000000000000000e+00
0.000000000000000000e+00
0.000000000000000000e+00
0.000000000000000000e+00
0.000000000000000000e+00
0.000000000000000000e+00
0.000000000000000000e+00
0.000000000000000000e+00
0.000000000000000000e+00
0.000000000000000000e+00
0.000000000000000000e+00
0.000000000000000000e+00
0.000000000000000000e+00
0.000000000000000000e+00
0.000000000000000000e+00
0.000000000000000000e+00
0.000000000000000000e+00
0.000000000000000000e+00
1.432202053877470126e-04
1.668332356531277913e-02
2.902804449310196211e-01
1.494153482442900804e+00
3.519074575711989450e+00
5.014953886118822979e+00
5.253535239766109477e+00
4.639888214606396666e+00
3.734267211027014532e+00
2.914631117522244796e+00
2.281972865643281612e+00
1.831773723240948559e+00
1.525328778660727025e+00
1.304552945611882953e+00
1.154070574885542877e+00
1.045365953376065082e+00
9.726099840251938300e-01
9.108245637272950335e-01
8.696694425630817626e-01
8.344918292536983584e-01
8.007835777284131318e-01
7.669166723817502085e-01
7.461621535863908194e-01
7.216636262120399437e-01
7.058278870164244045e-01
6.940421169116987032e-01
6.957453312334973550e-01
6.984224917890755613e-01
7.072923707569394036e-01
7.274944805612311161e-01
7.395939747933563124e-01
7.457260981107508568e-01
7.543155172125798336e-01
7.717652487000502548e-01
7.910301455988978381e-01
8.117204564078174256e-01
8.416806570967089174e-01
8.691846265359189916e-01
8.980295838627662119e-01
9.268728256866693993e-01
9.583586953800281583e-01
9.863337238282089414e-01
1.010701204267510755e+00
1.034169128421570827e+00
1.047848801988185752e+00
1.057392447428110449e+00
1.059184524228783397e+00
1.054480951085894125e+00
1.052705559075570285e+00
1.044920806770154309e+00
1.032270501038297539e+00
1.022672090042018311e+00
1.015728229689037088e+00
1.005188851944960327e+00
9.983773972613783076e-01
9.930033359292785855e-01
9.873002696498374142e-01
9.856070924946096490e-01
9.765215190657454691e-01
9.820434093914407470e-01
9.819569501865232919e-01
9.826744925669792519e-01
9.863042207651502302e-01
9.893833359395128868e-01
9.950630600681998894e-01
1.000466510829843614e+00
1.004107007798704654e+00
1.010406843205468697e+00
1.014792395841526584e+00
1.018372683135397416e+00
1.020224558639757806e+00
1.022056405821573533e+00
1.027603046941187426e+00
1.029848986387381427e+00
1.024585556942260611e+00
1.027260581402249295e+00
1.025352791277338138e+00
1.021899830008457410e+00
1.019962050947411658e+00
1.018248743253173050e+00
1.014563465223038641e+00
1.009226961604192008e+00
1.006450268076154453e+00
1.005847523938697474e+00
9.998074214542101990e-01
9.974766428831141063e-01
9.928651163203876528e-01
9.924161303574120518e-01
9.907018595043904918e-01
9.881261711040807416e-01
9.862339927044935228e-01
9.865351770616138660e-01
9.874629577043824158e-01
9.866551658519741030e-01
9.866259096433798170e-01
9.871625649087140131e-01
9.868587464226662442e-01
9.872524082957148117e-01
9.887874595599093208e-01
9.901012828136441790e-01
9.924115642721582642e-01
9.950144924645001332e-01
9.941389209233835178e-01
9.960049179624896887e-01
9.974897114420917532e-01
1.000137481386845550e+00
9.998391725783913886e-01
1.000547879419251718e+00
1.002306957691775136e+00
1.001920478247904978e+00
1.002546167849211134e+00
1.003120998493487237e+00
1.001722481904892437e+00
1.002738358923336959e+00
1.003449392388951367e+00
1.001595313223088368e+00
1.001966948465856877e+00
1.002931655784147447e+00
1.001881804407230181e+00
1.002415155323455265e+00
1.000641765079133272e+00
9.992165874921670188e-01
1.000077779829880331e+00
9.993981317679017096e-01
9.994936880120820488e-01
1.000321450136858692e+00
9.998855858379885886e-01
9.998619129077840340e-01
9.988272815303097518e-01
9.990896564363181964e-01
9.986704827644506954e-01
1.000401566388016583e+00
1.000470386251736343e+00
1.000086327024256594e+00
1.001073164663404569e+00
1.001568610475372267e+00
1.000174167503113276e+00
1.000164616544798157e+00
1.000101330104663733e+00
1.000168714818055360e+00
1.001074148979708367e+00
9.998655199469734800e-01
1.001056715875710657e+00
1.000410981959417800e+00
1.000658546391619774e+00
1.000727557498581666e+00
1.000614213087551274e+00
1.001395877845299376e+00
1.000615248362830556e+00
1.000170636881837272e+00
9.996081762614312805e-01
9.994424427161097135e-01
1.000453395617903585e+00
1.000566143237194394e+00
9.994563497280853914e-01
1.000086105468851461e+00
1.001094330496620888e+00
9.990690747152519702e-01
9.992819697057875317e-01
9.993557159033544801e-01
1.000480517787103008e+00
9.995995537457920133e-01
9.983688969942520197e-01
9.979941193192574111e-01
9.989673243052433760e-01
9.998310415581119770e-01
9.987727283370297915e-01
9.981875058702992520e-01
9.990266687838084136e-01
9.993180748120685797e-01
9.996525098295797607e-01
9.989045656995683142e-01
9.985005158805096981e-01
9.991791831665056689e-01
9.989521066338409305e-01
9.997840747387588545e-01
9.994467588952206105e-01
9.981752160950457808e-01
9.989099531216560912e-01
9.991735533144674442e-01
9.998100817838034837e-01
9.987233634600216625e-01
1.000176541133327435e+00
1.000148663882279410e+00
9.994896281123635262e-01
9.995661786803189397e-01
9.997688112718033926e-01
9.992337498033029286e-01
1.000585758234494360e+00
9.989734499423137404e-01
1.000610681370739830e+00
9.989552503095335823e-01
1.000790282229500949e+00
1.000375644265697694e+00
9.988291850932774496e-01
9.985097568746823526e-01
9.991742655241037108e-01
1.000635916000775838e+00
9.995144111333973402e-01
9.995150888926936927e-01
9.994744764484962962e-01
1.000018498192911443e+00
1.000950135031336119e+00
1.000443393360810562e+00
1.000272605314345364e+00
9.995615800960108155e-01
1.000748243763528000e+00
1.000200473983123839e+00
1.000921955883603776e+00
1.000485019291469602e+00
1.000444991081228974e+00
9.995474721117880712e-01
1.000102662362559958e+00
1.000486175206259709e+00
1.000274151336122630e+00
9.999764942620834596e-01
9.997723991791037657e-01
1.000389211849404436e+00
9.992140575031245309e-01
1.000680189131612385e+00
9.999890973493353874e-01
9.996338329491221142e-01
1.000218770476103858e+00
1.000062968957539988e+00
9.995425951984062696e-01
9.992515790321935265e-01
9.991667718601562331e-01
9.995737400749657997e-01
9.994143316039127978e-01
9.993790475098710546e-01
9.998606378694283592e-01
1.000000984400980064e+00
9.986263890596717152e-01
9.995588124457310819e-01
9.987418365684982424e-01
9.991653041543998581e-01
9.986402417847376478e-01
9.985753016844340912e-01
1.000094913397611140e+00
9.984421543126380527e-01
9.995016024501974794e-01
9.990197016455603096e-01
9.992534004113976520e-01
9.992031814684428914e-01
9.986192922493868362e-01
9.993542909322278289e-01
9.986692001730815837e-01
1.000181959711903490e+00
9.995869115747740841e-01
