0.000000000000000000e+00
0.000000000000000000e+00
0.000000000000000000e+00
0.000000000000000000e+00
0.000000000000000000e+00
0.000000000000000000e+00
0.000000000000000000e+00
0.000000000000000000e+00
0.000000000000000000e+00
0.000000000000000000e+00
0.000000000000000000e+00
0.000000000000000000e+00
0.000000000000000000e+00
0.000000000000000000e+00
0.000000000000000000e+00
0.000000000000000000e+00
0.000000000000000000e+00
0.000000000000000000e+00
0.000000000000000000e+00
0.000000000000000000e+00
0.000000000000000000e+00
0.000000000000000000e+00
0.000000000000000000e+00
0.000000000000000000e+00
0.000000000000000000e+00
0.000000000000000000e+00
0.000000000000000000e+00
0.000000000000000000e+00
0.000000000000000000e+00
0.000000000000000000e+00
1.128264522684730456e-04
5.976409975778932716e-03
5.562149169468681015e-02
2.468358196291781659e-01
5.854195655285728828e-01
9.417392857156595687e-01
1.184434820510680941e+00
1.336546512593832725e+00
1.382505530449111175e+00
1.391228328739297915e+00
1.361419841768322536e+00
1.323601148378277026e+00
1.294140967178237789e+00
1.241261943696490899e+00
1.215335911102861877e+00
1.180033303588856830e+00
1.144705299546569632e+00
1.137884727892416903e+00
1.147258209214478075e+00
1.159590316727093784e+00
1.161824065931106320e+00
1.160399664339624826e+00
1.133124765329584838e+00
1.089805221295436333e+00
1.047256152370510174e+00
1.017636098439439030e+00
1.005081321915933357e+00
9.892210714720768294e-01
9.877962352279014979e-01
9.872195038640246834e-01
9.817174793354243034e-01
9.861569362806292816e-01
9.819858047515412913e-01
9.868663219618634130e-01
9.876062159111052008e-01
9.869788119146387650e-01
9.857285978642980062e-01
9.843087454284394910e-01
9.872486955030187472e-01
9.845607343078743856e-01
9.857133793633759966e-01
9.860421137479771225e-01
9.877251079582111126e-01
9.868876767432798180e-01
9.898002766793042584e-01
9.941882413238419813e-01
9.997139142483183472e-01
1.003685857637285128e+00
1.002656684724067881e+00
1.010009822947045111e+00
1.008101608850265229e+00
1.008609544806976510e+00
1.008904731449985936e+00
1.005814099987841992e+00
1.001292669255624768e+00
1.003401052949716155e+00
9.973344725379844622e-01
9.948803259960744549e-01
9.918562999148631265e-01
9.902776283617360509e-01
9.865621130779392844e-01
9.826493375836889976e-01
9.831488728975195102e-01
9.813492110911424815e-01
9.827285538917819308e-01
9.804400614012526161e-01
9.846795681016399238e-01
9.866185107048285330e-01
9.889874636457109958e-01
9.889471945570371680e-01
9.960055199213734278e-01
9.943066573472010283e-01
9.974420794570576509e-01
1.002311839484806955e+00
1.005037597969072660e+00
1.004948268303220482e+00
1.011304251054719439e+00
1.011258401002523399e+00
1.007723312956830153e+00
1.008245073561250260e+00
1.010512887458620890e+00
1.006515542089162496e+00
1.006497508623722226e+00
1.006215882985594279e+00
1.007684017191084580e+00
1.003861828607502282e+00
1.007494638721767810e+00
1.001596825443995309e+00
1.003714616763954126e+00
1.000830914936230442e+00
1.001066939304049219e+00
9.980186102066421761e-01
9.956267282028041787e-01
9.949945353116345093e-01
9.955695422913609649e-01
9.958216774591061027e-01
9.980060245464505986e-01
9.967695117879189493e-01
9.940201713669647443e-01
9.962406549449742688e-01
9.959976548719042810e-01
9.961839988393175194e-01
9.966294360772545158e-01
9.966494173916009558e-01
9.961481076937814816e-01
9.984557884593888710e-01
9.981456131026097411e-01
9.983481286961319867e-01
9.988661972958482460e-01
9.999518803351125085e-01
9.995004547944377205e-01
9.988085197536099580e-01
1.000717694273751679e+00
1.002574953097110200e+00
1.001652214698605992e+00
1.001331873982825194e+00
1.001357292549715172e+00
1.001586689054750234e+00
9.990333550406139684e-01
1.001736067537553287e+00
9.999703236134127593e-01
1.000685891757495227e+00
1.000321852598272221e+00
9.999046035657598308e-01
9.995242428716748506e-01
9.980030512090805050e-01
9.996028965738958938e-01
1.000180482370611079e+00
9.986646889206723943e-01
9.990741879509787982e-01
9.984985205218570581e-01
9.987307380303320770e-01
9.998127842631481244e-01
1.001111770307081095e+00
9.990509156201916596e-01
9.993349414134944375e-01
9.977387369799297634e-01
9.984391726964703118e-01
9.993928711832097411e-01
9.991549229472276306e-01
9.990514733074199460e-01
9.996988471355745531e-01
1.000580699488951231e+00
9.989602547522777876e-01
9.986141440229345800e-01
9.999167149578469527e-01
1.000515867567761008e+00
1.001362912303343622e+00
9.998592313859590019e-01
9.992740026396622621e-01
1.002214878258799180e+00
1.000969433058675584e+00
1.000540368560614235e+00
1.000161710328840048e+00
1.001234158795360596e+00
1.000645291423553296e+00
1.001580705858855946e+00
1.001283080865118302e+00
9.984243905853876777e-01
1.001044911877460475e+00
1.001264024409208808e+00
1.000121644160203438e+00
1.001701490448940968e+00
1.000661058319904706e+00
1.001008941476464686e+00
1.000303185502239511e+00
1.000951083864932034e+00
1.000851089129694449e+00
1.000076267212846926e+00
9.999813616825122820e-01
1.001042949945443850e+00
9.990754682934938069e-01
1.000890209189406077e+00
1.001542618992680378e+00
1.000735145439972884e+00
1.000892008379214770e+00
9.995225897019206496e-01
1.000102821293543220e+00
1.000648901995232931e+00
1.000671459148332776e+00
1.001665268295037103e+00
1.000980579901269651e+00
1.000631657173008282e+00
1.000355870214931331e+00
9.998580685746082386e-01
9.999604008569221714e-01
1.000964333065073708e+00
9.998351518726131815e-01
9.992909263711975409e-01
9.983795858293411651e-01
9.997547315659334188e-01
9.992747551342702206e-01
9.996985630572248205e-01
9.995820326117850207e-01
1.000568674540270431e+00
1.000686785216994279e+00
1.000295778118654555e+00
1.000876863347891721e+00
9.995272715048362233e-01
9.994560330820421168e-01
1.000435002638280224e+00
1.000316837906824352e+00
1.000291360097014026e+00
1.000849055962782952e+00
1.000285740192904171e+00
1.000445836577077641e+00
1.000707743869976518e+00
9.991335485958137141e-01
9.997026208883798004e-01
9.999894788615752983e-01
1.000185741154994812e+00
9.998378351694148236e-01
1.000191236972858722e+00
1.001396916683724880e+00
1.000526253996222970e+00
9.989054857708776769e-01
1.000468270909388169e+00
9.996800685726133784e-01
1.000892329917233869e+00
1.000785901474684270e+00
1.001229297631664350e+00
1.000430471078663786e+00
1.000231487862920821e+00
9.986544958288969820e-01
9.999677563085349608e-01
9.998872797328601791e-01
9.996252956791237265e-01
9.998240014705982448e-01
9.991870278538386163e-01
9.986322567315112364e-01
9.992031032845054561e-01
9.987762747445636524e-01
9.997024916027859032e-01
9.992445809603122120e-01
9.995155618553390742e-01
9.993676986497976866e-01
9.989160528025815555e-01
1.000698579137025090e+00
1.000307684097706762e+00
9.994773579397024932e-01
9.993829304044156148e-01
9.992303772293236186e-01
1.000746593913025784e+00
1.000817026407330612e+00
9.991394645662429186e-01
1.000699398777619153e+00
1.000893998059643186e+00
1.000309428791450461e+00
9.994228973273470151e-01
1.000605067356342248e+00
