0.000000000000000000e+00
0.000000000000000000e+00
0.000000000000000000e+00
0.000000000000000000e+00
0.000000000000000000e+00
0.000000000000000000e+00
0.000000000000000000e+00
0.000000000000000000e+00
0.000000000000000000e+00
0.000000000000000000e+00
0.000000000000000000e+00
0.000000000000000000e+00
0.000000000000000000e+00
0.000000000000000000e+00
0.000000000000000000e+00
0.000000000000000000e+00
0.000000000000000000e+00
0.000000000000000000e+00
0.000000000000000000e+00
0.000000000000000000e+00
0.000000000000000000e+00
0.000000000000000000e+00
0.000000000000000000e+00
0.000000000000000000e+00
0.000000000000000000e+00
0.000000000000000000e+00
0.000000000000000000e+00
0.000000000000000000e+00
0.000000000000000000e+00
0.000000000000000000e+00
8.464888436743854029e-05
5.317127117923370339e-03
5.613759618521600020e-02
2.484408469710772949e-01
5.834593012772064657e-01
9.367304946826661149e-01
1.189018341155288150e+00
1.324779070013170079e+00
1.374940204707435054e+00
1.397055790561650301e+00
1.367632283383681813e+00
1.331066452649905196e+00
1.285182637171376818e+00
1.253382143858847719e+00
1.210874995968588941e+00
1.172044586896674678e+00
1.145765907359199476e+00
1.143941138338358199e+00
1.144002883338998133e+00
1.147807592660986087e+00
1.173925985342878286e+00
1.163242561177397549e+00
1.136989861935614243e+00
1.090848774856494341e+00
1.056294119628993444e+00
1.015888986170943697e+00
1.000689860561174260e+00
9.912437839247910665e-01
9.875830227852853138e-01
9.833690465495713573e-01
9.891543615490367980e-01
9.881264001901552962e-01
9.845337444541597538e-01
9.876151879898642516e-01
9.928667903797933070e-01
9.939500786509045671e-01
9.885897027831220818e-01
9.843124451087663651e-01
9.824351644375686199e-01
9.848986778719063251e-01
9.826399028262405855e-01
9.853536155502966576e-01
9.895323977736751875e-01
9.884023248731156341e-01
9.917007690241957940e-01
1.001911451981648771e+00
9.996937346641797673e-01
1.000035747064149438e+00
1.004266012344026349e+00
1.006265451493536744e+00
1.008775747770782383e+00
1.012575782989646678e+00
1.007006382453788706e+00
1.007292591730706066e+00
1.001812822050704543e+00
1.000305396372378031e+00
9.968628660200773428e-01
9.953863848331051534e-01
9.942076855058155083e-01
9.899293459302817011e-01
9.890705733402401778e-01
9.865735152480905601e-01
9.836949536956571816e-01
9.847217768513919500e-01
9.836772809568014031e-01
9.842419983150012541e-01
9.847948591581293654e-01
9.868080462885848725e-01
9.874654790641351765e-01
9.924127414921388723e-01
9.945774867674326281e-01
9.958735441340378358e-01
1.003783453960804151e+00
1.002479440080184858e+00
1.004644596098394072e+00
1.006288484173547104e+00
1.008971312897750439e+00
1.007130593958615039e+00
1.009146225370283423e+00
1.012061203343953331e+00
1.013233189091771180e+00
1.009354673325178808e+00
1.008147593644886486e+00
1.006145565101865591e+00
1.005170641671718545e+00
1.001736859722886175e+00
1.001666734154403215e+00
1.000063992104830213e+00
1.001133543640385426e+00
1.000608267801570417e+00
1.000394537775948001e+00
9.958361119267021833e-01
9.956308554400059574e-01
9.986147268137223199e-01
9.990460220272083802e-01
9.963034862843567208e-01
9.986487801085507376e-01
9.959619156645526106e-01
9.963612732336338818e-01
9.948091255771245311e-01
9.958570658091008276e-01
9.943778967423845261e-01
9.983501138682274734e-01
9.982331671312228982e-01
9.972184717761204409e-01
9.984038923123490505e-01
9.985628897595878462e-01
9.973870471035122254e-01
9.993979007746203180e-01
9.985064302457667962e-01
9.998116112776636033e-01
1.001309365044658950e+00
1.001176236366229322e+00
9.991304532538984873e-01
9.999958344882650119e-01
1.002321598034203287e+00
9.993722208166845311e-01
9.996922875624958404e-01
1.000576164837821302e+00
1.000042141688215480e+00
1.000671671357445058e+00
1.001864270403839630e+00
1.000235152742406486e+00
1.001313997920723065e+00
9.980989811069244100e-01
9.995039611511060684e-01
1.000008166889026384e+00
9.995766803485327534e-01
9.988664108134848174e-01
9.988692018156238861e-01
9.995464170841793505e-01
9.993392481001576177e-01
9.995346499272897978e-01
1.000097319512226690e+00
9.981715380240563373e-01
9.994249417578239258e-01
9.999646081445477952e-01
9.985863316846573801e-01
9.980837079984912208e-01
9.985595183316210433e-01
9.998043534747157457e-01
9.975822518700949715e-01
1.000784756730018543e+00
9.979793780376837731e-01
1.000071578053217447e+00
1.000017029078029474e+00
9.992590924712095868e-01
9.995136839156786301e-01
1.001526392153457623e+00
1.000466749700970048e+00
1.001055411777614257e+00
9.986108429615839777e-01
1.000156329778595143e+00
1.000568935065081266e+00
9.980489950667337240e-01
9.988855274275544316e-01
1.000616579736256062e+00
9.991119432762115560e-01
9.979049370713403144e-01
9.994469696858157004e-01
9.990419839936128810e-01
9.980934380212213020e-01
9.974017814512718960e-01
9.994123458961140516e-01
9.989093003759434986e-01
9.983676576940068159e-01
9.989335374203287543e-01
9.994260275904237600e-01
9.977906385566789327e-01
9.990721009030223421e-01
1.000138680182732109e+00
9.984033444282642833e-01
1.000193499901194771e+00
9.987429674093886156e-01
9.997730279227657890e-01
1.000988159000743893e+00
1.001259383989028251e+00
1.000808249135038075e+00
9.984054948958708264e-01
9.997164698113878423e-01
9.986802454815317809e-01
9.993365447169934024e-01
9.992782257957383285e-01
9.991921226271940348e-01
9.989392368224349061e-01
1.000326240387265697e+00
9.990307689662376589e-01
9.995257690315696442e-01
1.000486725049745784e+00
9.987173690596711229e-01
9.997572077315403094e-01
9.990639775349922092e-01
9.980246449189090763e-01
9.996040441890923223e-01
1.000044912466614644e+00
9.996457302220312924e-01
9.989930366744278478e-01
1.000271952438320788e+00
9.989206282087065292e-01
9.988272217387447194e-01
9.992487276535141349e-01
9.991035438845292660e-01
9.991812577653920169e-01
9.993928766518919149e-01
1.000152191819289937e+00
1.000140782347913149e+00
1.001052637763036435e+00
1.000084284627859921e+00
9.991897000801434059e-01
9.993162929544419093e-01
9.995646267718782951e-01
1.000641469131739791e+00
9.992971524961045127e-01
9.999945077156221496e-01
9.995909689598613257e-01
9.987884154957904492e-01
9.995981296884129952e-01
9.997292258721965919e-01
9.993922455818412542e-01
9.997070421113706251e-01
9.987730571925234058e-01
9.995180315728796616e-01
9.997472278182787386e-01
1.000461715805728291e+00
9.988722201695078295e-01
9.996341393403537223e-01
1.000697366902737029e+00
9.994529836484697949e-01
9.991748634272559215e-01
1.000040406311954566e+00
9.997147315624080877e-01
9.999739968073578789e-01
9.992345685410578549e-01
9.993323647056390202e-01
1.000176075202753756e+00
9.993439111670463504e-01
9.994758847573272931e-01
9.998420901269245986e-01
1.001209599137633521e+00
9.995001972557130410e-01
1.000199883016069213e+00
9.991217937619658596e-01
9.989778545603101856e-01
1.000128106817977258e+00
9.998119797884540416e-01
1.000274044701418230e+00
9.993518229415091492e-01
9.995646624675003089e-01
9.991289893246542153e-01
9.999064975702499636e-01
