0.000000000000000000e+00
0.000000000000000000e+00
0.000000000000000000e+00
0.000000000000000000e+00
0.000000000000000000e+00
0.000000000000000000e+00
0.000000000000000000e+00
0.000000000000000000e+00
0.000000000000000000e+00
0.000000000000000000e+00
0.000000000000000000e+00
0.000000000000000000e+00
0.000000000000000000e+00
0.000000000000000000e+00
0.000000000000000000e+00
0.000000000000000000e+00
0.000000000000000000e+00
0.000000000000000000e+00
0.000000000000000000e+00
0.000000000000000000e+00
0.000000000000000000e+00
0.000000000000000000e+00
0.000000000000000000e+00
0.000000000000000000e+00
0.000000000000000000e+00
0.000000000000000000e+00
0.000000000000000000e+00
0.000000000000000000e+00
0.000000000000000000e+00
0.000000000000000000e+00
1.692789535088446090e-04
5.184284044992953748e-03
5.600711783602297517e-02
2.484833960478588233e-01
5.891496811285081847e-01
9.276712297861473555e-01
1.192432288627784720e+00
1.326759520973385342e+00
1.381445221477985763e+00
1.380818868848422643e+00
1.362119817468543603e+00
1.318315386745732010e+00
1.284473101029113051e+00
1.244546032548119907e+00
1.211177810166678581e+00
1.175514875505486279e+00
1.153091654661813958e+00
1.140126383115811937e+00
1.140182401249483224e+00
1.156453047111373644e+00
1.164821027699742162e+00
1.163499228254783580e+00
1.132149780675260065e+00
1.095009938751352996e+00
1.055381432556974364e+00
1.021928273996956404e+00
1.003949702652708220e+00
9.934516900025427422e-01
9.915227706327411905e-01
9.814507688010069009e-01
9.820672086791105704e-01
9.812435947743488596e-01
9.873337630166499901e-01
9.860864014795789334e-01
9.884789280979729975e-01
9.895877041128908758e-01
9.828294785331703753e-01
9.880915201559368199e-01
9.814142017908327187e-01
9.807137797277651892e-01
9.821082263681440994e-01
9.781589373133839915e-01
9.840793503880393978e-01
9.887637587053055288e-01
9.972511924773646008e-01
9.931941422146580711e-01
9.955506280063691760e-01
9.986529378808383095e-01
1.002420838788403712e+00
1.006149465400567156e+00
1.007549788309057393e+00
1.007832008955498848e+00
1.007233826204423366e+00
1.005610830329046745e+00
1.000958938010992449e+00
1.001034399040311440e+00
1.000908997108902465e+00
9.982583174489138012e-01
9.911649005515610344e-01
9.901437238310893951e-01
9.872877925622692841e-01
9.822221545906978379e-01
9.846286222065652183e-01
9.859453863059042256e-01
9.808845087667975582e-01
9.808776787016714183e-01
9.835016046638337395e-01
9.860633296520352475e-01
9.885163053848365911e-01
9.921274694453893206e-01
9.928349747751821219e-01
9.964354685851384286e-01
1.002655101296895168e+00
1.002443984660719822e+00
1.002691818470536678e+00
1.007530259856926902e+00
1.008255190850694927e+00
1.009860033006544144e+00
1.009508977670494634e+00
1.008126615158250639e+00
1.008129151430531500e+00
1.006654116283100420e+00
1.007834385475573802e+00
1.008543934511790141e+00
1.005131004214156798e+00
1.003779986336760244e+00
1.001605693641933081e+00
1.001392003943273989e+00
9.998372209513082254e-01
9.981021137783445685e-01
1.000337586467650253e+00
9.987854006984208111e-01
9.965049498534170880e-01
9.987188555821086000e-01
9.961832814063297237e-01
9.964643967382195155e-01
9.951720241293344760e-01
9.980632435849909889e-01
9.964381109558038130e-01
9.968678267129341686e-01
9.981476240114813825e-01
9.984461012013456926e-01
9.992483208698542674e-01
9.955670247558187080e-01
9.966244873754283029e-01
9.986431809429866524e-01
9.991717658146400671e-01
9.981355576501621529e-01
9.989023318364438353e-01
1.000093569091419443e+00
1.000640554586987196e+00
9.996184261529795778e-01
1.000837473972333802e+00
9.990920670218866873e-01
1.000887824702269002e+00
1.001176183822400700e+00
1.001309616934242364e+00
1.003096741850354912e+00
1.000683968692041903e+00
1.002067185763835910e+00
1.001822413986842353e+00
1.000491566588130876e+00
1.001211982692082225e+00
9.999940617131323206e-01
9.987786625869644608e-01
1.000387193244108186e+00
9.987824947069541270e-01
9.995862141934147571e-01
9.999307922274558447e-01
1.000956814531083428e+00
9.997348922177344832e-01
9.997444360274271302e-01
9.982705358842487442e-01
9.994058873956791489e-01
1.000309958839765256e+00
9.992947031621782772e-01
9.984645123478977924e-01
9.999796899229922431e-01
9.991394555284613954e-01
9.999559591227245026e-01
1.001919792978539503e+00
9.993909416415084346e-01
9.987549957926540323e-01
1.000730196096216718e+00
1.000757766656630521e+00
9.991644876560115129e-01
9.998145011706766061e-01
9.997058461995042000e-01
1.000374647956780993e+00
9.994089611737236867e-01
1.001272853992891232e+00
9.970082968406661639e-01
1.000292628749717139e+00
9.992931593653098243e-01
1.001558271057018334e+00
9.984755031856998864e-01
9.990497013803446569e-01
9.993398605055969774e-01
9.988222998068687630e-01
9.997883348038989482e-01
9.997836867296869823e-01
9.998684725758125724e-01
9.977768389994595699e-01
9.988715520499633627e-01
1.000216463614295392e+00
9.985101113180768762e-01
9.983099698197589467e-01
9.982685838171699855e-01
9.987202647095668739e-01
9.997603605096110346e-01
9.991865656300354948e-01
9.992646555658771801e-01
9.988815373286299426e-01
1.001262924681269428e+00
9.996945529597253133e-01
9.989134823394628659e-01
9.992652003899404889e-01
9.998764851535933973e-01
1.000638401749706308e+00
1.000227911444458107e+00
9.992783094676563893e-01
1.000088621915490084e+00
9.991538001135427116e-01
1.000871904591376094e+00
1.000887624520904851e+00
9.992593298595501272e-01
1.000286094800263426e+00
9.998679925231389598e-01
1.000332651460515310e+00
9.999416284805985322e-01
9.997378721768541698e-01
9.995034448699087193e-01
9.985133697051604695e-01
1.000414597236522152e+00
9.997686823489831953e-01
1.000294441484425256e+00
1.001502563528933853e+00
9.994081914283674539e-01
9.986965016211939439e-01
1.001367374730773196e+00
9.984539455090973847e-01
9.990023019299458795e-01
9.986914743699638608e-01
9.995725793905194667e-01
9.989074178691849104e-01
1.000465037062994389e+00
1.000096689008911577e+00
1.000014087549033981e+00
9.989932873139221181e-01
9.998248119219468322e-01
1.000047101867812982e+00
9.985010105536236136e-01
9.998596213864929805e-01
9.997381717847853011e-01
1.000606087419688039e+00
9.993062731581451308e-01
9.997012957084351337e-01
1.000213289787109439e+00
9.996428912160052471e-01
1.000422786795684305e+00
9.997730266667234078e-01
1.001385926721490405e+00
1.001041206148886920e+00
1.001682058992647395e+00
1.000142677696712390e+00
1.000621916278149115e+00
1.000284149775299669e+00
1.000702458531431249e+00
1.001858572110449375e+00
1.000145590590450384e+00
1.001003029611277961e+00
1.000315022328221781e+00
9.992583615940788810e-01
9.997664241328574342e-01
1.001671434880912370e+00
9.999716055477164689e-01
1.000554448258390350e+00
1.000384627797829440e+00
1.001145658703922026e+00
9.988264367068792060e-01
9.990122060121633396e-01
9.996659455390271010e-01
9.992507034415843981e-01
1.001795283254583113e+00
1.000418795471626376e+00
1.000213712494784968e+00
9.997337661255821795e-01
9.991972544414454704e-01
9.996084695867147873e-01
1.000601074835999471e+00
