0.000000000000000000e+00
0.000000000000000000e+00
0.000000000000000000e+00
0.000000000000000000e+00
0.000000000000000000e+00
0.000000000000000000e+00
0.000000000000000000e+00
0.000000000000000000e+00
0.000000000000000000e+00
0.000000000000000000e+00
0.000000000000000000e+00
0.000000000000000000e+00
0.000000000000000000e+00
0.000000000000000000e+00
0.000000000000000000e+00
0.000000000000000000e+00
0.000000000000000000e+00
0.000000000000000000e+00
0.000000000000000000e+00
0.000000000000000000e+00
0.000000000000000000e+00
0.000000000000000000e+00
0.000000000000000000e+00
0.000000000000000000e+00
0.000000000000000000e+00
0.000000000000000000e+00
0.000000000000000000e+00
0.000000000000000000e+00
0.000000000000000000e+00
3.015832931694353519e-05
1.974932944915002244e-04
4.919809203713918812e-03
5.831831957899295121e-02
2.433163977414309342e-01
5.856471306094213070e-01
9.366736475921660920e-01
1.192281820783732460e+00
1.333934436475473939e+00
1.383737703646432893e+00
1.381836448644303106e+00
1.364560198772478916e+00
1.332694290358443112e+00
1.294071237981440303e+00
1.247605013687661302e+00
1.215492685223825253e+00
1.179401396147166103e+00
1.150840768157040728e+00
1.141564059311074519e+00
1.154538667306425959e+00
1.154510397647168674e+00
1.166443829347195704e+00
1.168167263038719206e+00
1.138108258994943389e+00
1.093430070551243416e+00
1.050386204895589204e+00
1.023451144741065022e+00
1.005468584719394043e+00
9.965934000868179599e-01
9.908307750846819806e-01
9.933115243462518063e-01
9.859883854386063406e-01
9.825471690755410714e-01
9.849072884160677832e-01
9.903949725015278593e-01
9.856520758568407814e-01
9.897221029153857597e-01
9.882958213780793644e-01
9.869856136548137426e-01
9.818396081278656373e-01
9.850505093801110723e-01
9.819451160739908202e-01
9.823799793934180347e-01
9.857630755718099769e-01
9.857184734067861998e-01
9.882246774724349203e-01
9.930987854834456563e-01
9.955969518806413454e-01
1.000310782910619700e+00
1.005123034404213911e+00
1.006795036302641666e+00
1.007681380589842357e+00
1.007257157007330539e+00
1.007193578332325590e+00
1.008730144216280822e+00
1.003802793985087316e+00
9.980530892071765026e-01
9.977648310551779920e-01
9.963307612761859167e-01
9.917874558150170383e-01
9.905264755952911671e-01
9.859220778110994177e-01
9.838237810413743567e-01
9.840854069960118800e-01
9.813876712585659634e-01
9.829713145832894572e-01
9.856033761086617773e-01
9.830649701371820814e-01
9.875519345340362243e-01
9.897152628224705762e-01
9.887849375661394991e-01
9.914532081322721124e-01
9.946376235963815260e-01
9.999754477948328280e-01
1.001124404236076071e+00
1.003875569872278106e+00
1.006680255641602129e+00
1.010052373546926674e+00
1.007930937216499734e+00
1.010654354454413761e+00
1.010214464285759783e+00
1.007763298049329848e+00
1.008657386690021029e+00
1.003238463522023727e+00
1.005510015801104551e+00
1.004386244216137980e+00
1.001706291892909828e+00
1.002652137287261880e+00
9.999075023729515621e-01
9.976076532407835984e-01
9.983856315745078813e-01
9.984148025892386480e-01
9.991576519761394826e-01
9.959826816494041779e-01
9.954792086129512496e-01
9.963179400568015209e-01
9.990350916305434925e-01
9.963097519019703530e-01
9.967855945490204927e-01
9.968796219976644446e-01
9.979678211901983342e-01
9.958525297560710809e-01
9.971163371584329527e-01
9.970864624696484935e-01
9.983726768543884633e-01
9.979972281877788065e-01
9.982774640847017489e-01
9.977070392658585751e-01
1.000322562526814618e+00
9.998031997276076721e-01
9.987925826816055341e-01
1.000767542246711717e+00
9.996165436883593935e-01
9.999386501239371228e-01
1.001990203748499786e+00
9.995952740217795007e-01
1.001056952525973154e+00
1.000630746701116403e+00
9.996535221721446485e-01
1.000121018455057076e+00
9.990996516733832156e-01
1.002444905798957064e+00
1.001956761314404032e+00
1.000877129012832434e+00
1.002190117648660062e+00
1.001310420000119050e+00
1.000734028553587063e+00
9.996222352453586479e-01
9.994599334941535185e-01
9.998082668604499901e-01
1.000414951907348637e+00
9.986302498030278363e-01
9.985015469873894656e-01
9.987297732499110792e-01
1.000186568280328592e+00
1.000847491408016099e+00
9.980108300674505051e-01
1.000621642234926112e+00
9.991146881939779734e-01
1.001086818233352771e+00
1.000413258624338830e+00
1.000544342565398370e+00
9.992737710785998262e-01
9.999376833552483523e-01
1.002635297987883201e+00
1.000712037332595505e+00
9.998684133220068215e-01
1.001861172699712199e+00
1.000014243651270673e+00
1.001912056967008136e+00
9.999192018471331211e-01
1.000971095092139329e+00
9.995137638298342564e-01
1.000790373002866884e+00
1.000013947877752551e+00
1.000071456070869225e+00
1.001821729353721269e+00
9.997114547151301212e-01
1.000629251281782262e+00
1.000364039216322665e+00
9.996079327616633758e-01
1.000149137231876262e+00
9.988437937860157323e-01
9.998879427008470211e-01
1.000594327001300465e+00
9.990873453093309653e-01
1.000683469567929640e+00
1.000817526647967526e+00
1.001954710282338290e+00
1.000514184593416012e+00
1.001315479228376937e+00
1.000032207579678367e+00
1.001740761600290019e+00
1.000837234263640685e+00
9.996343061634938021e-01
1.000680898432044552e+00
9.995832648674199961e-01
9.996749715682732296e-01
9.999544043947664607e-01
1.001222210032605364e+00
1.000219545429835932e+00
1.001442268710730499e+00
9.997560388480939420e-01
1.000525172075335645e+00
1.000304941623038069e+00
1.000670559022419859e+00
1.001418700067228329e+00
1.000032808875940704e+00
1.000108677587916661e+00
9.995260633910659775e-01
9.994218984578765452e-01
1.001581513248327893e+00
1.001232091238997812e+00
9.998925401879011909e-01
1.000829916035512301e+00
9.989773426314243476e-01
1.000221453461034971e+00
1.000133297166608148e+00
9.997884438994723011e-01
9.993193075891317889e-01
9.987914623207382325e-01
1.000465669730260521e+00
9.999907555442884011e-01
9.993942359841506695e-01
1.000858641288042028e+00
9.997544285656717600e-01
1.000507467133479267e+00
1.000532533378249767e+00
1.000272749511404546e+00
1.000100263149695135e+00
1.000549220332158207e+00
1.001531559815274974e+00
1.000862983732403455e+00
1.001179639916508934e+00
9.999632844405585974e-01
1.000520310624219089e+00
9.995870556053561007e-01
9.996601940387279672e-01
9.992196064888200224e-01
9.997194326737497416e-01
9.983348650913548283e-01
9.996426483396128049e-01
1.000779425173870196e+00
1.001027848360326100e+00
1.000474148008924757e+00
9.997045163278721613e-01
9.992600353212072184e-01
1.000359554014074170e+00
1.002430424296171019e+00
1.000011339146123612e+00
1.000395188262509727e+00
1.000062155428851129e+00
1.000136383080949765e+00
1.000663842546339444e+00
1.000469503247051639e+00
1.000233733142469550e+00
1.000756568430408056e+00
1.001315840207161578e+00
1.000198038606895823e+00
9.994317093276771091e-01
1.000424694734615150e+00
1.000286267309322907e+00
1.001287126971960539e+00
1.000482537587444654e+00
1.000793858505657274e+00
1.000889473590934164e+00
1.001687010391529853e+00
1.000629641592989394e+00
1.000988620274872343e+00
1.000629003095660163e+00
1.000214289277529645e+00
