0.000000000000000000e+00
0.000000000000000000e+00
0.000000000000000000e+00
0.000000000000000000e+00
0.000000000000000000e+00
0.000000000000000000e+00
0.000000000000000000e+00
0.000000000000000000e+00
0.000000000000000000e+00
0.000000000000000000e+00
0.000000000000000000e+00
0.000000000000000000e+00
0.000000000000000000e+00
0.000000000000000000e+00
0.000000000000000000e+00
0.000000000000000000e+00
0.000000000000000000e+00
0.000000000000000000e+00
0.000000000000000000e+00
0.000000000000000000e+00
0.000000000000000000e+00
0.000000000000000000e+00
0.000000000000000000e+00
0.000000000000000000e+00
0.000000000000000000e+00
0.000000000000000000e+00
4.873434907156743931e-05
2.046525258898856774e-03
3.044496090503519617e-02
2.077349173111578684e-01
7.931004395219228842e-01
1.658143435225758244e+00
2.207461763032049440e+00
2.250946933189999388e+00
2.022977743378203463e+00
1.743017562513346386e+00
1.505624575470584592e+00
1.339931399843018012e+00
1.235285706681603202e+00
1.147008895845729404e+00
1.041933011762084194e+00
9.593863209674794446e-01
9.134392071482823061e-01
8.994197004134423246e-01
9.012138102193776312e-01
9.129257400708171710e-01
9.258238268649933156e-01
9.358064847937723751e-01
9.467642588813688365e-01
9.491951843899045782e-01
9.554499727881055060e-01
9.612879623694240427e-01
9.641142699894064139e-01
9.660143898826756281e-01
9.634589523705315850e-01
9.599279195544468957e-01
9.554787425497891507e-01
9.482941959481616667e-01
9.447232320518399451e-01
9.374385927917971983e-01
9.326474376849699377e-01
9.334381435288325868e-01
9.370239350784184129e-01
9.442356690033736344e-01
9.554876553380928783e-01
9.686084051684495932e-01
9.832166594200716370e-01
9.953669360566878010e-01
1.009151919018596910e+00
1.022020551378829634e+00
1.030448865837062522e+00
1.038922659527124148e+00
1.045675474853788645e+00
1.046086332697845123e+00
1.048541217383626156e+00
1.047644396591014049e+00
1.045549445861510884e+00
1.041820082143025017e+00
1.036452869610464900e+00
1.029963494989187600e+00
1.023573283829536607e+00
1.017045523409719987e+00
1.009644820762440665e+00
1.003052049595435369e+00
9.982432922242524542e-01
9.940642335734080071e-01
9.907746782404387442e-01
9.885502194307127510e-01
9.868384416339863741e-01
9.877361873967088757e-01
9.880670003958382797e-01
9.897682218193259995e-01
9.896714359781090264e-01
9.915613656752213512e-01
9.951946402444270534e-01
9.959596584871384106e-01
9.979496056964352046e-01
1.000624138668285701e+00
1.000102306775794370e+00
1.002999339801030176e+00
1.004190069490323411e+00
1.004288875717735285e+00
1.006318233424862596e+00
1.006525635665555640e+00
1.006324567674334647e+00
1.005713778172784068e+00
1.005706488744466887e+00
1.005380615157633217e+00
1.005345206888273113e+00
1.005622645384906644e+00
1.003806794423523607e+00
1.004257728257925031e+00
1.003107355046210403e+00
1.003459812132219575e+00
1.000857837109369708e+00
1.002063130922328238e+00
1.000167246169951341e+00
1.000585311189484905e+00
9.992985389142096109e-01
9.997430503943357527e-01
9.979773650120085104e-01
9.984874905780285470e-01
9.976619580833262502e-01
9.988370915316645560e-01
9.987018033709629261e-01
9.987467677438662816e-01
9.984033595339943945e-01
9.974466981184775261e-01
9.992342141998616922e-01
9.982353347583046155e-01
9.997498565819209482e-01
9.988527178811227314e-01
1.000401628266813114e+00
1.000260722817178261e+00
1.000111988244573702e+00
1.001220173536877978e+00
1.001462828789832393e+00
1.001210545539220176e+00
1.001404338647808201e+00
1.002047838258118384e+00
1.002113490346699942e+00
1.002315197559661808e+00
1.001460215733786629e+00
1.001980114945382860e+00
1.001844429963757221e+00
1.001894631985194684e+00
1.002179875219692873e+00
1.000727049044195072e+00
1.001318378381531593e+00
1.000254252163689017e+00
9.999838593081062932e-01
1.000484431608537061e+00
9.997935470374560429e-01
9.994400050508893685e-01
9.989688007792508762e-01
9.995127172074323996e-01
9.998285959355394104e-01
9.993152470310809887e-01
9.996804485697440290e-01
9.993843642462769683e-01
9.989406621492481486e-01
9.995999555145305138e-01
9.996279057606699547e-01
1.000034357131118989e+00
1.000059970328216252e+00
1.000561782185011683e+00
9.999572620803317546e-01
9.995639312407695876e-01
1.000133768464343653e+00
1.000060153482611902e+00
1.000677313429758186e+00
1.000290450962957101e+00
1.000044910487321248e+00
1.000800809493333610e+00
1.000306231985792271e+00
1.000779420571213718e+00
1.001034983639149223e+00
1.000470467741853664e+00
9.999676911501385046e-01
1.000404642043881465e+00
9.996779643220908840e-01
1.000098854341098908e+00
1.000210041725123622e+00
9.999491533442556035e-01
1.000240677595874983e+00
1.000270421917822894e+00
1.000490544475757471e+00
1.000126804010881498e+00
9.995026316792854360e-01
1.000077316882894474e+00
1.000274582066170259e+00
9.994812044496114156e-01
1.000254386870758960e+00
9.998520215795000388e-01
9.991638572651061478e-01
9.999443083813953637e-01
9.996678852917908475e-01
9.998713934881783283e-01
1.000009452425455025e+00
9.999039710003465586e-01
1.000182796057955903e+00
9.998310775043202092e-01
9.995920186523460371e-01
9.995135088273214841e-01
1.000850838214528027e+00
9.999542464867171576e-01
9.996883689635776005e-01
9.999181023137714286e-01
9.999025351321172428e-01
9.999569441778769496e-01
9.999676790041498453e-01
1.000012995295998408e+00
9.998859986442645287e-01
1.000225356984621783e+00
9.999035230582934419e-01
1.000589185530057046e+00
1.000098310882704844e+00
9.998214284667427121e-01
1.000316560304745916e+00
1.000196016426217360e+00
1.000369880039180925e+00
1.000096681172168323e+00
1.000191121059865740e+00
1.000258830941823218e+00
9.999105479030615529e-01
9.997321420335287812e-01
9.996617866929694562e-01
9.998675014418567653e-01
1.000053837964622883e+00
1.000761158362171832e+00
1.000245957390411444e+00
1.000083719236219082e+00
9.999880057877681416e-01
9.999010479143471963e-01
9.995391491958671715e-01
9.997952728238457265e-01
9.997038621256716384e-01
1.000110505449198772e+00
1.000268398927477653e+00
9.999521934061204043e-01
1.000354111023575632e+00
1.000185214455457716e+00
1.000267107777251807e+00
9.999146419086990534e-01
1.000161036012842120e+00
1.000115253887112754e+00
1.000416084407368844e+00
1.000452613805268731e+00
9.999136436848959919e-01
9.999344738921244202e-01
1.000164438029012004e+00
1.000211225681088223e+00
9.998148488253784105e-01
1.000123163670712856e+00
9.999036670237708702e-01
1.000333506171328102e+00
1.000300356920560629e+00
1.000242595870325601e+00
1.000323739131269818e+00
1.000042980069464793e+00
1.000095155564569627e+00
1.000180297720962175e+00
1.000108782593393641e+00
9.998686073937779195e-01
9.998824995752250144e-01
1.000354297767361178e+00
1.000074723765697948e+00
1.000011007430091414e+00
9.999682884556301277e-01
1.000364741306852601e+00
1.000401498097974518e+00
1.000260021845042147e+00
1.000384271383508494e+00
9.998664043118047351e-01
9.997575702136984876e-01
9.998347637562523538e-01
1.000008701921160759e+00
9.997308274972921405e-01
9.999781098280403624e-01
9.997044754700541436e-01
