0.000000000000000000e+00
0.000000000000000000e+00
0.000000000000000000e+00
0.000000000000000000e+00
0.000000000000000000e+00
0.000000000000000000e+00
0.000000000000000000e+00
0.000000000000000000e+00
0.000000000000000000e+00
0.000000000000000000e+00
0.000000000000000000e+00
0.000000000000000000e+00
0.000000000000000000e+00
0.000000000000000000e+00
0.000000000000000000e+00
0.000000000000000000e+00
0.000000000000000000e+00
0.000000000000000000e+00
0.000000000000000000e+00
0.000000000000000000e+00
0.000000000000000000e+00
0.000000000000000000e+00
0.000000000000000000e+00
0.000000000000000000e+00
0.000000000000000000e+00
0.000000000000000000e+00
1.082780933304743023e-05
1.985810210350090390e-03
3.112728597875698625e-02
2.082243034950863325e-01
7.919043063689487072e-01
1.651308547087185330e+00
2.201670535034927489e+00
2.249681474012148907e+00
2.021273085570624684e+00
1.739891550309668133e+00
1.508005683673951269e+00
1.337715336714307091e+00
1.230550543001325714e+00
1.142963839459026465e+00
1.043701867698576091e+00
9.620927192964909835e-01
9.125004099861299123e-01
8.989905721880763201e-01
9.006748973965286176e-01
9.100461244190989341e-01
9.249912546712721895e-01
9.341601971747051092e-01
9.426235399075313381e-01
9.463390472715478285e-01
9.534356230915581598e-01
9.608483056179940585e-01
9.616987131904227715e-01
9.662171271500509251e-01
9.616115036534459426e-01
9.580381558254477126e-01
9.527802594986863882e-01
9.464981056828366546e-01
9.394172796279754989e-01
9.355151425250376462e-01
9.326883483468892955e-01
9.328114222112037224e-01
9.370045974096152808e-01
9.434773545275519924e-01
9.570217243927120476e-01
9.692186179047466155e-01
9.826740854216533538e-01
9.963705867449298426e-01
1.008330014726082524e+00
1.020110617110002504e+00
1.030222824138450788e+00
1.037275300306966797e+00
1.044432627083921261e+00
1.046791725943928331e+00
1.047708748483249019e+00
1.046899496740004265e+00
1.044200616691491001e+00
1.040403352210301779e+00
1.036456977947412428e+00
1.028148177422889109e+00
1.023402203268684252e+00
1.015244238554646961e+00
1.010300431381855990e+00
1.002677130123362126e+00
9.976084492014913874e-01
9.951861331128299959e-01
9.897942298004550610e-01
9.870081552932901126e-01
9.885477662479242866e-01
9.869913539188965856e-01
9.866319617500338701e-01
9.895167406625349216e-01
9.894773533313409031e-01
9.926901561207831515e-01
9.943019569510817002e-01
9.962659543580982824e-01
9.966284034715892082e-01
9.996899299176233988e-01
9.998592812591357015e-01
1.002130823586557584e+00
1.003697304361442555e+00
1.004476339589655209e+00
1.005528790181124732e+00
1.006013892487827910e+00
1.007119830675562211e+00
1.005207091510122552e+00
1.006354243329849796e+00
1.005443039984082798e+00
1.004987963676441165e+00
1.004708359043666510e+00
1.005263864154561482e+00
1.003535524220265929e+00
1.003165099724706133e+00
1.002666039711079815e+00
1.001183261294281701e+00
1.000257424872350365e+00
1.000035442637592364e+00
9.986755317861950587e-01
9.992524481613714871e-01
9.975550509258960252e-01
9.978233896172946649e-01
9.982723227111545139e-01
9.969669613670302244e-01
9.977960400350116554e-01
9.970976940844996639e-01
9.976078716358932619e-01
9.972131978322792412e-01
9.968168864271866880e-01
9.970676093766688286e-01
9.981732607322988393e-01
9.987810973903274991e-01
9.995110170961679641e-01
9.995559555468860324e-01
9.994976294193209654e-01
9.995014068580813094e-01
9.997455696862690422e-01
1.000606716501884819e+00
1.001322262655106821e+00
1.000347134316569964e+00
1.000882356376704196e+00
1.001869656160421673e+00
9.999806557764875370e-01
1.000492616947173730e+00
1.000876801745620881e+00
9.998871224123546675e-01
1.000168083674671360e+00
9.994271450991556449e-01
9.997641041347626878e-01
9.990566614093027153e-01
9.991540872885097402e-01
9.985936438109204172e-01
9.993428508167244706e-01
9.984874800150901342e-01
9.991199894875411047e-01
9.983676635596311355e-01
9.987978831834735116e-01
9.982150012501899150e-01
9.988240272199191416e-01
9.988209356681269080e-01
9.987769135192282599e-01
9.988105379628641201e-01
9.986215456589044859e-01
9.988542908698887501e-01
9.988726581813955896e-01
9.994178764668638637e-01
9.995809148307559511e-01
9.992756715748073448e-01
9.996416697965360143e-01
9.988438445305298785e-01
9.993189355219105341e-01
9.999230800206361236e-01
9.996461555177004188e-01
1.000205721507077872e+00
9.995816385417103378e-01
1.000186054405139968e+00
1.000521957173115206e+00
9.998706276153482841e-01
9.995820812076147144e-01
9.999605243181173275e-01
9.997106712550520857e-01
1.000195998145471554e+00
1.000109943340494967e+00
9.996172822570055239e-01
1.000057338490965009e+00
9.999970862715510389e-01
1.000412286220417002e+00
9.991764182053249899e-01
9.995278372614428974e-01
1.000137040869501170e+00
9.995734765946076017e-01
9.998712342598305991e-01
1.000211545051546969e+00
9.999301745993356416e-01
9.993228231404196471e-01
1.000024929238819915e+00
9.992885101659305658e-01
1.000129749920265265e+00
1.000013928569190247e+00
9.999627694705329750e-01
9.996452286210821825e-01
1.000116325966112774e+00
9.996448079024130573e-01
1.000299464493633828e+00
9.995868152411938601e-01
1.000271427962906801e+00
1.000274140325414285e+00
1.000285348790386442e+00
9.999569492389868142e-01
9.998949475740642745e-01
1.000083720479095772e+00
1.000074727587471735e+00
1.000004699731022351e+00
1.000218995882743211e+00
1.000473748839328714e+00
9.998962637475315995e-01
1.000472119858473175e+00
1.000493120737247832e+00
1.000208363064079453e+00
1.000459132632675718e+00
1.000321628661016371e+00
1.000163524906963586e+00
1.000040885442249561e+00
9.994579164880751376e-01
9.999502740223145114e-01
1.000536051164014895e+00
1.000353163800941747e+00
1.000427106820602319e+00
1.000263911786402060e+00
1.000139527365653702e+00
1.000316604126131104e+00
1.000061066542595301e+00
1.000589804043947373e+00
1.000198971813708093e+00
1.000249974717109414e+00
1.000401402061131373e+00
1.000216984020069644e+00
1.000003305731953285e+00
1.000669005871767769e+00
1.000609113528232896e+00
1.000139535766634946e+00
1.000282990465939381e+00
1.000090398378011614e+00
1.000186696289385724e+00
1.000244987908952332e+00
9.999907183528096155e-01
9.998559016465161653e-01
1.000001427007584986e+00
9.997522470568479536e-01
1.000072324061158646e+00
1.000070395880042762e+00
9.998444765677968471e-01
1.000509668317403733e+00
1.000110288660513325e+00
1.000403666983454842e+00
1.000343613349711447e+00
1.000756459585150804e+00
1.000243203342134235e+00
9.997961453368613416e-01
1.000450108592657816e+00
1.000670304970369795e+00
1.000212205902013096e+00
9.999236136870272018e-01
1.000522422059831662e+00
1.000048212909966594e+00
9.996310408827200344e-01
1.000257169796075818e+00
9.997602402763079432e-01
9.998345159739131516e-01
9.999508909866399176e-01
9.998475520826612950e-01
1.000496128701844123e+00
9.997694898664483132e-01
1.000380179766613642e+00
1.000383056530866011e+00
1.000574359362792265e+00
1.000344922382454982e+00
1.000074320917946347e+00
1.000467729878382839e+00
9.999361622925431181e-01
1.000530151557089686e+00
