0.000000000000000000e+00
0.000000000000000000e+00
0.000000000000000000e+00
0.000000000000000000e+00
0.000000000000000000e+00
0.000000000000000000e+00
0.000000000000000000e+00
0.000000000000000000e+00
0.000000000000000000e+00
0.000000000000000000e+00
0.000000000000000000e+00
0.000000000000000000e+00
0.000000000000000000e+00
0.000000000000000000e+00
0.000000000000000000e+00
0.000000000000000000e+00
0.000000000000000000e+00
0.000000000000000000e+00
0.000000000000000000e+00
0.000000000000000000e+00
0.000000000000000000e+00
0.000000000000000000e+00
0.000000000000000000e+00
0.000000000000000000e+00
0.000000000000000000e+00
0.000000000000000000e+00
2.706648247538589468e-05
2.111257205973377741e-03
3.035154489643127063e-02
2.085765924742237210e-01
7.930740332340525667e-01
1.652670897232692004e+00
2.196373554317108123e+00
2.246620492937267954e+00
2.024412513997089214e+00
1.741596565959595777e+00
1.509009108910842611e+00
1.334894065075337144e+00
1.228388655166325227e+00
1.146222345573968848e+00
1.043192917841104572e+00
9.594041512234662283e-01
9.151299117027997809e-01
9.023251916977472753e-01
9.018197012195690032e-01
9.137048201803782410e-01
9.259563661946661473e-01
9.349297770970631527e-01
9.446171478182623371e-01
9.509232286855388017e-01
9.563309123425601799e-01
9.616391302914540917e-01
9.628927837224063868e-01
9.643951245909736514e-01
9.640903010030742459e-01
9.594733621043068927e-01
9.536748254857495555e-01
9.461905489844887329e-01
9.397994439902518371e-01
9.346239618016750628e-01
9.330364420055914376e-01
9.330292986220442009e-01
9.364662313150834416e-01
9.445706908644867505e-01
9.545628701204816879e-01
9.675199625892568767e-01
9.839529932590511674e-01
9.958623053957715854e-01
1.010777927624813666e+00
1.021295519255568385e+00
1.029966347533906035e+00
1.039902956027445091e+00
1.044563394686872870e+00
1.046505232440068989e+00
1.048132883364254919e+00
1.047389500827057285e+00
1.043316735329536504e+00
1.039728182752255314e+00
1.035445332523244666e+00
1.028700992173241735e+00
1.023867474453955095e+00
1.014945312274587508e+00
1.008796612768868783e+00
1.002548135623499315e+00
9.977418466164913458e-01
9.933143971404841954e-01
9.883167009809956660e-01
9.875075694950314897e-01
9.877051959964547878e-01
9.879754498599863100e-01
9.871097317712638208e-01
9.866368903602845686e-01
9.897927686620180410e-01
9.914274928292285960e-01
9.938564871979768123e-01
9.947229446480929660e-01
9.962788344790092232e-01
9.988957363362755970e-01
1.000549879368326067e+00
1.001589681397889509e+00
1.002599093869680047e+00
1.004618875014828827e+00
1.005490741339039484e+00
1.004519563264415272e+00
1.006637654402489090e+00
1.006416099753629556e+00
1.006024655897826525e+00
1.005440634688793411e+00
1.004585377276995706e+00
1.005293079057864691e+00
1.003624287798261294e+00
1.002746339056045155e+00
1.003602738418477580e+00
1.001334526078558662e+00
1.002575870288375137e+00
1.000980668466393331e+00
9.995314899843791290e-01
9.999853892892500706e-01
9.986539330161093853e-01
9.995704822274956713e-01
9.989002939943063542e-01
9.984457971131085463e-01
9.986938219357903712e-01
9.972749015969696318e-01
9.978230746520776462e-01
9.971976913164800616e-01
9.977165248697884570e-01
9.977964002725177028e-01
9.984446201983401270e-01
9.986779984280712563e-01
9.992506759762800339e-01
9.998764985212830192e-01
9.992518012597855215e-01
9.996645924072192768e-01
1.001020841831629760e+00
1.001227936241757321e+00
1.000654084870664207e+00
1.001352354242682319e+00
1.001545456871377970e+00
1.001955418989558311e+00
1.002108601458243209e+00
1.002160043606415751e+00
1.001638219526624685e+00
1.002467384564198705e+00
1.001805927771025617e+00
1.001773130089290920e+00
1.000686151477446773e+00
1.001565842025416986e+00
1.001148116506151542e+00
9.998384563017451709e-01
9.996505665955273123e-01
9.998472857757589871e-01
9.991377841940620730e-01
1.000104494234195673e+00
9.993103877339544194e-01
9.994539220034052152e-01
9.991033223660101825e-01
9.994853518563630024e-01
9.996102475442338875e-01
9.996544921351185886e-01
9.994426271830399999e-01
9.997445933839996801e-01
9.997228645607924014e-01
9.996796335822569768e-01
1.000222922042120377e+00
9.996615669578159391e-01
1.000333663572677834e+00
9.996806051116801095e-01
1.000807870846994518e+00
1.000720421138933336e+00
1.000659019513514769e+00
1.000869409757162432e+00
9.999638054901552886e-01
1.000074708561041748e+00
1.000137625224564841e+00
9.997346032216916090e-01
1.000036932283350000e+00
1.000504677859647584e+00
9.996973682293976982e-01
9.998272850122965627e-01
9.998038081562236057e-01
1.000224034128665229e+00
9.995733663844669215e-01
9.999518844654929906e-01
1.000108465037733874e+00
9.999771685519543984e-01
9.989859121113302542e-01
9.996978104663571951e-01
9.991165864275526332e-01
9.998552491272240106e-01
9.995825949877401584e-01
9.992715629537676225e-01
9.994363846937240892e-01
9.993632820543191242e-01
9.993409488451234779e-01
9.991452190426002300e-01
9.993627107494457151e-01
9.994014744979401454e-01
9.998069214917607583e-01
1.000056603053981030e+00
9.997824836259282533e-01
9.998683001113453095e-01
1.000440117423117670e+00
9.995684450444767277e-01
9.993463158552409187e-01
9.995961246333263661e-01
9.995874759174786517e-01
9.995876616406904613e-01
9.995457920589682077e-01
9.999595085554402463e-01
9.995350017199695625e-01
9.999790570537590018e-01
9.999407719983710585e-01
1.000014632811738302e+00
1.000341295017629140e+00
1.000110528077366556e+00
1.000032027028817883e+00
9.997000290219215657e-01
9.999169583781036819e-01
1.000188346138210393e+00
9.996266428006532756e-01
1.000110574482687031e+00
9.998962768870666151e-01
9.998992902549524997e-01
9.995236433785777974e-01
9.996564831391800965e-01
1.000064014726232298e+00
9.999968436172160802e-01
9.997005201370277039e-01
9.995422369302777721e-01
9.993958619367950824e-01
9.996396505499822727e-01
9.996288878767946029e-01
9.996790554590991862e-01
1.000061418575493022e+00
9.998750425946423270e-01
9.998452238430032279e-01
9.998961166784469112e-01
1.000084783395441601e+00
9.998704288609556734e-01
9.999848660437272718e-01
1.000078312869294939e+00
1.000270752568148014e+00
9.996606238096862329e-01
1.000015311845427579e+00
9.998068534180458711e-01
1.000155267297905715e+00
1.000317018328109819e+00
1.000320089327555895e+00
9.998252758548146213e-01
1.000240071012136633e+00
9.997284600106632890e-01
1.000408688659401468e+00
1.000705366879427016e+00
1.000006892984216744e+00
9.999934966759802535e-01
1.000306513277454457e+00
1.000158256002498414e+00
9.998222431370815677e-01
1.000209827533701912e+00
1.000685542094174263e+00
1.000212150617853402e+00
1.000038862974571341e+00
1.000423706664807177e+00
9.998752995610309391e-01
9.999253957914339130e-01
1.000217294136330537e+00
1.000127225509221507e+00
9.999055374986691724e-01
9.997450752504816185e-01
9.997004104759976695e-01
9.998965028366919583e-01
9.999012085937136751e-01
9.998726563254078936e-01
9.997891179966107433e-01
1.000151200445121846e+00
9.997360065006611896e-01
9.999280296261653378e-01
9.998056487565580852e-01
9.999201294712157795e-01
