0.000000000000000000e+00
0.000000000000000000e+00
0.000000000000000000e+00
0.000000000000000000e+00
0.000000000000000000e+00
0.000000000000000000e+00
0.000000000000000000e+00
0.000000000000000000e+00
0.000000000000000000e+00
0.000000000000000000e+00
0.000000000000000000e+00
0.000000000000000000e+00
0.000000000000000000e+00
0.000000000000000000e+00
0.000000000000000000e+00
0.000000000000000000e+00
0.000000000000000000e+00
0.000000000000000000e+00
0.000000000000000000e+00
0.000000000000000000e+00
0.000000000000000000e+00
0.000000000000000000e+00
0.000000000000000000e+00
0.000000000000000000e+00
0.000000000000000000e+00
0.000000000000000000e+00
0.000000000000000000e+00
0.000000000000000000e+00
0.000000000000000000e+00
0.000000000000000000e+00
0.000000000000000000e+00
0.000000000000000000e+00
8.592937984638294655e-03
5.054763230123018314e-01
2.859600301734672723e+00
6.453053251545539659e+00
9.319999001125852445e+00
8.968358129337834939e+00
6.855211922617570508e+00
5.354871682480205841e+00
3.945482137264028299e+00
2.859072693395680709e+00
2.007527713432519345e+00
1.654870893657735431e+00
1.585917031437175551e+00
1.313104271737074669e+00
1.097720341262963473e+00
1.140492584456477720e+00
1.113242086800686925e+00
1.185406958435857305e+00
1.357813921130711421e+00
1.315863688826325095e+00
1.458863474383868208e+00
1.473018401054680071e+00
1.505024978465877794e+00
1.541156120284136177e+00
1.710291199196117606e+00
1.607396157589301877e+00
1.617894466613849280e+00
1.637040445552587320e+00
1.476739157805416980e+00
1.450705197507815569e+00
1.440671788843550738e+00
1.363014209853225189e+00
1.341805752030372334e+00
1.286338314643599379e+00
1.204839754114575001e+00
1.216221962028027459e+00
1.164528971012134262e+00
1.158506943744464390e+00
1.106699645015849720e+00
1.180715173420937125e+00
1.115558324926370304e+00
1.173620522034498181e+00
1.123518771555459095e+00
1.141725143521987063e+00
1.179540415216660865e+00
1.190100928061407437e+00
1.176912714782368141e+00
1.212118626627337381e+00
1.232616532921175789e+00
1.195721529289600404e+00
1.160909120036430764e+00
1.122854862467739467e+00
1.147920801428822024e+00
1.118742850141815293e+00
1.078468267509260503e+00
1.092489240548704776e+00
1.091697718256209093e+00
1.023245453264816307e+00
1.038992376937703410e+00
1.029416488410885178e+00
1.033800672065489756e+00
1.042954209991561187e+00
1.036244461668035299e+00
1.048992930772937315e+00
1.002509380277346374e+00
1.098063520611402666e+00
1.087107767547197179e+00
1.066741601990046862e+00
1.080218032702847442e+00
1.065645946305982417e+00
1.060505651543478978e+00
1.059177135129238501e+00
1.041912156628460817e+00
1.093612004873184107e+00
1.079973612976272035e+00
1.072541995913256052e+00
1.087559939338450077e+00
1.059080860753738085e+00
1.038883762699983171e+00
1.023253215898224600e+00
1.028451720054226692e+00
1.023796743543671228e+00
9.962990633623773906e-01
1.038658523088425989e+00
1.030601531286294836e+00
1.050608916592946418e+00
1.032952043021419186e+00
1.031309510001161334e+00
1.008637348401083766e+00
1.027765500511488961e+00
1.037366447760761590e+00
1.022122902789188270e+00
1.011625295534676727e+00
1.010840191957861567e+00
1.013640377149591876e+00
1.000594408090941467e+00
9.751868364993339089e-01
1.000237042290816447e+00
1.010017102756630702e+00
9.771294525720969348e-01
1.038696769084224814e+00
1.001293999112437882e+00
1.007534209991046481e+00
1.001122282792079377e+00
1.003314787283747789e+00
9.736509726879920557e-01
9.743109311443390874e-01
1.016131585637880308e+00
9.952811302493934642e-01
1.001210460241477085e+00
1.001511866092195779e+00
1.007437999445907062e+00
9.785448362165405367e-01
1.008659533993838897e+00
9.947250245118621770e-01
9.789883335219264904e-01
1.004745090850114542e+00
9.986589214760495103e-01
1.017691814572163400e+00
1.009244728174463424e+00
1.013810942960992278e+00
9.838870837474518183e-01
9.951485187844721914e-01
1.013735277818027303e+00
9.561635997817322652e-01
9.958373831701142764e-01
9.928860676513526773e-01
9.835079196381470990e-01
9.799234991304366371e-01
1.002105172759620633e+00
1.008887326136284956e+00
1.002356352946330409e+00
9.930579336453024819e-01
9.764540023199657082e-01
9.934098394321220216e-01
9.812601444186767052e-01
1.004335100049662532e+00
1.010054094432139893e+00
9.770082106731309279e-01
9.821585350401370595e-01
9.415199530732781819e-01
9.793964421068039883e-01
9.777424128086729116e-01
9.694315196478638930e-01
9.715894771743215363e-01
9.939485249838618808e-01
9.795669274849759800e-01
1.016293089844893638e+00
9.784567776296063668e-01
9.857526358515162901e-01
9.707552610210420374e-01
9.835213696398006356e-01
9.980876571090343541e-01
9.960606146143262674e-01
9.914098802853679171e-01
9.971290243385034779e-01
9.718886778309001606e-01
9.792257875044004800e-01
9.799775717543064424e-01
9.888283337203429557e-01
9.881346111718871672e-01
9.832811259962458417e-01
9.751157995221433339e-01
9.931897298943761498e-01
9.856925580309011670e-01
9.792267422531760745e-01
1.000484928266713203e+00
9.983483565627835343e-01
9.981237800872554411e-01
9.846645075794798752e-01
9.787265139756949894e-01
1.024914089468042855e+00
9.967915250453948106e-01
1.008500588524905206e+00
9.917321940262345814e-01
9.916831461611426146e-01
9.869958193899560639e-01
1.002826881204821552e+00
9.687393897460094827e-01
1.010025592270631156e+00
9.902901945227767788e-01
9.883036162334780661e-01
9.892701796223949406e-01
9.941831140856964844e-01
9.823090476323073084e-01
1.003709637863338111e+00
9.980607146326387902e-01
9.860673522207992203e-01
9.854515022412877467e-01
9.927619685150590456e-01
9.908256494981513285e-01
9.877938787841618051e-01
9.930612025706359036e-01
9.823095598499439474e-01
9.810860358824204930e-01
9.808106060902871404e-01
9.984956688937468572e-01
1.012475367415837546e+00
9.973881682355791867e-01
9.909918756376346893e-01
9.910493548922622020e-01
1.005470224119850986e+00
9.924563141147587642e-01
9.998395494167394704e-01
9.944855596970955114e-01
9.800940213141033919e-01
1.008195792193389728e+00
1.001534908418927783e+00
9.892216939365280348e-01
9.846259638929284463e-01
9.999839367437334259e-01
9.938540953174850312e-01
9.965975592676697969e-01
1.001899019964261006e+00
1.006633668113766866e+00
1.015630570575724922e+00
1.004018662414906338e+00
9.905185090053522101e-01
1.010977907623439087e+00
1.006613685450854057e+00
1.003140970334983395e+00
1.005059086856999517e+00
1.002431614502762969e+00
9.939049246239778368e-01
9.908610883708981465e-01
9.898878892542226637e-01
1.001329233335526148e+00
9.818997462535500320e-01
1.003602235038212331e+00
9.899015592710145306e-01
1.007731783826800287e+00
9.970906597310416064e-01
9.965068431412507088e-01
1.003822841428610113e+00
9.865265246779280073e-01
1.008340196965590962e+00
1.005879601443283144e+00
9.971164336588864696e-01
1.010164409593311774e+00
9.973801323326391133e-01
1.007492383325763852e+00
9.992283577942610018e-01
9.876848006013936310e-01
1.005283060235618198e+00
9.970155453057938377e-01
1.007877449721039653e+00
1.001062152714906839e+00
9.917621756607087891e-01
