0.000000000000000000e+00
0.000000000000000000e+00
0.000000000000000000e+00
0.000000000000000000e+00
0.000000000000000000e+00
0.000000000000000000e+00
0.000000000000000000e+00
0.000000000000000000e+00
0.000000000000000000e+00
0.000000000000000000e+00
0.000000000000000000e+00
0.000000000000000000e+00
0.000000000000000000e+00
0.000000000000000000e+00
0.000000000000000000e+00
0.000000000000000000e+00
0.000000000000000000e+00
0.000000000000000000e+00
0.000000000000000000e+00
0.000000000000000000e+00
0.000000000000000000e+00
0.000000000000000000e+00
0.000000000000000000e+00
0.000000000000000000e+00
0.000000000000000000e+00
0.000000000000000000e+00
0.000000000000000000e+00
0.000000000000000000e+00
4.336804265100835040e-03
2.181047033264337798e-01
1.490861905203303861e+00
3.309949600808237413e+00
3.635760181674355884e+00
2.690546819834532588e+00
1.655191872506256656e+00
9.958608147730541038e-01
6.449935487046072335e-01
4.877178553868198874e-01
4.360942571494556552e-01
4.491441090450822848e-01
5.004122199987424136e-01
5.813623692989936531e-01
6.779087946858590730e-01
7.912384950151277740e-01
9.084198867328111549e-01
1.021655564841093877e+00
1.121942836949486377e+00
1.203802426859670982e+00
1.238330581596684521e+00
1.251962961459662349e+00
1.251561699489990742e+00
1.222823039576610871e+00
1.181541218465168575e+00
1.140044390039103073e+00
1.097085915665677147e+00
1.049781625578882327e+00
9.982022768551941372e-01
9.502216655201626283e-01
9.222525816269596666e-01
8.769269559179152518e-01
8.482684553901181923e-01
8.501757869666679568e-01
8.422439638713689058e-01
8.598870594365001230e-01
8.865697091829510823e-01
9.131279398315876872e-01
9.510549164200184924e-01
9.790913111933368107e-01
1.010017003729651641e+00
1.038607215129774497e+00
1.064104704667949042e+00
1.070308625313303175e+00
1.079166181362360533e+00
1.085506950903728951e+00
1.074326646471732039e+00
1.065120702808896258e+00
1.048837584825836444e+00
1.034200957883244287e+00
1.016090957716681009e+00
1.002290424951946202e+00
9.879176053961389314e-01
9.800277937776293857e-01
9.755466053283033956e-01
9.740649809308771223e-01
9.738715900986846252e-01
9.755978080773421990e-01
9.763528806183253694e-01
9.853556040622934997e-01
9.917888244521559926e-01
9.933283507870187545e-01
9.973361747499879248e-01
1.004937322683385759e+00
1.004727073125966763e+00
1.013900865975860155e+00
1.008085379430642137e+00
1.010137998402018678e+00
1.007478844093864012e+00
1.006573002535963157e+00
1.001600217474696963e+00
1.006473473313704403e+00
9.999581511207034090e-01
9.970512182549664537e-01
9.983036220507369718e-01
9.980294547912860192e-01
9.973779500764249351e-01
9.927623292552893997e-01
9.961970614318650385e-01
9.970948257928282654e-01
1.000494259580813505e+00
1.001370776366090842e+00
1.001339015985160952e+00
1.001147298507644168e+00
1.004530789968605564e+00
1.004812135304298470e+00
1.005300329338817633e+00
1.007189999541825642e+00
1.005306278254476604e+00
1.002827170356482167e+00
1.002593347589876505e+00
9.990633300777252979e-01
1.000658318743916864e+00
1.001335693366435464e+00
9.988140429974029511e-01
1.001514130869674668e+00
9.990442163660367969e-01
9.980991446618456830e-01
9.968543650713170834e-01
9.999720943122202277e-01
9.995893084576704668e-01
9.991929588029979659e-01
1.000000637372396195e+00
1.001034986665341409e+00
1.002410625239271269e+00
1.000067839342697606e+00
9.992919772906776466e-01
9.997866816013358804e-01
9.984602166450163852e-01
1.000003969527816894e+00
1.005165203585465461e+00
1.000856381947839768e+00
1.002035240024101936e+00
1.002691757259732031e+00
1.001198332913359579e+00
9.982260261996120931e-01
1.001524139388164425e+00
1.002237387667051172e+00
9.997152859347884224e-01
1.000070560107145345e+00
9.978353589703977677e-01
1.003288244630154313e+00
1.001815061824794517e+00
1.001788386210710868e+00
1.000198852584124998e+00
1.001698358390227694e+00
1.001964128225260042e+00
9.999651047768076673e-01
1.001927122873907949e+00
1.001606867410280710e+00
1.001904511431662925e+00
1.000473784687813339e+00
9.999339888493273820e-01
1.000312840084671917e+00
9.996790519307622302e-01
9.996417087199432894e-01
1.001813504640764796e+00
9.976771619936704028e-01
1.001222267610382577e+00
9.988284101883835309e-01
1.000524093970449169e+00
9.996334124075353378e-01
1.002139277334313183e+00
1.000523967096612621e+00
1.000779894693088368e+00
1.001401300784442450e+00
1.001150605686277117e+00
1.002117597691581929e+00
9.997415506502692617e-01
1.002133140626918717e+00
1.000515265902146345e+00
1.001113225912249938e+00
9.997499923512721542e-01
1.001566726827563869e+00
1.001863863046975167e+00
1.000952804088070414e+00
9.992525614913991827e-01
1.000211857533855886e+00
1.001501891594920313e+00
1.002040313064760380e+00
1.000825466111595841e+00
9.994915164753958026e-01
1.001080323039319930e+00
1.000752893405051580e+00
1.000132157142844536e+00
1.001304955670535124e+00
9.997955277107590799e-01
1.000655616237753565e+00
1.001336968680642148e+00
9.990078560827371223e-01
1.001137829480750252e+00
9.999072334003984430e-01
1.001846364982698301e+00
9.990257127022652561e-01
1.000521519869911335e+00
1.000564624906611355e+00
1.000908882661718957e+00
1.000947822939291409e+00
9.991273503865495398e-01
9.999877981230612667e-01
1.000319602505632011e+00
9.989082534493960441e-01
1.003000891725312593e+00
1.000634123916571694e+00
1.000450917579954968e+00
1.000691863592862552e+00
1.001262275252862599e+00
1.000155639217648273e+00
1.000219514378403174e+00
1.001007418472126709e+00
1.001506373878470191e+00
1.001192539740483056e+00
1.001347837252935413e+00
1.000715283767644292e+00
1.000760212106467151e+00
1.001775694981430487e+00
1.001710420728253892e+00
9.989506093522499963e-01
1.000053167759124229e+00
9.996523450710493863e-01
9.990630436932010916e-01
1.000510855629586970e+00
9.998638646653790207e-01
9.986787255518112527e-01
1.000538464253091897e+00
1.001173560397648155e+00
1.000764311053045974e+00
1.000018748211359387e+00
9.998939187790175653e-01
1.000718130432839859e+00
1.000418660230032009e+00
1.000686845381018708e+00
9.994076218006473500e-01
1.001695436072906453e+00
9.989710081769379579e-01
9.992674139339174921e-01
1.000247987024944551e+00
9.994657768623307348e-01
1.000816713687660675e+00
1.000306021416317970e+00
1.000903380966500000e+00
9.993824158851523087e-01
1.000732883073170765e+00
9.992481128447363581e-01
9.997101929004031939e-01
1.000049408150549990e+00
1.001460092083605202e+00
9.999966163541235131e-01
1.000218795697725982e+00
1.001051191815029329e+00
1.000709468234592281e+00
1.000369120730665307e+00
1.000815582702968110e+00
1.000627147756356194e+00
1.000365614183601481e+00
9.995736204184282325e-01
9.997294508676911606e-01
1.000181489075665509e+00
1.000107239811865334e+00
1.001311686128809386e+00
1.000362875629067227e+00
1.000727872375172689e+00
9.995364279924883188e-01
1.001096661120498110e+00
9.997890083939554584e-01
9.997275549163180397e-01
1.000202056456195532e+00
9.996418613981317147e-01
9.989183025633172619e-01
9.993573525914110078e-01
1.001077273821202596e+00
1.000672083744683194e+00
