0.000000000000000000e+00
0.000000000000000000e+00
0.000000000000000000e+00
0.000000000000000000e+00
0.000000000000000000e+00
0.000000000000000000e+00
0.000000000000000000e+00
0.000000000000000000e+00
0.000000000000000000e+00
0.000000000000000000e+00
0.000000000000000000e+00
0.000000000000000000e+00
0.000000000000000000e+00
0.000000000000000000e+00
0.000000000000000000e+00
0.000000000000000000e+00
0.000000000000000000e+00
0.000000000000000000e+00
0.000000000000000000e+00
0.000000000000000000e+00
0.000000000000000000e+00
0.000000000000000000e+00
0.000000000000000000e+00
0.000000000000000000e+00
0.000000000000000000e+00
0.000000000000000000e+00
0.000000000000000000e+00
0.000000000000000000e+00
4.847986630570806817e-03
2.200535813840172328e-01
1.490358233137686783e+00
3.304930691383729968e+00
3.614432837684807609e+00
2.693449221323100495e+00
1.649254470012593732e+00
9.901067275149674218e-01
6.418245306110217374e-01
4.836592068812655132e-01
4.318748157007077926e-01
4.524221317466101122e-01
4.945481773292977890e-01
5.816712758085180734e-01
6.776772809332102243e-01
7.991517831215750878e-01
9.114904704692566861e-01
1.033873916194879783e+00
1.125215608340270679e+00
1.192689140294090011e+00
1.238314084477943666e+00
1.254429780996270116e+00
1.245765496292415619e+00
1.220848396342939735e+00
1.183687743347624943e+00
1.142618772585749509e+00
1.091932356908567048e+00
1.050382009043920650e+00
9.966100402335036357e-01
9.528567403701003746e-01
9.092703923846013891e-01
8.759432544920290331e-01
8.509071560707830439e-01
8.384104566478228771e-01
8.387725711019938801e-01
8.620844253847963490e-01
8.860097969945702756e-01
9.178713076393681947e-01
9.457802765308734871e-01
9.820258352098385490e-01
1.012949020463699945e+00
1.037141570707480032e+00
1.055401797151420462e+00
1.076142191583119967e+00
1.081921651003800555e+00
1.081672626142924587e+00
1.071882759809875241e+00
1.062672217753408255e+00
1.051101694845135048e+00
1.036098888609037205e+00
1.020983099784533943e+00
1.008026752382765290e+00
9.905141967979161910e-01
9.825081314496209028e-01
9.748587201276800451e-01
9.765014159157753282e-01
9.748909117065491792e-01
9.722545652832395024e-01
9.738723156515315393e-01
9.818277015811067709e-01
9.851385133254667581e-01
9.920418959302420570e-01
9.976724428814572887e-01
1.007227933442368384e+00
1.004230497837720559e+00
1.006488434765553386e+00
1.006843481598422185e+00
1.010799245035456595e+00
1.008784474745651139e+00
1.008353045309896334e+00
1.008538628186992581e+00
1.008408407518655459e+00
9.999735939300719023e-01
9.971260337746810087e-01
9.978326619317555712e-01
9.970063485791191837e-01
9.944268163867268084e-01
9.958027910991623655e-01
9.979497555004978038e-01
9.958559324881747221e-01
9.979161547147180622e-01
9.973670810502104356e-01
9.980323538759110491e-01
1.004078556198182426e+00
1.004875957849369783e+00
1.006635082245931345e+00
1.001786213778900869e+00
1.005663834921103783e+00
1.005550244577715802e+00
1.004318986569248562e+00
1.002894381961442205e+00
1.002363595204246671e+00
9.983576751647831315e-01
9.989189278721440912e-01
9.986548281270170024e-01
9.964336695182443027e-01
9.978668377533910228e-01
9.988779430102203705e-01
9.959295886278833887e-01
1.000011578812219026e+00
9.981851476926740796e-01
1.001718995976535354e+00
9.981195751251044079e-01
9.987253867859843259e-01
9.977305891394862014e-01
1.000468031439400773e+00
1.001868295536954001e+00
1.001684671696570161e+00
9.996367703691371176e-01
1.000085711988083492e+00
1.001748734599192892e+00
1.000677520028654843e+00
1.000263898583078959e+00
1.001619134329638339e+00
1.003366682346002348e+00
1.000485221545834191e+00
1.000588974103505446e+00
1.000162616921455028e+00
9.977810628433130269e-01
9.997676919048809063e-01
1.001965784358550104e+00
1.000135637443681169e+00
9.982837999854862199e-01
1.001707133835708419e+00
9.999730171350917907e-01
1.001149356072750241e+00
1.001173034746058566e+00
9.996440665511683310e-01
9.976440828776014236e-01
1.001446369067380493e+00
9.988889775748247546e-01
1.000625138612222464e+00
1.000459185484569691e+00
9.988299009518143423e-01
1.003157021981095021e+00
9.998681428888610556e-01
9.997145840960856011e-01
9.979948915381710028e-01
9.989568267600423823e-01
9.983781987512903022e-01
1.000937511296699833e+00
9.999907569212289626e-01
1.002311328857374173e+00
9.988975980314082070e-01
1.000535784794780891e+00
1.001608610375603448e+00
9.982960380993988192e-01
9.996734479580539068e-01
9.999003906233020489e-01
1.000049564668363367e+00
1.001133150105969483e+00
1.001648107094583073e+00
1.000917094030047361e+00
1.000963068148015944e+00
1.000477458117997598e+00
9.992325978172361678e-01
1.000795795964980917e+00
1.000230131965436309e+00
9.995081814514880092e-01
1.001968481640514552e+00
1.002767614462781065e+00
9.993429323809766007e-01
9.979017520064734637e-01
9.981283089760318861e-01
9.997192851669605140e-01
1.001018211333522645e+00
1.000717763543217398e+00
9.991855761678565262e-01
9.991357170557690903e-01
9.996467226927396865e-01
9.998032111500131380e-01
9.997459361423846058e-01
9.999298267680853947e-01
9.997228829069109146e-01
1.001614419090366637e+00
9.997408388598173490e-01
9.998651853583392368e-01
1.000149839030759491e+00
1.001324105434596712e+00
1.001853579213876744e+00
1.000668569164012700e+00
1.000115962851372275e+00
9.989954024572195168e-01
1.000568424498716080e+00
9.993181824192201024e-01
1.001031290386156236e+00
9.995570919050604797e-01
9.994462128761905095e-01
9.990992720411437933e-01
1.001262970526012097e+00
1.001477588414488640e+00
9.999267939985113651e-01
9.998822362979886691e-01
1.001260304397942447e+00
9.995947764250342482e-01
9.995637271606265806e-01
1.000342389091155137e+00
1.001767419855873253e+00
1.000330894143928617e+00
1.000501994217766644e+00
1.001313800064013160e+00
1.000012195059398756e+00
9.992767163740328140e-01
1.000277895450318644e+00
9.992095635664204334e-01
9.992807718962196661e-01
1.001882798525564500e+00
9.995753299853820106e-01
9.994885172971202936e-01
9.994875147871074006e-01
9.995825666040947244e-01
9.990124323826432562e-01
1.000770861289499880e+00
1.000153789156977391e+00
9.999484871077269910e-01
9.993506519345576322e-01
1.000534167708040156e+00
1.000773187577857160e+00
1.000068023827654917e+00
1.000920390345819033e+00
9.997094085759639093e-01
1.000503420859441883e+00
1.000491214098457871e+00
9.984827259285383727e-01
1.001079993032622184e+00
9.995812555864409532e-01
1.001677168451453825e+00
1.001788127809888795e+00
1.000723312426263778e+00
1.001082117272925398e+00
1.000074116025308602e+00
9.991719318960570195e-01
9.997397605937264897e-01
1.000308494984728069e+00
1.000254800023859358e+00
1.000531931444959444e+00
9.995787545155916387e-01
9.996071566732340763e-01
1.000126463030489354e+00
9.990731241946887442e-01
9.994648034568753836e-01
9.995366470483801891e-01
9.984900721680499691e-01
1.000903356273782574e+00
9.987815875553281986e-01
9.990376183570680579e-01
1.000719681204453870e+00
1.000285423856452915e+00
1.000581700938809382e+00
9.993226572090266879e-01
9.992311572996632751e-01
1.000896771675851005e+00
