0.000000000000000000e+00
0.000000000000000000e+00
0.000000000000000000e+00
0.000000000000000000e+00
0.000000000000000000e+00
0.000000000000000000e+00
0.000000000000000000e+00
0.000000000000000000e+00
0.000000000000000000e+00
0.000000000000000000e+00
0.000000000000000000e+00
0.000000000000000000e+00
0.000000000000000000e+00
0.000000000000000000e+00
0.000000000000000000e+00
0.000000000000000000e+00
0.000000000000000000e+00
0.000000000000000000e+00
0.000000000000000000e+00
0.000000000000000000e+00
0.000000000000000000e+00
0.000000000000000000e+00
0.000000000000000000e+00
0.000000000000000000e+00
0.000000000000000000e+00
0.000000000000000000e+00
0.000000000000000000e+00
0.000000000000000000e+00
0.000000000000000000e+00
0.000000000000000000e+00
0.000000000000000000e+00
0.000000000000000000e+00
3.243738622836796052e-04
2.778218296153998901e-02
4.214240511511333498e-01
1.874816066385316393e+00
3.780517716482763468e+00
4.598810624737015296e+00
4.210696887477911154e+00
3.272896652376687587e+00
2.369632206885038173e+00
1.658989370524961204e+00
1.180263419137841385e+00
8.886970754066968459e-01
7.166690233273591559e-01
6.221267674834762840e-01
5.893189027372877087e-01
6.119960557534714907e-01
6.658236159467720849e-01
7.383386292159498376e-01
8.316498972267012402e-01
8.981078585018440474e-01
9.882850547994913581e-01
1.044819731788502404e+00
1.048128137400562432e+00
1.085116568252725955e+00
1.071089165668652310e+00
1.079550256748009973e+00
1.025437748320580766e+00
1.002776980848046229e+00
1.006410273538119959e+00
9.871746334784836652e-01
9.663643193471760373e-01
9.274155211344248251e-01
9.440978320375736921e-01
9.163695431688486659e-01
9.186925231683295001e-01
9.233343162532865467e-01
9.059198115629722992e-01
9.435263388408966501e-01
9.445942206923703122e-01
9.682227526445205124e-01
9.772901273066210148e-01
1.005297784771710168e+00
1.014976529494631130e+00
1.032929897924729001e+00
1.051067534057410491e+00
1.036326767308697105e+00
1.055520075127375002e+00
1.045722773290981733e+00
1.046341231889251322e+00
1.029591499974251922e+00
1.015556547562385115e+00
9.954567207798236117e-01
9.836002966257102464e-01
9.729603982891305014e-01
9.621804031532915635e-01
9.564695949932169317e-01
9.512509721956743380e-01
9.654028225451642964e-01
9.526786538930845927e-01
9.464978372419823316e-01
9.660296538433690294e-01
9.774197167693876587e-01
9.603731649625507627e-01
9.814296525587445919e-01
9.865832356612186382e-01
9.880039424550174365e-01
9.908237273250988242e-01
9.943002043425165359e-01
9.915060516955302994e-01
9.980407873124533813e-01
1.006318106096876441e+00
9.917323820124525069e-01
1.001678249381138475e+00
1.005775594706644682e+00
9.984260274052711992e-01
9.847405128267502361e-01
9.865518697740945919e-01
9.966204536709291073e-01
9.907585599815729172e-01
9.862134905695615350e-01
9.894968839650479797e-01
9.942142475746647001e-01
9.945916957680194237e-01
9.913652803119238355e-01
9.988573949041704703e-01
9.997970473069980324e-01
1.001807302579164727e+00
9.917333369472195459e-01
9.968861552943996118e-01
9.967453308633298370e-01
9.939873738027317218e-01
9.943103451160935080e-01
9.933452274512601932e-01
9.965266942924503324e-01
9.955225321295312346e-01
1.002521003575833847e+00
9.951127360369852459e-01
9.987846908231069465e-01
1.003072695137310788e+00
9.893015942068684732e-01
9.997191904163994502e-01
9.957761651012807524e-01
9.877860933870600268e-01
9.880220080053837561e-01
9.951331710846523793e-01
9.962248305308067930e-01
9.923941358435413029e-01
1.000068169959978936e+00
1.006747009261339088e+00
9.883236273596168742e-01
1.002191206807160562e+00
9.971243442850955541e-01
9.999616662400453437e-01
9.907309031088544771e-01
1.003833565295655372e+00
9.965681728925335214e-01
9.934155584882053969e-01
9.957155753568938117e-01
9.956431795040345811e-01
9.989493674752492058e-01
9.967057736403438506e-01
9.964570205689009530e-01
9.965187485941097156e-01
9.924012064320162363e-01
9.967991041159735000e-01
9.980358828392599246e-01
9.991894707025565925e-01
9.959392592650738729e-01
9.974541008761272920e-01
9.957548086396549314e-01
9.980442102527584680e-01
9.928459178106815441e-01
9.908148123160381848e-01
9.947398251749760556e-01
9.973869491627285200e-01
9.972743808541967292e-01
1.003466276689195302e+00
9.933783169980153760e-01
9.907415507997057169e-01
9.968941321015106771e-01
9.963894168269689100e-01
1.001305166569347760e+00
9.962645616935459358e-01
9.975589962009943079e-01
9.950095320654585018e-01
9.938569729662003471e-01
9.981952584860366295e-01
9.958990408680328255e-01
9.998814498111556759e-01
9.933040532677595014e-01
9.892794397791422334e-01
9.948588581967723332e-01
1.001648613310047509e+00
9.989041886653687863e-01
1.000544646255809189e+00
1.000290294429882376e+00
9.986831704428836831e-01
1.001786870983160993e+00
9.932137426322119600e-01
1.000041161898582720e+00
9.970199739103310366e-01
9.929186526756864639e-01
9.998173404985833956e-01
9.991988424416532455e-01
9.993575257187359284e-01
9.961764080391852794e-01
9.957999565595068159e-01
9.983166945012751370e-01
9.990546801739170757e-01
9.933236044156720235e-01
9.973329200662269800e-01
9.932229361687178182e-01
9.920540751401173418e-01
1.000930051989112668e+00
9.932681483107690390e-01
9.981456156213176500e-01
9.973666707617422356e-01
9.958856868337366830e-01
9.973107932111068274e-01
9.985419255369600844e-01
9.991139015583067051e-01
9.954969692632931189e-01
9.949051090815731468e-01
9.995862761589972001e-01
9.949351402815380663e-01
9.942746029819715670e-01
9.951346837291012992e-01
9.962507711043059322e-01
9.995115591336812821e-01
9.996419660255229100e-01
9.971826256358100604e-01
9.932318117434316695e-01
9.930644384156337434e-01
9.961627499682634834e-01
9.959484866641143963e-01
9.953817094633586882e-01
9.947735571722580161e-01
9.958166040430944665e-01
9.961398778404220167e-01
9.934921552448509052e-01
9.935469790514872557e-01
9.921566887907076193e-01
9.915951178627661067e-01
9.905871661435345921e-01
9.993257685060562556e-01
9.939897300296349769e-01
9.912137549086105226e-01
9.944946577525581866e-01
9.990493550897916464e-01
9.924906869692627920e-01
9.984634890499806126e-01
9.976764531657993373e-01
9.974878931640744906e-01
9.994694521569312817e-01
9.922112182867410812e-01
9.963254197103247334e-01
9.975115432569735541e-01
9.940835818046859229e-01
9.984214161587365854e-01
9.960500498117207391e-01
9.942867791284863976e-01
9.923229927519172655e-01
9.974534443351014135e-01
9.950252076363487186e-01
9.946407737280836825e-01
9.907131276521782270e-01
9.932055225133205045e-01
9.933302433709688684e-01
9.966856261025018870e-01
9.951053107935629027e-01
1.000989018789179674e+00
9.953600556888662076e-01
9.904878173566696864e-01
1.000651640190861835e+00
9.957565605073293025e-01
9.938993805970764983e-01
9.972466065826596227e-01
9.984175064040271552e-01
9.950998248542075597e-01
9.980420415037880577e-01
9.978180983624280742e-01
9.938512126237731836e-01
1.003062030043200936e+00
9.967821572229407234e-01
9.955684583824332412e-01
9.982842251834992409e-01
9.974939986618899246e-01
9.977948113787050710e-01
