0.000000000000000000e+00
0.000000000000000000e+00
0.000000000000000000e+00
0.000000000000000000e+00
0.000000000000000000e+00
0.000000000000000000e+00
0.000000000000000000e+00
0.000000000000000000e+00
0.000000000000000000e+00
0.000000000000000000e+00
0.000000000000000000e+00
0.000000000000000000e+00
0.000000000000000000e+00
0.000000000000000000e+00
0.000000000000000000e+00
0.000000000000000000e+00
0.000000000000000000e+00
0.000000000000000000e+00
0.000000000000000000e+00
0.000000000000000000e+00
0.000000000000000000e+00
0.000000000000000000e+00
0.000000000000000000e+00
0.000000000000000000e+00
0.000000000000000000e+00
0.000000000000000000e+00
0.000000000000000000e+00
0.000000000000000000e+00
0.000000000000000000e+00
0.000000000000000000e+00
1.856763777590969414e-04
4.351887557319774127e-03
4.998530350148437662e-02
2.333823762212983710e-01
5.507296033004202007e-01
8.981979780130581181e-01
1.167395002254706382e+00
1.318546740583619981e+00
1.398747000723781442e+00
1.431745855094647135e+00
1.400180848252329691e+00
1.384501618443701565e+00
1.350592394410223607e+00
1.307530424735075414e+00
1.268298111519068128e+00
1.224455304371633524e+00
1.183942376622385995e+00
1.171009418522319656e+00
1.151296102191494031e+00
1.161460057412372349e+00
1.164279694164271906e+00
1.155412520726875059e+00
1.149565881736995365e+00
1.108201319609841695e+00
1.064398902967872651e+00
1.025435433097198423e+00
9.981528623107646103e-01
9.923677830919190868e-01
9.858868112324743471e-01
9.714054358735686456e-01
9.734433187785225261e-01
9.688684754218356288e-01
9.687288581449200464e-01
9.705163975967057155e-01
9.804891626787227699e-01
9.791515462317781360e-01
9.740390247805510437e-01
9.789579072664602588e-01
9.838514085299502332e-01
9.828029931743329506e-01
9.894575998371084591e-01
9.980949607256328626e-01
9.985869173133943288e-01
1.003233921138419582e+00
1.009783828246880066e+00
1.013354157048673487e+00
1.018391226445217290e+00
1.021174088792524026e+00
1.022850146936346682e+00
1.016065737595557739e+00
1.015200566218408040e+00
1.015129239615317758e+00
1.012597327556479021e+00
1.009457094038103797e+00
9.958912199384635233e-01
9.920768560610584430e-01
9.920117146632453364e-01
9.798980634707532555e-01
9.807055874003782758e-01
9.795864542867800395e-01
9.735175358599291728e-01
9.737988443248064563e-01
9.726695567228544892e-01
9.787883917661530653e-01
9.734899818260536186e-01
9.824975420104952173e-01
9.852916708859230654e-01
9.886493827607565343e-01
9.902440053163040767e-01
9.975888654714819559e-01
9.958214087596930497e-01
1.000569396490622154e+00
9.976214440218775792e-01
1.000131084455199826e+00
1.001128587407674519e+00
1.004893718541370662e+00
9.992697160894635777e-01
1.002150470817984473e+00
9.995319933733142204e-01
1.003295764595026229e+00
1.000493019553828189e+00
9.967582474916795165e-01
1.000481543711455146e+00
9.983725418188268419e-01
9.968650265006548938e-01
9.967705058376331584e-01
9.975462718682479579e-01
9.944603918961313349e-01
9.979297314578977618e-01
9.925758539715204831e-01
9.961323194738427311e-01
9.921671979567601163e-01
9.945562792013381559e-01
9.950204875899384405e-01
9.943756720897560797e-01
9.920091070427592417e-01
9.953391955474372166e-01
9.920179451965530637e-01
9.923615074205190956e-01
9.922980819719559031e-01
9.955653365970282831e-01
9.926784242467028285e-01
9.977412622799811670e-01
9.981315411544465777e-01
9.975023629263187752e-01
9.978304285374872684e-01
9.959465907665606688e-01
9.972400908466726444e-01
9.981463861828460127e-01
9.961400155810501422e-01
9.979863948148320896e-01
9.983468882504995534e-01
9.956216421172769948e-01
1.001372788611982090e+00
1.000298480028423587e+00
9.987918217029239099e-01
9.975039141776235185e-01
9.999065835807194880e-01
9.986711110454375984e-01
9.982498846439196161e-01
9.988701762063960654e-01
9.941038570773156335e-01
9.987871329694875122e-01
9.981642928162183237e-01
9.973315208273645371e-01
9.974019628021625339e-01
9.961408141179753928e-01
9.990046842151847351e-01
9.951162542062258476e-01
9.954676391704905258e-01
9.984376646894536078e-01
9.984344575449423109e-01
9.986108322777810242e-01
9.993673175740001025e-01
9.961866343613695607e-01
9.960599316135203551e-01
9.956816154950506315e-01
9.974742163485315061e-01
9.962136184276660922e-01
9.949032234591975721e-01
9.993861940367757546e-01
9.981941846086759274e-01
9.978004456904580044e-01
9.991838312749528050e-01
9.973443067848568599e-01
9.978166762333700035e-01
9.990313098038171580e-01
9.994407244994880646e-01
9.982277385552942306e-01
9.977570494128964462e-01
9.990257928275927402e-01
9.989108731010059028e-01
9.998933199091633028e-01
9.960959477160877817e-01
9.958538509906307290e-01
9.968626000228082429e-01
9.993916714513962907e-01
9.986901455381983483e-01
9.943221453967329149e-01
9.981135422868180340e-01
9.987132528944751009e-01
9.959283521311865783e-01
9.970412365956264900e-01
9.980164636182453641e-01
9.982066475264493866e-01
9.977607094345583016e-01
9.966994851379601394e-01
9.973519073480370256e-01
9.984842442115624550e-01
9.984790240066526712e-01
9.977424412381287189e-01
9.972789999465869748e-01
9.960584911708075806e-01
9.956994443879962908e-01
9.982448494333632238e-01
9.987752544205688032e-01
9.970772945191425096e-01
9.968313016759983158e-01
9.988422004693038314e-01
9.988224937960969996e-01
1.000434403516835324e+00
9.952210660791823704e-01
9.987870527905311491e-01
9.969991117254453084e-01
9.991368751366682677e-01
9.983862718692984028e-01
9.987259899975178268e-01
9.995455213792492355e-01
9.987970479358035947e-01
9.986421430663915411e-01
9.970811077029171354e-01
9.990658915543739749e-01
1.000480480055205623e+00
9.999635779400640745e-01
9.993167698697739132e-01
9.981427142106183981e-01
9.968785568617620774e-01
9.989912134604261862e-01
9.986456090138617903e-01
9.988004798724428035e-01
9.978432422023463255e-01
9.988389314826261467e-01
9.984544463269509063e-01
9.979416778442073976e-01
9.978369165346041569e-01
9.987174802540460528e-01
9.963438109912816643e-01
9.993359324519692777e-01
9.980784642872266854e-01
9.981241411220430626e-01
9.972794100332085243e-01
9.970600927733147545e-01
9.977289123186277031e-01
9.972470235085068024e-01
9.982807394650367039e-01
9.966583125641860219e-01
9.968430680034020552e-01
9.963831897809521942e-01
9.972905459294785224e-01
9.988460322310589445e-01
9.961065053450498530e-01
9.980661536863389971e-01
9.981690514276436721e-01
9.974319528700390514e-01
9.980579773370752417e-01
9.964729446752735864e-01
9.995994764299219737e-01
9.979676799301149259e-01
9.979304680703666719e-01
9.958308465226107797e-01
1.000147893901372154e+00
9.966172922303687676e-01
9.972151451248789655e-01
9.969691514681151556e-01
9.970259336918856352e-01
9.980427855038613849e-01
9.967008674269581814e-01
9.977691609955552376e-01
1.000229985175571823e+00
9.984393822059612900e-01
9.985199876523180862e-01
9.972795161485743520e-01
9.971632238089982447e-01
9.980573003020348777e-01
9.977908703716581451e-01
9.975452445114468825e-01
9.987517369460849892e-01
9.973016289289132752e-01
1.000247354130240574e+00
9.974153687411870806e-01
9.982186133971874265e-01
9.973852389623075743e-01
9.978604164767012064e-01
9.974902296937599999e-01
9.981875888193243451e-01
9.983011268833479335e-01
9.967163979647158945e-01
9.988599400988827925e-01
9.977765672286433851e-01
9.993211266406680782e-01
9.987520466309196543e-01
9.992426493655887088e-01
9.983955479032683433e-01
1.000026681658972905e+00
9.987711814975719360e-01
9.983511558106746842e-01
9.989973923148857127e-01
9.989084687251891248e-01
9.983640467977237254e-01
9.971684703964911467e-01
9.988093284397496774e-01
9.999023033516180048e-01
9.987081940171123051e-01
1.001804464669961092e+00
9.987005177084453678e-01
1.000190373999289006e+00
9.988537784155078203e-01
9.992342852488368399e-01
9.985313168070693024e-01
9.998314689886008688e-01
9.990605755411716693e-01
9.982451325204789727e-01
1.001186154088809843e+00
9.981503894006895639e-01
1.001007370340397218e+00
9.993348846609170222e-01
1.000031744562821068e+00
1.000234486314067084e+00
9.992729258807242498e-01
9.997274969815679313e-01
1.000353141426058023e+00
9.997489503691319168e-01
9.995825470920097766e-01
9.994766710704600099e-01
1.001246749758087029e+00
9.987383020672500056e-01
9.991088232185975082e-01
9.996279936825821499e-01
9.999563903546898613e-01
9.993162471694658766e-01
1.001609112657700695e+00
9.977828275747221420e-01
9.987790830558122002e-01
1.000307174673068733e+00
9.980857145885780879e-01
9.981743928923887399e-01
9.994068542903630226e-01
9.994248261804317135e-01
9.987879419523187918e-01
9.991403432633073622e-01
9.960510396030995972e-01
9.901531238703321636e-01
9.809942311729198394e-01
9.720119176544026462e-01
9.631948423318643648e-01
9.556534119308794928e-01
9.466261306036589662e-01
9.369138407389068224e-01
9.295468727628083405e-01
9.209434823506116308e-01
9.130177869936556556e-01
9.063635725974381607e-01
8.984034993760861010e-01
8.880043804410837627e-01
8.808380008273392070e-01
8.717935402084679986e-01
8.644032339734418757e-01
8.560375348918025651e-01
8.494316624726072629e-01
8.408240333248735432e-01
8.331768533353389738e-01
8.237661518632743984e-01
8.183918877541510595e-01
8.093034520650622676e-01
8.019054045570425115e-01
7.943286872782435726e-01
7.858023689454942673e-01
7.781303508403291103e-01
7.709565007386210977e-01
7.638302503778693353e-01
7.555921575469382034e-01
7.475442241874783456e-01
7.412627247556446974e-01
7.338225384857729461e-01
7.266395876437966583e-01
7.192384166576885063e-01
7.128881267618165651e-01
7.051439821481183534e-01
6.977622072638008932e-01
6.908285590709576374e-01
6.841207286117237940e-01
6.763370108537845038e-01
6.700121382405407333e-01
6.640223159291290811e-01
6.558749938531230894e-01
6.488392268807500196e-01
6.414989038136477140e-01
6.353921247065085209e-01
6.281043507163833750e-01
6.222071654977410216e-01
6.148920757249942692e-01
6.086289013891278410e-01
6.014758752529111296e-01
5.949390817303867873e-01
5.886050465918116759e-01
5.820873750760473531e-01
5.751975312322070710e-01
5.692973715211157026e-01
5.631974787597214815e-01
5.563407823311647959e-01
5.493699187383961346e-01
5.435177334557046436e-01
5.370806501944923594e-01
5.307069895750075039e-01
5.243305920251987162e-01
5.187536440693655271e-01
5.123080139486495543e-01
5.064380687001057701e-01
4.997681377254074020e-01
4.935418165534064538e-01
4.879336269580692442e-01
4.825583598420623566e-01
4.754359167459091817e-01
4.693098116275527532e-01
4.640800928288996707e-01
4.575904630559658459e-01
4.529707235346634442e-01
4.458750651495025918e-01
4.407754278459681818e-01
4.346120550892074719e-01
4.292502580321651551e-01
4.235564907951164804e-01
4.173972610120760263e-01
4.121537428206339393e-01
4.064992858409446352e-01
4.000998724939803797e-01
3.952275558461229577e-01
3.894143355413741125e-01
3.833010381966951985e-01
3.782351723120760956e-01
3.728045594624041503e-01
3.669671132948902348e-01
3.614270965933698565e-01
3.558888864314968536e-01
3.503437890746043948e-01
3.447343910750301776e-01
3.398151532946443454e-01
3.345690248789626731e-01
3.291222066523832313e-01
3.239587250655039385e-01
3.187363087055935518e-01
3.128488668889588542e-01
3.076082864236431846e-01
3.027677127293771364e-01
2.976093718012684519e-01
2.925598101583271049e-01
2.872942418343070736e-01
2.825032025089497245e-01
2.765660454256987921e-01
2.722770345664081715e-01
2.671923332961674835e-01
2.617341755889080468e-01
2.564318394116742450e-01
2.513937348312314524e-01
2.467319316410422347e-01
2.419204383386958646e-01
2.367693209169388913e-01
2.323502819311735468e-01
2.272170091137713233e-01
2.222510741457835171e-01
2.178034306740865012e-01
2.128739420837695295e-01
2.082043898780164548e-01
2.035594413574695893e-01
1.985105799734095955e-01
1.940627970479626707e-01
1.892237117689633541e-01
1.846175880832797989e-01
1.800639778201977015e-01
1.753293297719065447e-01
1.706415876484690120e-01
1.658904642769024051e-01
1.614794890052704823e-01
1.570379969454198665e-01
1.525618877705207932e-01
1.475696309434257059e-01
1.435759920684727686e-01
1.391806176637725434e-01
1.344037335792478693e-01
1.301575526811616923e-01
1.255828989910727500e-01
1.212696035956187801e-01
1.173386980571473198e-01
1.133072199900114901e-01
1.096035702681918689e-01
1.066918527628035046e-01
1.031895699936230815e-01
1.001545995823595742e-01
9.707120233354252226e-02
9.437188091039858118e-02
9.154727340291642090e-02
8.846001296005077952e-02
8.604274562363364853e-02
8.316082889024983826e-02
8.044183855086685375e-02
7.838129866790319311e-02
7.587863990715722207e-02
7.357155923680014364e-02
7.141165528985238264e-02
6.921697630525494582e-02
6.709924330608568743e-02
6.485886435187603050e-02
6.297371806629727120e-02
6.100376565852580479e-02
5.919823421951187631e-02
5.730059012056008816e-02
5.559387184852782743e-02
5.363790683206174498e-02
5.195319383455967305e-02
5.032165082875758588e-02
4.879306754526512024e-02
4.722520291590107805e-02
4.568716808644262412e-02
4.391071055119177141e-02
4.244114265100942113e-02
4.112282746849987153e-02
3.970409926074058155e-02
3.840567306698765282e-02
3.713837650059682860e-02
3.567337607820041112e-02
3.449692101955575962e-02
3.329534313020169473e-02
3.220689291987566955e-02
3.095968355315182469e-02
2.970792834217255915e-02
2.865041696555655978e-02
2.755044979042355416e-02
2.669244360498826407e-02
2.543316885025015406e-02
2.462434739482095847e-02
2.353499969029416994e-02
2.258126557240930712e-02
2.168711670775557571e-02
2.080557603178678078e-02
1.990467634326173463e-02
1.901738252870947138e-02
1.825618842032239453e-02
1.742239475954210012e-02
1.674338798394185354e-02
1.593081054549628714e-02
1.525066342800891935e-02
1.455637921165222302e-02
1.388862701254900238e-02
1.325414571742420354e-02
1.259606659876253212e-02
1.183397163800545791e-02
1.130100627508298476e-02
1.076359232236588637e-02
1.017681223698376630e-02
9.668027167359781460e-03
9.195168888303443047e-03
8.572329166603059533e-03
8.072204975023368825e-03
7.584093500100439443e-03
7.138774365878756620e-03
6.705379889065586803e-03
6.257388546306287547e-03
5.854249195655079549e-03
5.508410913727308268e-03
5.090694167393956977e-03
4.768478733457179146e-03
4.424051806958377749e-03
4.054016566793204081e-03
3.697458032074363819e-03
3.426337333382987668e-03
3.153148314170625861e-03
2.879712143480506973e-03
2.627312478436464194e-03
2.359031378935105231e-03
2.150493484165359563e-03
1.909788263912556893e-03
1.707775196672031877e-03
1.524904390838540237e-03
1.335594563470319076e-03
1.158583360091097920e-03
1.012696121530641449e-03
8.922416228215840177e-04
7.662265466573720983e-04
6.195698403606947043e-04
5.135276360161254586e-04
4.148758059242428024e-04
3.242211792798740120e-04
2.550592020908846883e-04
1.885675778234592451e-04
1.291021916386416672e-04
8.986154058114722773e-05
4.687009949515457752e-05
2.852687807028709489e-05
7.980354442996953949e-06
9.941628024981495024e-07
0.000000000000000000e+00
0.000000000000000000e+00
0.000000000000000000e+00
0.000000000000000000e+00
0.000000000000000000e+00
0.000000000000000000e+00
0.000000000000000000e+00
0.000000000000000000e+00
0.000000000000000000e+00
0.000000000000000000e+00
0.000000000000000000e+00
0.000000000000000000e+00
0.000000000000000000e+00
0.000000000000000000e+00
0.000000000000000000e+00
0.000000000000000000e+00
0.000000000000000000e+00
0.000000000000000000e+00
0.000000000000000000e+00
0.000000000000000000e+00
0.000000000000000000e+00
0.000000000000000000e+00
0.000000000000000000e+00
0.000000000000000000e+00
0.000000000000000000e+00
0.000000000000000000e+00
0.000000000000000000e+00
0.000000000000000000e+00
0.000000000000000000e+00
0.000000000000000000e+00
0.000000000000000000e+00
0.000000000000000000e+00
0.000000000000000000e+00
0.000000000000000000e+00
0.000000000000000000e+00
0.000000000000000000e+00
0.000000000000000000e+00
0.000000000000000000e+00
0.000000000000000000e+00
0.000000000000000000e+00
0.000000000000000000e+00
0.000000000000000000e+00
0.000000000000000000e+00
0.000000000000000000e+00
0.000000000000000000e+00
0.000000000000000000e+00
0.000000000000000000e+00
0.000000000000000000e+00
0.000000000000000000e+00
0.000000000000000000e+00
0.000000000000000000e+00
0.000000000000000000e+00
0.000000000000000000e+00
0.000000000000000000e+00
0.000000000000000000e+00
0.000000000000000000e+00
0.000000000000000000e+00
0.000000000000000000e+00
0.000000000000000000e+00
0.000000000000000000e+00
