0.000000000000000000e+00
0.000000000000000000e+00
0.000000000000000000e+00
0.000000000000000000e+00
0.000000000000000000e+00
0.000000000000000000e+00
0.000000000000000000e+00
0.000000000000000000e+00
0.000000000000000000e+00
0.000000000000000000e+00
0.000000000000000000e+00
0.000000000000000000e+00
0.000000000000000000e+00
0.000000000000000000e+00
0.000000000000000000e+00
0.000000000000000000e+00
0.000000000000000000e+00
0.000000000000000000e+00
0.000000000000000000e+00
0.000000000000000000e+00
0.000000000000000000e+00
0.000000000000000000e+00
0.000000000000000000e+00
0.000000000000000000e+00
1.107497903134856002e-03
9.201144803645765896e-03
3.407960799603776403e-02
1.081252789758231220e-01
2.938296006372482227e-01
4.950222952346717276e-01
7.096529908567023037e-01
9.071862417470986095e-01
9.730695350589868564e-01
9.155509518087772136e-01
8.579421224773075005e-01
7.377554370216665713e-01
6.741830449113037638e-01
6.188519256035909244e-01
5.631268214328424282e-01
5.228324650268718621e-01
5.121279830725909976e-01
5.543353874611753884e-01
5.988596158348661325e-01
6.440212480640469250e-01
7.030298261412317729e-01
7.527533614541206397e-01
7.946744756442604141e-01
8.319934426697905838e-01
8.848103948647251249e-01
9.578222206661597404e-01
1.007078053072501422e+00
1.056711322936742414e+00
1.133829338798815201e+00
1.176507262112479468e+00
1.208043574904844597e+00
1.249945910946237415e+00
1.242748294705884105e+00
1.205529723022246147e+00
1.180695834211555884e+00
1.162751996453659231e+00
1.137528988134599794e+00
1.093103309673926882e+00
1.067595516335991368e+00
1.055753297665886770e+00
1.022552033098977686e+00
1.005902631461135455e+00
9.797868746776557947e-01
9.821989657756470260e-01
9.964517074544525510e-01
9.610325855908732340e-01
9.728224518467947224e-01
9.798099011015585225e-01
9.895860378693132064e-01
9.991479193932983893e-01
1.006166234816141758e+00
9.967769967500758055e-01
1.004743141256465133e+00
1.017614297716701754e+00
1.025893303691023606e+00
1.016079181779947049e+00
1.015102579124684601e+00
1.008962991586411340e+00
1.016496711260019170e+00
9.996381332854473722e-01
1.014667698775939986e+00
1.017401602911218506e+00
1.009431028622140181e+00
9.913533940528419519e-01
1.000315371250139362e+00
9.958908400385001469e-01
1.011710805687691783e+00
9.946812493241212749e-01
9.972630093882794977e-01
1.008861695760012500e+00
1.009660647115348642e+00
9.990150004558706609e-01
1.004191622997196554e+00
9.990853182388201859e-01
9.957942765900582582e-01
1.013822265664805045e+00
1.002798360598586624e+00
9.999478239389649747e-01
1.004579358781344300e+00
1.011794190535669991e+00
1.005368923015568905e+00
9.945241949422112260e-01
9.992948828033130226e-01
1.004896187871413105e+00
1.006140536709510425e+00
9.954442758081625264e-01
1.003754334848758090e+00
1.006206103936390761e+00
9.893431990713315027e-01
9.987985758253353774e-01
9.944872751451696580e-01
1.000940103491528177e+00
9.981346407915349106e-01
9.983131531656422863e-01
9.973255354706093145e-01
9.986054939070951875e-01
1.003574920475117871e+00
1.003697276426077645e+00
9.932921850368762184e-01
1.005431625403449436e+00
9.955217698495980594e-01
1.003021715417101278e+00
1.001602098933912943e+00
9.983652359822140498e-01
9.928727197257826154e-01
9.987092762983135197e-01
9.925389553065830928e-01
9.980131629061084197e-01
9.984190428442391019e-01
9.943547412283030296e-01
9.973937434281306968e-01
9.957809497272454013e-01
9.972661782170443301e-01
9.903037457803121058e-01
9.979257494999067557e-01
9.883334734714267489e-01
9.985817277241332279e-01
9.917730103242229367e-01
9.956811377900162130e-01
9.971242824071606670e-01
9.988461902573471107e-01
9.931092085775394818e-01
9.950869089682744528e-01
9.999605592242358787e-01
9.997138257054580812e-01
9.940593776061601439e-01
9.944545664986411682e-01
9.921891273057645844e-01
9.937568652598794960e-01
9.970479051258632763e-01
9.896839801850528806e-01
9.944422542785771313e-01
9.943429521023413598e-01
9.965379949362269674e-01
9.938084536300058058e-01
9.918005700733220076e-01
9.980503446857207361e-01
9.967665482376758534e-01
9.920144082334499958e-01
9.932354040650470672e-01
9.952011409347627513e-01
9.930660809042807236e-01
9.929609179615765946e-01
9.969819441041060104e-01
9.934029040734297933e-01
9.971977242556180343e-01
9.884279095795720504e-01
9.936398401355900356e-01
9.988770957568547937e-01
9.902230030643496272e-01
9.966140749146441546e-01
9.937293147632035861e-01
1.001335589623708611e+00
9.967320895521606383e-01
9.944222305066641177e-01
9.970955113603057196e-01
9.939959225742966975e-01
9.938707889588012101e-01
9.960642049623253946e-01
9.950114152943165813e-01
9.969893534781018030e-01
1.001639594972617342e+00
1.001526299685892907e+00
1.002445858708580273e+00
9.964879058269466849e-01
9.965520177094490117e-01
9.983278265249744265e-01
9.948271223393844176e-01
9.999842035828845344e-01
1.002131797699332250e+00
9.988396738092283345e-01
1.001833431094537374e+00
9.968197282209716459e-01
1.004102867470252569e+00
1.002574930741850778e+00
1.001461427665712778e+00
1.002891998326998158e+00
1.002631961947933359e+00
9.995069366507984832e-01
9.969085184756594220e-01
1.000473552121743603e+00
9.989470937871136602e-01
9.991572780893074324e-01
1.001702778875400268e+00
9.956271636298592576e-01
1.001088959394161426e+00
9.996876257561055912e-01
1.002422251817123744e+00
9.977877435826394414e-01
1.002283010694592802e+00
1.004433136179209152e+00
9.965573983135407321e-01
9.948691933289725009e-01
1.002101481074002987e+00
9.982906199286917248e-01
1.005588503874387696e+00
9.982112285510316152e-01
9.952759134441296895e-01
9.998334085911231295e-01
9.972818967023191483e-01
9.975656964993900866e-01
9.995507610947761412e-01
1.000917645583114135e+00
1.002600884990454189e+00
9.950415901836864307e-01
9.935085915643511179e-01
1.000205087575305907e+00
9.996031796898166011e-01
9.936796479306619911e-01
9.977103746437618881e-01
1.001104365673940455e+00
9.952938432871046848e-01
9.975396018664282050e-01
9.972016712999625110e-01
9.976817373114063026e-01
9.998518982045224712e-01
9.978018892161292230e-01
9.945601893689441919e-01
9.981498162407864694e-01
9.969654601487643042e-01
9.991592107440487869e-01
9.983222689629497326e-01
9.963116011565211760e-01
9.995594654737874896e-01
9.973341618272707487e-01
9.951283694878254593e-01
1.003129358295909102e+00
9.954098173675423045e-01
9.980839816107802687e-01
9.940221313950444726e-01
9.969528515439601835e-01
9.981166467152430277e-01
9.999293055385733986e-01
9.987909033071283860e-01
9.984162377901437679e-01
1.001172175550358201e+00
9.984285849357663611e-01
9.970199005062058140e-01
9.971040600404964538e-01
9.947690711668183416e-01
9.977057604500700894e-01
9.971698131604284088e-01
1.003063798590218436e+00
9.995364750403813447e-01
1.003135061119833527e+00
9.974162884658230865e-01
1.000014205170223880e+00
9.970989170654405154e-01
9.975704723592880852e-01
9.964619144812703055e-01
1.001056341445111020e+00
9.992509060392450460e-01
9.999369020300110655e-01
1.001851947100560247e+00
9.982319287900467408e-01
1.001587058434508126e+00
1.001074895112768370e+00
1.000016127735876115e+00
9.981474599833350947e-01
9.962595459297640677e-01
1.000267222858651106e+00
9.960701767830998365e-01
1.001234417734124804e+00
9.993851962397647393e-01
1.000960409954852803e+00
9.977104116007885493e-01
1.002348030903391418e+00
9.986633286343299387e-01
1.000581271328945254e+00
9.991889734540307932e-01
9.976046656634427467e-01
9.973741959577273608e-01
9.944431039668428784e-01
9.974934201734918515e-01
9.939738783654437082e-01
9.974056311834358368e-01
9.977583585405932487e-01
9.960145818155581310e-01
9.975380006959523316e-01
9.942089437216685699e-01
9.943654680125043610e-01
9.981602813246098771e-01
1.000274371730758061e+00
9.976885913937381112e-01
9.953912080521976069e-01
9.973088026393321925e-01
9.992121176978864261e-01
9.998747969051711149e-01
9.980371518621538041e-01
9.988645483871315678e-01
9.924990458876166155e-01
9.964669390265450399e-01
9.962465404698530591e-01
9.950692859082355124e-01
9.998448705915526924e-01
9.972530128992296294e-01
1.001188659699990602e+00
9.949347384485985879e-01
1.000638784023502925e+00
9.983501251159544454e-01
9.977501568539141052e-01
9.982243277943035897e-01
9.968216206065158014e-01
9.954514995208834094e-01
9.997232076906419351e-01
9.954892036122320320e-01
9.979075026678844162e-01
9.985905491642476095e-01
9.961953155321889852e-01
9.976306422780646388e-01
9.967848956842377817e-01
9.952138188677629449e-01
9.969084569165944654e-01
9.944271537998851107e-01
9.972264288283209099e-01
9.949887326735088466e-01
9.961234077256014841e-01
9.937700711018390143e-01
9.976646004664951883e-01
9.975610644083922063e-01
9.991869934093556838e-01
9.995353482985001037e-01
9.969197612059139679e-01
9.979488007534371707e-01
9.952845779767198753e-01
9.972365454150268205e-01
9.972964497574127174e-01
9.963520684135986905e-01
9.979011487764850585e-01
9.966075304519897982e-01
9.947200627880461443e-01
9.836683704080743107e-01
9.741530186046004625e-01
9.669160948985068282e-01
9.592557813645893328e-01
9.538185632843759754e-01
9.418400696698361330e-01
9.319177375399739782e-01
9.285970962440769361e-01
9.196053199341291950e-01
9.084912253357725342e-01
9.032978666476931817e-01
8.969225100849862464e-01
8.854808036996664189e-01
8.777265982297479674e-01
8.719887137349906503e-01
8.654401847617162469e-01
8.540332228918749990e-01
8.481123131049950192e-01
8.407411948865292084e-01
8.283618167201763915e-01
8.256083823724269521e-01
8.206750461780759620e-01
8.106782351184378399e-01
8.029079732463936248e-01
7.950766757229683623e-01
7.882005136476925022e-01
7.823470355491916051e-01
7.740808752072433352e-01
7.694050152974287737e-01
7.607827424288829965e-01
7.519934001232615461e-01
7.447824053019405088e-01
7.412089995366556439e-01
7.301452124935564614e-01
7.265476994671883348e-01
7.166749379710102286e-01
7.089972813028382337e-01
7.035290741957217486e-01
6.946098929756511220e-01
6.891042271557493715e-01
6.825167793596171872e-01
6.755365371686175013e-01
6.662067073862971700e-01
6.651847063320147635e-01
6.554454939674931868e-01
6.494552185316019299e-01
6.435226023892754998e-01
6.357386664079127669e-01
6.299983366216339586e-01
6.236974084750740444e-01
6.164723775567851893e-01
6.117772678426820487e-01
6.061418175436307232e-01
5.976296798128371002e-01
5.920480536838136354e-01
5.864307999558209250e-01
5.814088238112580243e-01
5.748441452799262219e-01
5.677508706821033924e-01
5.605470681136945910e-01
5.538796498386799882e-01
5.480688433690990014e-01
5.408883437205054268e-01
5.386007449151480886e-01
5.302347413462008552e-01
5.240402865456391668e-01
5.173802675971599374e-01
5.126731866200677779e-01
5.080825905872846660e-01
4.992901548152204882e-01
4.930112235703955070e-01
4.883335487369707129e-01
4.824299894282642054e-01
4.765815872438277645e-01
4.700146637459631793e-01
4.659860756031428131e-01
4.598793585171748743e-01
4.548015245820386521e-01
4.467547644420078456e-01
4.416914079346930255e-01
4.364822449649983782e-01
4.309549604984901916e-01
4.267518752600640841e-01
4.201258594016730741e-01
4.142647240265383002e-01
4.086631466619715103e-01
4.025008647710801579e-01
3.967839324453221184e-01
3.931357966219078404e-01
3.869438550173195934e-01
3.824014162427064045e-01
3.758997627395680996e-01
3.707986346809180045e-01
3.660829641663153056e-01
3.614121215054257874e-01
3.563761481222131877e-01
3.481441390785178780e-01
3.448958503524616748e-01
3.398575706571955735e-01
3.342631933325020954e-01
3.294772811329362838e-01
3.236740076099939856e-01
3.198781885289965765e-01
3.150117532302816326e-01
3.088951144045117836e-01
3.037926750295590339e-01
2.990171478470530775e-01
2.948908026247611947e-01
2.897032258604925747e-01
2.842077883061951971e-01
2.802679787618856388e-01
2.748882503295554947e-01
2.696903527595718719e-01
2.654581627221485052e-01
2.604376224860712741e-01
2.554377989279738026e-01
2.516084856047557938e-01
2.472404601175797467e-01
2.413946554261603150e-01
2.366515781353634162e-01
2.315154271606451319e-01
2.274568654979718108e-01
2.221340710571212962e-01
2.186613736855238799e-01
2.135731795622995699e-01
2.073216868088248732e-01
2.037485321928419191e-01
1.997805169632140276e-01
1.951823027784110876e-01
1.907987481670322671e-01
1.853608261990496164e-01
1.818887958089195345e-01
1.772938501872269867e-01
1.721819137549318868e-01
1.682492780322436265e-01
1.636467051171106024e-01
1.588778679778088398e-01
1.549289540416561306e-01
1.514488735940841824e-01
1.464947825435833351e-01
1.423227547976905205e-01
1.381777219594213790e-01
1.339667837414917073e-01
1.290567392537212699e-01
1.248151258385824802e-01
1.204019768610748303e-01
1.167076884445555074e-01
1.132827506611922552e-01
1.099116117297197215e-01
1.068444881268342805e-01
1.033987545794927687e-01
1.003927414695666015e-01
9.727665030482469943e-02
9.456096648038583852e-02
9.168142481941736477e-02
8.987479042777471450e-02
8.731030623346432151e-02
8.400953384846696070e-02
8.205882024592731083e-02
8.011006466501058298e-02
7.665961896318250479e-02
7.472190586666579981e-02
7.313994689884606437e-02
7.015007795180747130e-02
6.862385183215057027e-02
6.613209029499805824e-02
6.474558978680949872e-02
6.351776578523622707e-02
6.129566539876188380e-02
5.915287081397863772e-02
5.733049252771257875e-02
5.567382385062014799e-02
5.430168612071780559e-02
5.242893476831869681e-02
5.045254612090574464e-02
4.916397401944209988e-02
4.759288947745258375e-02
4.630641170221128783e-02
4.459474647029747912e-02
4.326791179279536326e-02
4.179300649296776443e-02
4.055400339831471274e-02
3.888206813415860663e-02
3.830445660186121426e-02
3.645393512021591342e-02
3.524496853075573949e-02
3.434171191480942659e-02
3.308002469522534905e-02
3.212561254260534738e-02
3.069135171467105017e-02
2.996337362776207644e-02
2.875075987664472282e-02
2.741260670533716276e-02
2.665086371730786274e-02
2.560492774115572315e-02
2.432507777565598092e-02
2.356475772537534527e-02
2.243950697373729014e-02
2.164667201310492908e-02
2.093292615307735735e-02
1.996562257071515453e-02
1.940766767539736995e-02
1.838510551802932658e-02
1.748483793962317748e-02
1.668114933509992626e-02
1.619206444358001207e-02
1.551656261303443855e-02
1.469131141830434806e-02
1.421520819313204509e-02
1.359007276642064735e-02
1.257320266939863929e-02
1.218908729472728027e-02
1.157328425378834590e-02
1.104505097760881752e-02
1.056042767286317560e-02
1.001682627336989047e-02
9.386375253506735322e-03
8.869805496973651171e-03
8.394175740137951175e-03
7.891584300769501417e-03
7.521912872598283083e-03
6.944705093378850461e-03
6.632604266622967905e-03
6.161696763581173478e-03
5.834565480241747301e-03
5.411985480543397842e-03
5.191848336078374107e-03
4.755686097858426511e-03
4.430860117587418975e-03
4.220128355755079115e-03
3.966201538704589545e-03
3.625069197846678137e-03
3.283345080136655571e-03
2.976556307051881744e-03
2.855498836381833733e-03
2.506432732196159884e-03
2.289880486761191030e-03
2.095607656609262820e-03
1.903573822941894951e-03
1.725046816856512163e-03
1.530833389207094612e-03
1.336977230690989142e-03
1.200279453329251801e-03
1.012515581225778951e-03
9.175686600909990125e-04
7.568719464260013690e-04
6.514487376596746638e-04
5.238261820355128795e-04
4.536355855615042628e-04
3.265931820766091831e-04
2.702049155855596428e-04
1.870742495534830129e-04
1.378174288218508977e-04
9.247436054959153485e-05
6.622006115115882969e-05
3.567746039678568838e-05
9.779238560543895541e-06
2.658363389234947776e-06
0.000000000000000000e+00
0.000000000000000000e+00
0.000000000000000000e+00
0.000000000000000000e+00
0.000000000000000000e+00
0.000000000000000000e+00
0.000000000000000000e+00
0.000000000000000000e+00
0.000000000000000000e+00
0.000000000000000000e+00
0.000000000000000000e+00
0.000000000000000000e+00
0.000000000000000000e+00
0.000000000000000000e+00
0.000000000000000000e+00
0.000000000000000000e+00
0.000000000000000000e+00
0.000000000000000000e+00
0.000000000000000000e+00
0.000000000000000000e+00
0.000000000000000000e+00
0.000000000000000000e+00
0.000000000000000000e+00
0.000000000000000000e+00
0.000000000000000000e+00
0.000000000000000000e+00
0.000000000000000000e+00
0.000000000000000000e+00
0.000000000000000000e+00
0.000000000000000000e+00
0.000000000000000000e+00
0.000000000000000000e+00
0.000000000000000000e+00
0.000000000000000000e+00
0.000000000000000000e+00
0.000000000000000000e+00
0.000000000000000000e+00
