0.000000000000000000e+00
0.000000000000000000e+00
0.000000000000000000e+00
0.000000000000000000e+00
0.000000000000000000e+00
0.000000000000000000e+00
0.000000000000000000e+00
0.000000000000000000e+00
0.000000000000000000e+00
0.000000000000000000e+00
0.000000000000000000e+00
0.000000000000000000e+00
0.000000000000000000e+00
0.000000000000000000e+00
0.000000000000000000e+00
0.000000000000000000e+00
0.000000000000000000e+00
0.000000000000000000e+00
0.000000000000000000e+00
0.000000000000000000e+00
2.875183370024166825e-05
2.791742936707493350e-02
9.541860450344810118e-01
3.381780381564545745e+00
3.452499133718537117e+00
1.919276261353259239e+00
8.603286543163223277e-01
3.902280411467061172e-01
2.145906616978143777e-01
2.216049399394628971e-01
3.634894328683817566e-01
5.618045528097715957e-01
7.090068048522729649e-01
7.922224197239394750e-01
8.263153576266945022e-01
8.322545059047857796e-01
8.518859370851328272e-01
8.892574843305414145e-01
9.507942399280553403e-01
1.016896961099067465e+00
1.064098114478695400e+00
1.102276916214320668e+00
1.148642767867044334e+00
1.188192333635207154e+00
1.211313149476603179e+00
1.220573091903758955e+00
1.215519839112374045e+00
1.197146360702193268e+00
1.154917675493119855e+00
1.103158882005544239e+00
1.051551383064441181e+00
1.011292163665547195e+00
9.828181472811076125e-01
9.705811631914760262e-01
9.610826649331793980e-01
9.603638862410692756e-01
9.580050224890621635e-01
9.650311812763144870e-01
9.630050854553057205e-01
9.664625015736461044e-01
9.658438684415605602e-01
9.687656909943190842e-01
9.720965275191090216e-01
9.728580174580175877e-01
9.790168059574761994e-01
9.825347812137471548e-01
9.878690687520544911e-01
9.915551621957080508e-01
9.945756209579522666e-01
9.979599365106789355e-01
9.960289943455380435e-01
9.980960395262511442e-01
1.002682796838730628e+00
9.999890422000994317e-01
1.000931657004867636e+00
1.003265306548108970e+00
1.004770158383780254e+00
1.009507689828894605e+00
1.007617296843875021e+00
1.011109317713285494e+00
1.011124715785483019e+00
1.011409863085002581e+00
1.010416451826869455e+00
1.012337483170789643e+00
1.010496620344369711e+00
1.008343731738759796e+00
1.004612893788433992e+00
1.002830781383001968e+00
1.000539712596438813e+00
9.977983364700525604e-01
9.962331045308639998e-01
9.961777861869046680e-01
9.932281104209229605e-01
9.930154889651510164e-01
9.929669490934931453e-01
9.909045122876887213e-01
9.919038046091479544e-01
9.939670861664313684e-01
9.930644703149913433e-01
9.952863440420627317e-01
9.955586139283514324e-01
9.973214902410297844e-01
9.994711304303118826e-01
1.000731399537084565e+00
1.001035181007259078e+00
1.002137931533896964e+00
1.002840211127456138e+00
1.002340668046637795e+00
1.003251553183973188e+00
1.004069468675383936e+00
1.002982279488323636e+00
1.003037081781317896e+00
1.000651659241155178e+00
1.000790496355770998e+00
1.000404047869086321e+00
1.001559112871264867e+00
9.997976262183509988e-01
1.000608758550594501e+00
9.998396445979644831e-01
1.000033360865822063e+00
9.996214442088883212e-01
9.996159942585106650e-01
9.996309141504065021e-01
9.988209597665592687e-01
9.995031739402903126e-01
9.996781828455078012e-01
1.000266521730621028e+00
9.992099102671189170e-01
9.996384894694629875e-01
9.992670459772865499e-01
1.000269142067379713e+00
9.988280634539163927e-01
9.987272011602432720e-01
9.996795286587004670e-01
9.995693026759198130e-01
9.986932165678203965e-01
9.996105832892059340e-01
9.998137016121818599e-01
9.991236315347813424e-01
1.000423815455337317e+00
1.000019533288532658e+00
9.999911737159811187e-01
1.000911391188822774e+00
9.998972074357558304e-01
1.000293651742798939e+00
1.000239971536527106e+00
1.000196458492651486e+00
9.996408354720648370e-01
1.001333340992660137e+00
9.996263722469972413e-01
1.000024323966087536e+00
1.000379195906772045e+00
9.996083070669432580e-01
1.000073523575310208e+00
1.000728276902790315e+00
9.993070610448560043e-01
9.999421191743411708e-01
9.992545221666965238e-01
9.995374533339959067e-01
9.990692137478145440e-01
9.996583742528954986e-01
1.000115372056651797e+00
9.997179312730976042e-01
9.997470048191084979e-01
9.991930225854291914e-01
1.000552997458826976e+00
9.999429130701738000e-01
1.000193533974635729e+00
1.000509741687223286e+00
1.000335175795707965e+00
9.997842713376809964e-01
9.989285388262107990e-01
1.000749807201478214e+00
1.000088311174976541e+00
9.995470649506511540e-01
9.999227440533071665e-01
9.992943087265574453e-01
1.000309089420424291e+00
1.000509455087684740e+00
1.000153603363058474e+00
1.000264812200807540e+00
1.000072559555160501e+00
1.000381789136032928e+00
1.000805607586592316e+00
9.993810086275203286e-01
9.995381346685439095e-01
1.000522186714053685e+00
9.997684203823746785e-01
9.998259577807309118e-01
9.997995108258855845e-01
1.000018732446420699e+00
1.000063683301620987e+00
1.000518634585291444e+00
1.000331732841380772e+00
1.000217804383901177e+00
9.992385280362265920e-01
1.000180397607995042e+00
1.000147454673163239e+00
9.999832797601239109e-01
9.994607374387622922e-01
1.000073097657331989e+00
1.000086838997595651e+00
1.000591016566654723e+00
1.000392357306151725e+00
9.996939966366461539e-01
1.000186656321562673e+00
1.000298826931109719e+00
1.000620613048793572e+00
1.000145455807923911e+00
1.000047058219357021e+00
9.998610623961802224e-01
1.000623632809854557e+00
1.000359835074645209e+00
9.999437199838566714e-01
9.996736273058437483e-01
1.000331591475365212e+00
1.000484204558292012e+00
1.000835316512905804e+00
9.998516611214373073e-01
1.000241124203990140e+00
1.000345650313477996e+00
9.996528974727548755e-01
9.998638315773272778e-01
1.000566382949057198e+00
1.000056437534937892e+00
1.000148947825273416e+00
1.000356318223322383e+00
1.000647494809183247e+00
1.000798861216204205e+00
9.996897128801671695e-01
1.000409918637617857e+00
1.000308608121911691e+00
1.000294092239999655e+00
9.999647275226163368e-01
9.998460081670955679e-01
9.998137446128908534e-01
1.000198510163560206e+00
1.000014183608970875e+00
1.000169052671227687e+00
1.000179968077640646e+00
1.000154342504983251e+00
1.000081373063559820e+00
1.000061287694526069e+00
1.000078015933605791e+00
1.000415303337350847e+00
1.000119581346252229e+00
1.000186946980795355e+00
1.000077042920600734e+00
1.000366478813275561e+00
9.997404698909945209e-01
1.000021435254794033e+00
1.000456535641478073e+00
1.000075167410924726e+00
9.996793878885987805e-01
1.000361203422584833e+00
9.997800648920767141e-01
1.000199701269446573e+00
9.998866946470282846e-01
9.999366168456992332e-01
9.998947865847138683e-01
9.999825394289154623e-01
1.000063567133432585e+00
9.999350037020497961e-01
1.000337441890606138e+00
1.000314296042681628e+00
1.000254629367036019e+00
9.998084740411901095e-01
1.000464327036052703e+00
9.999898640742269640e-01
9.997820791485803049e-01
9.999926765862167111e-01
9.998264539030724540e-01
9.998632602315035145e-01
1.000367747650861450e+00
9.999210941575722433e-01
1.000354104670849953e+00
9.999916667344970200e-01
1.000121577110281601e+00
9.996872914566167223e-01
9.999890139744344042e-01
9.998556779227977254e-01
1.000389794492217099e+00
1.000383850960717025e+00
1.000394748940782952e+00
1.000424597962293216e+00
9.998108358586230704e-01
1.000164704840952989e+00
9.996964858057207914e-01
1.000152991108397060e+00
9.994765108057752645e-01
1.000084950524409155e+00
9.997042012683787782e-01
1.000066995064270214e+00
9.997715065909940080e-01
1.000242236474292890e+00
9.997765469168223840e-01
9.998039082803905631e-01
1.000024602051513112e+00
9.997550821361720352e-01
1.000137074744967380e+00
1.000208720017680353e+00
1.000204232187577258e+00
1.000046465719321986e+00
1.000296449702305246e+00
1.000220754628313502e+00
1.000291396663473442e+00
1.000289780432624953e+00
1.000022972217054829e+00
9.997348511921865244e-01
9.995159912186769580e-01
9.999820003058234041e-01
9.999655188213768531e-01
1.000688803050318265e+00
1.000496802859164536e+00
9.997688201239670613e-01
1.000171340720895197e+00
9.997757240470821483e-01
1.000328650997742486e+00
9.997831335513951423e-01
1.000465984278908538e+00
9.998051465117006043e-01
1.000308870901424729e+00
1.000102433188956752e+00
1.000035268865485438e+00
1.000370224891217186e+00
9.998018305140010664e-01
9.998367585515152145e-01
1.000511441592243145e+00
1.000393027744830521e+00
1.000331920377012018e+00
9.998938723447144961e-01
1.000052704897488542e+00
1.000321406174583760e+00
1.000067497646040415e+00
1.000409865046594016e+00
9.998236125484457615e-01
1.000352069216762896e+00
1.000107498326425759e+00
9.998428150389619962e-01
1.000097801588371915e+00
1.000162381509799081e+00
1.000063872054173686e+00
1.000025078778124632e+00
1.000383120972526907e+00
1.000257133339056637e+00
1.000069421507104428e+00
1.000058010326646096e+00
1.000277065471912863e+00
1.000075332483723933e+00
9.998841133893047184e-01
1.000317292656285328e+00
1.000262489661907672e+00
9.999265857120139822e-01
9.997156058341021279e-01
9.950516788304510918e-01
9.865723413648327389e-01
9.784420299675018473e-01
9.698038285066110653e-01
9.618100474928626964e-01
9.530447883040307211e-01
9.450870523370910048e-01
9.367497460082764293e-01
9.293132359528355479e-01
9.212390333088026351e-01
9.125265406650180378e-01
9.052863856937595211e-01
8.971645916447373859e-01
8.891269780071620055e-01
8.813265027759049630e-01
8.733408078349964576e-01
8.657711128966589786e-01
8.581117034938411381e-01
8.502234695843551293e-01
8.429941004075746092e-01
8.351520369440489366e-01
8.276996033494627980e-01
8.197925575623354888e-01
8.121770449391619850e-01
8.051281757404974426e-01
7.977294103381649126e-01
7.906186558178037727e-01
7.830783252411255280e-01
7.758087688264794224e-01
7.687304643241016366e-01
7.612236666318347167e-01
7.543160405671754942e-01
7.472881153733000881e-01
7.398836298048530047e-01
7.326029917727314711e-01
7.259197251281301888e-01
7.189344204227734458e-01
7.118517654011359275e-01
7.051079221256002505e-01
6.984251056918355793e-01
6.913449550596520998e-01
6.847824256282074584e-01
6.777483372679946605e-01
6.709143334927003544e-01
6.644890857715499699e-01
6.576095018656229474e-01
6.511136748837890176e-01
6.442985739422352198e-01
6.379268480074820058e-01
6.313962551554568314e-01
6.247827277604315332e-01
6.182374825897384296e-01
6.120625775563992566e-01
6.054502729245478942e-01
5.991841224274097044e-01
5.926391031370678020e-01
5.867170696619196102e-01
5.801990210414512683e-01
5.738718327788323581e-01
5.678305438605937283e-01
5.613116617508082662e-01
5.554212280241394017e-01
5.491186526070377383e-01
5.431631946583126425e-01
5.369770636669126684e-01
5.311742739416841497e-01
5.251438360568315700e-01
5.188920397016266728e-01
5.130701418865087904e-01
5.072389599158313445e-01
5.011409491147242878e-01
4.952990859929506939e-01
4.892357994494520579e-01
4.835466628906749387e-01
4.781041177604976045e-01
4.720992849933688396e-01
4.661018204589413294e-01
4.606521087181121299e-01
4.547578338854605384e-01
4.492704828168613829e-01
4.435394900925544448e-01
4.379177327824410049e-01
4.324596143018141214e-01
4.269207071996934388e-01
4.213042343784035859e-01
4.157246082885973082e-01
4.102827729397873213e-01
4.050291723527335019e-01
3.995194092014427434e-01
3.940149813896323128e-01
3.885957763707267865e-01
3.833165915840262561e-01
3.779122559366308587e-01
3.727422042300093663e-01
3.672913398415463826e-01
3.620530748134517807e-01
3.567776758912586943e-01
3.516378940868162273e-01
3.462186604124709022e-01
3.414524217284928276e-01
3.359782107824456077e-01
3.308668793534489949e-01
3.258018169545930931e-01
3.205967276757074602e-01
3.156527574801525904e-01
3.106745603655702292e-01
3.056772826728816894e-01
3.007219995722755779e-01
2.956551682625113142e-01
2.907174525521477593e-01
2.858663539280134613e-01
2.808819311734562230e-01
2.759961344967847285e-01
2.709890288855366647e-01
2.661138711724039263e-01
2.614484741114805888e-01
2.565265269933520442e-01
2.518336355186394648e-01
2.471065693714377953e-01
2.423596860996138080e-01
2.374576401538090742e-01
2.328509161881423817e-01
2.282596533581203457e-01
2.234261771093778159e-01
2.189120875100950270e-01
2.141699620627787182e-01
2.096648874852085065e-01
2.050234093593016060e-01
2.003207153196132906e-01
1.959810051558056043e-01
1.914499315074306152e-01
1.868926535935069300e-01
1.824441306354928627e-01
1.779726282959839812e-01
1.732913845772107164e-01
1.690263615209787740e-01
1.645292171327941977e-01
1.601683418240601453e-01
1.557811043712982735e-01
1.514606533794948251e-01
1.469717514499617739e-01
1.426486523895971470e-01
1.383535165115109267e-01
1.339443626789263708e-01
1.297914477637587827e-01
1.255389062226368591e-01
1.213532934340792596e-01
1.174277072507080438e-01
1.137972911108999091e-01
1.103231411374097082e-01
1.070367955158401524e-01
1.038025709434155369e-01
1.008207043832718142e-01
9.787708948509639406e-02
9.498286564608066085e-02
9.223568207441763811e-02
8.950537856641166412e-02
8.696277737391243379e-02
8.444629079112110637e-02
8.198179664832991320e-02
7.957223885713567146e-02
7.725932886126325727e-02
7.504254284332520508e-02
7.281691380504491662e-02
7.081012465571033532e-02
6.858734486873524494e-02
6.656476107244939378e-02
6.456410386102914845e-02
6.262246164975203422e-02
6.082475399229062690e-02
5.899402882652186875e-02
5.710853553430064039e-02
5.545487209067154200e-02
5.372633071510830860e-02
5.214749302634668487e-02
5.047805060652626324e-02
4.889959164514671303e-02
4.732273956369790341e-02
4.583366730923921911e-02
4.439615795798972087e-02
4.298248528965652876e-02
4.152963840795170086e-02
4.020208757535378291e-02
3.886102857384039072e-02
3.758107288696825588e-02
3.635957618751430726e-02
3.504283296103224282e-02
3.393801074280174829e-02
3.272728054213650678e-02
3.157939164337700277e-02
3.047062538266138293e-02
2.941647514732812635e-02
2.835483718896636418e-02
2.730119562477807335e-02
2.636318103773149096e-02
2.532832467853553607e-02
2.439625735877346338e-02
2.345192355150394273e-02
2.253316514517783586e-02
2.165420102801963315e-02
2.080127461630992478e-02
1.998191572786019859e-02
1.920555474628072093e-02
1.835402421985598068e-02
1.763128465587709623e-02
1.690961379170545509e-02
1.615387280111013277e-02
1.544185032011270893e-02
1.476814842350184474e-02
1.410089708867916063e-02
1.346287165326489309e-02
1.280489152554662932e-02
1.224226322230236551e-02
1.161126204192614031e-02
1.105931485612861309e-02
1.052208728651166623e-02
9.983709447752247071e-03
9.459984685848698421e-03
8.937771694364443284e-03
8.457979233462843693e-03
7.987457126300749263e-03
7.537465751518286107e-03
7.099872961388635495e-03
6.693220333062036009e-03
6.279367681426101418e-03
5.902859384236502742e-03
5.517214396808106658e-03
5.134274325408811311e-03
4.789190755209441451e-03
4.459396593497757903e-03
4.150259507596117808e-03
3.840403879577467764e-03
3.549728090761270285e-03
3.267747656248665752e-03
2.993070462489600021e-03
2.742667819895076159e-03
2.497512686029830509e-03
2.271925718966063927e-03
2.052717421947496384e-03
1.838557745052322567e-03
1.655028235793578467e-03
1.475446473781126359e-03
1.299028636389657149e-03
1.138558952952841872e-03
9.951121008792264497e-04
8.545151182999165479e-04
7.301477565474320157e-04
6.118129300931210001e-04
5.100895929898797759e-04
4.207830468633666889e-04
3.319153387767175716e-04
2.595037603046831021e-04
1.918879482240338390e-04
1.387966245818080435e-04
9.057349038717963643e-05
5.637809863062595919e-05
2.893984300514413063e-05
1.090787461983024871e-05
2.077814687114739352e-06
1.605462455110019233e-08
0.000000000000000000e+00
0.000000000000000000e+00
0.000000000000000000e+00
0.000000000000000000e+00
0.000000000000000000e+00
0.000000000000000000e+00
0.000000000000000000e+00
0.000000000000000000e+00
0.000000000000000000e+00
0.000000000000000000e+00
0.000000000000000000e+00
0.000000000000000000e+00
0.000000000000000000e+00
0.000000000000000000e+00
0.000000000000000000e+00
0.000000000000000000e+00
0.000000000000000000e+00
0.000000000000000000e+00
0.000000000000000000e+00
0.000000000000000000e+00
0.000000000000000000e+00
0.000000000000000000e+00
0.000000000000000000e+00
0.000000000000000000e+00
0.000000000000000000e+00
0.000000000000000000e+00
0.000000000000000000e+00
0.000000000000000000e+00
0.000000000000000000e+00
0.000000000000000000e+00
0.000000000000000000e+00
0.000000000000000000e+00
0.000000000000000000e+00
0.000000000000000000e+00
0.000000000000000000e+00
0.000000000000000000e+00
