0.000000000000000000e+00
0.000000000000000000e+00
0.000000000000000000e+00
0.000000000000000000e+00
0.000000000000000000e+00
0.000000000000000000e+00
0.000000000000000000e+00
0.000000000000000000e+00
0.000000000000000000e+00
0.000000000000000000e+00
0.000000000000000000e+00
0.000000000000000000e+00
0.000000000000000000e+00
0.000000000000000000e+00
0.000000000000000000e+00
0.000000000000000000e+00
0.000000000000000000e+00
0.000000000000000000e+00
0.000000000000000000e+00
0.000000000000000000e+00
0.000000000000000000e+00
0.000000000000000000e+00
0.000000000000000000e+00
0.000000000000000000e+00
0.000000000000000000e+00
1.454526890012159193e-02
8.417720581436055616e-02
2.501350341484108175e-01
6.695628347919163614e-01
1.122179194252075130e+00
1.685282552024631286e+00
2.178143024560075691e+00
2.236465904426721885e+00
2.260870244780164295e+00
1.803910684592312297e+00
1.375359811193644699e+00
1.104015749700610893e+00
8.878578313311471515e-01
7.960721830697373713e-01
8.093225635168368459e-01
8.188681948033923463e-01
9.748525224084350072e-01
1.060437068442108277e+00
1.148459407899512286e+00
1.227587888133858662e+00
1.311291938838737181e+00
1.470948334918473988e+00
1.517620136495454464e+00
1.657752039117269316e+00
1.785436209517543116e+00
1.947242883632468891e+00
1.967759454268913188e+00
1.962150002430823159e+00
2.136515708280505965e+00
2.081125027984921161e+00
1.997594596418275303e+00
2.037146391520763711e+00
1.914694604643012887e+00
1.786915397584950327e+00
1.715333791422288590e+00
1.630671540190380853e+00
1.529931361158541225e+00
1.448070324706376422e+00
1.433904459391077024e+00
1.330103716058035346e+00
1.355393101852097493e+00
1.311193444606625125e+00
1.377992375120427049e+00
1.318902357682156357e+00
1.314023667641717186e+00
1.399764357424261974e+00
1.304913430913655636e+00
1.322252709038929108e+00
1.324164008808154547e+00
1.335296479221157906e+00
1.365291567496571989e+00
1.364582458146488042e+00
1.306365579567225765e+00
1.287109955906260872e+00
1.257178866319034638e+00
1.283431814439728758e+00
1.217239992157940431e+00
1.201460652581740618e+00
1.227123289670242423e+00
1.172087013325960658e+00
1.215674685918421760e+00
1.179828046697825705e+00
1.179577834740085152e+00
1.224025202751967356e+00
1.186493040961752454e+00
1.188424418755330114e+00
1.136886610534226794e+00
1.188167113679591935e+00
1.181552561465584184e+00
1.155619469595520865e+00
1.133359979323723232e+00
1.106945231606953239e+00
1.111719168802110413e+00
1.123384157141307238e+00
1.116682155001866628e+00
1.139523845010687708e+00
1.119017299217564210e+00
1.101341027799932037e+00
1.102899981658130191e+00
1.088173007625602873e+00
1.108648009933428158e+00
1.103354846525804511e+00
1.064915149874599676e+00
1.066267424787781692e+00
1.056545409680731851e+00
1.072563983227817319e+00
1.049417050073495394e+00
1.054386711126220844e+00
1.081965410411322326e+00
1.067478175838678212e+00
1.046237546673380203e+00
1.078011457220182434e+00
1.059569232688576834e+00
1.083189734745238830e+00
1.035660254950600656e+00
1.064306669060261168e+00
1.062878684524526385e+00
1.049536188591230434e+00
1.017569061527266783e+00
1.025546243701479954e+00
1.040648175778791096e+00
1.038594977390984830e+00
1.035168675005435857e+00
1.019549518058387116e+00
1.033476973352263295e+00
1.012838936106442933e+00
1.035100896038196661e+00
1.028425890135975074e+00
1.019180207104375180e+00
1.021859814642631648e+00
1.007347938855402303e+00
9.758889345134359461e-01
1.002772351093582204e+00
1.008808877892483746e+00
1.002053324800177059e+00
1.015393184572157992e+00
1.003218072683100814e+00
9.934961966443728310e-01
9.962347849498595087e-01
1.019641728564785632e+00
1.003328462250642428e+00
1.002459358800685818e+00
9.857606450661933195e-01
1.015423817664629302e+00
9.922566122621525597e-01
9.990557754240917410e-01
1.006207743763607221e+00
1.012375023928645090e+00
1.029537516461301649e+00
1.007138967124387330e+00
1.001562050325990105e+00
1.008307260553864548e+00
9.971646799489199964e-01
1.005707487575068448e+00
1.004290965852054018e+00
1.014857455082221582e+00
1.007133884956993519e+00
1.015105547405278807e+00
9.977724464152142314e-01
9.978256749374724288e-01
9.945239325626982207e-01
9.981388874855376958e-01
9.839806410084995791e-01
9.983227456206081873e-01
9.944797504925932952e-01
1.024742847247644306e+00
9.885458829027679029e-01
1.005330568969454497e+00
9.943250882619968367e-01
1.024976364241666049e+00
9.945949595001001287e-01
9.993740312436834028e-01
9.932492067367623134e-01
1.013398132455170852e+00
9.825417472101596328e-01
9.976701965750457424e-01
9.982645423144802521e-01
9.972949450070366373e-01
9.977619692727935918e-01
9.998970776094191493e-01
1.003990000312456443e+00
9.897168109015196391e-01
9.913631152768521693e-01
9.987756200911489524e-01
1.005252472738705993e+00
9.981148863859782283e-01
1.004419586212977000e+00
9.943302709471195655e-01
9.918480850050507280e-01
9.889891803611657872e-01
1.001419424688128057e+00
1.007544028757396237e+00
1.004217700232880928e+00
9.951454380616630013e-01
9.904821842663975584e-01
9.951567038862038084e-01
9.911280889931383120e-01
1.012216588581530852e+00
1.003149539463344286e+00
1.000827009045880622e+00
1.007797751567962363e+00
9.975615378281934564e-01
1.014388031644937405e+00
1.009196097263016512e+00
1.005780997569244217e+00
9.895764183500516120e-01
9.971579725151611395e-01
9.966978849157098752e-01
9.865010569755896519e-01
9.942341626325226223e-01
9.947543915804353265e-01
1.000974173362563890e+00
9.978897035228102563e-01
9.986336749395015033e-01
1.010660788081919170e+00
9.913977989298091709e-01
9.993846468894197477e-01
1.006328358697717862e+00
9.947869031176149734e-01
1.001709762428355299e+00
1.001960203148487771e+00
9.950223420744993552e-01
1.007038018722307138e+00
1.001051107549135954e+00
9.966117267104186439e-01
1.005430933192033915e+00
9.981755128495134466e-01
9.946384743298172237e-01
9.973276767890593142e-01
9.910330501091564326e-01
1.002675228033244048e+00
1.001232361900360468e+00
9.960468957833736869e-01
1.000474999933859133e+00
9.982806416438656516e-01
9.970693564090473693e-01
9.944247004892038388e-01
1.002406075551468545e+00
1.010302834119971793e+00
9.859947727117663874e-01
9.982248163243606642e-01
9.931777622490113311e-01
9.966726831461864000e-01
1.005708689778349818e+00
9.926105468767227880e-01
1.001886224651755253e+00
1.006608999352177847e+00
9.916784547821730911e-01
9.932906618375668684e-01
9.930944385244826478e-01
1.006890151261614186e+00
9.976886102575377446e-01
9.889916727126336626e-01
9.977401126660705444e-01
9.984231710240992763e-01
9.908073046520614602e-01
9.863909161957669092e-01
9.939560610711625221e-01
9.978360004324688948e-01
9.922319281485004749e-01
9.952721351736804056e-01
9.916793800373809864e-01
1.001530057564742116e+00
9.970688114030822335e-01
9.967485946570681099e-01
9.908146017935173244e-01
9.970677183132539145e-01
9.961644100424982273e-01
9.986619669917223829e-01
9.921522264642403943e-01
9.947460124678886295e-01
1.003957685552054446e+00
1.001003606270858493e+00
1.004163843834185332e+00
9.971426329669933475e-01
