0.000000000000000000e+00
0.000000000000000000e+00
0.000000000000000000e+00
0.000000000000000000e+00
0.000000000000000000e+00
0.000000000000000000e+00
0.000000000000000000e+00
0.000000000000000000e+00
0.000000000000000000e+00
0.000000000000000000e+00
0.000000000000000000e+00
0.000000000000000000e+00
0.000000000000000000e+00
0.000000000000000000e+00
0.000000000000000000e+00
0.000000000000000000e+00
0.000000000000000000e+00
0.000000000000000000e+00
0.000000000000000000e+00
0.000000000000000000e+00
0.000000000000000000e+00
0.000000000000000000e+00
0.000000000000000000e+00
0.000000000000000000e+00
0.000000000000000000e+00
7.273150981647051767e-03
4.545891958474392036e-02
1.391474948548051260e-01
2.765782044918712601e-01
5.475427785113881063e-01
7.689806634666791485e-01
1.020034383255418620e+00
1.025399533742282321e+00
9.882790819833240370e-01
9.626176225617748550e-01
8.190821234074247004e-01
7.384295355417133111e-01
6.180131198398397530e-01
6.006863012475059938e-01
5.524700867883982625e-01
5.904055316954588406e-01
6.000574778391277730e-01
6.546372746444633073e-01
7.292422845948873800e-01
7.571459128372830527e-01
8.310388849362592145e-01
8.531012564244524476e-01
9.622059628340675630e-01
9.706933122569236794e-01
1.053482180819519831e+00
1.080796557458690188e+00
1.157377969060013667e+00
1.204658620240147027e+00
1.292659021238212080e+00
1.279497111842987866e+00
1.279104137193605606e+00
1.307570455391372732e+00
1.276792159182905895e+00
1.285689180385811925e+00
1.235822780134065546e+00
1.182385445055272433e+00
1.142058889258207532e+00
1.128812240818458434e+00
1.036648726811577159e+00
1.054494715304616914e+00
1.065263604022073318e+00
9.928236210063127176e-01
1.024613990551313636e+00
1.014825567149136853e+00
1.006396230600203223e+00
1.009453092165452759e+00
1.019579393417427760e+00
1.001770925832429660e+00
1.016285976047277329e+00
1.008361056934422795e+00
1.040947990499683895e+00
1.029874264250595806e+00
1.049931050213336103e+00
1.062113833008943908e+00
1.041175191845117087e+00
1.060722066849307810e+00
1.048915971974198724e+00
1.031112698337609102e+00
1.030985668102641251e+00
1.021798601573727039e+00
1.026182538798810384e+00
9.869474227584182913e-01
1.014095070889675654e+00
1.022408411195996569e+00
9.954081617712439156e-01
9.917234112908862587e-01
1.025389193806031329e+00
1.020337385404794794e+00
9.986289070788014754e-01
9.633053104287034873e-01
9.878383641790323688e-01
9.910898324474186616e-01
1.014027560498762304e+00
9.826957890555022557e-01
1.004010362050232752e+00
9.923248513463150955e-01
9.919214708512743561e-01
9.996735922304677002e-01
9.997672728315988300e-01
9.948015374334702177e-01
9.812380479180504711e-01
9.944869049165353525e-01
9.953079707853991209e-01
9.657959154892435949e-01
9.863040057928503801e-01
1.000007430715702972e+00
9.971786990474241774e-01
9.832672209967003862e-01
9.872212811709549785e-01
9.847545191883094740e-01
9.730948441486743095e-01
9.945348933288447046e-01
9.894126349810102861e-01
9.876050585407707416e-01
9.751200324905926475e-01
9.884014915219557773e-01
9.835730450414905679e-01
9.945298073608160871e-01
1.013919957151906637e+00
9.977738749444317046e-01
9.904202689891791200e-01
9.918931795237704296e-01
9.758132427211410054e-01
9.957748942407420589e-01
9.750262372617087836e-01
1.001107002480664532e+00
9.872382746144560128e-01
9.924644255782512081e-01
9.863435134015628991e-01
9.783332544003698894e-01
9.937012677391902082e-01
9.870645468068584005e-01
9.756365772468273967e-01
9.783046542809326063e-01
9.928883241776480517e-01
9.927023939581769429e-01
9.899420573183831396e-01
9.906551224538713285e-01
9.856821106825520706e-01
9.962685374071362787e-01
9.963618488447725241e-01
9.926683366676811726e-01
9.865372294880661030e-01
1.007506239447143903e+00
1.000527699345914900e+00
9.994921773985234736e-01
9.908748730389185244e-01
9.898204261262887327e-01
9.908672471854049757e-01
9.841257011846328284e-01
9.947867520132245289e-01
9.970813232588912056e-01
1.002145409683884880e+00
9.947176081880354515e-01
9.964140369133356323e-01
9.909219293223090474e-01
1.005527948925925008e+00
1.000131341285010356e+00
9.977106085107205757e-01
9.943132761311374024e-01
9.905364076614574520e-01
1.001622170650259491e+00
9.867057946475016328e-01
9.974357390164421133e-01
1.004181436448094766e+00
9.960976864628786620e-01
1.000315454230016554e+00
1.002222834898392589e+00
9.963598312521869671e-01
1.001749059976703826e+00
9.903272789097655737e-01
9.956871279106570549e-01
9.960971132265281636e-01
9.948024844775150699e-01
9.960438096009472941e-01
9.990113692870654649e-01
9.971508799303522297e-01
1.003827423308577105e+00
9.914414224846844759e-01
9.908320000587785836e-01
9.923086563448104691e-01
9.973684236491620059e-01
9.996405342744090206e-01
9.929561113180315202e-01
9.994295699965287660e-01
9.986419559341987995e-01
1.013906414281320556e+00
9.900291278596647926e-01
9.909710785488723417e-01
9.996558177574680348e-01
9.982110314828068764e-01
1.005931227206997569e+00
9.920112812573607108e-01
1.007430487927909679e+00
9.980396120006896910e-01
1.005699126777458208e+00
9.990619015253638935e-01
1.012634522348824007e+00
1.007789447881764611e+00
9.970243407638640365e-01
9.878205868311129567e-01
9.980483461053653027e-01
9.988056770799161876e-01
9.988497720992585149e-01
9.966113279576733763e-01
9.961048646260451944e-01
9.941623504843351000e-01
9.957997683079058415e-01
1.007013353210073348e+00
1.003993902971594077e+00
9.920750787301549911e-01
9.930984606303825402e-01
9.946610386103396095e-01
1.003286724593299928e+00
9.975774855487994364e-01
9.924653712830390218e-01
9.966357104199131678e-01
1.002124292931704463e+00
1.001509509783705676e+00
9.959154053335336210e-01
1.010426198656844798e+00
9.871639845525483903e-01
9.954345658146543929e-01
1.008550676106551025e+00
9.953803614469882710e-01
9.940625225574338808e-01
1.002129775987812943e+00
9.982310248143213549e-01
9.992420108902900777e-01
9.967804020357559081e-01
1.000187871486575952e+00
9.974345798915428274e-01
1.000645827628436901e+00
9.966586254491109909e-01
1.004391788886920711e+00
1.002312527689327437e+00
9.951846830687576251e-01
1.001853914332668349e+00
1.000083774496141498e+00
1.002522292781788060e+00
9.975305412380170988e-01
9.942797324045051788e-01
1.009715768389964019e+00
9.994801104887379717e-01
9.947895767246638377e-01
1.000807873490497046e+00
9.973517606537789515e-01
1.005269701246725988e+00
9.951829112937573552e-01
9.927268110463978168e-01
1.001165159272378924e+00
1.005290205006147408e+00
9.907739585608420496e-01
9.987842603733984026e-01
1.002392392735770521e+00
9.981092147802697045e-01
1.001228664109983457e+00
9.983168751270770080e-01
1.004480787043363410e+00
9.976266365826675919e-01
1.002556181895144283e+00
1.001872767214030402e+00
1.000444416050747742e+00
9.990751199803404869e-01
1.001850211085078657e+00
9.953130401268536209e-01
9.931119924621601980e-01
9.934483784824263974e-01
9.953657411448585401e-01
9.947650028339852790e-01
9.914982188993971546e-01
9.932020458622984327e-01
9.920608524615858181e-01
9.944626610640266984e-01
9.992266505851004066e-01
