0.000000000000000000e+00
0.000000000000000000e+00
0.000000000000000000e+00
0.000000000000000000e+00
0.000000000000000000e+00
0.000000000000000000e+00
0.000000000000000000e+00
0.000000000000000000e+00
0.000000000000000000e+00
0.000000000000000000e+00
0.000000000000000000e+00
0.000000000000000000e+00
0.000000000000000000e+00
0.000000000000000000e+00
0.000000000000000000e+00
0.000000000000000000e+00
0.000000000000000000e+00
0.000000000000000000e+00
0.000000000000000000e+00
0.000000000000000000e+00
0.000000000000000000e+00
0.000000000000000000e+00
0.000000000000000000e+00
0.000000000000000000e+00
0.000000000000000000e+00
0.000000000000000000e+00
6.127424920487300173e-05
3.613114823817264575e-03
4.458010892381338713e-02
2.247096742063676433e-01
5.766467122066656348e-01
9.753552143670816132e-01
1.260310152393934402e+00
1.389899718375569915e+00
1.393996075847517613e+00
1.341123080936841072e+00
1.266273996261243040e+00
1.213429460739824162e+00
1.191831924965771838e+00
1.188558877902095023e+00
1.128742575903873835e+00
1.049679593103697295e+00
9.986387072779649987e-01
9.887993701717463502e-01
9.961565404044337990e-01
1.009942434076209539e+00
1.027644299701009567e+00
1.038770434093019057e+00
1.034256574459643918e+00
1.031662030614750591e+00
1.028173016050722977e+00
1.037909155991187049e+00
1.040692141146688066e+00
1.051113687738977953e+00
1.053636635096010465e+00
1.055352807427642592e+00
1.049197596750530481e+00
1.038032093965914893e+00
1.024137025360201791e+00
1.004728872682250751e+00
9.891669533578471007e-01
9.746465598872504632e-01
9.671075349203164251e-01
9.610557261200118884e-01
9.596024423003596260e-01
9.655981016363380798e-01
9.704466664053401637e-01
9.775661173625062039e-01
9.866427444149742376e-01
9.969475804039594768e-01
1.009093185471049647e+00
1.012358071506076262e+00
1.015964809561708648e+00
1.027804237234890561e+00
1.028221488333392220e+00
1.032348023890955035e+00
1.034294731322224381e+00
1.036023555227601367e+00
1.033491706290824430e+00
1.029917697306632851e+00
1.025477357912077059e+00
1.019356174293811312e+00
1.012416165473423391e+00
1.007439957522137997e+00
1.004704604852576733e+00
9.981445039033183253e-01
9.968283457694124827e-01
9.961122417173756682e-01
9.954704832128687952e-01
1.000362410845669459e+00
9.938303869811930813e-01
9.978549662015866462e-01
9.973347870117645897e-01
9.993281936677329558e-01
9.994939287392052840e-01
1.001306888530452577e+00
1.003505137144264925e+00
1.001349095997201566e+00
1.001441876775024387e+00
1.001133053698494590e+00
1.005026729707731326e+00
1.006478498949987976e+00
1.001845635833599868e+00
1.001449358800159173e+00
1.005351601944617368e+00
1.002811844794464280e+00
1.000973254705118221e+00
1.001734640014536160e+00
1.002100627741622008e+00
1.004402013016878259e+00
1.002926571760819785e+00
1.002482819956123983e+00
1.001659970898445717e+00
1.005722952653930191e+00
1.003181165151619592e+00
1.002263404084586806e+00
1.001768224733676549e+00
1.002776414289178852e+00
1.002584441873833665e+00
1.000828482391998620e+00
1.001073043440927623e+00
9.987033739471989913e-01
1.000920290090998810e+00
1.002730175843929095e+00
9.994526725134491585e-01
1.001643849391235408e+00
9.996300218130028670e-01
1.000970875645077030e+00
1.000183978840350152e+00
1.000194934918489986e+00
9.986970066242755184e-01
1.001276160556345829e+00
1.001566933180275232e+00
1.000590906131330504e+00
1.001222081611881309e+00
1.000039256179096059e+00
9.999672107647732400e-01
9.986681508943990870e-01
1.001648933124186014e+00
1.001743984341902483e+00
1.002896824210853799e+00
1.000341688395647077e+00
1.001210505820496754e+00
1.001230764295884645e+00
9.989739966437625185e-01
1.000829338172076532e+00
1.000650258631569534e+00
9.993860931689653171e-01
1.000611808996646257e+00
1.000976029004734480e+00
1.001207098559334874e+00
1.001574549150995530e+00
9.997043823434021981e-01
1.000338339571067436e+00
1.000287146461090071e+00
9.992335055334227167e-01
9.994524996055496047e-01
1.000022565777406225e+00
9.998803253852576178e-01
1.001162630041781521e+00
9.986517968523552780e-01
9.990260035449232134e-01
9.998189737653931930e-01
1.000896174472676536e+00
1.000244864763189634e+00
9.996249364390272785e-01
9.987800403389683890e-01
9.999677732528985397e-01
1.000594742968635709e+00
1.001665357101570120e+00
1.000572526349006841e+00
9.998518038908481564e-01
9.980760771476756554e-01
1.000039649707235023e+00
1.001239143210306271e+00
1.000319067644264814e+00
1.000768022399957768e+00
1.001048457800824520e+00
9.985510742416053853e-01
9.997033797716294856e-01
9.998238276205352326e-01
1.000865938766636321e+00
9.991337997517739655e-01
9.998484230248710913e-01
9.993814231889136535e-01
1.000391508775243965e+00
1.000286314519856834e+00
1.000198669426779485e+00
1.000459888956384935e+00
9.993009181048135847e-01
1.000856328547854668e+00
9.987157397260695291e-01
1.000346815196667460e+00
9.994990828680371253e-01
9.994195525254943036e-01
9.996580984478580234e-01
1.000517673637769001e+00
9.998440220566253700e-01
1.000852237988541615e+00
9.995534376335046822e-01
1.000436481015889889e+00
1.000138303583782973e+00
1.001185657090711389e+00
1.000759199005348377e+00
9.991643207941541815e-01
1.000608645976705180e+00
9.994607319227057918e-01
1.000145990824127473e+00
1.000008910577967258e+00
1.000042617954692403e+00
9.982303990788363723e-01
1.000296766241457913e+00
9.999514089172883979e-01
1.000138390331902993e+00
9.998159048758842316e-01
1.000145763182644698e+00
9.996317784103093684e-01
9.992286745416043559e-01
1.000125129393058421e+00
9.991407736777960791e-01
9.992687061135135940e-01
1.000297415721627559e+00
1.000517983143534240e+00
9.999618388205226971e-01
9.997972596862898520e-01
9.998497325092194910e-01
1.000127380539078237e+00
1.000023935253916196e+00
1.000413554338628552e+00
1.000485117168535387e+00
9.998730312992645253e-01
1.000372020732798406e+00
9.992288455876106035e-01
9.995654397142674785e-01
9.993164530848530624e-01
1.000011408911816613e+00
9.999283468830896249e-01
9.992702952032574970e-01
9.995360698659663257e-01
1.000159458666751267e+00
9.997268020441161251e-01
1.000260924927544481e+00
1.000390010082604642e+00
9.995320655784087904e-01
1.000430255013904590e+00
9.994027673246494992e-01
9.997354744086126566e-01
9.994379449287600359e-01
9.999414253610002801e-01
1.000232600996436183e+00
9.996111407759936673e-01
9.998245031972766705e-01
9.996518022960125816e-01
9.991192144501058747e-01
1.000242779899496171e+00
1.000767060856037061e+00
1.000095013871535210e+00
9.991202219452940403e-01
1.000225872150125150e+00
1.000340298471055656e+00
9.996263412341518384e-01
9.991268783071795001e-01
9.997142487019924362e-01
1.000148654805123050e+00
9.998196062925015504e-01
1.000892361045948364e+00
1.000197609219338979e+00
9.988255011736804079e-01
9.995308686722379488e-01
1.000263162941538386e+00
1.000606791927102002e+00
1.000241285281825432e+00
9.997379850113756738e-01
1.000411369660334504e+00
9.999190114291744980e-01
9.995384029605149934e-01
9.994897889171041605e-01
9.991099443733952867e-01
1.000220334170070169e+00
1.000457728863735740e+00
