0.000000000000000000e+00
0.000000000000000000e+00
0.000000000000000000e+00
0.000000000000000000e+00
0.000000000000000000e+00
0.000000000000000000e+00
0.000000000000000000e+00
0.000000000000000000e+00
0.000000000000000000e+00
0.000000000000000000e+00
0.000000000000000000e+00
0.000000000000000000e+00
0.000000000000000000e+00
0.000000000000000000e+00
0.000000000000000000e+00
0.000000000000000000e+00
0.000000000000000000e+00
0.000000000000000000e+00
0.000000000000000000e+00
0.000000000000000000e+00
0.000000000000000000e+00
0.000000000000000000e+00
0.000000000000000000e+00
0.000000000000000000e+00
0.000000000000000000e+00
0.000000000000000000e+00
0.000000000000000000e+00
0.000000000000000000e+00
0.000000000000000000e+00
0.000000000000000000e+00
0.000000000000000000e+00
0.000000000000000000e+00
2.110565015216940565e-02
4.229972139671441256e-01
2.320280923611202084e+00
5.840639720736487739e+00
8.005503962780677440e+00
7.931162449292011196e+00
6.351391400415904442e+00
4.670612189843451389e+00
3.466633753547545549e+00
2.466292255957798663e+00
1.864437893828392978e+00
1.514274468193755441e+00
1.290034880116969429e+00
1.138304887741938609e+00
1.076530930319452573e+00
1.053768816901654803e+00
9.984987400913110100e-01
1.028676961506124643e+00
1.126154471753572750e+00
1.154541583442954877e+00
1.230403566752743316e+00
1.328705056641377391e+00
1.361191203464642951e+00
1.388365717921953291e+00
1.402099562056662529e+00
1.433482220519519013e+00
1.458469242372460783e+00
1.411339899952794408e+00
1.365787247097609791e+00
1.382064438147673657e+00
1.345243310090822764e+00
1.249219282763713634e+00
1.218035054712421017e+00
1.140167334176685809e+00
1.136383250937021527e+00
1.022658227700270483e+00
1.055623201550347057e+00
1.006187948549101430e+00
1.009772978521293219e+00
1.018408796754222578e+00
1.023941751252274379e+00
1.060356859930376761e+00
1.084300828671583394e+00
1.076934244506319471e+00
1.116862675104646208e+00
1.107659380622337597e+00
1.112179835961697227e+00
1.122763662417492370e+00
1.091804554254211412e+00
1.126382205108475087e+00
1.110995300068295055e+00
1.091879923039154265e+00
1.079046554993643436e+00
1.058976691270005599e+00
1.049706917823931551e+00
1.040239273349504057e+00
1.038798766002971163e+00
1.017679942684593497e+00
1.001398871811422175e+00
1.023959482461502368e+00
1.001633162102348651e+00
1.009724809168829340e+00
1.036195496784864334e+00
9.805297548043844236e-01
1.005378669794329438e+00
9.815505348112200101e-01
9.883500524216449756e-01
1.000242840038322978e+00
1.010040673632154107e+00
1.001820543156240806e+00
1.011327604081362574e+00
9.937159621430808887e-01
1.012017207574030353e+00
1.028506689447827860e+00
1.014601539245256756e+00
1.013516508937631455e+00
1.041374529256259951e+00
1.029331621684729914e+00
1.034844264623163035e+00
9.965338782547173979e-01
1.027390657500788507e+00
1.027589282515619429e+00
1.008218145458519732e+00
1.004106943359674098e+00
1.012839047561256312e+00
1.016475247733898746e+00
1.003314516307259430e+00
1.008174432871706827e+00
1.008851827202351670e+00
9.959559790877056118e-01
9.935700126901518825e-01
1.017785261679722719e+00
9.929556725269516049e-01
9.985105743719550064e-01
9.988492111924286432e-01
1.005427587022513780e+00
9.911900558538732087e-01
9.923633700336105257e-01
1.003164287094299389e+00
9.989618927078214305e-01
9.945475061155919505e-01
1.003765916675244174e+00
1.010353915497300248e+00
1.022638788587784120e+00
9.922251996775243166e-01
9.890825879824379774e-01
9.957718700150505198e-01
1.005874875073972330e+00
9.886842514670222126e-01
1.012224905330428193e+00
1.016022264363149130e+00
1.016686267517830533e+00
1.016104095198624657e+00
1.003671817844164371e+00
9.991823201363564388e-01
1.017507305970817733e+00
9.965349146745313691e-01
1.009241825330730036e+00
1.004154235601239398e+00
9.936273510808698584e-01
1.000826911190395796e+00
1.010816356646438541e+00
1.000136186987223175e+00
9.921953546333024399e-01
1.011201315256767153e+00
1.002895202405063024e+00
1.006932914977827886e+00
1.003986253610261281e+00
9.847435649590621232e-01
9.938049963888374583e-01
9.960634813121169717e-01
1.005060714344814254e+00
9.999055644101364493e-01
1.008351264827693106e+00
1.007108540447513523e+00
1.002458002320884223e+00
1.010410323169541602e+00
9.961952951075709883e-01
9.986192478647993864e-01
9.956130776559932727e-01
1.012618379025720827e+00
9.959690921620880655e-01
1.005001134877598012e+00
9.994566920037900593e-01
1.009422945850575237e+00
1.001411224934335431e+00
1.004340200034348651e+00
1.019434073326550338e+00
9.944435448141832889e-01
1.013891032517965751e+00
1.013402325198394349e+00
9.943250962020396821e-01
1.009195712282271007e+00
1.006080989784799540e+00
1.000410963014190635e+00
1.013940930920439465e+00
9.957928778833379235e-01
9.943679172502167818e-01
9.997840716624348811e-01
9.969868875115770468e-01
1.010331844851134697e+00
9.961333604504833961e-01
9.892446869123960873e-01
9.918118695304672938e-01
9.870752210967427276e-01
9.884688794968914394e-01
9.962747030555499927e-01
9.949121611461515524e-01
9.996602539123046194e-01
1.004879014337951348e+00
9.932837854354346074e-01
9.990947919874239025e-01
1.008257128435862349e+00
9.969466249194385288e-01
9.994316712248781931e-01
9.877810815671052014e-01
1.004755343784177191e+00
9.954552387671349312e-01
9.921166702325222575e-01
9.941030816438181095e-01
9.941495364154979697e-01
9.913607225419053259e-01
9.955068852961490578e-01
9.924172449786229366e-01
9.958612163410608398e-01
9.932397135577731850e-01
9.877126307235221114e-01
9.958001471896829049e-01
1.002055287968445230e+00
9.927070614964493833e-01
9.957246408273731086e-01
1.002061605365865304e+00
9.945075214635157312e-01
9.892914842900130123e-01
9.959898714059938207e-01
9.922195935476001427e-01
1.001513041209879162e+00
1.004332599286854144e+00
9.911200372243552659e-01
9.912875562034088039e-01
9.902024919663284797e-01
9.949926946190653654e-01
9.900543284655478615e-01
9.998483073620542116e-01
9.978353057295167305e-01
9.952859342598987524e-01
9.958105190347917857e-01
9.963602477810821201e-01
9.848267507899904905e-01
9.960933166243938208e-01
9.944738949285687468e-01
9.994829194108109105e-01
9.902050944292311030e-01
9.805227349457845687e-01
9.955910419105735709e-01
9.898743157860933062e-01
9.903547326647177407e-01
9.888363999243749980e-01
9.872271008882150811e-01
1.003360022196317480e+00
9.889283460519999736e-01
9.896311570848508321e-01
9.901506736642665674e-01
9.911339901098272787e-01
9.820654713354404208e-01
9.885349698959567943e-01
9.863967799886330656e-01
9.894814025797679102e-01
9.879094936855782327e-01
9.866778504401688688e-01
9.919453176734345234e-01
9.878115923458284930e-01
9.894480532948763951e-01
9.976923396104027120e-01
9.904406071688452995e-01
9.976562941797360029e-01
9.936587580529783192e-01
9.870025587726365401e-01
9.886800446383184893e-01
9.871570003206565636e-01
9.950959824748405458e-01
9.884286342698392902e-01
9.841640775795970075e-01
9.795724309510399630e-01
9.886757592974692033e-01
9.821931389206552954e-01
9.895075044391984376e-01
9.871569187884193797e-01
