0.000000000000000000e+00
0.000000000000000000e+00
0.000000000000000000e+00
0.000000000000000000e+00
0.000000000000000000e+00
0.000000000000000000e+00
0.000000000000000000e+00
0.000000000000000000e+00
0.000000000000000000e+00
0.000000000000000000e+00
0.000000000000000000e+00
0.000000000000000000e+00
0.000000000000000000e+00
0.000000000000000000e+00
0.000000000000000000e+00
0.000000000000000000e+00
0.000000000000000000e+00
0.000000000000000000e+00
0.000000000000000000e+00
0.000000000000000000e+00
0.000000000000000000e+00
0.000000000000000000e+00
0.000000000000000000e+00
-4.929121985575157794e-09
-9.620602675480816046e-06
-1.018907426793405624e-03
-1.111040699475167315e-02
-3.653102900998342339e-02
-6.288446779841726231e-02
-7.607186120697403964e-02
-7.554806006454931055e-02
-6.528636308157578783e-02
-4.892640262429562292e-02
-2.916214588514914191e-02
-8.028428782647874240e-03
1.274586085820089004e-02
3.198989306014538014e-02
4.907939624402934270e-02
6.373395325705577541e-02
7.586020171588578331e-02
8.615138643930858597e-02
9.546768667322785840e-02
1.043339838964509880e-01
1.127754372425724544e-01
1.208301474013004639e-01
1.284356072238232727e-01
1.349471352594058537e-01
1.394645941050889626e-01
1.413223236617131007e-01
1.415737307243237764e-01
1.409942972588910659e-01
1.408556766160906915e-01
1.417182714600476734e-01
1.441989501696491205e-01
1.487401225283287443e-01
1.551577258300706474e-01
1.631641162254912070e-01
1.724606897676219108e-01
1.822233304758625327e-01
1.918223657993350095e-01
2.004638732461962447e-01
2.078892898123969879e-01
2.136025916185346207e-01
2.180365724167941111e-01
2.209103357125764555e-01
2.227746266470088943e-01
2.235645974851453444e-01
2.238623515686561927e-01
2.238722866439285530e-01
2.236222652307346404e-01
2.236510515611150329e-01
2.239565812517577137e-01
2.241392606778178642e-01
2.247981549161736092e-01
2.255084360572112978e-01
2.268629251831768001e-01
2.289006842747090542e-01
2.312765648186640433e-01
2.341038999836528578e-01
2.368491023519511685e-01
2.397240554662380951e-01
2.427049057498754936e-01
2.450812474900392612e-01
2.471781746632331633e-01
2.488928217932447617e-01
2.501798278443059242e-01
2.514498948586312843e-01
2.523838151456052059e-01
2.530442463292792432e-01
2.532652629786100729e-01
2.534819401040093734e-01
2.537493750069870768e-01
2.537565180461566761e-01
2.538062558673983005e-01
2.539036527761681095e-01
2.539340677856838924e-01
2.539963957104162118e-01
2.542878249785536227e-01
2.550479410795472024e-01
2.555689450345705049e-01
2.560122834076362652e-01
2.563057776588023029e-01
2.561927482467561967e-01
2.563245787645881402e-01
2.563366387735573904e-01
2.562609793372721545e-01
2.557168773834970210e-01
2.552200893419036554e-01
2.548489436269444353e-01
2.545550189390800022e-01
2.542994590978974734e-01
2.537555299215646376e-01
2.532721154384753315e-01
2.529872597755025709e-01
2.525669922660391808e-01
2.520763529027711947e-01
2.515369801101310365e-01
2.512695613162454489e-01
2.508835399755818263e-01
2.505888597562527798e-01
2.504488246590554912e-01
2.499656542252935987e-01
2.492727620693596380e-01
2.487223165756169418e-01
2.482157621679930426e-01
2.475377957262946960e-01
2.471812468546815411e-01
2.473745339368342844e-01
2.467622441914153475e-01
2.462987957284226148e-01
2.459732826600931066e-01
2.461295589130262362e-01
2.455119277420686474e-01
2.451529508295086646e-01
2.445241214410033836e-01
2.439188837603162852e-01
2.432694520251432180e-01
2.425574078997409233e-01
2.421823592011207449e-01
2.417977057167995381e-01
2.410579556572533255e-01
2.406276088066380547e-01
2.402009146355104097e-01
2.396717830501168267e-01
2.388642471904747211e-01
2.373573539255346976e-01
2.363351832917938156e-01
2.353734512175610361e-01
2.344519845873681563e-01
2.338670933813872255e-01
2.332424110965319319e-01
2.326545429899399831e-01
2.318090176815463810e-01
2.313844886196136652e-01
2.301769717440651786e-01
2.291581237435053597e-01
2.284232739119185784e-01
2.271873999181386328e-01
2.262528534678164838e-01
2.251105783473698330e-01
2.243059969679521148e-01
2.230424575554927347e-01
2.218832269503119847e-01
2.204618075687986289e-01
2.193326206254223032e-01
2.182911204505461056e-01
2.174258251221448113e-01
2.155947026656761523e-01
2.140776154856618985e-01
2.133951396921341948e-01
2.118941793780358407e-01
2.108707165354004598e-01
2.106337163982659189e-01
2.097175858209860966e-01
2.088936515682119910e-01
2.082058787213899864e-01
2.070159611996112425e-01
2.061324805251626147e-01
2.054726735337390475e-01
2.037534632325117001e-01
2.020351906838797063e-01
2.006364859427145486e-01
2.003256529236066008e-01
1.993264814486381542e-01
1.983846449815769852e-01
1.976279951490339526e-01
1.964219224755522353e-01
1.950824970967101057e-01
1.943665801712318453e-01
1.932620901448581230e-01
1.914739413846859861e-01
1.907461318148984120e-01
1.902301221250830010e-01
1.894234317925688194e-01
1.888879700743179568e-01
1.880079612132173339e-01
1.871395583214079394e-01
1.860601702298649296e-01
1.846898124453189849e-01
1.842138807346731522e-01
1.822463222435774799e-01
1.810363480437836570e-01
1.792359832267905462e-01
1.774800379764158165e-01
1.757737592542345517e-01
1.747383108945144148e-01
1.735766723840696524e-01
1.718063046801088789e-01
1.707252454200585134e-01
1.691349464895701149e-01
1.677529828119912469e-01
1.660392156285551424e-01
1.643941459471398581e-01
1.632144096044343407e-01
1.610295439978386700e-01
1.595074941885156750e-01
1.575336400627365685e-01
1.553562410378777070e-01
1.535420165774811219e-01
1.516447370874334510e-01
1.502488813325091876e-01
1.484637066186590415e-01
1.468120093992176245e-01
1.455180167725677320e-01
1.433161470279911975e-01
1.420892121383203199e-01
1.406340296481899677e-01
1.377598232941691925e-01
1.361154545017232986e-01
1.340636972619933531e-01
1.319377160819909522e-01
1.302551570369451794e-01
1.285443109950559215e-01
1.265056387393176107e-01
1.234520384297237011e-01
1.209524530481169424e-01
1.186421645849954076e-01
1.157766367559401044e-01
1.136649423020021504e-01
1.115115507116414828e-01
1.088395637042865183e-01
1.065456727958993960e-01
1.037564095916641005e-01
1.019429282337196152e-01
9.973197558998531109e-02
9.719712242279239522e-02
9.401349907078809798e-02
9.178401417213194469e-02
8.931176925358814966e-02
8.662636139012351577e-02
8.386325422826829135e-02
8.124595153623115351e-02
7.835472695173675839e-02
7.568193961140637360e-02
7.397668945761136372e-02
7.106446109398925626e-02
6.838007329596527961e-02
6.614600716981765272e-02
6.368550948295501057e-02
6.153311916272270060e-02
5.981365277561645488e-02
5.695168341582981103e-02
5.386580107165446496e-02
5.059250814042062783e-02
4.799132460764957142e-02
4.686940239069005421e-02
4.488663349778396899e-02
4.181850943659627673e-02
3.957538210251580757e-02
3.684955989767985107e-02
3.433302231112586589e-02
3.227952378490639429e-02
2.997304740789572333e-02
2.789591949555068895e-02
2.583288171209693895e-02
2.292909734027880064e-02
2.034726776626125805e-02
1.740580184159987859e-02
1.448471424526166784e-02
1.124513234314217236e-02
8.794892245889099347e-03
6.381123099611862859e-03
3.705139911663588026e-03
6.634889970794782821e-05
-2.606816912773729511e-03
-5.355228611332613076e-03
-7.623109233207386870e-03
-1.008224584521563716e-02
-1.357658331961400511e-02
-1.702955902482066602e-02
-1.962475528959270465e-02
-2.190166714069059078e-02
-2.301026138459347226e-02
-2.522038832838455202e-02
-2.763336651755168849e-02
-3.000173313587214952e-02
-3.242853627973537461e-02
-3.422778748703017571e-02
-3.796184053821762688e-02
-4.102852190198691407e-02
-4.442046231067750539e-02
-4.582932384468831749e-02
-4.818666713924045497e-02
-5.161526816830354358e-02
-5.530771161421620119e-02
-5.887543979788320558e-02
-6.172634927978428582e-02
-6.504556121023997994e-02
-6.819076803153667488e-02
-7.259205184881378781e-02
-7.611522297138539894e-02
-7.985265543200686933e-02
-8.445768863682477645e-02
-8.874406140878608740e-02
-9.190825196574950451e-02
-9.545868447616508157e-02
-1.001252785580988985e-01
-1.041134376867335898e-01
-1.075790203449689675e-01
-1.116976497141732305e-01
-1.163339283580062805e-01
-1.209584182721351875e-01
-1.248548185329232396e-01
-1.295746514067631083e-01
-1.335589769476858424e-01
-1.380784240135675411e-01
-1.427041874077557559e-01
-1.469158171503269217e-01
-1.511179436003668997e-01
-1.562400044790683562e-01
-1.606761251899053167e-01
-1.664832981494688280e-01
-1.718462871357235855e-01
-1.763657252255246277e-01
-1.812533668353671634e-01
-1.862664374006019474e-01
-1.919018862517887503e-01
-1.983150553759736867e-01
-2.028984875590055248e-01
-2.086305999622298790e-01
-2.138584984959025770e-01
-2.185639287517164575e-01
-2.257369407800262906e-01
-2.306293375191170447e-01
-2.357360849913066048e-01
-2.409536842661572642e-01
-2.467507792429412539e-01
-2.538118584569498126e-01
-2.605475780790170170e-01
-2.666988106249412183e-01
-2.738247464331881043e-01
-2.806059547544144661e-01
-2.881604858750459464e-01
-2.950550188304537635e-01
-3.017287023647943212e-01
-3.092714666429207115e-01
-3.157088254515466041e-01
-3.220685663110030017e-01
-3.295534394840574643e-01
-3.374503761558836912e-01
-3.440807361749642634e-01
-3.509229757370304625e-01
-3.585877517648585755e-01
-3.659774045931341035e-01
-3.731442310126467099e-01
-3.819122319677683564e-01
-3.898464118230267061e-01
-3.971355398518565671e-01
-4.044840839576293590e-01
-4.124389506322945209e-01
-4.197171578797567193e-01
-4.265947549628243962e-01
-4.331628327862198091e-01
-4.399864230776584506e-01
-4.473590804568141621e-01
-4.547799222163391164e-01
-4.624192954366401764e-01
-4.697368776840331606e-01
-4.775372511437243617e-01
-4.845230891046732324e-01
-4.924077750258728514e-01
-4.996770513267776437e-01
-5.070667007504958690e-01
-5.144686606825743524e-01
-5.198044062133213572e-01
-5.266466585229263586e-01
-5.337465929003784026e-01
-5.407507233818904524e-01
-5.481755185796330920e-01
-5.552022081136165355e-01
-5.628668776281458008e-01
-5.711680588273786441e-01
-5.778463793672017346e-01
-5.840479154581110777e-01
-5.908852916422908663e-01
-5.978243377557070914e-01
-6.037643948323143661e-01
-6.093299986085227715e-01
-6.162241688684844121e-01
-6.230254214360151366e-01
-6.297457637649159778e-01
-6.351899733849712959e-01
-6.412914791197792397e-01
-6.472580455145546807e-01
-6.533447347208891642e-01
-6.592824062241149363e-01
-6.650126075217102084e-01
-6.700577573780606144e-01
-6.764838445007370638e-01
-6.831452590470235009e-01
-6.887785360306111215e-01
-6.943620416129334671e-01
-6.991845016736775165e-01
-7.049488077487779947e-01
-7.111786883454769281e-01
-7.162567435124600479e-01
-7.219068861002071458e-01
-7.257206439257828379e-01
-7.306917705751203584e-01
-7.359194807790885307e-01
-7.410949231138772575e-01
-7.467218064235012775e-01
-7.526676877555047440e-01
-7.563344556349704817e-01
-7.617023418243036303e-01
-7.663658401039583623e-01
-7.706369892832469759e-01
-7.749899035653413648e-01
-7.794830222520658936e-01
-7.842020672030542983e-01
-7.890354116073012847e-01
-7.943109866165798394e-01
-7.984107155852058213e-01
-8.028927863443158230e-01
-8.070712991890474086e-01
-8.104343395959432428e-01
-8.138165885001171773e-01
-8.177525603721562675e-01
-8.217915014759142878e-01
-8.255407270137311571e-01
-8.284512680163089726e-01
-8.329576727407044245e-01
-8.367146260334692442e-01
-8.397869181059007815e-01
-8.426509612587835818e-01
-8.470874692117149607e-01
-8.506677850230062177e-01
-8.541488362443629967e-01
-8.574116465261027997e-01
-8.605822246888834570e-01
-8.639189449056914327e-01
-8.666650373841662258e-01
-8.690518493971239877e-01
-8.719589904254689827e-01
-8.749982341199427083e-01
-8.787399463437850500e-01
-8.817960977107190956e-01
-8.854255063676248483e-01
-8.873571608616543926e-01
-8.903238801576662809e-01
-8.924464975555963520e-01
-8.954729731579504914e-01
-8.984293168641102056e-01
-9.012123681847583612e-01
-9.033250218564603529e-01
-9.055288349137526893e-01
-9.076962186795469734e-01
-9.104879164458736795e-01
-9.132800510690515239e-01
-9.149224317957873609e-01
-9.171472772746085411e-01
-9.189816311045717612e-01
-9.215123592432519217e-01
-9.237387273225579065e-01
-9.253646385570561961e-01
-9.274602869280670348e-01
-9.291019628183789791e-01
-9.312598758614569761e-01
-9.332604980322969368e-01
-9.347433176605193239e-01
-9.370227652572111765e-01
-9.392295212095973511e-01
-9.411155379872866433e-01
-9.422704109327071365e-01
-9.440167856856191975e-01
-9.454156183307134143e-01
-9.467482696833826594e-01
-9.481457126154850812e-01
-9.498670363273618023e-01
-9.513571820129413936e-01
-9.526315111050962514e-01
-9.543801347803650970e-01
-9.555530169573671628e-01
-9.572302062938433664e-01
-9.581285943533544014e-01
-9.591323115652699016e-01
-9.602177927919228750e-01
-9.608554637478619043e-01
-9.619146202966817327e-01
-9.628255159584000467e-01
-9.637409392265681163e-01
-9.648827110725619605e-01
-9.654441219008731423e-01
-9.665388946369830592e-01
-9.672574890948908433e-01
-9.682185796074804784e-01
-9.691322465208713766e-01
-9.703293233158660769e-01
-9.705879651889972592e-01
-9.717963071520898666e-01
-9.725157595061659777e-01
-9.733743618163543943e-01
-9.735350552163595239e-01
-9.745674471802772132e-01
-9.753289340398509921e-01
-9.760215807655185927e-01
-9.771353330642682522e-01
-9.782996381928796836e-01
-9.793237713287226143e-01
-9.804221620564135264e-01
-9.812742598898580582e-01
-9.819950134213399906e-01
-9.825468118925755334e-01
-9.834061039588277708e-01
-9.840493952280553458e-01
-9.847389055865392038e-01
-9.851713803603843189e-01
-9.854962084210114881e-01
-9.865081919573981395e-01
-9.867459556384687858e-01
-9.874649264482400213e-01
-9.877589328954172743e-01
-9.882723867691538544e-01
-9.888165827955504028e-01
-9.893982773795073626e-01
-9.898676281445659697e-01
-9.900374393632773717e-01
-9.903407780255975013e-01
-9.905858117783168382e-01
-9.912167734609056424e-01
-9.917845530189879355e-01
-9.921860110831630664e-01
-9.926411557416940923e-01
-9.927968837049547801e-01
-9.932095734312724744e-01
-9.936444478480552789e-01
-9.941383411768356382e-01
-9.941677828226147540e-01
-9.943161456022835409e-01
-9.945871656929057281e-01
-9.952852265134879417e-01
-9.953639640351639173e-01
-9.959720252639954197e-01
-9.962399728856325964e-01
-9.966737100129421378e-01
-9.968212405707390644e-01
-9.973083944004201840e-01
-9.974533931326732272e-01
-9.975220268233897514e-01
-9.978188943891836971e-01
-9.982440261271676718e-01
-9.986110574593567435e-01
-9.988099942939925313e-01
-9.990464415376436591e-01
-9.991093887150555020e-01
-9.990603102123714052e-01
-9.993975754496204900e-01
-9.994489483449342515e-01
-9.994634844889560554e-01
-9.994315701569576049e-01
-9.996788158530307555e-01
-9.997246951053284647e-01
-9.999531760943227710e-01
-9.999676747280545897e-01
-9.999897607425509705e-01
-1.000173466858768734e+00
-1.000238343902992710e+00
-1.000152352076725037e+00
-1.000333769660528560e+00
-1.000384316699069132e+00
-1.000442973919348333e+00
-1.000575321371002246e+00
-1.000674912708745978e+00
-1.000750149229020280e+00
-1.000883883742289981e+00
-1.000922595415431715e+00
-1.000915929377811153e+00
-1.000965054803486964e+00
-1.000941418764000446e+00
-1.000882199956208751e+00
-1.000939447965379259e+00
-1.000879964045111592e+00
-1.000952946366851393e+00
-1.000989325675618602e+00
-1.001018106013702891e+00
-1.000963187855745673e+00
-1.001007772508046401e+00
-1.001025964628070142e+00
-1.001063277071807534e+00
-1.001064343858956818e+00
-1.001104877170632790e+00
-1.001108977906596920e+00
-1.001085704694787637e+00
-1.001092748502287577e+00
-1.001096231497399458e+00
-1.001093725444093252e+00
-1.001095333792477504e+00
-1.001094581579422993e+00
-1.001094658663987502e+00
-1.001094658663987502e+00
-1.001094658663987502e+00
-1.001094658663987502e+00
-1.001094658663987502e+00
-1.001094658663987502e+00
-1.001094658663987502e+00
-1.001094658663987502e+00
-1.001094658663987502e+00
-1.001094658663987502e+00
-1.001094658663987502e+00
-1.001094658663987502e+00
-1.001094658663987502e+00
-1.001094658663987502e+00
-1.001094658663987502e+00
-1.001094658663987502e+00
-1.001094658663987502e+00
-1.001094658663987502e+00
-1.001094658663987502e+00
-1.001094658663987502e+00
-1.001094658663987502e+00
-1.001094658663987502e+00
-1.001094658663987502e+00
-1.001094658663987502e+00
-1.001094658663987502e+00
-1.001094658663987502e+00
-1.001094658663987502e+00
-1.001094658663987502e+00
-1.001094658663987502e+00
-1.001094658663987502e+00
-1.001094658663760129e+00
-1.001094658663987502e+00
-1.001094658663987502e+00
-1.001094658663987502e+00
-1.001094658663760129e+00
-1.001094658663987502e+00
-1.001094658663987502e+00
-1.001094658663987502e+00
-1.001094658663987502e+00
-1.001094658663987502e+00
-1.001094658663987502e+00
-1.001094658663760129e+00
