0.000000000000000000e+00
0.000000000000000000e+00
0.000000000000000000e+00
0.000000000000000000e+00
0.000000000000000000e+00
0.000000000000000000e+00
0.000000000000000000e+00
0.000000000000000000e+00
0.000000000000000000e+00
0.000000000000000000e+00
0.000000000000000000e+00
0.000000000000000000e+00
0.000000000000000000e+00
0.000000000000000000e+00
0.000000000000000000e+00
0.000000000000000000e+00
0.000000000000000000e+00
0.000000000000000000e+00
0.000000000000000000e+00
0.000000000000000000e+00
0.000000000000000000e+00
0.000000000000000000e+00
0.000000000000000000e+00
0.000000000000000000e+00
8.718409697688368765e-04
7.948892815861655081e-02
7.337558989256997011e-01
1.817987173513852195e+00
2.192045553936480928e+00
1.981794478740628973e+00
1.686806383123530262e+00
1.454385468063788434e+00
1.260914503011553611e+00
1.111771896176598329e+00
9.926068913655622383e-01
9.122696776459032764e-01
8.602845978592651432e-01
8.282067725498064581e-01
8.070725667787423951e-01
7.927644931809370021e-01
8.001637538131889382e-01
8.303667588721996839e-01
8.726988996516147346e-01
9.239801066210117098e-01
9.802780468961818094e-01
1.027251590050535235e+00
1.058431102155885206e+00
1.078039298027958282e+00
1.083262560431202504e+00
1.080722974209800791e+00
1.073460360165466643e+00
1.060150687761719057e+00
1.051483030642640148e+00
1.032514476695515881e+00
1.014970748443000614e+00
1.000285893279252214e+00
9.829497005446905522e-01
9.715875058438353529e-01
9.658490027323750615e-01
9.616111616362301717e-01
9.619974733806300193e-01
9.642087951028174286e-01
9.680464816554068541e-01
9.726420047956955139e-01
9.795727128003046680e-01
9.892877181523489494e-01
9.965156503825232104e-01
1.003679385563913007e+00
1.007914579627850360e+00
1.014592492710003846e+00
1.015047334648230715e+00
1.018759452993150960e+00
1.016928145173528586e+00
1.014035248127834965e+00
1.011363482290725591e+00
1.009151727930071463e+00
1.005113308878001988e+00
9.998844854784286751e-01
9.974248509329376455e-01
9.941399958556952354e-01
9.939032824815953182e-01
9.923591763929656695e-01
9.927631756322211620e-01
9.944617001775531984e-01
9.942711149689347216e-01
9.955955122419917203e-01
9.973687444418969372e-01
9.985160768860753544e-01
1.000305389008601109e+00
9.996761189492601174e-01
1.001643121622148858e+00
1.002342150240022489e+00
1.002806515813132293e+00
1.002058748275624911e+00
1.001178004608885175e+00
1.000617347610712526e+00
9.993114639402173038e-01
9.986770745297437468e-01
9.976474710120748490e-01
9.968629171588646587e-01
9.974964044571401622e-01
9.977402851154476560e-01
9.988202331267519440e-01
9.972930121956626870e-01
9.983266895125233464e-01
9.989735200182152663e-01
9.992872685553778611e-01
1.000941558918397201e+00
9.996491125367723551e-01
1.000844501445448564e+00
1.000595905403619312e+00
1.001600433605321472e+00
1.002202731838332861e+00
1.000848781076263183e+00
1.000961838168767049e+00
1.000603017268284489e+00
9.994068434469417506e-01
9.990546668677251496e-01
9.998479320515042401e-01
9.991620176161325473e-01
9.987880153670127825e-01
9.977994322763603652e-01
9.987577786250958489e-01
9.983755081253545827e-01
9.990729901361709020e-01
9.978566019383856567e-01
9.989734443580930989e-01
9.996436860787852874e-01
9.994105950527570892e-01
1.000248195964658748e+00
9.992824704410805392e-01
9.996761154530102722e-01
1.000245805814216515e+00
9.990576847749473854e-01
9.995884854862903124e-01
1.000378214787557951e+00
9.999343043290327415e-01
9.996897842113614541e-01
1.000074632762296023e+00
9.994598163902941312e-01
9.991835137960499713e-01
9.989760594562009377e-01
9.990352911542973446e-01
9.994470051064877625e-01
9.993028515421130686e-01
9.993244096892277550e-01
9.992703394660653604e-01
9.998069314074153890e-01
1.000012197612587750e+00
9.990495448186517136e-01
9.989466041785068917e-01
9.996519994003763010e-01
1.000463161610352536e+00
1.000114807466339295e+00
9.997504041286255916e-01
9.993814780501099060e-01
9.996598846878967937e-01
9.993657493229788358e-01
9.998342213786438615e-01
9.984571116273032176e-01
1.000092853048002883e+00
9.992715854459738312e-01
9.992834153700812516e-01
9.995110127362388797e-01
9.986754734115252941e-01
9.995706233635747173e-01
9.997179978305438253e-01
1.000038754580079070e+00
9.998112621293374636e-01
1.000344477458834813e+00
9.999933740849570318e-01
1.000066562947657056e+00
9.995901724039157887e-01
9.997414857156424750e-01
9.999079991652379817e-01
9.992635315874842661e-01
9.999587151031350540e-01
9.998818500900986672e-01
1.000064682091950319e+00
1.000410906001716782e+00
1.000034833909158261e+00
9.997032629110385038e-01
9.998030603355563262e-01
9.996621545396759956e-01
1.000339584155517381e+00
9.993180095992506562e-01
9.998117207817206475e-01
9.994228504198914287e-01
9.993926627031045617e-01
9.992790521457585173e-01
9.998441847824823814e-01
9.992957613890555146e-01
9.998016883173246327e-01
9.997649149709167959e-01
9.998523200031241842e-01
1.000252062126905095e+00
9.992939947657405453e-01
9.997434455962717070e-01
9.999321717304811008e-01
9.995439254112465921e-01
9.999418662045038708e-01
1.000072771795748272e+00
1.000003343924222410e+00
9.999179219216776104e-01
1.000142490289031461e+00
9.996064375068361985e-01
9.993022772040393020e-01
9.999546445657958582e-01
9.998601080825217924e-01
9.997665252304379635e-01
9.997499471239160718e-01
9.997997341026516605e-01
9.997553457479638750e-01
1.000058915188785091e+00
9.999664231739756604e-01
1.000000657918743263e+00
1.000014600584771873e+00
1.000287407183674704e+00
1.000105820839836346e+00
9.999129842366123455e-01
9.996413875063502319e-01
9.997676313622335664e-01
9.995953952530928222e-01
1.000008104972488709e+00
9.999057812189344752e-01
9.999294692634151938e-01
1.000368283315476114e+00
1.000097768301178691e+00
1.000439798275040593e+00
9.995918718624143828e-01
9.996122430667037095e-01
1.000180596697887392e+00
9.999070835528576229e-01
1.000013514275379656e+00
1.000139284723969402e+00
1.000166739146017392e+00
1.000108598061468790e+00
1.000236987739805405e+00
9.999780159923615797e-01
9.994425902187075161e-01
9.999194527200329086e-01
1.000532173893455612e+00
1.000449390610704370e+00
9.999677273660326771e-01
9.998108203636641989e-01
1.000126062905671187e+00
9.997241370660877591e-01
1.000165058795172923e+00
9.998080885917739469e-01
9.998428447909077921e-01
1.000364906174045387e+00
9.995656979415763477e-01
1.000241271844927615e+00
9.995843791204931383e-01
9.996156454101838840e-01
1.000056009535559065e+00
1.000086538525824631e+00
1.000229330729087041e+00
9.999729312992506891e-01
1.000208638611645329e+00
9.997193680510021441e-01
1.000515952167074341e+00
1.000436002829474091e+00
1.000164359015749849e+00
9.999365146079854938e-01
9.999567821758393871e-01
1.000295714024965310e+00
1.000197767295048168e+00
9.998928385551553166e-01
1.000066281323757522e+00
1.000073862819758075e+00
1.000078499408678212e+00
1.000329018369727097e+00
9.997898410225682930e-01
9.997627369578742096e-01
1.000003466696121945e+00
9.997110878119429556e-01
9.999748459973917258e-01
1.000169719562409520e+00
9.998380507479984747e-01
