0.000000000000000000e+00
0.000000000000000000e+00
0.000000000000000000e+00
0.000000000000000000e+00
0.000000000000000000e+00
0.000000000000000000e+00
0.000000000000000000e+00
0.000000000000000000e+00
0.000000000000000000e+00
0.000000000000000000e+00
0.000000000000000000e+00
0.000000000000000000e+00
0.000000000000000000e+00
0.000000000000000000e+00
0.000000000000000000e+00
0.000000000000000000e+00
0.000000000000000000e+00
0.000000000000000000e+00
0.000000000000000000e+00
0.000000000000000000e+00
0.000000000000000000e+00
0.000000000000000000e+00
0.000000000000000000e+00
0.000000000000000000e+00
8.567176511860777203e-04
7.925843919810128535e-02
7.342170602339090912e-01
1.812126091597297650e+00
2.190211765720867731e+00
1.977725988601265916e+00
1.685670764399689103e+00
1.445600950866982259e+00
1.262236127040442302e+00
1.108887451338667951e+00
9.938235626263212108e-01
9.124478048088913162e-01
8.584148944048881624e-01
8.298794548352333988e-01
8.080941546865906266e-01
7.912456271010126496e-01
8.022427820881816718e-01
8.299872497668491222e-01
8.755328414004124316e-01
9.264991106948263777e-01
9.775032517976498525e-01
1.021554481197563868e+00
1.058357616691440350e+00
1.074988804310077262e+00
1.077581026653011032e+00
1.074452343990161207e+00
1.072461125170906637e+00
1.062223125728027240e+00
1.046052707419114824e+00
1.031390637084443007e+00
1.014183331901492791e+00
9.951582324941785629e-01
9.827513665478748717e-01
9.713622184161279094e-01
9.624039665610900629e-01
9.619263619699630619e-01
9.606214283395728692e-01
9.622545216571152249e-01
9.679280005370073381e-01
9.740193938675594243e-01
9.796133260055439607e-01
9.880305220192385773e-01
9.942116877637610095e-01
1.003321596972191365e+00
1.008606795799416478e+00
1.012664613120980217e+00
1.015041413576532436e+00
1.014466715578617784e+00
1.014041115294434414e+00
1.013602842853566166e+00
1.010414093752870057e+00
1.006920399387215781e+00
1.003285238321065975e+00
1.000171208373708431e+00
9.956453579172704904e-01
9.930051332762078742e-01
9.920886008036392534e-01
9.914815271828778531e-01
9.928910511906684500e-01
9.933770492058089374e-01
9.937427761576621554e-01
9.947337136309458705e-01
9.964029258555132662e-01
9.981872034551655393e-01
9.989128075222093450e-01
1.001392400424059304e+00
1.001705170928911981e+00
1.000499338118682857e+00
9.999622462293897840e-01
1.002199353474571009e+00
9.992538158280520610e-01
1.000672156077823338e+00
9.986295894684743546e-01
9.988996943284063068e-01
9.992292403144442670e-01
9.973578892956088682e-01
9.971811935168263252e-01
9.966084855725146907e-01
9.981406413743547645e-01
9.974062617906134243e-01
9.974292503545245658e-01
9.989911861672748916e-01
9.998037549681039193e-01
9.994299315099366421e-01
1.000397643563640804e+00
1.001297035269850033e+00
1.000538840019657094e+00
9.997152287853758867e-01
1.001062933776500907e+00
1.000715892401669249e+00
1.000441219250491454e+00
9.994568177421262467e-01
9.995755903753220650e-01
9.982276766045082850e-01
9.984132085911543442e-01
9.983004748923957061e-01
9.994530547222711947e-01
9.991465811837727529e-01
9.994426214713226786e-01
9.992810057803329649e-01
9.982801757377786078e-01
9.993588892941870361e-01
9.990462615045722083e-01
9.991127830815315081e-01
9.994734471029350642e-01
1.000517376300609884e+00
9.989361841046517920e-01
9.996227519994878019e-01
9.992122440690958118e-01
9.995604643081258400e-01
9.998220643173045818e-01
9.999422697798323600e-01
1.000079491898728579e+00
9.987129041908427984e-01
9.991400992972748751e-01
9.996492742772191686e-01
9.990289529753629827e-01
9.993467516707618126e-01
9.995974787858432631e-01
9.994902576156650120e-01
9.991880493051213952e-01
9.994490337710614236e-01
9.997983620843416963e-01
9.995582307430178615e-01
9.989200395086532680e-01
9.995226959506464670e-01
9.998602453652313260e-01
9.990213178911574454e-01
9.996689157620484156e-01
9.994306225052358439e-01
9.992404068524324279e-01
9.992403313203480630e-01
9.990691391928488985e-01
9.991512673758404794e-01
9.999636881128973753e-01
9.999269316803870433e-01
9.988115031082649420e-01
9.995458410326405474e-01
9.997844971109942636e-01
9.999060968445521169e-01
9.994361858033444790e-01
1.000067954435862383e+00
9.995379124834781193e-01
9.995319508546537390e-01
9.997358622457620525e-01
9.997060093294843908e-01
9.996690655264264258e-01
9.996450715352939165e-01
9.996396503361428820e-01
9.994531341266260638e-01
9.996350384775607445e-01
9.998076725121174402e-01
1.000585361002037210e+00
9.994131270019764868e-01
9.995818583223907705e-01
9.992234324765500997e-01
1.000225391126101426e+00
9.991336487832640501e-01
9.998411371076731946e-01
1.000293022863358861e+00
9.994023320163725188e-01
9.995531355828141118e-01
9.999274374735925841e-01
9.993817338108177406e-01
9.997816637274424822e-01
9.996446293451500820e-01
1.000162860012096866e+00
9.994639110780415558e-01
9.996285961615792859e-01
1.000089784830801687e+00
1.000260883772029485e+00
9.998664594059260002e-01
1.000074019321954832e+00
1.000469124846605107e+00
1.000086584432336556e+00
9.998845019301623172e-01
1.000365372879737480e+00
9.996259796692860133e-01
9.999956999527925827e-01
9.997026510544300137e-01
1.000041634015242487e+00
1.000227870118089335e+00
9.997021441728053404e-01
9.995544812372567645e-01
9.995180759752816391e-01
9.996528836767516468e-01
9.998656635353287969e-01
9.995692231928552385e-01
1.000162423925546884e+00
9.997359625647750381e-01
9.999686797466046384e-01
9.999838309608772846e-01
9.997697879494532591e-01
9.999805059412425479e-01
1.000636220387037589e+00
1.000042736330411408e+00
9.996473778094762119e-01
9.999324100970914397e-01
1.000238105972356850e+00
1.000211551064977167e+00
1.000399549260232668e+00
1.000122475015128964e+00
1.000118546538708131e+00
1.000387930143052051e+00
1.000135341087896812e+00
9.999100597090221365e-01
9.997019797160332510e-01
9.999336993472230928e-01
1.000445023693591784e+00
1.000394588070557589e+00
1.000201395138571758e+00
1.000546214218104746e+00
1.000158347396249203e+00
9.994754196321368189e-01
9.997161571954390480e-01
1.000014147082948446e+00
1.000132924997929162e+00
1.000232929299087248e+00
1.000054151433116711e+00
1.000397662490787987e+00
9.996553564464616404e-01
9.998309812850357803e-01
9.996320598302383953e-01
1.000483194561989198e+00
1.000428087844653202e+00
9.999340513915944140e-01
9.998162512333303997e-01
1.000051511044016683e+00
1.000000906063595485e+00
1.000353701250717098e+00
1.000517819321276258e+00
1.000035094517093937e+00
1.000200656188189763e+00
1.000505630514604949e+00
1.000365329260402891e+00
9.996836108532041187e-01
1.000661680906568929e+00
1.000343369311657016e+00
1.000228244612865414e+00
9.997074898987931002e-01
1.000656235910979408e+00
9.996374807942702834e-01
1.000116193451297653e+00
1.000227553806310565e+00
9.998794623944736726e-01
1.000229909507418302e+00
1.000232780805371924e+00
1.000220283656582998e+00
9.997582260346763450e-01
1.000163313101396501e+00
1.000418199087935278e+00
1.000208764964491071e+00
9.997785555479525854e-01
1.000039859719670909e+00
1.000028384452680053e+00
1.000531502313749099e+00
