0.000000000000000000e+00
0.000000000000000000e+00
0.000000000000000000e+00
0.000000000000000000e+00
0.000000000000000000e+00
0.000000000000000000e+00
0.000000000000000000e+00
0.000000000000000000e+00
0.000000000000000000e+00
0.000000000000000000e+00
0.000000000000000000e+00
0.000000000000000000e+00
0.000000000000000000e+00
0.000000000000000000e+00
0.000000000000000000e+00
0.000000000000000000e+00
0.000000000000000000e+00
0.000000000000000000e+00
0.000000000000000000e+00
0.000000000000000000e+00
0.000000000000000000e+00
0.000000000000000000e+00
0.000000000000000000e+00
0.000000000000000000e+00
0.000000000000000000e+00
0.000000000000000000e+00
2.294994079757065042e-02
4.013643568704560738e-01
1.293052275806888085e+00
1.675281586564933756e+00
1.254656379175872027e+00
7.553012847203154356e-01
4.202561559532215774e-01
2.997985119728389103e-01
2.696950092703966351e-01
2.472556171302064121e-01
2.686754124326221627e-01
2.784158096987892628e-01
2.700312294360141530e-01
2.436198399329951303e-01
2.247780207952678189e-01
2.811458431134059022e-01
3.197526582703907883e-01
4.248250523809246060e-01
5.477064277596170871e-01
6.990699091419625422e-01
8.932640322256328869e-01
1.059644888014690256e+00
1.201407882812015604e+00
1.330692395250288040e+00
1.443102635970447079e+00
1.533709398971220716e+00
1.574765992252646907e+00
1.563609818795114403e+00
1.531403006533308186e+00
1.418283969174654047e+00
1.278481983780347608e+00
1.143603216119370991e+00
1.068143582971330163e+00
9.724069551094837172e-01
9.036478231637617986e-01
8.853318386238663296e-01
8.677160166881732195e-01
8.894026924408602319e-01
8.906118395363507023e-01
9.257716843760084302e-01
9.201594418270147013e-01
9.365809724714655449e-01
9.583854193133657384e-01
9.571441926401285105e-01
9.885571692198311666e-01
9.994589233600154055e-01
1.014881352505982770e+00
1.020770906382561183e+00
1.037475911315052901e+00
1.047406144781198867e+00
1.047055809830439221e+00
1.054313612670604305e+00
1.039393998506180639e+00
1.044332450512476473e+00
1.024869668271741308e+00
9.875387146817572459e-01
9.861426438065226119e-01
1.000230622430011262e+00
9.938154145897443170e-01
9.721744112337430410e-01
9.772927322064596245e-01
9.878016202241435284e-01
9.846407636544122211e-01
9.765109003454326420e-01
9.899818493172704015e-01
9.932484535296178807e-01
9.831134732678979971e-01
1.003757725901821773e+00
9.965396731903688465e-01
9.980179115275286117e-01
1.010399751970716631e+00
1.011115802225432514e+00
9.911744686341638078e-01
1.008661752547751478e+00
9.900852710149344871e-01
1.006983044157547358e+00
1.001493826813411037e+00
9.912629392567617881e-01
9.997499804574347948e-01
9.922312616465478463e-01
9.843436240953774563e-01
9.746585736339044015e-01
9.621951291673488393e-01
9.895108898506894679e-01
9.774576626855420169e-01
9.778844123580436865e-01
9.918322871329839918e-01
9.832949107066768502e-01
9.939596592902972816e-01
1.000031393699788662e+00
9.906071790136535826e-01
9.848599720978536975e-01
9.936086489330876459e-01
9.984945854100847340e-01
9.942478851488942837e-01
1.006519634112805095e+00
9.899300510493623806e-01
9.933382636820583533e-01
9.986761052888044610e-01
9.987294031263812544e-01
9.927385541964572901e-01
1.001602242557694922e+00
1.001407523196729654e+00
9.929297215555753509e-01
1.002615328712883835e+00
9.887838200668501720e-01
9.873424175614193832e-01
9.886593293791742232e-01
9.950255723064369562e-01
9.905620994942581081e-01
1.001116904443740907e+00
9.968387649785376281e-01
9.962205644674043681e-01
1.001764152532500729e+00
1.000925595905861387e+00
1.001083964156050499e+00
1.004512832074378137e+00
9.931380204248846377e-01
1.003563124027045506e+00
9.943206873870121809e-01
1.001320435291113364e+00
9.974205318830654532e-01
1.002914659038922629e+00
9.956125551542391872e-01
9.956798147727579096e-01
9.923520748822175497e-01
1.001067978588023877e+00
9.974733723377634531e-01
9.986144226388976586e-01
1.006059697266122654e+00
1.001524969612839211e+00
1.001518200121229274e+00
1.002581403799531978e+00
9.991306262002142002e-01
1.006298747430403928e+00
9.874896128815792151e-01
9.986703815151977137e-01
9.980734690944084164e-01
1.003348905380908818e+00
1.006193047927046225e+00
1.000829385233456437e+00
9.973649047244005361e-01
9.949290633920593319e-01
1.009826207554321620e+00
1.008111410002927588e+00
1.002828536776812163e+00
1.000105336967104686e+00
9.961064001612598418e-01
1.012402400496713817e+00
9.957301422693338733e-01
1.001187084745184253e+00
9.934124989482775447e-01
9.921987670313334728e-01
9.977872145496379241e-01
9.986149900070760976e-01
1.004970496503220012e+00
9.950560391537889293e-01
1.002230973010292292e+00
9.961312702890185999e-01
9.928564618834970767e-01
1.001816883656933665e+00
1.000902078058354183e+00
1.002785427501697635e+00
1.002460027555925448e+00
1.003696237022950299e+00
9.989367101062717191e-01
1.002232408682334208e+00
9.949136300055154702e-01
1.001681411511392561e+00
1.010578507242926083e+00
1.009137431823240894e+00
1.010635119871721388e+00
1.007500522607867266e+00
1.004276585440920799e+00
1.003088161129732647e+00
9.965475883871801610e-01
1.006563305755816984e+00
9.960950699818670317e-01
1.006676078938664620e+00
1.012360675286851697e+00
1.005304189556210925e+00
1.001612017186536585e+00
1.008264196321578599e+00
1.004461164782462390e+00
1.002821832946318770e+00
1.000102538510279748e+00
1.003190316094691115e+00
9.993547121821793056e-01
1.006465281420931168e+00
1.001426878010881261e+00
1.005723191825585117e+00
1.003282569233412858e+00
1.005191180495824899e+00
1.010480412033455622e+00
1.002606674042868962e+00
1.001363170619313570e+00
1.007291464985411444e+00
1.004899300949916086e+00
9.994981523526641487e-01
1.005115279309064524e+00
1.003394350874282637e+00
1.002365492647998346e+00
9.914888783735783528e-01
9.909642369685982555e-01
9.978440879496536242e-01
9.976257629450782094e-01
9.950757977691945255e-01
1.000231558188291903e+00
9.975324543657836385e-01
1.002895936390624687e+00
1.004338873599834647e+00
9.951251756157696304e-01
9.970934414921825972e-01
9.972262195227192816e-01
9.995052506666174397e-01
9.978432433917459043e-01
9.948041271394204577e-01
9.985547223615969248e-01
1.002008580019401851e+00
9.993892421994179376e-01
1.000161551511796976e+00
9.972816718313788353e-01
9.969497180611305298e-01
9.968607537617075742e-01
9.991923742033932410e-01
1.002602193912542905e+00
1.002250419328375219e+00
9.978179998672415119e-01
9.945958589977994535e-01
9.974634176246638395e-01
9.916610211580941803e-01
9.975868910847799365e-01
9.947178942492602705e-01
9.981665252147821077e-01
9.939025047788502265e-01
1.001450147990509354e+00
9.941562331331410540e-01
1.000137673081759049e+00
1.002074092842184516e+00
1.001714028329403261e+00
9.996762967433494573e-01
1.000738253888052931e+00
1.002706907863293084e+00
9.992833856385988645e-01
9.939095787210542321e-01
9.998399617723121580e-01
9.952646595640156635e-01
9.970950954074898620e-01
9.980881376822108297e-01
1.001137610108069786e+00
9.959560271409566568e-01
9.954453497657224093e-01
9.939984690229580755e-01
9.990461438176468922e-01
