0.000000000000000000e+00
0.000000000000000000e+00
0.000000000000000000e+00
0.000000000000000000e+00
0.000000000000000000e+00
0.000000000000000000e+00
0.000000000000000000e+00
0.000000000000000000e+00
0.000000000000000000e+00
0.000000000000000000e+00
0.000000000000000000e+00
0.000000000000000000e+00
0.000000000000000000e+00
0.000000000000000000e+00
0.000000000000000000e+00
0.000000000000000000e+00
0.000000000000000000e+00
0.000000000000000000e+00
0.000000000000000000e+00
0.000000000000000000e+00
0.000000000000000000e+00
0.000000000000000000e+00
0.000000000000000000e+00
0.000000000000000000e+00
0.000000000000000000e+00
0.000000000000000000e+00
2.582965820801619294e-02
4.201903513760213982e-01
1.373004591886230585e+00
1.804144303532149829e+00
1.325965642927884991e+00
8.023409281713340668e-01
4.140742083451129929e-01
3.124976943836082488e-01
2.297333205412537271e-01
2.127088938637813620e-01
2.249158912754325446e-01
2.255027820047308396e-01
2.316184769626820072e-01
2.161645667816594063e-01
2.101277600165645243e-01
2.434252131607079206e-01
3.027782571148983637e-01
4.168392765949452961e-01
5.567605555523131855e-01
7.288995020201659569e-01
9.004796736992656259e-01
1.024063984365077395e+00
1.232195034025934000e+00
1.302466667474708961e+00
1.382858685103754315e+00
1.471284570378923240e+00
1.561784696220901214e+00
1.578358570073653322e+00
1.476408714213729212e+00
1.406890105270278690e+00
1.258399383472790456e+00
1.128238714384671271e+00
1.032670124638685571e+00
9.650392543710245574e-01
9.242235152502483730e-01
8.819777493052516348e-01
8.636128544281683750e-01
8.549560006951589797e-01
8.806544730832793766e-01
9.004818947121087103e-01
8.892527682404113287e-01
9.293110178986158099e-01
9.181271579897518631e-01
9.337652799175997220e-01
9.531546596027637985e-01
9.923925230783791074e-01
9.896199565826407918e-01
9.830231155930990727e-01
1.038401129693734770e+00
1.021920288287223144e+00
1.022587722198158078e+00
1.021985741012952476e+00
1.032203593628143068e+00
1.010545802709695407e+00
9.894315495584222742e-01
9.930161255274262411e-01
9.776774388012755557e-01
9.826355084951873264e-01
9.694901242043905132e-01
9.666135301330580631e-01
9.805816517585432823e-01
9.717233595777631239e-01
9.686745361058254344e-01
9.750806742523505655e-01
9.646438265510344223e-01
9.782624210574487611e-01
9.809400275802792057e-01
9.721359574885735100e-01
9.786054874766937361e-01
9.785513882313101597e-01
9.916371980075820991e-01
9.814367102604942827e-01
9.755989582833667351e-01
9.877129085238425255e-01
1.002014360025446749e+00
9.841285214668352710e-01
9.854841400783714844e-01
9.750004686296608325e-01
9.922380268305315276e-01
9.845036667349145176e-01
9.769427085811291933e-01
9.664680929399339648e-01
9.772720591004636637e-01
9.762587261829414054e-01
9.681885165168629959e-01
9.842989410667054573e-01
9.710189856070764458e-01
9.734903211726260164e-01
9.872585687855355285e-01
9.784972051662601533e-01
9.830085486525025340e-01
9.930650643984129111e-01
9.800116984803010078e-01
9.917674145896882010e-01
9.791692740746004153e-01
9.845546845631359956e-01
9.903956167936501798e-01
9.884302583342285953e-01
9.873102827604609555e-01
9.770566876449546800e-01
9.845951916337821741e-01
9.945470908000545451e-01
9.875916270672109309e-01
9.829350964701928373e-01
9.916397272522686768e-01
9.834147609544935387e-01
9.894077419526596806e-01
9.895319731540394015e-01
9.764695660367234131e-01
9.855671517343979060e-01
9.810601260014282232e-01
9.872052887003903709e-01
9.885879353785825829e-01
9.888974148236734374e-01
9.849455141438770989e-01
9.968450704827094278e-01
9.949804231287352474e-01
9.880133884029385083e-01
9.902174731011791353e-01
9.829370564373040020e-01
9.883472966270929749e-01
9.967327378061445753e-01
9.964856754596407296e-01
1.001717432220709192e+00
9.931960198806254470e-01
9.910174998150154124e-01
9.938952707019250710e-01
9.921087390800783501e-01
9.970685817222790792e-01
9.990127417964759227e-01
9.917731712169044478e-01
9.909472367138385529e-01
9.931922579621731417e-01
9.927678500441189380e-01
9.989017926674611525e-01
9.970542912416802128e-01
9.948711391775826307e-01
1.000583843166382714e+00
9.962024551140578055e-01
9.996787099460441306e-01
9.964317634747227315e-01
9.913708224080367559e-01
9.891992137423435416e-01
9.915699754670255217e-01
9.947417284722430697e-01
9.942543471445695058e-01
9.933500997691377954e-01
9.959494924277092487e-01
9.918488238855157624e-01
9.865114462960118402e-01
1.003230253290237517e+00
9.950290022208873042e-01
9.930633562975413886e-01
9.956047237733803845e-01
9.968122368427239088e-01
9.850629252276167369e-01
9.953983178918675012e-01
9.958128506309910088e-01
9.941269173777903534e-01
9.955434930007658334e-01
9.964089973120869859e-01
1.000142621416722610e+00
9.994676512019762260e-01
9.954020603464918127e-01
9.929032168412169623e-01
9.942862913643489842e-01
9.958590862853067271e-01
1.004739543004777413e+00
1.004753530357012536e+00
9.978059573234436819e-01
9.959588714307018309e-01
9.972673667191744862e-01
9.936391773240953462e-01
9.938148973668142760e-01
9.997707126394083099e-01
9.975172794040134683e-01
1.000027530365373618e+00
9.964698093627758491e-01
9.932228717568030163e-01
9.978673020837691698e-01
9.958837617195498426e-01
9.982457828974463654e-01
9.886778093430377279e-01
9.933762301172545106e-01
1.003248104869732593e+00
9.958413423373377871e-01
9.990488310445909681e-01
1.000103793419315767e+00
9.943783105773466025e-01
9.925352862408529653e-01
9.955718590886255548e-01
9.937811674016697738e-01
9.978078034247307437e-01
9.921813793296259121e-01
9.898632375131873884e-01
1.001145175378251873e+00
9.958850282241494822e-01
9.917951293216838993e-01
9.893514788394830450e-01
1.000666896141231721e+00
9.926624988654909609e-01
1.001701099994216193e+00
9.936604374744839596e-01
9.943577369959178958e-01
9.924636971184429557e-01
9.895747773922929369e-01
9.948275872602921899e-01
9.895904891994909969e-01
1.002562788046316378e+00
9.838174364360906532e-01
9.866748888020027142e-01
9.938686395075002622e-01
9.920483559959560882e-01
9.915239548342669185e-01
9.918567923051248014e-01
9.931178309215468181e-01
9.894914050105105829e-01
9.889165250522548023e-01
9.911165160305868138e-01
9.943181211078206960e-01
9.867203709830139058e-01
9.925613630053677916e-01
9.929451717003697775e-01
9.919741607272758444e-01
9.964905561366519393e-01
9.962406749112324711e-01
9.883336805187604712e-01
9.924602948465244268e-01
9.953090901012411340e-01
9.932249636872653165e-01
9.999664322353233326e-01
9.974536162071753198e-01
9.901635598482023681e-01
9.952483467300051734e-01
9.941665682010409899e-01
9.963440854372533906e-01
9.942277937295278534e-01
1.000359589066679211e+00
9.912539142884100318e-01
1.000252560373767974e+00
9.932898417609929975e-01
9.954359444941268675e-01
9.941394721345402363e-01
9.939818970968917755e-01
9.986662243021890983e-01
9.924716170612153388e-01
9.952534030572706136e-01
9.999710754030018967e-01
9.926629231367977146e-01
9.931889217568449224e-01
9.979173421572500313e-01
9.985121994728058947e-01
9.895786075767117884e-01
9.932611012667859063e-01
