0.000000000000000000e+00
0.000000000000000000e+00
0.000000000000000000e+00
0.000000000000000000e+00
0.000000000000000000e+00
0.000000000000000000e+00
0.000000000000000000e+00
0.000000000000000000e+00
0.000000000000000000e+00
0.000000000000000000e+00
0.000000000000000000e+00
0.000000000000000000e+00
0.000000000000000000e+00
0.000000000000000000e+00
0.000000000000000000e+00
0.000000000000000000e+00
0.000000000000000000e+00
0.000000000000000000e+00
0.000000000000000000e+00
0.000000000000000000e+00
0.000000000000000000e+00
0.000000000000000000e+00
0.000000000000000000e+00
0.000000000000000000e+00
0.000000000000000000e+00
0.000000000000000000e+00
0.000000000000000000e+00
0.000000000000000000e+00
0.000000000000000000e+00
6.701983194590414861e-03
2.004077259020052848e-01
1.260731034104717541e+00
2.831815864219407342e+00
3.350032473022061641e+00
2.749496624310995063e+00
1.910502350817255168e+00
1.298378835327409497e+00
9.591272564580328730e-01
7.896721891098787971e-01
7.241276313057790626e-01
7.084931785010839533e-01
7.327688737000110919e-01
7.668946860316325775e-01
8.271905417064425725e-01
8.966239767148119766e-01
9.637421803294532463e-01
1.043867968901688759e+00
1.104068252965994423e+00
1.155842996246635446e+00
1.182764765037727539e+00
1.198967556531962630e+00
1.196668875881967686e+00
1.190078932295880021e+00
1.158825080247106953e+00
1.122223207820675750e+00
1.079416491957235102e+00
1.035163106375441844e+00
9.942984978337393587e-01
9.577882096884779983e-01
9.338701013578815102e-01
9.184845463200620452e-01
9.112242855164638389e-01
9.140022033231499643e-01
9.283752903208818408e-01
9.439091584184728934e-01
9.638630039254335591e-01
9.816796363252019431e-01
9.993150518063289578e-01
1.013166414992498154e+00
1.022403622940576184e+00
1.033811312935800197e+00
1.044713887933196972e+00
1.049020809639690910e+00
1.053509316766934045e+00
1.052915520412596617e+00
1.046986489494335704e+00
1.040468791678169191e+00
1.028954822022343008e+00
1.019055142121832125e+00
1.008643515335730489e+00
9.976042973438533634e-01
9.913080122603548094e-01
9.832692937937531630e-01
9.795087795141504960e-01
9.825881002401521958e-01
9.831224639145919042e-01
9.853574334413368607e-01
9.868164952823010871e-01
9.912752869018807145e-01
9.943967927127028705e-01
9.973884980486206198e-01
9.981809794916400858e-01
1.000720568111257203e+00
1.001755180202193340e+00
1.002586077311780732e+00
1.000683950611219286e+00
1.001539681052810993e+00
1.001826406469603636e+00
1.000102841722083857e+00
9.987895115498490739e-01
1.000059969263003889e+00
9.967790630243821282e-01
9.952303967300043519e-01
9.947887979328655650e-01
9.961895439998408319e-01
9.963451036684318751e-01
9.958146098631238674e-01
9.959982310815055362e-01
9.971947147996278460e-01
9.970244693344803011e-01
9.999528057929878422e-01
9.989343262728214157e-01
1.000079151281240808e+00
9.984561046669363504e-01
9.994089392991025722e-01
9.987135195677172561e-01
9.977424437456281492e-01
9.992884015952032684e-01
9.994942692406132423e-01
9.991433222301162598e-01
9.978212804407307068e-01
9.982697365467838591e-01
9.989315056303612606e-01
9.984428184472610157e-01
9.977983561868668527e-01
9.984515086095677727e-01
9.994453921942778596e-01
9.995826220998733636e-01
9.995266868176929664e-01
9.996159260649415401e-01
9.997527630410167898e-01
1.001136250414481621e+00
9.999959948201447846e-01
9.996415574201682475e-01
9.993236909003063717e-01
1.000258423802997898e+00
9.988288863455958566e-01
9.973274188399228191e-01
9.996728149622314819e-01
9.998239331921220385e-01
9.995500697387567079e-01
1.000228641729908219e+00
1.001274483539625004e+00
1.000478572879915040e+00
9.998391378444083655e-01
9.990459100605677545e-01
9.999192365384452774e-01
1.000432746923406002e+00
9.992682035101833060e-01
9.999290539676839451e-01
1.000204333520990918e+00
1.000582897528505821e+00
1.000229309201590144e+00
1.001243342190661689e+00
1.000005223347050221e+00
9.993561291099004595e-01
9.997151784499302973e-01
9.996471329599628808e-01
1.000436936513029451e+00
9.996434850824829077e-01
1.000018899361220903e+00
1.000186254706216138e+00
9.989887591018186130e-01
9.998988628464535733e-01
1.000301446931613381e+00
9.991049541019697555e-01
9.997815945264316717e-01
1.000318829999984338e+00
1.000380998983072756e+00
9.989551049639527891e-01
9.994654746996656236e-01
9.998672900712473055e-01
1.000632677465851605e+00
9.993945745380381496e-01
9.997741544220849486e-01
1.000606624038393733e+00
1.000015443138553506e+00
9.994974533139068251e-01
9.996770862369276367e-01
9.999464906655231022e-01
9.996893596162217399e-01
1.000341529001398611e+00
9.992799136694623385e-01
1.000624429425806650e+00
1.000128250228547122e+00
1.000666777396683749e+00
1.000130715724484975e+00
1.000828021088333797e+00
9.998012441084046520e-01
9.997874277853885383e-01
1.000605088005375620e+00
9.995979764537842316e-01
1.000247718644070805e+00
1.000590098041711284e+00
9.995586417416822966e-01
9.999251599696341586e-01
9.999158238317611413e-01
1.000361472669575758e+00
1.000318077723280741e+00
1.000360245245987212e+00
9.996547388226677544e-01
1.001138367810583407e+00
1.000888496244960013e+00
1.000222755307250022e+00
1.000608007160213697e+00
1.000037881070791945e+00
1.000177606628973148e+00
9.999043807336358558e-01
9.996472239479216038e-01
9.995979292855906584e-01
1.001107169892927917e+00
1.000408268439403114e+00
9.997445629395099731e-01
1.000320346410001893e+00
1.000234586369575185e+00
9.999594990264440986e-01
9.996941433841531888e-01
1.000220359368935830e+00
1.001366477309140413e+00
1.000081144758617091e+00
1.000417242603000689e+00
1.000502771582254313e+00
9.997528794723626877e-01
1.000264094101371848e+00
1.000610161647828456e+00
9.999788380678925614e-01
1.000156840041563466e+00
1.000789298736351807e+00
9.995472816273774930e-01
1.000215111054208794e+00
9.998159049868301507e-01
1.000210442088600882e+00
1.001243191545137634e+00
1.001193674650881160e+00
1.000365279160616794e+00
1.000190029472410203e+00
1.001189995624233386e+00
1.000561814544052908e+00
1.001378553349214773e+00
1.001326763622985005e+00
1.000659682268483008e+00
9.995003043815271493e-01
1.000383175825892312e+00
1.000582397110766797e+00
1.000677643327974264e+00
1.000568636093313257e+00
1.000375487003596353e+00
1.000785985310456372e+00
1.000480812465482261e+00
9.998183836462830598e-01
1.000977444161650354e+00
9.998314243506446486e-01
9.996590254183136404e-01
1.001076662687873320e+00
9.999087716414793992e-01
1.000565316758014855e+00
1.000779201532325580e+00
1.000230318337089086e+00
1.000286445162821058e+00
9.996014314985792737e-01
1.000490604172004305e+00
1.001090385498930591e+00
1.000699646972301737e+00
9.947638464514884094e-01
9.840696007294824632e-01
9.722978874635941349e-01
9.610265313133369292e-01
9.502149217066149234e-01
9.392241408324285556e-01
9.283713809975101539e-01
9.179191619096153110e-01
9.064581161173674850e-01
8.952398319569179197e-01
8.849611301733362190e-01
8.747285760988126047e-01
8.643875549373024603e-01
8.532699348537077233e-01
8.440419847136276799e-01
8.332255260713578027e-01
8.232401302135775589e-01
