0.000000000000000000e+00
0.000000000000000000e+00
0.000000000000000000e+00
0.000000000000000000e+00
0.000000000000000000e+00
0.000000000000000000e+00
0.000000000000000000e+00
0.000000000000000000e+00
0.000000000000000000e+00
0.000000000000000000e+00
0.000000000000000000e+00
0.000000000000000000e+00
0.000000000000000000e+00
0.000000000000000000e+00
0.000000000000000000e+00
0.000000000000000000e+00
0.000000000000000000e+00
0.000000000000000000e+00
0.000000000000000000e+00
0.000000000000000000e+00
0.000000000000000000e+00
1.721058231412254252e-02
7.165778998074276984e-01
3.010105513149373024e+00
3.539007472235899510e+00
2.166868940703924995e+00
1.012137607181184729e+00
4.493314552990454458e-01
2.360051128858586533e-01
2.293028641573044424e-01
3.718584018560646132e-01
5.645266845207341788e-01
7.167421812023186956e-01
8.060320841859356378e-01
8.416182891415955325e-01
8.518249163397125789e-01
8.696479149560089050e-01
9.024449036155381965e-01
9.665373820699819651e-01
1.024630577821622479e+00
1.073113886532968797e+00
1.130206372051620889e+00
1.186054180230666999e+00
1.236846980572672505e+00
1.262436886061423680e+00
1.271951819490402924e+00
1.250212372190897758e+00
1.214202148833909201e+00
1.160162448861143725e+00
1.094985423259088986e+00
1.040492464147102281e+00
9.880407262395325407e-01
9.520442955455165057e-01
9.346521681421317007e-01
9.205135601224719855e-01
9.199194465226834261e-01
9.218142074790427465e-01
9.237847838812500711e-01
9.304457407202243457e-01
9.392478815659797142e-01
9.485287505500344940e-01
9.590460723140905586e-01
9.691881166598528274e-01
9.823324632157892644e-01
9.925405843024442953e-01
1.001703542624474697e+00
1.009688719819098246e+00
1.013842989639004655e+00
1.014335645347752113e+00
1.015271842580724559e+00
1.012146208659946200e+00
1.010033060585701747e+00
1.008292523630347048e+00
1.006527502481137981e+00
1.004067003356164278e+00
1.003198908717803928e+00
1.003426615007549483e+00
1.005562407979139206e+00
1.004499998360442126e+00
1.004936543995046838e+00
1.005533004204881120e+00
1.004874954153325506e+00
1.006210516006806222e+00
1.004475857058986232e+00
1.003631404530219928e+00
1.001626273619988350e+00
1.002150367950879639e+00
1.001294571666303534e+00
9.980932941431770455e-01
9.978715657609082967e-01
9.966838896671462722e-01
9.947412387837587522e-01
9.952322902517365399e-01
9.928684387704471703e-01
9.919810515765835612e-01
9.938216066963093676e-01
9.931710075507247382e-01
9.940946304649096454e-01
9.946854179131754403e-01
9.946326175631926558e-01
9.969995296789494477e-01
9.982502400383614916e-01
1.000242024625992654e+00
1.002924294276725581e+00
1.003534587465229944e+00
1.004242507768877246e+00
1.005041616248748992e+00
1.004688615004962315e+00
1.003925205621614580e+00
1.004592074730140006e+00
1.004003249232119588e+00
1.002650212252218287e+00
1.002414188086448554e+00
1.001459734718690209e+00
1.000471628534457480e+00
1.000165831424635776e+00
1.000960499242415480e+00
1.000146734140814786e+00
9.993167789708805593e-01
9.995303663830722440e-01
9.994152484777922840e-01
9.981099504323243110e-01
9.982823186974832952e-01
9.994947994978164996e-01
9.983848440568554583e-01
9.985906416462229096e-01
9.994340141627747753e-01
9.989027040410854985e-01
9.995266350037402825e-01
9.997400609660656023e-01
1.000065125266824451e+00
1.000240503980142970e+00
1.000142633984623330e+00
1.000257114167545147e+00
1.000774946606294291e+00
1.000729856287966069e+00
1.000857240880742349e+00
1.001282652582565991e+00
1.001400764064354965e+00
1.000773831101237521e+00
1.001745449769025686e+00
1.001078276075297646e+00
1.000515732650128387e+00
1.000443243326608167e+00
1.000843481198076423e+00
1.000824796393870786e+00
1.000346342331783545e+00
1.000373053303150073e+00
9.998314594723555215e-01
1.000251236660865795e+00
1.000272218958645931e+00
1.000102407077800848e+00
9.999749740216679061e-01
9.997316655845890354e-01
9.999122400771917052e-01
9.994930727323122488e-01
1.000380768056051473e+00
9.995053771066858550e-01
1.000480143940729816e+00
1.000604088246709544e+00
1.000085176780889817e+00
1.000358538419771737e+00
1.000454332647716216e+00
1.000938085641102981e+00
1.000164821065556486e+00
1.000011137329137378e+00
1.000248666469017333e+00
1.000355931648698515e+00
1.000424685683255710e+00
1.000959878546088033e+00
1.000580429761803281e+00
1.000436531409972352e+00
1.000621254880728728e+00
1.000573833786132960e+00
1.000770184930006579e+00
1.000548588180474097e+00
1.000183387048227512e+00
1.000264172348931169e+00
1.000637032113937508e+00
1.000246999201377607e+00
1.000599408775221022e+00
1.000694729471179656e+00
9.999607872548322840e-01
1.000305445350601730e+00
1.000470979961963991e+00
1.000331516317273906e+00
1.000666203334758864e+00
1.000162298899787361e+00
1.000004574348999364e+00
9.997668961243076913e-01
1.000445594274519179e+00
1.000791108226566584e+00
1.000482753736221087e+00
9.998716212252842794e-01
9.997984071711827347e-01
1.000138075238061308e+00
1.000287081749251517e+00
1.000561527743429213e+00
9.997012383994942075e-01
1.000441469117378412e+00
9.999167694911996751e-01
1.000207274099641719e+00
1.000295222911856019e+00
1.000357401846450056e+00
1.000525110788260230e+00
1.000579093149324805e+00
1.000162398177552703e+00
1.000537508713020607e+00
9.999367078498102579e-01
9.999892795817276747e-01
1.000367686305609682e+00
1.000470305581027342e+00
1.000116876232047591e+00
9.999492715773758977e-01
1.000162902183695302e+00
1.000476788896508262e+00
1.000145026627678790e+00
1.000346602001228380e+00
1.000101791361474923e+00
1.000008402355886616e+00
1.000129209267190511e+00
9.993126997244609067e-01
1.000158731685064195e+00
1.000210896015741424e+00
1.000053734714536846e+00
1.000212273047108802e+00
1.000093471076369811e+00
1.000028968147281816e+00
9.997527163190657040e-01
9.999070170236952215e-01
9.999529808272412668e-01
1.000027330576988671e+00
1.000139296089171959e+00
9.999599053606271770e-01
1.000330951997451479e+00
1.000449231979101850e+00
1.000514257671206941e+00
1.000287043179138857e+00
9.999049491779270493e-01
1.000139463904528014e+00
1.000449606899589616e+00
1.000217288663482584e+00
9.999636207526458875e-01
1.000388575083702936e+00
1.000939365108306722e+00
1.000126149235703199e+00
9.998290107785665626e-01
9.998693989033752283e-01
1.000233138015097722e+00
1.000080970970724792e+00
1.000285331399972222e+00
9.997886599028038557e-01
1.000260098064114533e+00
1.000186723529905342e+00
1.000380060519177050e+00
9.995751516021389449e-01
1.000237849751274055e+00
9.998541976915760188e-01
1.000124337421820497e+00
1.000272247840142237e+00
1.000740558719977358e+00
9.999055366615452467e-01
1.000043796126553586e+00
9.998985745677775316e-01
1.000167488996455134e+00
1.000338874047900894e+00
1.000089093557620989e+00
9.999911389779587712e-01
1.000318788203024889e+00
1.000178231994360623e+00
1.000081705572045010e+00
1.000490554669236420e+00
1.000194471804574325e+00
9.999331869691511221e-01
1.000360194301015193e+00
9.999900774453868157e-01
1.000073677340858724e+00
1.000099803460874126e+00
1.000383271006262564e+00
9.999062470686208570e-01
1.000083388209100699e+00
1.000149545900808734e+00
1.000104368812331446e+00
9.998974875839965470e-01
9.999786052173138540e-01
1.000282033499442669e+00
1.000302545333999094e+00
1.000141486464713569e+00
1.000063666872004431e+00
9.998810120999678253e-01
9.997408311815992876e-01
1.000236804495306719e+00
9.994237340467537756e-01
1.000132675895033296e+00
1.000038028020534542e+00
1.000423937420443332e+00
9.999557070068669784e-01
1.000136218251912013e+00
1.000555037033897809e+00
1.000381673736302490e+00
9.998527934744843026e-01
1.000073407342933152e+00
9.997674884133370687e-01
9.999654640227427782e-01
9.999429106467142558e-01
1.000160375496013110e+00
1.000149753730199098e+00
1.000308937309239310e+00
1.000191086902672222e+00
1.000245161701481811e+00
9.999173432735057876e-01
1.000162068167377516e+00
1.000166963721928370e+00
1.000278144548590431e+00
1.000143461703671077e+00
1.000094714332199208e+00
1.000050959611106682e+00
1.000049695479285461e+00
1.000499651068548657e+00
1.000134525661936280e+00
9.998421740189008533e-01
1.000020538735666875e+00
9.998251451257504918e-01
9.999542268816581370e-01
9.999822908640798591e-01
9.997407161989600999e-01
1.000037756610877571e+00
9.998300454911532853e-01
9.998946245296012059e-01
1.000112429962200178e+00
1.000035971718375771e+00
1.000433086731274068e+00
1.000050871155288679e+00
1.000009809499553981e+00
9.997293330657482935e-01
9.997620127179832616e-01
1.000054679276550784e+00
1.000153126577028040e+00
1.000130252301630662e+00
1.000158664510738316e+00
9.977484344006866124e-01
9.893681237184267507e-01
9.804562510758531024e-01
9.717205744093211361e-01
9.630875696385277074e-01
9.542409302825120010e-01
9.458487962965685947e-01
9.375329481732986858e-01
9.287959968258346910e-01
9.208005902077661675e-01
9.121699815052567439e-01
9.043889150389132769e-01
8.959644193140280377e-01
8.876815780875100259e-01
8.795560968071163277e-01
8.717298124787224989e-01
8.635847143103715373e-01
8.555651417652853086e-01
8.478028298555202458e-01
8.395612755743654398e-01
8.315675005396098163e-01
8.237223493558359921e-01
8.158522656365664316e-01
8.083816511407952987e-01
8.006044072684548318e-01
7.926150770943688473e-01
7.853838779425904582e-01
7.776395680821314160e-01
7.703791323526079093e-01
7.625063217064090848e-01
7.551702080069964129e-01
7.478097486764369028e-01
7.406645563980799318e-01
7.331470698144163523e-01
7.257560457942956456e-01
7.185042687082725532e-01
7.115482975682784206e-01
7.040072964284104229e-01
6.969242587808454070e-01
6.900600993318437570e-01
6.829630148056708983e-01
6.756090606835084555e-01
6.687792328630111083e-01
6.619106797736862280e-01
6.549047635702465175e-01
6.480752096649291527e-01
6.413185641050210828e-01
6.341903797184378355e-01
6.276239438329985765e-01
6.208640404496589271e-01
6.142020592824296576e-01
6.074979084577785127e-01
6.009292262851948507e-01
5.941910772479664926e-01
5.878325088175565538e-01
5.811901919212810741e-01
5.746306603775180877e-01
5.680836921820814345e-01
5.616059853680703817e-01
5.553126063448191596e-01
5.488136214446678318e-01
5.426541925849047709e-01
5.361689394483145632e-01
5.299732737877267397e-01
5.236423713467882601e-01
5.175594787380990436e-01
5.113905041554082098e-01
5.050961397424605925e-01
4.988135349459775769e-01
4.927324372072097169e-01
4.867158134366098010e-01
4.805502787381422114e-01
4.747670202042943988e-01
4.688532123780168592e-01
4.629124049860405821e-01
4.568388650556340358e-01
4.508675577413234214e-01
4.450123019935657287e-01
4.391273853269363481e-01
4.334390325016191370e-01
4.276639334342003940e-01
4.221408119483465171e-01
4.161535067256618703e-01
4.105031257403949918e-01
4.045996031342441457e-01
3.991330115007503676e-01
3.934157014169977207e-01
3.879780972341826395e-01
3.822500527394048775e-01
3.767430119756180473e-01
3.710428298601657349e-01
3.657223752952749041e-01
3.603446497147317906e-01
3.548095438172597094e-01
3.493698351683479086e-01
3.438914419017403135e-01
3.387244274317771087e-01
3.333032371481347012e-01
3.280476167073126392e-01
3.225914968551588657e-01
3.173949236725622236e-01
3.121213590753575406e-01
3.068283506459978938e-01
3.015948800886706915e-01
2.964407915950088568e-01
2.914094121196474929e-01
2.862468303308413065e-01
2.812327300383194451e-01
2.760133557770511059e-01
2.708779463178727642e-01
2.659527008401489367e-01
2.608797349789067077e-01
2.559417626621512398e-01
2.509998045049606219e-01
2.459852813977139729e-01
2.410630097992499110e-01
2.362132681295264491e-01
2.313990571736146973e-01
2.263375917787084912e-01
2.214593815619199102e-01
2.166763601559023866e-01
2.119575544202378092e-01
2.070531239113559407e-01
2.024846961652994048e-01
1.975811626992843573e-01
1.928877134437281815e-01
1.881219384762264080e-01
1.836090779333564293e-01
1.789549498611161249e-01
1.742995302309315875e-01
1.696145481277133160e-01
1.650728343052031422e-01
1.604549723690082419e-01
1.560055124138040039e-01
1.513416378798566608e-01
1.468178687102334179e-01
1.423836055660370192e-01
1.378396773855010138e-01
1.334074085886711447e-01
1.289624634332209308e-01
1.244665995856260587e-01
1.200749155434424481e-01
1.161853080524302695e-01
1.124884423807716444e-01
1.089991681634545767e-01
1.055497339052987316e-01
1.023447731992712245e-01
9.926997254156720574e-02
9.622863322309838097e-02
9.337216844984430608e-02
9.058602866863275926e-02
8.775007418003556714e-02
8.512051589840761989e-02
8.259246175156810532e-02
8.001514510239252087e-02
7.766573646723397284e-02
7.528261113836982876e-02
7.297719410666202167e-02
7.080145753230551731e-02
6.858471051734232882e-02
6.648194517942648818e-02
6.443426400233671913e-02
6.242971492222975510e-02
6.047618942758560545e-02
5.857771929805756506e-02
5.679107586566940064e-02
5.494185003510170667e-02
5.316235660908972399e-02
5.144969083743377442e-02
4.984427643782141787e-02
4.814921322555709704e-02
4.658878889260890249e-02
4.511433505873704147e-02
4.352208228992237443e-02
4.209787286578916404e-02
4.068045875599741318e-02
3.927425490430658944e-02
3.794712265576122290e-02
3.661870234690171866e-02
3.533287250970981036e-02
3.406317407714411910e-02
3.283999270363992945e-02
3.171618130565503207e-02
3.051655349191813651e-02
2.936859935847064076e-02
2.831380357399447545e-02
2.721937210744219959e-02
2.618118105051096128e-02
2.514491122491446101e-02
2.418966733323241192e-02
2.319793088960270255e-02
2.227187594394744799e-02
2.139136182407282150e-02
2.050412707555298100e-02
1.965716535078743457e-02
1.882031620959651042e-02
1.798765440618115344e-02
1.722135295495117943e-02
1.646469382670134179e-02
1.570778099619658807e-02
1.501747933997809453e-02
1.430960920256207393e-02
1.360980748124067559e-02
1.296245940728865675e-02
1.231342330613222243e-02
1.172430858364866858e-02
1.109879791307902090e-02
1.053713062145062579e-02
9.971859505934554252e-03
9.441285370474703648e-03
8.909104116760246592e-03
8.389824555947802270e-03
7.919913098906853841e-03
7.468120110945718725e-03
7.006319980741314117e-03
6.590117561631923630e-03
6.154550484238058457e-03
5.748566358090278876e-03
5.360804969998526209e-03
4.982962601953762512e-03
4.645575068243011814e-03
4.288159594144099959e-03
3.978177916555233028e-03
3.659890150405319988e-03
3.371850909103913697e-03
3.079677873026634340e-03
2.814600121041888753e-03
2.562830570129300423e-03
2.316192295895984268e-03
2.090898222467559887e-03
1.875007997146019116e-03
1.671191000389939856e-03
1.476759325365808095e-03
1.297771891014550200e-03
1.135350392541195977e-03
9.874901294385379519e-04
8.384576183189774252e-04
7.144293036445123523e-04
5.958536307409891984e-04
4.906323157680155369e-04
3.965880195189477831e-04
3.066964584857821826e-04
2.351737372976630061e-04
1.705323204140979907e-04
1.174654305149594577e-04
7.526107511928357920e-05
4.125890622161742458e-05
1.783316280352773250e-05
4.750573146357920216e-06
3.875561336033912379e-07
0.000000000000000000e+00
0.000000000000000000e+00
0.000000000000000000e+00
0.000000000000000000e+00
0.000000000000000000e+00
0.000000000000000000e+00
0.000000000000000000e+00
0.000000000000000000e+00
0.000000000000000000e+00
0.000000000000000000e+00
0.000000000000000000e+00
0.000000000000000000e+00
0.000000000000000000e+00
0.000000000000000000e+00
0.000000000000000000e+00
0.000000000000000000e+00
0.000000000000000000e+00
0.000000000000000000e+00
0.000000000000000000e+00
0.000000000000000000e+00
0.000000000000000000e+00
0.000000000000000000e+00
0.000000000000000000e+00
0.000000000000000000e+00
0.000000000000000000e+00
0.000000000000000000e+00
0.000000000000000000e+00
0.000000000000000000e+00
0.000000000000000000e+00
0.000000000000000000e+00
0.000000000000000000e+00
0.000000000000000000e+00
0.000000000000000000e+00
0.000000000000000000e+00
0.000000000000000000e+00
0.000000000000000000e+00
0.000000000000000000e+00
0.000000000000000000e+00
0.000000000000000000e+00
0.000000000000000000e+00
0.000000000000000000e+00
0.000000000000000000e+00
0.000000000000000000e+00
0.000000000000000000e+00
0.000000000000000000e+00
0.000000000000000000e+00
0.000000000000000000e+00
0.000000000000000000e+00
0.000000000000000000e+00
0.000000000000000000e+00
0.000000000000000000e+00
0.000000000000000000e+00
0.000000000000000000e+00
0.000000000000000000e+00
0.000000000000000000e+00
0.000000000000000000e+00
0.000000000000000000e+00
0.000000000000000000e+00
0.000000000000000000e+00
0.000000000000000000e+00
