0.000000000000000000e+00
0.000000000000000000e+00
0.000000000000000000e+00
0.000000000000000000e+00
0.000000000000000000e+00
0.000000000000000000e+00
0.000000000000000000e+00
0.000000000000000000e+00
0.000000000000000000e+00
0.000000000000000000e+00
0.000000000000000000e+00
0.000000000000000000e+00
0.000000000000000000e+00
0.000000000000000000e+00
0.000000000000000000e+00
0.000000000000000000e+00
0.000000000000000000e+00
0.000000000000000000e+00
0.000000000000000000e+00
0.000000000000000000e+00
0.000000000000000000e+00
0.000000000000000000e+00
0.000000000000000000e+00
0.000000000000000000e+00
0.000000000000000000e+00
0.000000000000000000e+00
0.000000000000000000e+00
0.000000000000000000e+00
0.000000000000000000e+00
3.591667743854650395e-03
1.048609446274359064e-01
7.266228171100099775e-01
1.975911930409858686e+00
2.955933530465024717e+00
3.114349500223071665e+00
2.745539035958596497e+00
2.239663258053697703e+00
1.822944940390513802e+00
1.526157903823766926e+00
1.313636140508090078e+00
1.188667037980860375e+00
1.120731365571667304e+00
1.093274266421375929e+00
1.087364123381427072e+00
1.109222262959262517e+00
1.157697996205129254e+00
1.219213748674131237e+00
1.268401147027881093e+00
1.323002078232677459e+00
1.387721544793177442e+00
1.434326461674169773e+00
1.475269175172080782e+00
1.502205405701571905e+00
1.493716872764870196e+00
1.508732161541859407e+00
1.495024200353648469e+00
1.477783261271740312e+00
1.467878318480196453e+00
1.450626279054892054e+00
1.423320337113046508e+00
1.376907431483234578e+00
1.324264810420846983e+00
1.272692222641418125e+00
1.192257093948625668e+00
1.106642251725695303e+00
1.013638053622350599e+00
9.306923366965075273e-01
8.920295223180699784e-01
8.557663366184601328e-01
8.482513043349195758e-01
8.587657362238558800e-01
8.634216529749397795e-01
8.734922837435219467e-01
8.944161845949487599e-01
9.098966574496896165e-01
9.244085484649429141e-01
9.335380582405693461e-01
9.370775141976616096e-01
9.414029523083061735e-01
9.502232849360050526e-01
9.574130741022152113e-01
9.527302355913843668e-01
9.473602379880998736e-01
9.520041719439246153e-01
9.503635399968760611e-01
9.418752195306985264e-01
9.585549369846660950e-01
9.539694531403747346e-01
9.563463033482453302e-01
9.517290046481581278e-01
9.605983608155069797e-01
9.652766622965889276e-01
9.699402238204825055e-01
9.643216941844132695e-01
9.785141837966517819e-01
9.863485506213617304e-01
9.906146166436023970e-01
9.937317844130583167e-01
9.982102812964318561e-01
9.967044818763295400e-01
9.974978878583524722e-01
1.002441014711612732e+00
1.009456918060255282e+00
1.003808515572188753e+00
1.009378021161590588e+00
1.006260228263599066e+00
1.010361436632193133e+00
1.005706128636022711e+00
1.008440683365484647e+00
1.005465818343993734e+00
1.007361136608608820e+00
1.014600535999942377e+00
1.006131889609926500e+00
1.005982320740605784e+00
1.007641612370856254e+00
1.002971179521647160e+00
1.008359539271485916e+00
1.003986036008412297e+00
1.013909266138503629e+00
1.011148388472852711e+00
1.005145792644926317e+00
1.000976428382134964e+00
1.008673597501235308e+00
1.003164838627231159e+00
1.004088415978133586e+00
1.002151154699435720e+00
1.000434291107667351e+00
9.999697860629315205e-01
1.000889325253330187e+00
9.954868997887487136e-01
1.001466211701859788e+00
9.984345427886369695e-01
9.978281853086564679e-01
9.959293521335227384e-01
9.973315975259099408e-01
9.949732781988556152e-01
9.976028719693267321e-01
9.972746820980904481e-01
9.956365156011558470e-01
9.986879907561431180e-01
9.945844794293332569e-01
9.960131491362200773e-01
9.977913739484173261e-01
9.956853549000765913e-01
9.962303616938774642e-01
9.929687951468367801e-01
9.972404314857481467e-01
9.967973816825954625e-01
9.986973682481877779e-01
9.985110877045906275e-01
9.970914833949872103e-01
9.930345613308643182e-01
9.962562426410561667e-01
9.941746299325022740e-01
9.948296952126978177e-01
9.958112692104128527e-01
9.978139946097519530e-01
9.969554260834762038e-01
9.990771627923666909e-01
9.955432835601558672e-01
1.001924611697980971e+00
9.963068380337614105e-01
9.963000398210627440e-01
9.952054303950227387e-01
9.982127328119275722e-01
9.971565779042446120e-01
9.966691820632086474e-01
9.967536704136105152e-01
9.959356273210290267e-01
9.991067588019132417e-01
9.969154827568196264e-01
9.962925741544078617e-01
1.001626885229311315e+00
9.955226042000470121e-01
1.005433879392326313e+00
1.000525168349238880e+00
1.001675112903455123e+00
1.000102332339332323e+00
9.994992529634318945e-01
9.977560452018786608e-01
9.984805996505192738e-01
1.001995168806095737e+00
9.990534260400152355e-01
1.002711223921993966e+00
1.000790266957532149e+00
9.992157140290219841e-01
9.994259635450272183e-01
9.982633897644759280e-01
9.985097525769994764e-01
9.985103527890284436e-01
9.987250902552268217e-01
9.989590349080587073e-01
9.988108607790008309e-01
1.001715315464801304e+00
9.966643536492336697e-01
9.993111915873783557e-01
9.974236269540750488e-01
9.977334708258933649e-01
1.000568122520384851e+00
9.999056021999196409e-01
9.991352078368849199e-01
1.003110571947068985e+00
1.001851405830501029e+00
9.974988214065889647e-01
1.000268653718992873e+00
9.954890596226949606e-01
9.982565793470439264e-01
9.995573111858495619e-01
9.993221255645106105e-01
9.964818872011865780e-01
1.000631570886544086e+00
9.980109590622513460e-01
9.976306330231788921e-01
1.000985419958808187e+00
9.992464891149233086e-01
9.968936570806697928e-01
9.995183505658665757e-01
1.000838539678182704e+00
9.993291372292988362e-01
9.994303403102381411e-01
9.985590342737835634e-01
9.983847759316534232e-01
1.000643748592132232e+00
9.996882632659762624e-01
9.970070254806222554e-01
1.001505832849576061e+00
1.001441009511776281e+00
9.982608715834423441e-01
9.992364293780310325e-01
1.002921803940190815e+00
1.001467961194683509e+00
9.989907333689489466e-01
1.002588468830195589e+00
1.000447891163632752e+00
9.983120215869847325e-01
9.975196092457891961e-01
9.981602912959627316e-01
9.997454402953140917e-01
9.964764615655300473e-01
9.993693378916626013e-01
1.000240899718147114e+00
9.997506392435414613e-01
9.985035266692048328e-01
1.001047830933613492e+00
1.000636850698350289e+00
9.984315869050630621e-01
1.000441199292358307e+00
9.997726077025971270e-01
9.984538140282099850e-01
9.994715869546674236e-01
9.986105925635918590e-01
9.971489145057765846e-01
9.998220220607422215e-01
1.002525367502611120e+00
9.987406059523922242e-01
9.987591999708436141e-01
9.973296925146766245e-01
1.003790812598168269e+00
1.001358845681411980e+00
1.001116227885823440e+00
1.000296962093758291e+00
9.983371510648612057e-01
9.985197278776233309e-01
9.986689053669949301e-01
9.981598799753828022e-01
1.001290547971266376e+00
1.000454671167297693e+00
9.982654267079902333e-01
9.986735681626969230e-01
1.000380594666069989e+00
1.001162896977739969e+00
1.001989599886051741e+00
9.997409989202805658e-01
9.988687793925287162e-01
9.993828473088012254e-01
9.992367906686954182e-01
1.001686909319699392e+00
1.001203840171988713e+00
9.974256182645250268e-01
9.994261593093495266e-01
