0.000000000000000000e+00
0.000000000000000000e+00
0.000000000000000000e+00
0.000000000000000000e+00
0.000000000000000000e+00
0.000000000000000000e+00
0.000000000000000000e+00
0.000000000000000000e+00
0.000000000000000000e+00
0.000000000000000000e+00
0.000000000000000000e+00
0.000000000000000000e+00
0.000000000000000000e+00
0.000000000000000000e+00
0.000000000000000000e+00
0.000000000000000000e+00
0.000000000000000000e+00
0.000000000000000000e+00
0.000000000000000000e+00
0.000000000000000000e+00
0.000000000000000000e+00
0.000000000000000000e+00
0.000000000000000000e+00
0.000000000000000000e+00
0.000000000000000000e+00
0.000000000000000000e+00
0.000000000000000000e+00
0.000000000000000000e+00
0.000000000000000000e+00
0.000000000000000000e+00
0.000000000000000000e+00
4.654929837276488951e-03
5.063000482727676027e-02
2.295816113579063344e-01
5.543842322095785535e-01
8.985783383874689223e-01
1.150702438924273929e+00
1.305294787770867382e+00
1.369568390418024917e+00
1.391166127785800288e+00
1.383664983640916724e+00
1.356006963767442786e+00
1.313426472462865924e+00
1.287528791672919892e+00
1.252055089775609309e+00
1.212617273508792559e+00
1.191716114588074360e+00
1.168746628587198133e+00
1.162854460323351047e+00
1.168438562672584835e+00
1.170564444202378596e+00
1.165999233951981129e+00
1.125330128169831578e+00
1.083681303925356554e+00
1.032397000126676900e+00
9.994426655381198898e-01
9.829854201873019504e-01
9.738911188489561832e-01
9.710392106731202677e-01
9.730870071126000997e-01
9.789065838735159231e-01
9.818897983145015163e-01
9.889031936556953450e-01
9.903016818302905477e-01
9.949814187776402363e-01
1.002314130876400533e+00
1.004058754932656061e+00
1.006757745526760228e+00
1.006049800837766961e+00
1.010344640027444729e+00
1.009752493825651687e+00
1.011120387227793849e+00
1.008150069957839401e+00
1.005213134841471012e+00
1.008226870471352399e+00
1.009836665260864352e+00
1.012603048400646522e+00
1.012463964750005996e+00
1.018123004440288693e+00
1.010383066012446651e+00
1.014221864640062920e+00
1.007963636481318259e+00
1.012557059057617392e+00
1.005162565526244611e+00
1.001860518890600904e+00
9.993453763396308309e-01
9.999384700830427075e-01
9.932252121428220004e-01
9.893504970672252208e-01
9.903196324529838224e-01
9.826020544053030159e-01
9.862464290059762551e-01
9.845823580382114804e-01
9.848068008111486860e-01
9.813462021307737260e-01
9.836541479508505992e-01
9.899732149324039776e-01
9.909417287912375416e-01
9.942149004946106983e-01
9.927755410456983176e-01
9.995462640103196517e-01
9.981313973617620405e-01
1.001108351294221377e+00
1.004559285317753181e+00
1.005157444013233592e+00
1.003885983136339144e+00
1.003821123412079297e+00
1.007294784689006351e+00
1.003048914584381501e+00
1.004715602708734501e+00
1.004047698538163003e+00
1.004057687874398752e+00
1.003355495482964210e+00
1.003821882385161457e+00
1.003031697449085380e+00
1.001820696954409229e+00
1.001580156809742661e+00
9.996081907039265912e-01
1.000561535537908719e+00
1.000178112035104983e+00
1.000452427301328218e+00
9.967589085409719329e-01
9.975852873082664551e-01
9.974924377433586065e-01
9.975532250179057758e-01
9.967659695009770671e-01
9.996765230604561792e-01
9.972876461540187698e-01
9.986086464528418638e-01
1.000086393745521107e+00
1.001096605081829072e+00
9.962152277416859159e-01
9.982752978631986851e-01
9.977281921065469517e-01
9.984354618058438602e-01
9.999429436020154105e-01
9.991144854632320049e-01
1.001349913348281273e+00
9.979215499633194986e-01
1.002547579582989012e+00
1.000200968930322398e+00
1.001607113742030153e+00
1.001448346862580774e+00
1.001808328994453268e+00
1.002803905960583553e+00
1.002249075050552607e+00
1.001715099063927195e+00
1.001244412471145040e+00
1.002886736681230184e+00
9.999505562105860390e-01
1.001487028860859274e+00
9.998110939120655738e-01
1.001047364373873538e+00
1.000072975964694466e+00
9.994722416366673690e-01
9.990773101761969421e-01
1.001553272444367204e+00
1.000400343062726627e+00
1.001321243464871058e+00
9.987331702968269553e-01
1.003084355819061635e+00
9.996278209972381257e-01
1.001484046803846617e+00
9.977649856430309550e-01
1.001186188175133163e+00
9.999790534141593801e-01
1.000482073042430420e+00
1.000182811379799475e+00
9.991706551336361208e-01
9.996325550334926868e-01
9.998982174478059370e-01
1.000704436222365601e+00
1.000311478301641355e+00
1.001303269369462789e+00
1.001582122588743351e+00
1.001502560149232890e+00
9.997989285107863333e-01
9.996816046214371809e-01
9.997080161523840269e-01
9.999607563745892547e-01
9.992249719572566802e-01
9.987470025214016944e-01
1.000038695785623988e+00
1.001194759430432235e+00
9.999506454799739208e-01
9.990924972916034319e-01
1.000113606459036353e+00
1.000127174280662778e+00
1.000362445380436061e+00
1.000340093316700818e+00
9.995858783556432758e-01
1.001610188338067031e+00
1.000097933097831904e+00
9.990057519429677013e-01
1.000722023815660444e+00
9.995344304899712595e-01
9.991023271034856768e-01
1.000152397634813894e+00
9.979268985863486430e-01
9.981628405726722386e-01
9.999055393758784493e-01
9.979328772579940665e-01
9.998709616669935185e-01
9.993926537716383285e-01
9.994747314207191868e-01
9.990327563367314978e-01
9.987995616646551111e-01
9.991304308076592866e-01
9.983298433330143329e-01
9.995931893592436834e-01
1.000123761603575634e+00
9.995726376480913444e-01
1.000841654114453583e+00
9.982484437880412287e-01
9.994146180824688974e-01
1.001221017187712059e+00
9.979223737979148190e-01
9.985423990986931342e-01
9.992597169013591740e-01
9.986611999240591064e-01
9.984154056414873413e-01
1.000589333595446773e+00
9.984793273724527074e-01
1.001204431545284157e+00
1.000609337248078212e+00
9.994148085700661488e-01
9.991589912297491605e-01
9.973615570968376032e-01
9.992577938491447043e-01
9.983966519757097036e-01
1.000767007258084540e+00
9.980089104302120040e-01
9.977726344893458332e-01
9.988950826205821310e-01
1.000287640156282576e+00
9.987204202115821383e-01
9.985678510247122386e-01
9.986741755411611132e-01
1.000299866115260894e+00
9.991671358070780551e-01
9.999796029018119814e-01
9.999529765937444914e-01
9.977062642793191882e-01
9.988272287432803376e-01
9.985032333500357682e-01
9.990950165102072678e-01
9.993361070142523506e-01
9.987430093717210022e-01
9.997166310547411783e-01
9.983787762265686760e-01
9.984623818061291178e-01
9.983636113689452474e-01
1.000365042234077517e+00
9.993831551726716222e-01
9.993558066062995238e-01
9.996990567121831761e-01
9.987362335103937561e-01
9.983661212388642570e-01
9.995099132833136224e-01
9.990930696262083632e-01
9.989977600575139505e-01
1.001161365477514220e+00
9.988213743181475479e-01
9.995176530043839991e-01
1.000412150987072035e+00
1.000770803048135038e+00
9.992870050905185986e-01
9.997627460800717625e-01
9.998047298838724783e-01
9.998135928379405790e-01
9.997461697317107099e-01
9.993079488154380519e-01
1.000681403742106346e+00
1.000235595761434171e+00
9.990771730540651818e-01
9.990288986962830853e-01
1.000296695995534613e+00
9.995459476537466026e-01
9.977519111767434445e-01
9.992359237374036640e-01
