0.000000000000000000e+00
0.000000000000000000e+00
0.000000000000000000e+00
0.000000000000000000e+00
0.000000000000000000e+00
0.000000000000000000e+00
0.000000000000000000e+00
0.000000000000000000e+00
0.000000000000000000e+00
0.000000000000000000e+00
0.000000000000000000e+00
0.000000000000000000e+00
0.000000000000000000e+00
0.000000000000000000e+00
0.000000000000000000e+00
0.000000000000000000e+00
0.000000000000000000e+00
0.000000000000000000e+00
0.000000000000000000e+00
0.000000000000000000e+00
0.000000000000000000e+00
0.000000000000000000e+00
0.000000000000000000e+00
0.000000000000000000e+00
0.000000000000000000e+00
0.000000000000000000e+00
0.000000000000000000e+00
0.000000000000000000e+00
0.000000000000000000e+00
0.000000000000000000e+00
3.879039030911072834e-05
5.273186767264205314e-03
5.076688965546042459e-02
2.327659478866642151e-01
5.435330780833679265e-01
8.861840510414162875e-01
1.151411933526424569e+00
1.291341131302992995e+00
1.364900323461063714e+00
1.377989294987294722e+00
1.373749115777902041e+00
1.344300442677058394e+00
1.313632251411804841e+00
1.275138755582316819e+00
1.249363770483701064e+00
1.214853975364416971e+00
1.183176591988946980e+00
1.164561510508328457e+00
1.162062015591765141e+00
1.151477480848004831e+00
1.157056244633799746e+00
1.162439748146328444e+00
1.125662581791045280e+00
1.080458627994727916e+00
1.025768097045387739e+00
9.907308098651069761e-01
9.759810647820591489e-01
9.701081242938374150e-01
9.662351896434990817e-01
9.636931430172560598e-01
9.726603117241940932e-01
9.772858797163336275e-01
9.797987133877980037e-01
9.889995508251551160e-01
9.877515898465298871e-01
9.933352586202860435e-01
9.949644943514509565e-01
9.979152498784319425e-01
1.001239924416722493e+00
1.000741391645797451e+00
9.988660832615968710e-01
9.998094138099339334e-01
9.985222036338444740e-01
9.971682308803889727e-01
1.006241874039287554e+00
1.005143777431334984e+00
1.001230608847967662e+00
1.002308509663249803e+00
1.006907128357728887e+00
1.003684342523136763e+00
1.006563757215489296e+00
1.003165437629668144e+00
1.001512062096938438e+00
1.000700363535753645e+00
9.907612220015229454e-01
9.991820927869020652e-01
9.919270513494354846e-01
9.879317898207905513e-01
9.852035943796350059e-01
9.858910541240163417e-01
9.827783785238121128e-01
9.795094845734524380e-01
9.821321528721889127e-01
9.826895234976320559e-01
9.826721058251459695e-01
9.820244480727725600e-01
9.857110376991488065e-01
9.889418539647439887e-01
9.892204062519444063e-01
9.919453364290284902e-01
9.919725964032599652e-01
9.951059474715222564e-01
9.977055184089475004e-01
1.002539204266619022e+00
9.991475485302813153e-01
1.000991938474711684e+00
1.002413025390828549e+00
1.001163100075145529e+00
1.002452654984689495e+00
1.002035483637491842e+00
1.007424538400546021e+00
1.000840213449526450e+00
1.000885077416728830e+00
9.979352124811892155e-01
9.990862396061320760e-01
9.996557144032344189e-01
9.968092742477130397e-01
9.987240352245679853e-01
9.945755643991696093e-01
9.956490379132929558e-01
9.972956373556250975e-01
9.982155487839833308e-01
9.932683222665833478e-01
9.947996765294430110e-01
9.972062174246494326e-01
1.000333415539326420e+00
9.952383982350433422e-01
9.944351411533959295e-01
9.965194772708628745e-01
9.987374152210929390e-01
9.996072483244609064e-01
9.965787263771380688e-01
9.971410759287380188e-01
9.981923912248245045e-01
9.987990954705581181e-01
1.000234475280280311e+00
9.959174349835541173e-01
1.000499349875486610e+00
9.981876060432424147e-01
1.000694006651114298e+00
9.998527027151136171e-01
9.990054323984595142e-01
9.989257675680496273e-01
9.983885218989634325e-01
1.001678157397599689e+00
9.996301930083144605e-01
1.001137885638941905e+00
1.000829321087750801e+00
9.989343270778947570e-01
1.001799050596478668e+00
9.978971917434550365e-01
9.995216355403951924e-01
9.967861739304924029e-01
9.989242468575866285e-01
1.000107237120512860e+00
9.993728970680767487e-01
9.999179032919576215e-01
9.974138606012664665e-01
9.973409877639445309e-01
9.973816083484038364e-01
9.966027043080946113e-01
9.967945811234835141e-01
9.981048119339450686e-01
9.975157429759425876e-01
9.988422652555242198e-01
9.982075657478864938e-01
9.979195554490449815e-01
1.002008732094862298e+00
1.000944511832481343e+00
9.993846414176917881e-01
9.984279933716632138e-01
9.989323526194815450e-01
9.993834120445126423e-01
9.994676131253814599e-01
9.978060872071747855e-01
9.982826791945565992e-01
9.959516898761460180e-01
9.997594729779236689e-01
9.982016594219600414e-01
9.983939059927610105e-01
9.964703456009637028e-01
9.984360586272226223e-01
9.983291342793468859e-01
9.982552574757642683e-01
9.977829527663072406e-01
9.989628154817697947e-01
9.983087035889948169e-01
9.999633916933129418e-01
9.977547886364960261e-01
9.988573357515511120e-01
9.989341192704487282e-01
9.995305069967267420e-01
9.972665915916889556e-01
9.996792073920933719e-01
9.982158112492484081e-01
9.983237939438150965e-01
9.973806363625248306e-01
9.982501592569439364e-01
9.975302945523343290e-01
9.982163582999910023e-01
9.986479302742260478e-01
9.981045280972431488e-01
9.979261932824643466e-01
9.990137842498318932e-01
9.985965152089487651e-01
9.985297112659178298e-01
9.991155556554006667e-01
9.992489791852661174e-01
9.986623027454115675e-01
1.000031066156851889e+00
9.988822358423816716e-01
9.995433149375031467e-01
9.999039888304925849e-01
9.985886837844382136e-01
9.996042838363137228e-01
9.973145269781557021e-01
9.990425427387066293e-01
9.993326986263971756e-01
9.985522272504387953e-01
9.990582427699457035e-01
9.999786669165234843e-01
9.977936453053624088e-01
9.991924296452048271e-01
9.983856708366108945e-01
9.986348046605525441e-01
1.000319256231399612e+00
9.979641890999192411e-01
9.983743563263018928e-01
9.993632652976175423e-01
9.993679787128854075e-01
9.983283646190385108e-01
1.000852433368679018e+00
9.978866735919572628e-01
1.000815161079783300e+00
9.986088957560174117e-01
9.995962634790692691e-01
9.992718129546303008e-01
9.992961260767133647e-01
1.001108256198169899e+00
9.976692955673772678e-01
9.979788728182286128e-01
9.982256076794686628e-01
9.991320886748372709e-01
1.000243234484621269e+00
9.996716780696632831e-01
9.988636603984750728e-01
9.992070347923378559e-01
9.998639694277249301e-01
9.980422147523564380e-01
9.992563956218530885e-01
9.991162305748400030e-01
1.000684559653857608e+00
9.981202038553989020e-01
9.993444741463449743e-01
9.975946994232713916e-01
9.985233567325904058e-01
9.996787490025674794e-01
9.993127935781099813e-01
9.991823377600441702e-01
9.989609727312565024e-01
9.997888477156624543e-01
9.987847773717659638e-01
9.986274399463077600e-01
9.994795935796915165e-01
9.991864491482369548e-01
9.987654277686504045e-01
9.979211603579201117e-01
1.000381581636642148e+00
9.991880719022919743e-01
9.999190199543231961e-01
1.000268103800413977e+00
9.992336863879459630e-01
1.000550863952406333e+00
9.987392741259196738e-01
9.994739804025534191e-01
9.982536936879816691e-01
1.000926231413441503e+00
1.000025237459765792e+00
9.991611360022650823e-01
9.985443186261612203e-01
