0.000000000000000000e+00
0.000000000000000000e+00
0.000000000000000000e+00
0.000000000000000000e+00
0.000000000000000000e+00
0.000000000000000000e+00
0.000000000000000000e+00
0.000000000000000000e+00
0.000000000000000000e+00
0.000000000000000000e+00
0.000000000000000000e+00
0.000000000000000000e+00
0.000000000000000000e+00
0.000000000000000000e+00
0.000000000000000000e+00
0.000000000000000000e+00
0.000000000000000000e+00
0.000000000000000000e+00
0.000000000000000000e+00
0.000000000000000000e+00
0.000000000000000000e+00
0.000000000000000000e+00
0.000000000000000000e+00
0.000000000000000000e+00
0.000000000000000000e+00
0.000000000000000000e+00
3.314784355931997751e-05
2.004197088212108287e-03
2.747781824413433535e-02
1.904819946106197925e-01
7.392478544578614530e-01
1.553233945852652953e+00
2.082994409872990893e+00
2.143653048656352755e+00
1.935845039916781252e+00
1.669399892485905923e+00
1.441761501608322504e+00
1.275281015000149232e+00
1.175859314235286224e+00
1.101052714863116622e+00
1.020519987715122090e+00
9.468861419053498096e-01
9.110458107486267831e-01
9.003043958393439627e-01
9.046230172268230341e-01
9.195861287373637838e-01
9.335111384854245520e-01
9.466806029593632932e-01
9.573843582670554797e-01
9.635434555800992396e-01
9.694292839334492928e-01
9.758064996641863109e-01
9.806471253898330076e-01
9.814425196111730143e-01
9.853211051001911081e-01
9.783216226545705663e-01
9.743318513205719844e-01
9.658374225733067364e-01
9.589185728109596019e-01
9.509369707845023445e-01
9.464953229735116880e-01
9.453998419916154194e-01
9.455236146335425085e-01
9.512528455843349828e-01
9.591426901204674893e-01
9.692106090787783179e-01
9.813163734380465630e-01
9.946395887420205195e-01
1.006621737202517020e+00
1.015748211707724558e+00
1.023700485591513054e+00
1.031057507966594899e+00
1.035456581480846960e+00
1.035504230057045172e+00
1.036362797953548798e+00
1.035073486549054067e+00
1.032767227797736886e+00
1.026160845175062564e+00
1.022667188051561427e+00
1.017315170054631235e+00
1.011047609195986130e+00
1.004773224112834207e+00
9.992030293134170904e-01
9.955056794603351911e-01
9.910901950585880860e-01
9.880096695450465427e-01
9.865022828782760156e-01
9.858955915982903218e-01
9.854490218968566806e-01
9.868409434581706385e-01
9.890677220808838932e-01
9.904407252637114079e-01
9.924718682948382442e-01
9.938822735519063922e-01
9.954730332506239732e-01
9.988540022674885499e-01
9.992645357183038701e-01
1.001414428452210847e+00
1.002654001811237094e+00
1.002297147682533529e+00
1.003832397408908061e+00
1.003960889337672358e+00
1.003824115656488436e+00
1.004719297887934459e+00
1.004831112185982978e+00
1.003580102565866383e+00
1.004828463116278936e+00
1.003813029544469826e+00
1.003109545334802677e+00
1.002885527395471321e+00
1.002950373847195653e+00
1.001951054979223210e+00
1.002114607257541090e+00
1.001178332256499104e+00
1.000532541513843743e+00
1.000275290358957569e+00
1.000103150221584247e+00
1.000012654765851661e+00
9.996527066088227720e-01
9.994967340944176382e-01
9.987974196454972864e-01
9.988910192145972200e-01
9.984092394134073123e-01
9.987788945516418160e-01
9.986297373345986994e-01
9.986068124413167713e-01
9.993370676126406282e-01
9.982113892415547252e-01
9.985792948144163184e-01
9.992180297920104648e-01
9.989564335510624504e-01
9.995192916224715507e-01
9.997198025149456324e-01
1.000471846012645161e+00
1.000529412189949285e+00
1.001146228125256332e+00
1.001538651004748148e+00
1.001035836590616901e+00
1.000756192722469518e+00
1.000690177214918819e+00
1.001345603655586558e+00
1.001041171665078222e+00
1.000929939461896678e+00
1.000959728492476497e+00
1.000637867514164503e+00
1.000748338895837808e+00
1.000590206812480787e+00
1.000691887947947167e+00
9.997752919165725505e-01
9.996638181998130923e-01
1.000842720130047381e+00
1.000078066810194510e+00
9.996618809938914163e-01
9.998882849991689303e-01
9.996743043240304827e-01
9.993409583881840419e-01
9.998455092090181573e-01
9.998890304347148872e-01
9.998779091929922425e-01
9.998422478177085848e-01
9.999592945948414524e-01
9.999937087280076353e-01
1.000195266046905784e+00
1.000101015415035377e+00
9.997561774821887015e-01
1.000182800024897123e+00
1.000115675804869264e+00
1.000318604054937888e+00
1.000215777207077661e+00
9.999995463885167357e-01
1.000186452759348477e+00
1.000245342703588003e+00
1.000337616455243550e+00
1.000232070644635485e+00
1.000505739561732943e+00
1.000190053218484643e+00
1.000256859459268677e+00
1.000231414943798303e+00
1.000274136764512933e+00
9.998463034641494884e-01
9.999780320673077316e-01
9.999758053559181237e-01
1.000044912683762499e+00
1.000408729957362963e+00
9.998378031582647596e-01
1.000130838305080427e+00
1.000022028575976218e+00
9.996131053983162706e-01
9.999224790627097015e-01
9.999961373900538852e-01
9.999809279588890432e-01
9.998806738663998939e-01
9.995623182957958930e-01
9.996226213082578527e-01
9.997837188458392754e-01
1.000008269744993683e+00
9.998203402927692274e-01
9.996717413778484218e-01
9.999790461364087557e-01
1.000513341791101185e+00
9.998372504592564214e-01
9.996297162489636845e-01
9.998646882382593581e-01
9.998364614404141593e-01
1.000113474822086568e+00
9.998711891775616811e-01
9.999845588354324688e-01
1.000265766333747308e+00
1.000285419702817702e+00
1.000138238944149771e+00
9.999203274128178887e-01
1.000187752031993504e+00
9.999818474648199951e-01
9.999717562094245782e-01
9.998759379289978710e-01
9.996185714208504214e-01
1.000426093819231310e+00
9.999953727452466357e-01
1.000091768863299979e+00
1.000110003890295918e+00
9.996464599919708816e-01
1.000064152373182802e+00
9.998355363308204513e-01
1.000334007412231996e+00
9.998996242016792158e-01
1.000054250492381058e+00
1.000162683893768056e+00
1.000037649100860682e+00
9.999750281246853056e-01
1.000314488178615457e+00
9.998299256445508654e-01
1.000223040834933519e+00
1.000151691295879886e+00
1.000455356793768846e+00
1.000284660584239482e+00
1.000352280121413751e+00
1.000326290667194362e+00
1.000087746844486869e+00
1.000184693530477897e+00
9.999652391138995622e-01
1.000155761046839231e+00
1.000178002090325258e+00
9.998721114569315560e-01
9.998578528727246617e-01
1.000306954436865903e+00
1.000350288454240344e+00
9.999699955811599539e-01
1.000095887099737624e+00
1.000087799037990166e+00
1.000457391296155851e+00
1.000128866653671178e+00
1.000089966130648822e+00
9.999063793279787671e-01
1.000126353642344590e+00
1.000147140316355321e+00
1.000311709256539450e+00
9.998420382522471561e-01
1.000150281029926314e+00
9.997571957702658940e-01
1.000198873978880298e+00
1.000591433884203019e+00
1.000378378450760275e+00
1.000428505992682737e+00
1.000057834592720685e+00
9.998867827521550344e-01
1.000130729010648922e+00
9.998900317553401917e-01
1.000084005672089660e+00
9.998876829237387520e-01
1.000030541098500869e+00
9.999772021797851407e-01
1.000003002762982485e+00
1.000218134427268923e+00
1.000050348123598276e+00
1.000183797080111292e+00
1.000442904221062523e+00
9.998901457476594423e-01
1.000080608146895811e+00
9.999412666496508839e-01
1.000254602336005272e+00
