0.000000000000000000e+00
0.000000000000000000e+00
0.000000000000000000e+00
0.000000000000000000e+00
0.000000000000000000e+00
0.000000000000000000e+00
0.000000000000000000e+00
0.000000000000000000e+00
0.000000000000000000e+00
0.000000000000000000e+00
0.000000000000000000e+00
0.000000000000000000e+00
0.000000000000000000e+00
0.000000000000000000e+00
0.000000000000000000e+00
0.000000000000000000e+00
0.000000000000000000e+00
0.000000000000000000e+00
0.000000000000000000e+00
0.000000000000000000e+00
0.000000000000000000e+00
0.000000000000000000e+00
0.000000000000000000e+00
0.000000000000000000e+00
5.518212886885111128e-04
1.018790508383402536e-02
4.480961717520686588e-02
1.769534495085568204e-01
4.286070899119177602e-01
8.701247423061770903e-01
1.291160190256166684e+00
1.543992073158224398e+00
1.610073822506912222e+00
1.401752105514439073e+00
1.132983059008099369e+00
9.186554727700099177e-01
7.369808700802154000e-01
6.338935551640838550e-01
6.489954417033821921e-01
6.305651609818803127e-01
6.567639947770557152e-01
7.093566014597476599e-01
7.401916310731577742e-01
8.201680835384402846e-01
8.345764304140428358e-01
8.813422019371249805e-01
8.896518619344762069e-01
9.064717521184163518e-01
9.517222746764181229e-01
1.011811287539819970e+00
1.058907764847093924e+00
1.085506818500105997e+00
1.099715296830486411e+00
1.159333471721889053e+00
1.176513764633547288e+00
1.196661397912127001e+00
1.180620811667324244e+00
1.163860360623034440e+00
1.128573644986815783e+00
1.118749003383419316e+00
1.060531972624933816e+00
1.069416235192650166e+00
1.042847447989734722e+00
1.042548110141061191e+00
1.026716275709141701e+00
1.008192071330666240e+00
9.992985663661432261e-01
1.000664586260312516e+00
9.917827534102877651e-01
9.961619485873552948e-01
9.753012173697085396e-01
9.788614532736827911e-01
9.834311319069495294e-01
9.770281751962703876e-01
9.923379930976555796e-01
9.804636166070067604e-01
9.980755849429104876e-01
9.972497240756611481e-01
1.013075621019544181e+00
1.015424888993105679e+00
1.008348311805208786e+00
1.013580064941030479e+00
1.018506759834441278e+00
1.017111527792999404e+00
1.011413896280780156e+00
1.014947502000118407e+00
1.015170459363760935e+00
1.004387612058072810e+00
9.901926811620861413e-01
9.943677711486431647e-01
1.000989309661242110e+00
9.859956715286511963e-01
9.870546422851933510e-01
1.004212931892064953e+00
9.890818949484306843e-01
9.755234127007021971e-01
9.870355116937560291e-01
9.804485085385039600e-01
9.803432509817197049e-01
9.910863251791773854e-01
9.809402942105800438e-01
9.785562768538252909e-01
9.854113253682639240e-01
9.826972146830533772e-01
9.892494397503848180e-01
9.863892875473996291e-01
9.868788500842416989e-01
9.851442678800058639e-01
9.895246786418012697e-01
9.934433398389884706e-01
9.912798410932497362e-01
9.861826290518140858e-01
1.003645682629078051e+00
9.970188732351797922e-01
1.001840213254525214e+00
9.930354940049220813e-01
9.888752690413654678e-01
9.936141900052825049e-01
9.952220268518764401e-01
9.889817363750379453e-01
9.934651060974267756e-01
9.854148880807189759e-01
9.992166345059771970e-01
9.864888688246439274e-01
9.948773802756657458e-01
9.918320062136479764e-01
9.918427704710093273e-01
9.945433820224021115e-01
9.917035285990776217e-01
9.929609766060801812e-01
9.886753193871137269e-01
9.936002517345078333e-01
9.917922504189716770e-01
9.887371030052872767e-01
9.930976464901501988e-01
9.957968351666985907e-01
9.993951772288875990e-01
9.976148922536725028e-01
9.902034648268247530e-01
9.966049189032323286e-01
9.971697028747109615e-01
9.886348978785642894e-01
9.902900115663731961e-01
9.925431504416729611e-01
9.961623679153862598e-01
9.908100465002924739e-01
1.001316242444615146e+00
9.946523816182351041e-01
9.958731733987412627e-01
9.929852867418965667e-01
9.940349005632339585e-01
9.882877737886232028e-01
9.941435217002789759e-01
9.884593780743812230e-01
9.905826474845795815e-01
9.851852805190640661e-01
9.900564619629059759e-01
9.946314122223761656e-01
9.923664347218000836e-01
9.931269684379980811e-01
9.880817412826250479e-01
9.954558934557680150e-01
9.867420177552296279e-01
9.917854014333505885e-01
9.979557461495753845e-01
9.872627416445194370e-01
9.932923993196851598e-01
9.887765071635912228e-01
9.984272631033025425e-01
9.945450353919106368e-01
9.961320717448507445e-01
9.952718293131368466e-01
9.982388016703467315e-01
9.955579287199367577e-01
9.888256870651370711e-01
9.979172769281928757e-01
9.926497569477430449e-01
9.905390689307341789e-01
9.937469639151574885e-01
9.873218854867508165e-01
9.940029968676431515e-01
9.910445565326821971e-01
9.940489608031141122e-01
9.986410434386179258e-01
9.891101752172311024e-01
9.939071588889649700e-01
9.928491399934721295e-01
9.953566604060647416e-01
9.939140501493541890e-01
9.974925089181722049e-01
9.937936268832832098e-01
9.900812702218232397e-01
9.934010298739854861e-01
9.925118408665928316e-01
9.941191188615097207e-01
9.918366040461288335e-01
9.941304254220186820e-01
9.991551864194342381e-01
9.939562540356428055e-01
9.925899445226351592e-01
9.933521834635093972e-01
1.000039182586104580e+00
9.993236378335950132e-01
9.963819718234658840e-01
9.996444682763102607e-01
9.969287265075995608e-01
9.986545213755962935e-01
9.983080662972343422e-01
9.977165466256987525e-01
9.973549768889339306e-01
9.940918109292509186e-01
9.930895654002789286e-01
9.969847147463765102e-01
9.995425184629314064e-01
9.964077589301557625e-01
1.003310407774291590e+00
9.964805054134623363e-01
9.980948451312661174e-01
9.967167009943959100e-01
9.955972128744796645e-01
1.000766327321002125e+00
9.962541662875237236e-01
9.992369559070447549e-01
9.996462792037746903e-01
9.991870602926934408e-01
9.982992527442043906e-01
1.001152766798279803e+00
9.937725346365371415e-01
1.000403351765839055e+00
9.990316618761958534e-01
9.946157724740776196e-01
1.001853623907096535e+00
9.945839293051358387e-01
1.003740067501565081e+00
9.998001942686366439e-01
9.979755548743520777e-01
9.980945658072652993e-01
9.997208011455641641e-01
9.992347151120197779e-01
9.940496047000615398e-01
1.000955069295815125e+00
9.967610727764262268e-01
9.927091040893052387e-01
9.993223351326302462e-01
9.965344255520973693e-01
9.975512807116143632e-01
9.984261834806779090e-01
9.971831258568011336e-01
9.953751464100264457e-01
9.954532550906507460e-01
9.957095653675387403e-01
9.962445746246385569e-01
9.993846449022560918e-01
9.974489988330154100e-01
9.950678829709307394e-01
9.904504049490472362e-01
9.917808197439300644e-01
9.926510483663835149e-01
9.963981646576237639e-01
9.948681427185851467e-01
9.970325643980414432e-01
9.954433521225449777e-01
9.980464395439945235e-01
9.918453147488939248e-01
9.987547570036401368e-01
9.908881882809448260e-01
9.953507359800228826e-01
9.909690523353500424e-01
9.950386713176005982e-01
9.943364268491255986e-01
9.923315473420650790e-01
9.926032289753483617e-01
9.939996687588984470e-01
9.946671642678742709e-01
9.931838574313159862e-01
9.936992020905228706e-01
9.984232422913452698e-01
9.945012437462967814e-01
9.979474842082944885e-01
9.949751016426645611e-01
9.972784693346146145e-01
9.975215685506333418e-01
9.987656892243363949e-01
9.953057365536196466e-01
9.968424791677693575e-01
9.940496093292151558e-01
9.991898262323787305e-01
9.949403238502416702e-01
9.983754659456716141e-01
1.001336309370348676e+00
9.967585856753423679e-01
9.961186438239831853e-01
9.963237284307929764e-01
9.995794475433784632e-01
9.937040935449080736e-01
9.942019342629664358e-01
9.976511586953117350e-01
9.962443577671229455e-01
1.000087426098902776e+00
9.930213412548059004e-01
9.997842950976900678e-01
9.967893245002692471e-01
9.968675390251542368e-01
9.956787123912682613e-01
9.993216258112324057e-01
9.993070309261042894e-01
9.979277987952526185e-01
9.988261108118207110e-01
9.971334286612989484e-01
1.002348062489678560e+00
9.987231645689325088e-01
9.978280354271719110e-01
9.988846242009393750e-01
9.956907474045485484e-01
9.982779621100175138e-01
9.970051150739592805e-01
1.000910573421782912e+00
9.966333282614909805e-01
9.988004836005259790e-01
9.986655708997497216e-01
9.975357066288448316e-01
9.999997740350941022e-01
9.969802632262849684e-01
9.964701659554241475e-01
9.978601896158331153e-01
1.000124222348812486e+00
9.980502528435803988e-01
9.982685234711082822e-01
1.001231594792669322e+00
9.994993888251695324e-01
9.986371718607591763e-01
9.998140367707019083e-01
9.969524436058484484e-01
9.971869204981637091e-01
9.965984205284390551e-01
9.983036582838020756e-01
1.000319203982938721e+00
1.000789764265439308e+00
1.000410438067314445e+00
9.971469223088339495e-01
9.981675275548047566e-01
9.982529459637401459e-01
9.988343237363124238e-01
9.985188532888591428e-01
9.995384235083474289e-01
1.000129848057698334e+00
9.987636013026729431e-01
1.000219399733567771e+00
9.988026056999211866e-01
9.974696999662839847e-01
9.967397591953611746e-01
9.971468674011122468e-01
1.000004770809724608e+00
9.977324313980768800e-01
9.928442480158397032e-01
9.817120193281109186e-01
9.720365005869893160e-01
9.647424800622450558e-01
9.566614241234854266e-01
9.485808934593021879e-01
9.421530434366660600e-01
9.320299358360299991e-01
9.268494195160296156e-01
9.160480530409738087e-01
9.103728545872282751e-01
9.001831419135832846e-01
8.938988724115983775e-01
8.848708456952301127e-01
8.776742595208550934e-01
8.693099024406167885e-01
8.621041049982567372e-01
8.537654211482856859e-01
8.453079611909063429e-01
8.385957570049825671e-01
8.309486769312416365e-01
8.204765008225785028e-01
8.142028278161631549e-01
8.094508791227709166e-01
7.999672797317106676e-01
7.938776654891267492e-01
7.869645781996210676e-01
7.791091860982570783e-01
7.718526510816581254e-01
7.656949957874981116e-01
7.563439933586216801e-01
7.509360402131846079e-01
7.415687932210016653e-01
7.372035539869782328e-01
7.281368474220337728e-01
7.230882852570647001e-01
7.156269589836902201e-01
7.069722602187340499e-01
7.004736079591434850e-01
6.949346461588741253e-01
6.887573599195732088e-01
6.787070683541146510e-01
6.742005848781860156e-01
6.677495109147704166e-01
6.612732604745625853e-01
6.534045909535641794e-01
6.479668179294764130e-01
6.414571053750374174e-01
6.335337673886362042e-01
6.272253471845009587e-01
6.221498445691859835e-01
6.143646464963752329e-01
6.057442693682684176e-01
6.022382948622106991e-01
5.946221698256686228e-01
5.899989204480459160e-01
5.831822970616082902e-01
5.765344425477457735e-01
5.689005828961847255e-01
5.650479064505955495e-01
5.575313994302579790e-01
5.525060893602499190e-01
5.463270957849390985e-01
5.403130237857000084e-01
5.340550570504815076e-01
5.283625795971869099e-01
5.209401746888139284e-01
5.163287944615441161e-01
5.111576079211884727e-01
5.022780446734179671e-01
4.980300480176446110e-01
4.919427268469090953e-01
4.859033115033565275e-01
4.804279408856421130e-01
4.745202120498649978e-01
4.684467308230270688e-01
4.617237977643819935e-01
4.579208435559116164e-01
4.491591775597445491e-01
4.459804978889934102e-01
4.398730727165255372e-01
4.336720011389447738e-01
4.283645986258096672e-01
4.232949781480452867e-01
4.185031271081749993e-01
4.118879275345966318e-01
4.065883717516354801e-01
4.011540986484727900e-01
3.955989382408445776e-01
3.915887171098516029e-01
3.853587726685585579e-01
3.776484765065553639e-01
3.735925424304000764e-01
3.683200815079754609e-01
3.644660337655810101e-01
3.582848892207018965e-01
3.535375363813483274e-01
3.474197343966612950e-01
3.441385353261202096e-01
3.383942122545515740e-01
3.337651205000807808e-01
3.278162070370367331e-01
3.223183480584579375e-01
3.178071008805083419e-01
3.119075417360121505e-01
3.056687325261420174e-01
3.025851688700416098e-01
2.965436945915868594e-01
2.922226324319069368e-01
2.868982775871458113e-01
2.818258281298927082e-01
2.778170397844613726e-01
2.726572056210273542e-01
2.681027891620123560e-01
2.630187495828844590e-01
2.575712755250482711e-01
2.527408407650735822e-01
2.476658978474135797e-01
2.443009279804193856e-01
2.380424485530610590e-01
2.334338679171620023e-01
2.294157455707259985e-01
2.245319569754741507e-01
2.193891743063459687e-01
2.153971187986305491e-01
2.105027624485951709e-01
2.064148819428129611e-01
2.020218922413779816e-01
1.978769557633894283e-01
1.913016420601806877e-01
1.880176848113704891e-01
1.836488352442016136e-01
1.788943801921461518e-01
1.746833477622136421e-01
1.694460420584730231e-01
1.655648504814101474e-01
1.612457118024671621e-01
1.573758319496325331e-01
1.533065713793352047e-01
1.482855122834496608e-01
1.434704073312779715e-01
1.399936358860263685e-01
1.354995075021701578e-01
1.312986675554528582e-01
1.274836807393475435e-01
1.224381164694992863e-01
1.185532644848556472e-01
1.148129894540205059e-01
1.118795078775835922e-01
1.087462549460311012e-01
1.055718620526896329e-01
1.020976049660120011e-01
9.927622242274090902e-02
9.606595523520482238e-02
9.270718938439617696e-02
9.021628692229043123e-02
8.761705550655635166e-02
8.543122656673891868e-02
8.308772070210444782e-02
8.019393503240480892e-02
7.857346634013651077e-02
7.576196937205674498e-02
7.311692579045903084e-02
7.177574851628787389e-02
6.962862488580663645e-02
6.744593087977560075e-02
6.567688496296535117e-02
6.336666445380007007e-02
6.120589669886229711e-02
5.970908209884546319e-02
5.778489683469632127e-02
5.589050682036415113e-02
5.481914220840439222e-02
5.259352025007822673e-02
5.116119345376982791e-02
4.943918312411867827e-02
4.811469861745506366e-02
4.686783878775346163e-02
4.495005069210936816e-02
4.331749131295462019e-02
4.211078825201133163e-02
4.052116229835533295e-02
3.911917778521920019e-02
3.805528056627257433e-02
3.698073042608428923e-02
3.543470801301235040e-02
3.432509988452020488e-02
3.327653870259331126e-02
3.194505883273351943e-02
3.061865801935129486e-02
2.974648797591445196e-02
2.904637918313292960e-02
2.783873971052195848e-02
2.671487174210515625e-02
2.547457978872269546e-02
2.479498414747393839e-02
2.402505066519893678e-02
2.269742717388009007e-02
2.222465212959351052e-02
2.103498116225425291e-02
1.993346939413066093e-02
1.956009852400067417e-02
1.858383216713224012e-02
1.804398071657764210e-02
1.721368559070975829e-02
1.673948848891496088e-02
1.567172553555168726e-02
1.523348848510857820e-02
1.452290555163017818e-02
1.362425853784855236e-02
1.315915475711992508e-02
1.238440533932576824e-02
1.199491282686671913e-02
1.105982667137756469e-02
1.069602261664933524e-02
1.045216639425908776e-02
9.697979214451932575e-03
9.339500281848253649e-03
8.698435720871802376e-03
8.210850139752907603e-03
7.693481125821651119e-03
7.305684423967267332e-03
6.679312992495044232e-03
6.315494294481647890e-03
5.988795026842469102e-03
5.683054174689034822e-03
5.211276995451832005e-03
4.905338201395098054e-03
4.581941049705577293e-03
4.162457980325572938e-03
3.903871759263212362e-03
3.573583313952944773e-03
3.385167014741984233e-03
2.944627866567902513e-03
2.819845731465892708e-03
2.525254446455875955e-03
2.229790655469981401e-03
1.997854071873963241e-03
1.845792798359230900e-03
1.640196347569773325e-03
1.463153841717656101e-03
1.327459724774886825e-03
1.149838561007451030e-03
1.024434184252994004e-03
8.933869927670952307e-04
7.337117960182855305e-04
6.072482121512402711e-04
5.475461502228350314e-04
4.499079074630638270e-04
3.729238143871166562e-04
3.100446957406857544e-04
1.825214393675783132e-04
1.567034105386460544e-04
9.425134265630731600e-05
5.278635303092608574e-05
4.726277980241873946e-05
1.422130524495652347e-05
6.201488314281596531e-06
1.766072883265601064e-06
0.000000000000000000e+00
0.000000000000000000e+00
0.000000000000000000e+00
0.000000000000000000e+00
0.000000000000000000e+00
0.000000000000000000e+00
0.000000000000000000e+00
0.000000000000000000e+00
0.000000000000000000e+00
0.000000000000000000e+00
0.000000000000000000e+00
0.000000000000000000e+00
0.000000000000000000e+00
0.000000000000000000e+00
0.000000000000000000e+00
0.000000000000000000e+00
0.000000000000000000e+00
0.000000000000000000e+00
0.000000000000000000e+00
0.000000000000000000e+00
0.000000000000000000e+00
0.000000000000000000e+00
0.000000000000000000e+00
0.000000000000000000e+00
0.000000000000000000e+00
0.000000000000000000e+00
0.000000000000000000e+00
0.000000000000000000e+00
0.000000000000000000e+00
0.000000000000000000e+00
0.000000000000000000e+00
0.000000000000000000e+00
0.000000000000000000e+00
0.000000000000000000e+00
0.000000000000000000e+00
0.000000000000000000e+00
0.000000000000000000e+00
