0.000000000000000000e+00
0.000000000000000000e+00
0.000000000000000000e+00
0.000000000000000000e+00
0.000000000000000000e+00
0.000000000000000000e+00
0.000000000000000000e+00
0.000000000000000000e+00
0.000000000000000000e+00
0.000000000000000000e+00
0.000000000000000000e+00
0.000000000000000000e+00
0.000000000000000000e+00
0.000000000000000000e+00
0.000000000000000000e+00
0.000000000000000000e+00
0.000000000000000000e+00
0.000000000000000000e+00
0.000000000000000000e+00
0.000000000000000000e+00
0.000000000000000000e+00
0.000000000000000000e+00
0.000000000000000000e+00
0.000000000000000000e+00
5.518345834408760857e-04
7.131705375129808629e-03
4.433900520599892703e-02
1.817758683043024792e-01
4.384050640686503741e-01
8.058173487066057072e-01
1.246323646262832208e+00
1.531009349273563469e+00
1.493446876525139633e+00
1.354557883885280090e+00
1.146091044836673012e+00
9.105291059686873023e-01
7.103930748581293031e-01
6.475716707873953037e-01
6.581741128105063066e-01
6.414085003442356880e-01
6.654641758464298062e-01
7.087966522940450931e-01
7.891777314625406659e-01
8.602781350351015321e-01
8.889649228252929358e-01
9.098461320306125977e-01
9.204679114136464779e-01
9.340965707418265040e-01
9.892066163346712182e-01
1.030763643360084858e+00
1.054256927467032590e+00
1.100521344849858529e+00
1.145293938062669659e+00
1.145009719424599393e+00
1.181672542723878561e+00
1.198626098348650304e+00
1.200366523819126563e+00
1.164289188941332487e+00
1.128988038448849984e+00
1.099873920767262314e+00
1.067436032771163168e+00
1.052625221719416526e+00
1.040497974752897958e+00
9.999337080119926613e-01
1.006992929740422982e+00
1.000494707206573963e+00
9.866625575185112851e-01
9.953809657324899085e-01
9.666725956359228933e-01
9.653230448717524670e-01
9.717921370833004779e-01
9.759041870471319990e-01
9.780346050840130756e-01
9.578577654233980665e-01
9.749928817988455787e-01
9.709560958054864743e-01
9.789663690911761806e-01
1.002072313237631240e+00
9.887469209292423233e-01
9.927533550802531970e-01
1.011439898529571169e+00
1.006422521037559026e+00
1.001203708500083556e+00
9.991756728391353315e-01
9.913022909922863946e-01
9.963465372261870456e-01
9.818996764868338500e-01
9.892242625352515306e-01
9.985490587485960079e-01
9.950947997927606092e-01
9.739535430933146110e-01
9.766415782325293948e-01
9.839809774639879381e-01
9.797952955349298332e-01
9.782364307256121716e-01
9.696624682256815841e-01
9.758532197271830855e-01
9.848979327454732147e-01
9.755524463587490480e-01
9.768219400966554611e-01
9.795863534520417026e-01
9.775186955426468094e-01
9.760070270663161462e-01
9.876689767409396747e-01
9.712533920887946870e-01
9.759360781573995780e-01
9.885382637105292192e-01
9.913313942044488236e-01
9.864530137829823353e-01
9.842667125210957657e-01
9.902455948838900790e-01
9.928947918834322151e-01
9.875719867405516883e-01
9.833875902883363329e-01
9.826093905733177536e-01
9.823314267890691509e-01
9.852377699226241292e-01
9.862956203837490721e-01
9.836152196123206792e-01
9.837858633817870846e-01
9.859600163825141816e-01
9.859098946984174994e-01
9.892401328074436062e-01
9.916168976639635479e-01
9.861812687852108406e-01
9.898577190681919769e-01
9.918873687136544604e-01
9.898802172273136746e-01
9.868722081695872062e-01
9.818040163682464350e-01
9.880182971542849080e-01
9.851180849570895237e-01
9.888913244379835543e-01
9.865861073863341213e-01
9.857048878260558089e-01
9.872862503720741811e-01
9.875243702273845958e-01
9.820264519339739762e-01
9.837682282508787290e-01
9.911984050657257628e-01
9.837512469486329181e-01
9.818584097564090341e-01
9.850117053231653985e-01
9.838796682051242914e-01
9.855720996194741179e-01
9.905522439638118071e-01
9.927581548529725852e-01
9.883723481100020747e-01
9.939592433935436899e-01
9.927275853893403612e-01
9.924792369606673104e-01
9.969284406167608914e-01
9.981845415955522549e-01
9.917310357467692405e-01
9.987948348598318926e-01
9.976080448717122851e-01
9.982906314488598776e-01
9.919710518693773960e-01
9.930364994511261534e-01
9.894656618453234742e-01
9.918607438117028607e-01
9.971437726622793818e-01
9.978059654711028958e-01
9.971133541299409542e-01
9.961066950133815601e-01
9.926203999411642442e-01
9.942842884281570814e-01
9.947514806168520352e-01
9.916138088307202558e-01
9.978668148938868443e-01
9.967600575513045902e-01
9.887066827037002126e-01
9.878755295840060402e-01
9.936890055331975002e-01
9.927334952844854010e-01
9.924988438739807961e-01
9.913550134402183689e-01
9.883758425382221935e-01
9.930118972319865733e-01
9.945635325568837892e-01
9.946675440907368770e-01
9.896303532501453670e-01
9.885724414557641726e-01
9.920142883679691215e-01
9.948370291524376574e-01
9.910621164285056128e-01
9.984258497601266047e-01
9.891707609554832858e-01
9.906188401883501138e-01
9.910588096223498233e-01
9.916723180415115690e-01
9.879189826228437221e-01
9.932908629495199593e-01
9.875809487891674676e-01
9.943182120337477059e-01
9.894681979724641030e-01
9.925328011711276321e-01
9.891489073018455702e-01
9.882629356371485096e-01
9.937874954462925237e-01
9.915219257899933192e-01
9.903456061472785121e-01
9.918020526719278918e-01
9.945180567744048572e-01
9.925787043189868708e-01
9.878058137919781823e-01
9.925799825945139654e-01
9.924614318235442934e-01
9.865078389829673444e-01
9.940125929965798468e-01
9.919326330480380260e-01
9.900178111202564413e-01
9.883958069490816900e-01
9.939194952559435858e-01
9.913988084774415510e-01
9.918424221281033626e-01
9.931331682687422058e-01
9.980278531556284749e-01
9.990722229196494775e-01
9.971201524689906615e-01
9.928047739327759968e-01
9.925643911886261606e-01
9.917127203244764377e-01
9.946698227967646355e-01
9.939263884981301977e-01
9.921276370154824553e-01
9.920847304316962045e-01
9.945261743692704881e-01
9.989427354533905179e-01
9.933446127727245667e-01
9.984806931232049765e-01
9.967470589690967664e-01
9.924506563448408647e-01
9.917335159851227155e-01
9.989868879983543337e-01
9.947441158420691210e-01
9.970169427617695534e-01
9.952753949639339126e-01
9.961312824256468579e-01
9.931610245892582567e-01
9.945757588952955919e-01
9.933712646040547822e-01
9.947948770508386884e-01
9.978378373838712179e-01
9.975614823197528347e-01
9.979270995649733855e-01
9.937014248814816098e-01
9.966014353914883772e-01
9.927650442591707813e-01
9.971216785679889449e-01
9.961717454705215635e-01
9.944040232715406491e-01
9.930798649158095737e-01
9.942149482477677935e-01
9.944269378707321083e-01
9.955693674841984420e-01
9.962307503866005831e-01
9.951880902799037365e-01
9.997537408844505702e-01
9.960383686566108841e-01
9.943910894549076174e-01
9.964846997410701235e-01
9.964166176220407012e-01
9.962970066213114873e-01
9.978743730259788114e-01
9.979616383899895249e-01
9.965734966588672972e-01
9.984699003932397954e-01
9.971259264817157186e-01
1.001982222144177204e+00
1.001134436870191102e+00
9.960562874908950315e-01
9.989623490645711534e-01
9.996380996906015781e-01
9.986243874166377266e-01
1.000903128685074250e+00
9.997212631530658644e-01
9.991240896417483697e-01
1.000769167111910996e+00
1.001555191266374045e+00
9.952519756355958647e-01
1.000852497821901332e+00
9.952986703007128400e-01
9.999420938482317389e-01
1.000967630966747457e+00
1.000499260352367470e+00
1.001449845893064516e+00
9.995814841178731758e-01
9.978542263694140102e-01
9.960557891222435734e-01
9.994834292025847056e-01
9.976241624885390236e-01
9.998403878173529602e-01
9.967538049298063640e-01
9.996715026397019477e-01
1.000394770001778566e+00
9.941970048895123480e-01
9.975784314880231651e-01
9.976390341359848701e-01
9.991058694547323427e-01
9.990122748287015852e-01
9.979358156271874725e-01
9.973549604904334842e-01
9.999573948001867496e-01
1.000078155785094403e+00
1.000456327698005410e+00
9.991085230895683233e-01
9.995859246421527899e-01
9.986298697716741168e-01
9.966830850635485239e-01
9.989671427761768197e-01
9.989036393632260147e-01
9.963271096629509049e-01
9.961327084744113769e-01
9.950397524221824552e-01
9.978212340031166194e-01
9.950744222530586436e-01
9.986258621160376547e-01
9.991119326725307337e-01
9.984689485886766303e-01
1.000085003328678557e+00
9.943604876426177519e-01
9.972750280114316412e-01
9.969595127724585337e-01
9.969938860964537852e-01
9.989538831487932979e-01
1.000715816443900508e+00
9.977242499210270399e-01
9.979432486382052714e-01
9.970091674228216405e-01
9.973995450585555478e-01
9.990362332791009603e-01
9.981031556646295932e-01
9.968564941176608629e-01
1.001676513559871307e+00
9.979804153282438861e-01
9.959986284266051371e-01
9.966374195027262184e-01
9.969361435422293694e-01
9.978607612404193361e-01
9.947570144183554008e-01
9.953852018921106604e-01
9.976101364046493503e-01
9.985288717014814130e-01
9.963356424665968936e-01
9.985637149807262691e-01
9.987766269210491821e-01
9.951599501543028081e-01
9.978883429122344939e-01
9.933333603574705517e-01
9.968608526450093432e-01
9.999862886525640038e-01
9.984425105310086312e-01
9.994425538642798257e-01
9.882180157146935873e-01
9.811039304324545851e-01
9.709885879553691312e-01
9.623861904129172862e-01
9.555425766292029444e-01
9.467350848095584803e-01
9.423414351604358918e-01
9.314389115419059451e-01
9.226313082263487564e-01
9.157542133329593659e-01
9.071333148094251619e-01
9.027590805222092118e-01
8.911827700163234001e-01
8.822429923404158103e-01
8.754094602255068081e-01
8.695006981285264835e-01
8.609519753273451315e-01
8.531186795101393106e-01
8.428834976261645462e-01
8.384853490174095647e-01
8.314978059730372406e-01
8.205080158060971129e-01
8.155428868279481769e-01
8.067574540985396059e-01
7.984510967440278106e-01
7.924775294947480342e-01
7.841004206206734217e-01
7.770224639293263902e-01
7.715949996167702496e-01
7.653372709495048776e-01
7.544866428972109018e-01
7.514423306798369007e-01
7.407328462677704728e-01
7.337552724093732159e-01
7.278449060581025920e-01
7.231144409228655867e-01
7.140952103150314256e-01
7.070217141286746498e-01
7.016259020198560847e-01
6.942282389110295826e-01
6.869028581079058560e-01
6.780329803855150717e-01
6.754010989982038859e-01
6.688076359699876017e-01
6.634879890364775434e-01
6.538666116767627434e-01
6.468196304663810237e-01
6.401840206139208789e-01
6.355980078816837464e-01
6.288764089651278644e-01
6.192775887997333806e-01
6.148911925366190578e-01
6.095680621961088175e-01
6.033520569507935249e-01
5.963755820821102782e-01
5.896120934337124586e-01
5.828306786864908551e-01
5.778747835852054981e-01
5.711182286927810603e-01
5.631336699813853652e-01
5.584819369822759949e-01
5.515503410194347866e-01
5.453357420812042777e-01
5.396437298341992816e-01
5.343611088996714775e-01
5.276900756183439123e-01
5.211157257441564328e-01
5.167533300022715270e-01
5.104999536185466091e-01
5.053803720896226093e-01
4.986468884419043013e-01
4.941119053282320150e-01
4.867017864196508947e-01
4.814473837593658545e-01
4.739903659257292956e-01
4.690255117211933888e-01
4.618260861936434591e-01
4.582895074059222251e-01
4.513501521028900343e-01
4.468920748200339577e-01
4.396783615965406122e-01
4.355496998095334527e-01
4.298076342957385942e-01
4.239715315912837013e-01
4.191369024472093585e-01
4.129594831250067988e-01
4.070130409219178125e-01
4.006266984488085492e-01
3.967927990622319712e-01
3.917261566359226399e-01
3.854736895813786202e-01
3.799143198758323514e-01
3.766657578321960798e-01
3.691858843206247687e-01
3.655107363919981034e-01
3.589165747807889217e-01
3.533713932088777265e-01
3.496496449260059203e-01
3.446629512634233339e-01
3.391707254488042778e-01
3.342574906134823665e-01
3.291813034165041452e-01
3.216393560583841738e-01
3.172766143691612695e-01
3.130181707832306870e-01
3.090918666806451998e-01
3.031017423161635471e-01
2.984733829561706520e-01
2.940153667917648761e-01
2.871334148018834798e-01
2.831300556090767251e-01
2.781906545195844127e-01
2.740688499510680054e-01
2.692066777056275617e-01
2.641238730670044665e-01
2.578945929092831824e-01
2.544574500300297859e-01
2.479922527621415684e-01
2.446673956459063104e-01
2.400932025286193205e-01
2.354817858404510966e-01
2.309363009400877964e-01
2.252858681712167632e-01
2.201093175816395131e-01
2.149667925428880855e-01
2.113954082558751058e-01
2.070483307673944007e-01
2.019510265678026162e-01
1.992520774186417321e-01
1.935226350097771497e-01
1.876256445190382094e-01
1.841831234209481971e-01
1.797735038476439284e-01
1.757246665438162159e-01
1.706801264049344069e-01
1.657430466617201836e-01
1.624351642900723480e-01
1.571958601436669045e-01
1.528745730670030001e-01
1.487760635183562052e-01
1.450399890512009404e-01
1.389000141753824191e-01
1.351278275790546990e-01
1.313928481724082609e-01
1.269095089764697704e-01
1.231766634067231608e-01
1.182612050057371966e-01
1.155454972088396370e-01
1.113744648737820392e-01
1.087906918555878594e-01
1.044355020046477261e-01
1.013273749677651575e-01
9.849218504552131881e-02
9.595379246518252747e-02
9.296694554791760934e-02
9.013933712986837987e-02
8.787848874593312543e-02
8.528766925372478769e-02
8.368252680334242743e-02
8.039814397002192914e-02
7.796587939953562862e-02
7.565159633352634694e-02
7.356947002805953872e-02
7.145090163006011241e-02
6.928280400098196790e-02
6.763413952979922816e-02
6.531040080409976356e-02
6.331946602997204354e-02
6.196336242622645790e-02
5.960414295335553225e-02
5.835709510626374552e-02
5.584626653180611855e-02
5.439739730039720722e-02
5.278051686914177199e-02
5.128340545600641731e-02
4.942028709147736759e-02
4.811350352791684409e-02
4.652418797356624308e-02
4.526891684410266209e-02
4.386791690176802816e-02
4.254433123554762081e-02
4.097615840981801150e-02
3.946310757854510493e-02
3.791859515645425865e-02
3.686623589224923003e-02
3.620498451371544774e-02
3.478065750843051251e-02
3.333496058320534194e-02
3.209779065510882934e-02
3.131024427264861298e-02
2.991146123845861773e-02
2.902592630572213561e-02
2.767746309193819601e-02
2.680061422760162196e-02
2.570973929776682043e-02
2.471329529867797789e-02
2.384088422594539750e-02
2.324802328819764938e-02
2.239557453185200483e-02
2.155021021461669961e-02
2.050715439816021626e-02
1.962176365470270911e-02
1.915444171152414637e-02
1.849208833882282771e-02
1.752210185938570669e-02
1.702245286138568195e-02
1.607387078811808173e-02
1.553016859281105069e-02
1.472847194436558392e-02
1.413789535639249639e-02
1.364289369195446217e-02
1.306117477062429186e-02
1.231417921190235132e-02
1.173489047892912855e-02
1.109502041985902659e-02
1.063219204334286266e-02
9.972018410854250822e-03
9.542586399148463017e-03
9.178758756616473002e-03
8.516242701014316296e-03
8.137319525292147082e-03
7.749973529467530861e-03
7.258607527298591329e-03
6.769602164232359914e-03
6.257204196743153604e-03
5.789732429896990960e-03
5.322492623192121020e-03
5.188595367610658766e-03
4.821259324788148247e-03
4.369810464025741456e-03
4.220084257176114420e-03
3.725390907912709722e-03
3.449775358299674195e-03
3.184651450975567368e-03
3.016006715420778070e-03
2.695957579917709034e-03
2.406559781066769810e-03
2.176861217856039619e-03
1.931712110343699815e-03
1.846205849209107833e-03
1.540988384673125898e-03
1.382609236986809004e-03
1.265318422737818794e-03
1.115398148774117025e-03
9.553737036653157152e-04
8.259065424352478183e-04
6.972957598909302473e-04
5.448123887558247195e-04
4.298412368654587045e-04
3.683848380886831715e-04
2.937336304655138492e-04
2.069228545500624756e-04
1.368936336728623568e-04
9.963953417251496323e-05
6.173467983440678909e-05
4.548037438715317438e-05
1.244394188773815744e-05
2.657844738692555383e-06
8.830577161850177183e-07
0.000000000000000000e+00
0.000000000000000000e+00
0.000000000000000000e+00
0.000000000000000000e+00
0.000000000000000000e+00
0.000000000000000000e+00
0.000000000000000000e+00
0.000000000000000000e+00
0.000000000000000000e+00
0.000000000000000000e+00
0.000000000000000000e+00
0.000000000000000000e+00
0.000000000000000000e+00
0.000000000000000000e+00
0.000000000000000000e+00
0.000000000000000000e+00
0.000000000000000000e+00
0.000000000000000000e+00
0.000000000000000000e+00
0.000000000000000000e+00
0.000000000000000000e+00
0.000000000000000000e+00
0.000000000000000000e+00
0.000000000000000000e+00
0.000000000000000000e+00
0.000000000000000000e+00
0.000000000000000000e+00
0.000000000000000000e+00
0.000000000000000000e+00
0.000000000000000000e+00
0.000000000000000000e+00
0.000000000000000000e+00
0.000000000000000000e+00
0.000000000000000000e+00
0.000000000000000000e+00
0.000000000000000000e+00
0.000000000000000000e+00
