0.000000000000000000e+00
0.000000000000000000e+00
0.000000000000000000e+00
0.000000000000000000e+00
0.000000000000000000e+00
0.000000000000000000e+00
0.000000000000000000e+00
0.000000000000000000e+00
0.000000000000000000e+00
0.000000000000000000e+00
0.000000000000000000e+00
0.000000000000000000e+00
0.000000000000000000e+00
0.000000000000000000e+00
0.000000000000000000e+00
0.000000000000000000e+00
0.000000000000000000e+00
0.000000000000000000e+00
0.000000000000000000e+00
0.000000000000000000e+00
0.000000000000000000e+00
0.000000000000000000e+00
0.000000000000000000e+00
0.000000000000000000e+00
1.103788556531766062e-03
9.170327377151926695e-03
5.566562326934457877e-02
1.743484860610085285e-01
4.457940186731431109e-01
8.454954817477506879e-01
1.260703707221523029e+00
1.486101128667503879e+00
1.539087897581161046e+00
1.388357998818739114e+00
1.135359660219774192e+00
9.001122723663290692e-01
7.156921368179718357e-01
6.582433507627999392e-01
6.481872331807703169e-01
6.450876577839187442e-01
6.970456136733015340e-01
7.234932377365888012e-01
8.002683963220816876e-01
8.432127958913900878e-01
8.815323421783309854e-01
9.144254636493776012e-01
9.365027392629416969e-01
9.612162212877549683e-01
1.011708394220163454e+00
1.025736996444008398e+00
1.078015072096664140e+00
1.148983128346459326e+00
1.168376672502678737e+00
1.199652727635454719e+00
1.217717285863244348e+00
1.216610713431360846e+00
1.226858099232452703e+00
1.187262524389409934e+00
1.168609176501255176e+00
1.128536190188922372e+00
1.120956232986293877e+00
1.082434425958692437e+00
1.072501439607339790e+00
1.054846570110250514e+00
1.057910890959356198e+00
1.033191840696415564e+00
1.027600605952469826e+00
1.010831819026664746e+00
1.020369326675546917e+00
1.007954291686566251e+00
1.007760136515426286e+00
1.009709959740743512e+00
1.002344935391233260e+00
1.008496604600439772e+00
1.003930461074289404e+00
1.025638635643404406e+00
1.034213727876372557e+00
1.024466104958828616e+00
1.030253263720217305e+00
1.054036485091442987e+00
1.045599947664880958e+00
1.034214869974519058e+00
1.056026389408529775e+00
1.046660519908457321e+00
1.037207578382951079e+00
1.046172791984209205e+00
1.037976288683204240e+00
1.039356070898923123e+00
1.031187036861667128e+00
1.026513206633217434e+00
1.017464573740802125e+00
1.033178696753404902e+00
1.012509555890819035e+00
1.020604177281966951e+00
1.021453123730299728e+00
1.022769443735481509e+00
1.008548854132917505e+00
1.019613116389560759e+00
1.012470104607329668e+00
1.011899153320019673e+00
1.017481296279833858e+00
1.016441264973229286e+00
1.018937564678871421e+00
1.015766459474792605e+00
1.003427607112807207e+00
1.010809915448517060e+00
1.017914588604077686e+00
1.010934258467964586e+00
1.014534858063095069e+00
1.018775403848598993e+00
1.013552659329371775e+00
1.020878001599956342e+00
1.015427751969743220e+00
1.012967924725026281e+00
1.011980323827544881e+00
1.023243240310420132e+00
1.022230070908791477e+00
1.024414702770607866e+00
1.014866240000044106e+00
1.009900803295622262e+00
1.014588791089493958e+00
1.021522388140184923e+00
1.010034898457113695e+00
1.016140382853932600e+00
1.019462039943463738e+00
1.012704474276549416e+00
1.008578981916716799e+00
1.017094044263932462e+00
1.016073262756083784e+00
1.012888175987301409e+00
1.010673207970067322e+00
1.016589515890131024e+00
1.005190347347291846e+00
1.011269060417505639e+00
1.014785503573753189e+00
1.007333275809192408e+00
1.011992563858016947e+00
1.011924017537991549e+00
1.008798389607301171e+00
1.011787219762968926e+00
1.009234978780802150e+00
1.010277477968134718e+00
1.011746163825429701e+00
1.007380245631315230e+00
1.006512857457409149e+00
1.006528727793901012e+00
1.004103902890058020e+00
1.010195382413248133e+00
1.007603645558211136e+00
1.009630524868279533e+00
1.008121134002671448e+00
1.006852190223076482e+00
1.007139574997762077e+00
1.007080926409865240e+00
1.006092726326185183e+00
1.005115077166450321e+00
1.003430859234184069e+00
1.007718571775883198e+00
1.008099438377467072e+00
1.004640811991391658e+00
1.001871513261194169e+00
1.006512032311197347e+00
1.000435852381774904e+00
1.003009214948924255e+00
1.003511736744439053e+00
9.996952213279459709e-01
1.002937092144424502e+00
9.957447718711878171e-01
9.989094063775593169e-01
1.008884107996173007e+00
1.004264667957556867e+00
1.001373754790716442e+00
1.007066847792147612e+00
1.007939816400493127e+00
1.007170748603671839e+00
1.008849343641151863e+00
1.008872561231191511e+00
1.005760544677757107e+00
9.982561764158112139e-01
1.010167546615739820e+00
1.005910571270352882e+00
1.001595307105251909e+00
1.010126564703489827e+00
1.011121766434501579e+00
1.005544073767880020e+00
1.010772988489710311e+00
1.000638999185763600e+00
1.007617269823184669e+00
1.008144129245366338e+00
1.003796861333138279e+00
1.006743201215585470e+00
1.001767505318178708e+00
1.004583498520618789e+00
1.001819348826934020e+00
1.003744354157926733e+00
1.002058159201096865e+00
1.004884815808589016e+00
1.002566036280888140e+00
9.982584166236497802e-01
1.001062450599180753e+00
1.002038496370373233e+00
9.973480512882072491e-01
1.000255712997388136e+00
1.001026061366812270e+00
9.958629890788053274e-01
9.976333163251374092e-01
1.003658250833593168e+00
1.002026004974395201e+00
9.985649275711659945e-01
9.989287232990494703e-01
9.961000957038876891e-01
9.979908589091256443e-01
9.990242552537019760e-01
9.924424541637141273e-01
9.978861415947039015e-01
9.963515947575994902e-01
9.995174939016470139e-01
9.947810309380425986e-01
9.924834253999939016e-01
9.970560992616905871e-01
9.986294891976624788e-01
9.979458963596813392e-01
9.959425715448466665e-01
1.001184642309296935e+00
9.975048607423537828e-01
9.974213797995269415e-01
9.993089815706858170e-01
9.953251243852674346e-01
9.953957091944664048e-01
1.000516252631018288e+00
9.959508777942541746e-01
9.925705917241128828e-01
9.999681831191044035e-01
1.001600114693898202e+00
9.968536280939924721e-01
9.969366516500286490e-01
9.968996986461566845e-01
1.000434542508314761e+00
9.980213866083437191e-01
9.989752728121432668e-01
9.997757099849163831e-01
9.986198936247487890e-01
9.991900363128705109e-01
9.985772131265920892e-01
9.984397734255311407e-01
9.996677310433783603e-01
9.987054693101555802e-01
1.001339137701016124e+00
1.003222123575407077e+00
1.001647125855010145e+00
9.997590136644748382e-01
1.002164422235799934e+00
9.999897306643360517e-01
1.000627980040374121e+00
9.971177433121810596e-01
1.000321008552078617e+00
9.994708185471669060e-01
1.003245678848179612e+00
9.989148674339173306e-01
1.001853420257364125e+00
9.999962277189212712e-01
1.002808782163016499e+00
1.002106811330501168e+00
9.963904657211449800e-01
1.000103971974780626e+00
9.993997572007771169e-01
9.973157437904909273e-01
9.984806757733821758e-01
1.000611689379531599e+00
1.001438283292011011e+00
9.976927264186710165e-01
9.987665122228398529e-01
9.985260664784924023e-01
9.990021165990669028e-01
9.978661914493067719e-01
9.995403274356066126e-01
9.992486940729491396e-01
1.001499592960967355e+00
9.973874728351146413e-01
1.003084322023438668e+00
9.966271392349519420e-01
9.949776037197337608e-01
9.976772385588433822e-01
1.001010763517968361e+00
1.001039070325889790e+00
9.992295334850374022e-01
9.979294170918723283e-01
9.993248486858290480e-01
1.002356830198451343e+00
1.002140803529662394e+00
9.994305805542683663e-01
1.002325288522225133e+00
1.000939916631077953e+00
1.000061666317847209e+00
1.001460496392052590e+00
1.002658156767581854e+00
9.988760588842762189e-01
1.000052215848129977e+00
9.989368506283330396e-01
1.001618506081619620e+00
1.004102974660837422e+00
9.983098377139921764e-01
1.002893957781095358e+00
9.982635093696227147e-01
1.000264952758577852e+00
9.978914196363695144e-01
1.002274380943093401e+00
9.982609400879731698e-01
1.002337529332237853e+00
9.990529629986485416e-01
1.002199045304307257e+00
9.991448629385376590e-01
9.996613636643358891e-01
1.000093643784063513e+00
9.971371163939861670e-01
9.979058739927493260e-01
9.991312260703638648e-01
9.987864759404142534e-01
9.980050236229822680e-01
9.988041560809882702e-01
9.992836074556794568e-01
9.991383616003657320e-01
9.965387296598503530e-01
9.980551249795259761e-01
9.976429227447304315e-01
9.967040887118497894e-01
9.951177728308947534e-01
9.993643493995777449e-01
9.996600254277770992e-01
9.989632777971408917e-01
9.972010829170949719e-01
9.969735360370238775e-01
9.959365180203666457e-01
9.997853503335459857e-01
9.937572779829639824e-01
9.951360487875859917e-01
9.966681674124610035e-01
9.966899654735773550e-01
9.954160447443624049e-01
9.980578158083974749e-01
9.959819758922510147e-01
9.981463437318209841e-01
9.993477344728775025e-01
9.977607969079701489e-01
9.984087819164521038e-01
1.000928271980123574e+00
9.946487283326338469e-01
9.981292928153719934e-01
9.983754800580699751e-01
9.985455507084157745e-01
1.000431565030145631e+00
9.974611105624541230e-01
9.971266448617380762e-01
9.968197646841678861e-01
9.892476655045560063e-01
9.839365407842700639e-01
9.764821445329510130e-01
9.652952345455123595e-01
9.593916631060289690e-01
9.476809225149844806e-01
9.421527418483685024e-01
9.322318104144901030e-01
9.255146775204254883e-01
9.193888364327197360e-01
9.092962696216103646e-01
9.012049743961934034e-01
8.918958258854615684e-01
8.873429622231446823e-01
8.786833553780446504e-01
8.710507869772218248e-01
8.619236722673520035e-01
8.554387772353970743e-01
8.464441308518414475e-01
8.375856699075105993e-01
8.290293271668655040e-01
8.232896285633185540e-01
8.137004822221416411e-01
8.093254501448442495e-01
7.999828969752719177e-01
7.910334153192978279e-01
7.856269555536844473e-01
7.789049177308732252e-01
7.728198089688679273e-01
7.651519815270960700e-01
7.547027238507638680e-01
7.490266248907443414e-01
7.439757526727296399e-01
7.342715343118497717e-01
7.275307073033903116e-01
7.192878468381110890e-01
7.144136309010233887e-01
7.044091086866920426e-01
6.992027506955770244e-01
6.923262281972186738e-01
6.860979306209566975e-01
6.784621746633441308e-01
6.719989399467929392e-01
6.654956178999534844e-01
6.591011878557755388e-01
6.493744302560411352e-01
6.447186704241029132e-01
6.417659797408140632e-01
6.313270435652053036e-01
6.253710054882402058e-01
6.184576577776885742e-01
6.125337117370734941e-01
6.064299189981554594e-01
6.009272779971022160e-01
5.940892949693238334e-01
5.865225173589686536e-01
5.781808089280116025e-01
5.739751218563793334e-01
5.667950194284354648e-01
5.626287649152708070e-01
5.573872341091598015e-01
5.491285603538456073e-01
5.427800356338083887e-01
5.402381299794101199e-01
5.310308401761758557e-01
5.234884608950096663e-01
5.183033565829424649e-01
5.129097469994025049e-01
5.063251899357469332e-01
5.009848561772611841e-01
4.957001964492694923e-01
4.898703664497379151e-01
4.827873829250026172e-01
4.760389836760497428e-01
4.713800660892789596e-01
4.630953554115418425e-01
4.597236178329248690e-01
4.541253379426869463e-01
4.503397790894089203e-01
4.423969819147733351e-01
4.377199982711202364e-01
4.316540277360621514e-01
4.249382012972202638e-01
4.226931951157042455e-01
4.160720580315775963e-01
4.061208096963938585e-01
4.049380834902533421e-01
3.975815785007883463e-01
3.930268437920300117e-01
3.860902142281492644e-01
3.816937554338365457e-01
3.759422503603807586e-01
3.724736409828981465e-01
3.664330551904808608e-01
3.607440011879506359e-01
3.565613042553728573e-01
3.511224583458699144e-01
3.461248179093411315e-01
3.404801755714964573e-01
3.353072018229953932e-01
3.310553516854747858e-01
3.255600647923282964e-01
3.189379517078333448e-01
3.154129841049195804e-01
3.098321651025022216e-01
3.042105814039578471e-01
3.016846342975187945e-01
2.963386854769005097e-01
2.899565145725222504e-01
2.858782570119717814e-01
2.808066158258079592e-01
2.771687926402944813e-01
2.701781719702938678e-01
2.665010249156022915e-01
2.618187798789467502e-01
2.566073111685626129e-01
2.516352974610108761e-01
2.466285939669487226e-01
2.428373330212223180e-01
2.376276465496512114e-01
2.331042139311609585e-01
2.291955122803826517e-01
2.235577088142772784e-01
2.190084131810163814e-01
2.135560175301748354e-01
2.098331504929614733e-01
2.048392544129924442e-01
2.011897385018423801e-01
1.946882118290890196e-01
1.919916492654901163e-01
1.868640064235417841e-01
1.825162964801951004e-01
1.788928452503529554e-01
1.731422548673337836e-01
1.694420748696327805e-01
1.636218659413653798e-01
1.595635486984633422e-01
1.551089579533485030e-01
1.513243623079495170e-01
1.470412933172779435e-01
1.419718669718237902e-01
1.386087116816449583e-01
1.341639895661067006e-01
1.298395205518466100e-01
1.258112908447400202e-01
1.214610150990021870e-01
1.168865537243372471e-01
1.132420675769387208e-01
1.098185203363274826e-01
1.068616829813633373e-01
1.032934534054233966e-01
1.009688051882311893e-01
9.750710465503949209e-02
9.537757377313457741e-02
9.199805419898739178e-02
8.921865013751685558e-02
8.695484218961009593e-02
8.457886955731928891e-02
8.180449155679896112e-02
7.958005487368925712e-02
7.748116946270072747e-02
7.463118398097373651e-02
7.279996154437685940e-02
7.113820519942279375e-02
6.831916971051485432e-02
6.635609878924758620e-02
6.493468414213277029e-02
6.262216198548262169e-02
6.147734365852021432e-02
5.897588238614184103e-02
5.734572156509439023e-02
5.543718272513308704e-02
5.378056694529245035e-02
5.221349847589585452e-02
5.054876370898429838e-02
4.874850492195613449e-02
4.744059856143586357e-02
4.595569812871761611e-02
4.437761501131252256e-02
4.346640163299192450e-02
4.160144298601257951e-02
4.020994469789462150e-02
3.888953000690875683e-02
3.742268806055821379e-02
3.641091711846680679e-02
3.492373487216372807e-02
3.371381600763571906e-02
3.237812661975527501e-02
3.166559078304281849e-02
3.034454403056248070e-02
2.924977687292965381e-02
2.807597932979019953e-02
2.718790649206349191e-02
2.620665164835826039e-02
2.535240420506037692e-02
2.432424387833935844e-02
2.319842478051919316e-02
2.266992828901269463e-02
2.152100639874371044e-02
2.065059853911585877e-02
1.995226953703361020e-02
1.946927445687061248e-02
1.793475910092482903e-02
1.772443444703870538e-02
1.679427334050630563e-02
1.604316148758969107e-02
1.530678983672543667e-02
1.466803398985206709e-02
1.422325126974491663e-02
1.337772595494852133e-02
1.271277193164133991e-02
1.219955343967238023e-02
1.141112804164375223e-02
1.105923202662933633e-02
1.060517390769058835e-02
9.820186223966171843e-03
9.678902477288297071e-03
8.852801885348388772e-03
8.600520561101781744e-03
8.127318595819789035e-03
7.682452563028934443e-03
7.077567641070081454e-03
6.829730786122713802e-03
6.329244444877641165e-03
5.904445927602172510e-03
5.607837630311938992e-03
5.304387502209256637e-03
4.999070468836461396e-03
4.565947210881772869e-03
4.234046330272226225e-03
4.038219611299585614e-03
3.588553245494904755e-03
3.428958346463918932e-03
3.061166994816150178e-03
2.794389030433459126e-03
2.560864707707595587e-03
2.387816399297264160e-03
2.142058606372463161e-03
1.959290742079989288e-03
1.665809603637180905e-03
1.516781582569150721e-03
1.355664202910562399e-03
1.205860641638006837e-03
1.044986836037973361e-03
8.944301149319638889e-04
7.734492718302238582e-04
6.541874667814987377e-04
5.695965773092770022e-04
4.554436938044983734e-04
3.720634505505180691e-04
2.874186217193935833e-04
2.186932214446193705e-04
1.711355527139890185e-04
1.041390655249519061e-04
7.158418318458465920e-05
5.351211086641813601e-05
1.422318630152462828e-05
3.544176335493386219e-06
0.000000000000000000e+00
0.000000000000000000e+00
0.000000000000000000e+00
0.000000000000000000e+00
0.000000000000000000e+00
0.000000000000000000e+00
0.000000000000000000e+00
0.000000000000000000e+00
0.000000000000000000e+00
0.000000000000000000e+00
0.000000000000000000e+00
0.000000000000000000e+00
0.000000000000000000e+00
0.000000000000000000e+00
0.000000000000000000e+00
0.000000000000000000e+00
0.000000000000000000e+00
0.000000000000000000e+00
0.000000000000000000e+00
0.000000000000000000e+00
0.000000000000000000e+00
0.000000000000000000e+00
0.000000000000000000e+00
0.000000000000000000e+00
0.000000000000000000e+00
0.000000000000000000e+00
0.000000000000000000e+00
0.000000000000000000e+00
0.000000000000000000e+00
0.000000000000000000e+00
0.000000000000000000e+00
0.000000000000000000e+00
0.000000000000000000e+00
0.000000000000000000e+00
0.000000000000000000e+00
0.000000000000000000e+00
0.000000000000000000e+00
0.000000000000000000e+00
