0.000000000000000000e+00
0.000000000000000000e+00
0.000000000000000000e+00
0.000000000000000000e+00
0.000000000000000000e+00
0.000000000000000000e+00
0.000000000000000000e+00
0.000000000000000000e+00
0.000000000000000000e+00
0.000000000000000000e+00
0.000000000000000000e+00
0.000000000000000000e+00
0.000000000000000000e+00
0.000000000000000000e+00
0.000000000000000000e+00
0.000000000000000000e+00
0.000000000000000000e+00
0.000000000000000000e+00
0.000000000000000000e+00
0.000000000000000000e+00
0.000000000000000000e+00
1.756248498402822669e-02
7.210047251075530905e-01
3.033736864952366830e+00
3.563300198325275669e+00
2.174563252698467952e+00
1.006318028638083506e+00
4.475091802059316670e-01
2.337182799723696580e-01
2.227801058293469583e-01
3.625057243998263123e-01
5.509398057274802474e-01
7.025932638163641109e-01
7.850109826101581145e-01
8.119469580384800489e-01
8.191973888730764708e-01
8.308060595392422476e-01
8.699998704433350438e-01
9.370374090054852667e-01
1.002367171192261486e+00
1.057934410242308054e+00
1.114861974540207967e+00
1.177576987647817264e+00
1.229522974322314832e+00
1.262991972304214228e+00
1.270728756849564656e+00
1.260617367913534403e+00
1.225692735255520471e+00
1.170273998271093241e+00
1.109338225113560616e+00
1.045209501080868630e+00
9.929003101739273252e-01
9.585158553856391039e-01
9.371380089560911175e-01
9.249187643921625845e-01
9.231464879079169794e-01
9.244008846837823423e-01
9.277554174481598137e-01
9.345813197469515776e-01
9.412962272570482014e-01
9.502792010717223681e-01
9.607371928122010463e-01
9.688914685694008933e-01
9.812026477271050817e-01
9.954175576558665917e-01
1.002502756666273864e+00
1.008310877239192882e+00
1.013882503199382557e+00
1.013474230088304839e+00
1.013247248187049143e+00
1.011427243049468405e+00
1.011894345006826734e+00
1.005598084165678197e+00
1.001606644654849942e+00
1.001285573322362454e+00
1.000774532318681187e+00
9.999622422141163369e-01
1.003340533121455769e+00
1.004774815089782836e+00
1.004896811057643946e+00
1.006878226080872851e+00
1.007589330570556774e+00
1.008474881856703309e+00
1.008792015227545136e+00
1.006744643132131189e+00
1.005188692961850538e+00
1.005091895484767184e+00
1.003383378307340923e+00
1.002111633312743999e+00
1.001009300150049519e+00
9.983404075687616341e-01
9.955189720079838933e-01
9.936539990949297962e-01
9.934053228462861318e-01
9.911059181684342967e-01
9.921691271427336423e-01
9.920843268914132373e-01
9.917923511167147099e-01
9.934283923235373015e-01
9.932561560908037546e-01
9.952670413516797598e-01
9.972695478044861783e-01
9.998108733347420563e-01
1.001701069057966187e+00
1.003384617465425066e+00
1.005277481249980287e+00
1.005026908570725963e+00
1.005824309231554414e+00
1.005653805910252219e+00
1.004559265314417305e+00
1.003852716819741087e+00
1.004073162429449440e+00
1.002336048456728745e+00
1.001360273438996806e+00
1.002066655228444736e+00
1.001117482665268010e+00
1.000569811950196675e+00
9.999906527663283695e-01
9.993381381212085302e-01
9.987134719162034102e-01
1.000440972654957239e+00
9.989053266221078475e-01
9.989724687640171297e-01
9.993335316406424251e-01
9.991529198508812826e-01
9.995175112292624675e-01
9.987297988913033109e-01
9.995057077094314790e-01
1.000371166761856667e+00
1.000112770563173381e+00
1.000156226544253402e+00
1.000764420498191365e+00
1.000656614564690017e+00
1.001259788707843823e+00
1.001107411972198324e+00
1.000225412850404894e+00
1.000343748035495084e+00
1.000188691405883068e+00
1.000645241899631888e+00
1.000660813914943770e+00
1.000700703520463808e+00
1.000499230557794883e+00
1.000842241611057837e+00
1.000715497261558617e+00
1.000105210878824646e+00
1.001234244044998611e+00
1.000393417038932586e+00
1.000811355435688776e+00
9.997505408868007093e-01
1.000746052779618145e+00
1.000031807723568145e+00
1.001014834450522306e+00
9.998784748901878849e-01
1.000244282637943627e+00
1.000087013585888807e+00
1.000009243421620564e+00
9.998503158979362704e-01
1.000365208353961810e+00
1.000335537756135817e+00
9.998482740164998939e-01
1.000690514300679457e+00
9.999753559925261825e-01
1.000165201152538152e+00
1.000360199744051215e+00
1.000529671749991190e+00
1.000324253035309141e+00
1.000026188057947962e+00
9.997057148660329906e-01
9.998498629506292756e-01
1.000127652492094565e+00
1.000003463006399640e+00
1.000170585120809807e+00
1.000095427357210021e+00
9.996999948536848812e-01
1.000049852809962614e+00
1.000498884044192405e+00
1.000383163851727986e+00
1.000094855687477802e+00
9.997902149530446536e-01
9.996525908780403702e-01
9.998590810430398879e-01
1.000247007438183067e+00
1.000320458324844175e+00
1.000446683870349407e+00
9.999179036462015890e-01
9.998520368105578981e-01
1.000669046232600445e+00
1.000034925916173822e+00
1.000123685561178144e+00
9.998008072648700839e-01
1.000099311393416235e+00
1.000244569252517923e+00
1.000787956278832214e+00
9.996754448687692474e-01
9.992606966257202572e-01
1.000458228890462875e+00
1.000457059337608090e+00
9.993705797964589355e-01
1.000863419650990016e+00
9.999051177791347111e-01
1.000152967291974448e+00
1.000897123404763667e+00
1.000140566500704598e+00
1.000419305957596539e+00
9.999471044593576385e-01
1.000458299351525859e+00
1.000518770270954594e+00
1.000706919220889279e+00
1.000147575155255542e+00
1.000251763533758220e+00
9.997709030733133995e-01
1.000072165796791701e+00
9.997844494452344799e-01
1.000428198818585690e+00
1.000005762141546128e+00
9.999360836532394936e-01
9.999184364147449822e-01
1.000645718207741952e+00
9.996247746448442273e-01
1.000134307214010532e+00
1.000293511762030851e+00
9.999893256537356612e-01
1.000318389433600297e+00
1.000271985496991478e+00
1.000331467009593078e+00
1.000603201361011330e+00
1.000145539170301578e+00
1.000077223494096224e+00
9.996518933859831479e-01
1.000178391877676543e+00
1.000124043121100703e+00
1.000677948826505181e+00
9.997289873284616046e-01
9.996319080187084927e-01
1.000460111915048467e+00
1.000103529747761399e+00
1.000617033611405082e+00
1.000326600928138410e+00
9.998346576255711105e-01
1.000075301222778323e+00
1.000394155275131647e+00
1.000159356032123359e+00
1.000000051863445538e+00
1.000113435210245649e+00
1.000277836544810839e+00
9.999555084677265171e-01
9.998619482217566690e-01
1.000420339529762614e+00
1.000811927998321860e+00
1.000468191281451258e+00
1.000277656782212254e+00
1.000057846809556228e+00
1.000608983345937952e+00
1.000238187030892734e+00
1.000365393462387065e+00
9.997965031612759956e-01
1.000149126307425806e+00
1.000194813686390072e+00
1.000605360287600609e+00
1.000423889366681696e+00
9.999959016576235316e-01
1.000150938569159820e+00
9.997436275006371664e-01
1.000303461121054616e+00
9.999453980867528680e-01
1.000107860319288999e+00
9.999159748439933049e-01
1.000332768827330243e+00
9.997508494818450053e-01
9.997970095919342937e-01
1.000127275500416024e+00
1.000088404174281687e+00
1.000119957753898836e+00
1.000005068060113134e+00
1.000232324850501175e+00
9.999099416669854357e-01
1.000232315397108884e+00
1.000265239890669733e+00
9.999454341399881541e-01
9.999712226782607738e-01
1.000182898563824141e+00
1.000114948012343685e+00
1.000129684926594820e+00
9.998121323434682184e-01
1.000044498123678904e+00
9.997476082547060994e-01
9.998182623248480505e-01
1.000032126222907047e+00
9.994240412554507014e-01
9.995446776216020401e-01
9.996050470767349205e-01
1.000151834380196281e+00
9.996694597568477336e-01
1.000528879216606493e+00
1.000064614674433860e+00
1.000178622693638442e+00
9.996569785906654904e-01
9.999069469212765737e-01
1.000026369293847139e+00
1.000480165152249912e+00
9.998787059978919700e-01
1.000650892465501984e+00
9.999309956571279523e-01
9.996767491615639045e-01
9.999497456937754825e-01
9.993942596501960152e-01
9.997553184163818774e-01
1.000000733985800805e+00
1.000208312738008587e+00
9.997529505586378873e-01
9.998056739599323617e-01
9.997065111332762433e-01
1.000053263793748703e+00
1.000156230695844473e+00
1.000177224824440714e+00
1.000001843066056217e+00
9.996826156924754070e-01
9.995418328977609956e-01
9.998576705281339017e-01
9.998638595412820962e-01
1.000124064632749388e+00
1.000225701589180671e+00
1.000039387586890038e+00
1.000164597721439508e+00
9.999499226039846311e-01
1.000072724267864643e+00
1.000237213645264411e+00
1.000210911292278126e+00
9.998946217013107152e-01
1.000054680290622278e+00
1.000265748863885973e+00
1.000237529605806586e+00
1.000154668871606756e+00
1.000111757656840128e+00
1.000150067158596334e+00
9.997404298325446304e-01
1.000300024009514566e+00
1.000538424547251948e+00
1.000251740535620160e+00
9.997146275506109125e-01
1.000040320697017426e+00
9.996045693673430987e-01
1.000343145398821409e+00
9.995976033185952625e-01
1.000049857261432473e+00
1.000294159806613736e+00
1.000101890381301040e+00
1.000321220223072682e+00
9.998979813630879399e-01
9.998674072093420850e-01
1.000333012568506152e+00
1.000235082503664996e+00
1.000081549337380915e+00
9.986562620892700526e-01
9.908437899715144548e-01
9.833577175142772520e-01
9.750470544094557157e-01
9.664451887101870309e-01
9.582204584447313600e-01
9.498977329780966539e-01
9.415512643726665631e-01
9.335668705276807255e-01
9.252111419971983386e-01
9.177097132911012922e-01
9.091137095434794757e-01
9.015896737349100576e-01
8.933590547039931273e-01
8.856032164409051166e-01
8.779625870743250626e-01
8.701073100978671260e-01
8.622249543126995208e-01
8.546649398057893920e-01
8.470153114724315868e-01
8.392698558906568351e-01
8.322503053680627705e-01
8.240271340911560216e-01
8.163725525434688546e-01
8.088638417877014319e-01
8.016119478802155029e-01
7.946494200166064337e-01
7.869158541650206340e-01
7.795863406914798066e-01
7.723929570800448507e-01
7.650840033009246310e-01
7.581413893414218341e-01
7.508072944924474301e-01
7.438233936770126675e-01
7.367304136704023731e-01
7.293735059628606576e-01
7.225211755871612240e-01
7.157515856251299713e-01
7.085774986596735658e-01
7.016984207226529824e-01
6.946262257007116414e-01
6.878740562955780735e-01
6.813851945779827446e-01
6.748187904382654256e-01
6.680945704371791249e-01
6.610154419363308831e-01
6.545769778950062401e-01
6.478855539527772489e-01
6.412871026313630152e-01
6.348144204960561865e-01
6.280356566248550543e-01
6.213035487635258924e-01
6.150627415221235905e-01
6.083989257615074475e-01
6.024310901984373245e-01
5.959462513562585606e-01
5.897301157585809195e-01
5.833529621343309657e-01
5.771752506917042780e-01
5.708185290640959142e-01
5.644528740016192536e-01
5.582084085667030626e-01
5.520639220592992169e-01
5.459947537379599147e-01
5.400317104691965131e-01
5.339805856037692644e-01
5.281190310262362519e-01
5.218844532767340505e-01
5.158907132032127807e-01
5.098890416807896342e-01
5.037857188732294267e-01
4.980939209081026164e-01
4.923542599093567174e-01
4.862709035071030583e-01
4.804986439299473999e-01
4.748237162353676766e-01
4.689031544609329472e-01
4.634724845242874647e-01
4.576244152199164805e-01
4.518410731192403773e-01
4.461998122992275051e-01
4.405348802456015567e-01
4.350290013717121318e-01
4.295323401758242565e-01
4.239263830589805049e-01
4.183706972347633335e-01
4.128222992113984580e-01
4.073550027627544923e-01
4.020593053804547012e-01
3.965223316828097588e-01
3.909044950879577707e-01
3.855318630650186873e-01
3.804376725292906714e-01
3.749562536838801918e-01
3.695686324622279861e-01
3.644499839682986408e-01
3.593035790215433622e-01
3.539292737595339244e-01
3.487352858780137788e-01
3.434060764434029855e-01
3.383621979637647104e-01
3.330900085653779041e-01
3.282379782120235512e-01
3.231279414865136923e-01
3.176779568564732092e-01
3.126669054204134768e-01
3.078301623386645591e-01
3.025495623402902345e-01
2.979009610277991160e-01
2.929381046183426873e-01
2.878860250135058529e-01
2.829009482031057399e-01
2.780397742938849337e-01
2.730694714523692057e-01
2.683360365513411949e-01
2.635142685508099492e-01
2.586935569504754118e-01
2.539401776797668986e-01
2.490143489789585218e-01
2.443935065416261709e-01
2.396049908698246189e-01
2.348263386864485325e-01
2.301055418486121495e-01
2.255730712579508968e-01
2.208302088714408640e-01
2.161726080765069280e-01
2.116736199545489194e-01
2.070448546590246131e-01
2.024007390602212686e-01
1.978576867382995097e-01
1.933682784875311866e-01
1.887581701008029800e-01
1.842278450960130320e-01
1.797897279443485541e-01
1.752202153641960192e-01
1.708991994997252073e-01
1.664079435214640690e-01
1.619232811795907057e-01
1.576065810745949369e-01
1.531240302607407566e-01
1.489280875824741668e-01
1.445498987835338867e-01
1.401890240309874303e-01
1.359456643980361812e-01
1.314995856789075990e-01
1.273845447303591782e-01
1.231004171999958291e-01
1.189829028949935252e-01
1.152673227837080344e-01
1.117471326692358741e-01
1.084087300919717167e-01
1.051538121300466672e-01
1.021051110359725428e-01
9.915839441701193580e-02
9.628791511940368308e-02
9.333036589849351417e-02
9.067587851980966895e-02
8.802942951083241041e-02
8.544526206494791609e-02
8.291663992097139668e-02
8.062221492077126239e-02
7.828886216237253282e-02
7.590359658768579265e-02
7.370024232777913631e-02
7.150293708621847932e-02
6.947010041164983218e-02
6.742368868793489900e-02
6.540834898289434041e-02
6.340406429910744324e-02
6.151852787155107777e-02
5.977981081757877818e-02
5.786342055031828968e-02
5.611341421126261192e-02
5.441127128930069862e-02
5.273266549802548692e-02
5.112717373151956513e-02
4.953460258575889674e-02
4.792350956698453179e-02
4.648918634566261143e-02
4.495613570368003908e-02
4.353478745380166132e-02
4.213187779308771863e-02
4.070830168195797155e-02
3.939329077210673713e-02
3.806770599818216916e-02
3.676929624160875376e-02
3.555050196043998967e-02
3.434143500329112780e-02
3.311017783074156340e-02
3.200377566171645760e-02
3.086201658626818584e-02
2.978883530056993661e-02
2.876613877788147464e-02
2.765397603403335278e-02
2.672275977122851032e-02
2.566086012017188348e-02
2.473139974959838450e-02
2.378821408817175312e-02
2.285759341960262939e-02
2.201498276196660331e-02
2.112327726479565002e-02
2.028235788688185007e-02
1.947222218048526299e-02
1.867416292246343659e-02
1.789532275915099724e-02
1.711563060733425554e-02
1.637640039398013947e-02
1.569678048333785630e-02
1.499043603039615716e-02
1.431818980031593184e-02
1.364677168117783314e-02
1.302865712277554225e-02
1.241017994216249767e-02
1.179924576104450333e-02
1.121984065030981643e-02
1.069498042290034125e-02
1.012025131597067348e-02
9.603572824324920279e-03
9.132137351894328153e-03
8.591007973209155088e-03
8.154117168600675744e-03
7.678154146438441637e-03
7.260163360010620306e-03
6.811453952680720202e-03
6.388042757430734478e-03
5.982253154493254003e-03
5.618322018142848581e-03
5.244563275901307706e-03
4.899220481327568218e-03
4.558821939970972813e-03
4.239557521730078112e-03
3.933065287775882463e-03
3.640097303165673679e-03
3.340937222633163627e-03
3.067159085212480592e-03
2.823927887983270629e-03
2.554601106093967039e-03
2.342795708309805287e-03
2.108941289019456398e-03
1.906325117028766832e-03
1.715204058126073520e-03
1.525935663332558985e-03
1.343389196931484095e-03
1.185097232800516685e-03
1.039329593256878813e-03
8.914895544838056336e-04
7.616154819764050675e-04
6.519823517037871396e-04
5.356092852095312726e-04
4.443277051050023292e-04
3.542422016808604896e-04
2.773742524688860116e-04
2.121672208663048494e-04
1.490398373665868575e-04
1.045143637598295320e-04
6.351303969549747220e-05
3.492287838360797131e-05
1.520151501881099351e-05
3.828171108754242026e-06
3.046132022617889203e-07
0.000000000000000000e+00
0.000000000000000000e+00
0.000000000000000000e+00
0.000000000000000000e+00
0.000000000000000000e+00
0.000000000000000000e+00
0.000000000000000000e+00
0.000000000000000000e+00
0.000000000000000000e+00
0.000000000000000000e+00
0.000000000000000000e+00
0.000000000000000000e+00
0.000000000000000000e+00
0.000000000000000000e+00
0.000000000000000000e+00
0.000000000000000000e+00
0.000000000000000000e+00
0.000000000000000000e+00
0.000000000000000000e+00
0.000000000000000000e+00
0.000000000000000000e+00
0.000000000000000000e+00
0.000000000000000000e+00
0.000000000000000000e+00
0.000000000000000000e+00
0.000000000000000000e+00
0.000000000000000000e+00
0.000000000000000000e+00
0.000000000000000000e+00
0.000000000000000000e+00
0.000000000000000000e+00
0.000000000000000000e+00
0.000000000000000000e+00
0.000000000000000000e+00
0.000000000000000000e+00
0.000000000000000000e+00
0.000000000000000000e+00
