0.000000000000000000e+00
0.000000000000000000e+00
0.000000000000000000e+00
0.000000000000000000e+00
0.000000000000000000e+00
0.000000000000000000e+00
0.000000000000000000e+00
0.000000000000000000e+00
0.000000000000000000e+00
0.000000000000000000e+00
0.000000000000000000e+00
0.000000000000000000e+00
0.000000000000000000e+00
0.000000000000000000e+00
0.000000000000000000e+00
0.000000000000000000e+00
0.000000000000000000e+00
0.000000000000000000e+00
0.000000000000000000e+00
0.000000000000000000e+00
0.000000000000000000e+00
1.706868427941925573e-02
7.260766225224807302e-01
3.022672700584726702e+00
3.555379849866803887e+00
2.169213620716453850e+00
1.009108116120728482e+00
4.490107525476269568e-01
2.321264808371067134e-01
2.237479118404057388e-01
3.629247295146618146e-01
5.510848692165127849e-01
7.013917154923092756e-01
7.807543152073793680e-01
8.116244966893407797e-01
8.188515748189674204e-01
8.333158350457056107e-01
8.715975790094188103e-01
9.346168176750181411e-01
1.002985446357537391e+00
1.059083258360747015e+00
1.117499666512271173e+00
1.179306542955914194e+00
1.229743821562613526e+00
1.261371338699136313e+00
1.269363625160634168e+00
1.261359013112439698e+00
1.224719301697476892e+00
1.171375450597492485e+00
1.110213522489543525e+00
1.045188981991521215e+00
9.983273014533894374e-01
9.617283950002059045e-01
9.383429091416641832e-01
9.256856931118611076e-01
9.230005361633881744e-01
9.246982595175503583e-01
9.305595964353134963e-01
9.337995031173614846e-01
9.414523206857779991e-01
9.492631196588539044e-01
9.600987027825037545e-01
9.702238255135302580e-01
9.836940273040202243e-01
9.929456365396245321e-01
1.003187007197170244e+00
1.010272029454805098e+00
1.011201097424933915e+00
1.014065811715523679e+00
1.013363371270018742e+00
1.012423150079836409e+00
1.011258727154111137e+00
1.004870718253348505e+00
1.002400508739047957e+00
1.003280431367143066e+00
1.001455751205689637e+00
1.002845517754497484e+00
1.001431172884648335e+00
1.004929242819558644e+00
1.004744613426447275e+00
1.007446264088000643e+00
1.007618219591741804e+00
1.009110109598880145e+00
1.009171357363132460e+00
1.008377630143033388e+00
1.006243020586151005e+00
1.005585745858113222e+00
1.002799844584678857e+00
1.002055653988829009e+00
9.995976557533220452e-01
9.964345959133514841e-01
9.961344459940738583e-01
9.962139228280476599e-01
9.937345961493561086e-01
9.928809802402848161e-01
9.936368586780105483e-01
9.921441112746383073e-01
9.916294762001530705e-01
9.917779465429654717e-01
9.932159080223967873e-01
9.969624014863108785e-01
9.985937399877505838e-01
9.992105286240654527e-01
1.000545290173112001e+00
1.003307385841389010e+00
1.004547417056568026e+00
1.004662675004851513e+00
1.004827780817130867e+00
1.004953585243059999e+00
1.004378984288474497e+00
1.003184138401638448e+00
1.003080381038097046e+00
1.001657905417961958e+00
1.001989752813622347e+00
1.000840545327212450e+00
1.000805768466673573e+00
1.000154498440452011e+00
9.990135052392637993e-01
9.986966142644521094e-01
9.994705730184095804e-01
9.994049458860120305e-01
9.988744039463376412e-01
9.989962846835236387e-01
9.974661780691671531e-01
9.991673087637302775e-01
9.988532051620576668e-01
1.000164020671647780e+00
9.996852170205743349e-01
9.998818228774555283e-01
9.999047400294075461e-01
9.996615506416282049e-01
1.000003309750390645e+00
9.997344178682515681e-01
9.990552327638605457e-01
1.000162201768176162e+00
9.999589172581869745e-01
1.001114626882166680e+00
1.000836240590009973e+00
1.000902664694997224e+00
1.000707319169258591e+00
1.000521837957657256e+00
1.000334747829328519e+00
1.000759311944428021e+00
1.000890618328956538e+00
1.000732037772045446e+00
1.000735255605526453e+00
1.000054926201073835e+00
9.999578630670433732e-01
9.996625157481474622e-01
1.000535332527469068e+00
9.991776680470267902e-01
9.998416745452992638e-01
1.001547094020948103e+00
9.997843924165449314e-01
9.991622695144384281e-01
9.989706509695674974e-01
1.000230317199636287e+00
9.987666300495637861e-01
1.000223444229328074e+00
1.000314144028655150e+00
1.000506123280782811e+00
1.000084875229764636e+00
9.998856435396789033e-01
1.000326777303682135e+00
1.000010938334425337e+00
9.997304620162096311e-01
1.000113130573566211e+00
9.999373478785122948e-01
9.999687693774349517e-01
1.000790077653662902e+00
1.000273256531938770e+00
9.998511179830900097e-01
9.998853365464436260e-01
9.999526438964725372e-01
1.000990948453878593e+00
9.997662401241310670e-01
1.000637867313693308e+00
1.000141633981450839e+00
1.000819582511304651e+00
9.986123851290142905e-01
1.000477493892726111e+00
1.000356880628538780e+00
1.000623439876872744e+00
1.000105811779375520e+00
1.000177045372967477e+00
9.999127900975580685e-01
1.000532038572066185e+00
1.000270958295002899e+00
1.000309320665114132e+00
1.000284633740511353e+00
9.999431331064564388e-01
9.999845691262255754e-01
1.000220655901247646e+00
9.996800702547427031e-01
1.000048002413744141e+00
1.000734121485786554e+00
9.997154543886429545e-01
9.999693590302493051e-01
1.000181612669111209e+00
1.000452413056872603e+00
1.000175513124896831e+00
1.000092431288727823e+00
1.000136607356029383e+00
9.999215982898423949e-01
9.998766780550187860e-01
1.000497986665776606e+00
1.000349912543043063e+00
9.993608265637339283e-01
1.000071234083641070e+00
9.993232389854882491e-01
1.000343282024824809e+00
9.997822631972115293e-01
9.999800113788358535e-01
1.000645875233101334e+00
1.000149931075227538e+00
1.000515685810360988e+00
1.000122909627912726e+00
1.000735729495037418e+00
9.995296582594295209e-01
1.000363574339749873e+00
9.997219608055142315e-01
9.999710823603698007e-01
9.998753750494527859e-01
9.995040099807431799e-01
1.000537026417085196e+00
1.000076119959111276e+00
9.995278188462712876e-01
1.000262429666235020e+00
1.000626475362425882e+00
9.999916337020297030e-01
9.999202737325576518e-01
9.997484041693595058e-01
9.999289274615124068e-01
1.000265727275938321e+00
9.994348047373430299e-01
9.997938490936130185e-01
9.999555976793496059e-01
1.000254376909035514e+00
1.000049322012286135e+00
9.994150746215804126e-01
1.000267641854464928e+00
1.000459456958555648e+00
1.000160067769870098e+00
1.000169138490586196e+00
9.996013791184209518e-01
1.000310317431022167e+00
9.995409182409531468e-01
1.000100016482116771e+00
1.000107276620490149e+00
1.000375442695965900e+00
9.997681712419593802e-01
1.000037814214140175e+00
1.000042773231561766e+00
1.000866677965593921e+00
9.994930876508573148e-01
1.000891298921931405e+00
1.000093176066174205e+00
1.000254209208614853e+00
9.998082767025522344e-01
9.999819722033141955e-01
9.995793199449402033e-01
1.000064026002467799e+00
9.998203158561266291e-01
9.998846637398686177e-01
9.999172225116101931e-01
9.999867101990354001e-01
9.999122455958215916e-01
9.999651031075598162e-01
9.997291272229956727e-01
1.000229094926371021e+00
1.000051942442863773e+00
1.000355676454792953e+00
9.995448858175327578e-01
1.000125945514747539e+00
1.000170645147905324e+00
9.996352057307280603e-01
1.000399986917160700e+00
9.997673963638192829e-01
1.000111856648244535e+00
9.998439562623703258e-01
9.994859515445149167e-01
1.000047100705430347e+00
1.000167532549925742e+00
1.000385013110007382e+00
9.999933882241613947e-01
1.000103591461583452e+00
9.999921684647949949e-01
9.999337734877365991e-01
9.998073533689889603e-01
9.998491408141578773e-01
1.000640975456545068e+00
9.996897400831420422e-01
9.999963520848879073e-01
1.000021911698673271e+00
9.997567181712110340e-01
9.995919206459289441e-01
1.000298429371314413e+00
1.000216618857464157e+00
1.000087123262947797e+00
9.998642318873853796e-01
9.998750661480371171e-01
9.994746257064148764e-01
9.999700299685233551e-01
1.000074285144880282e+00
9.999631330366334225e-01
9.998720242485068521e-01
9.998280415430179646e-01
9.999335129774519215e-01
1.000346128153854819e+00
1.000270962616642390e+00
9.999692596971913039e-01
1.000297152362763731e+00
1.000479471191937364e+00
9.997078432288387662e-01
1.000330996495593538e+00
9.999864334229786600e-01
9.996634735575986586e-01
1.000366162682114979e+00
1.000170031513752056e+00
1.000076364561915288e+00
1.000275084696897077e+00
1.000077756223421765e+00
1.000128156110127620e+00
1.000040424660914695e+00
1.000102197312104035e+00
1.000183505804192130e+00
1.000142649068504586e+00
1.000235108999417921e+00
1.000026042208456367e+00
1.000366884809322121e+00
9.999331058156819552e-01
1.000480035275912227e+00
9.997399496813427211e-01
1.000450331501122614e+00
1.000341349190243978e+00
1.000003211723005769e+00
9.999598285896083016e-01
1.000203081026508567e+00
1.000293043747966015e+00
1.000204333933952139e+00
1.000227860400499491e+00
1.000356862179869744e+00
1.000216318483204914e+00
9.999246520586593245e-01
9.999933831978479182e-01
1.000640804746739665e+00
9.998890336455608097e-01
1.000123676160688868e+00
9.995360334221613519e-01
1.000061130375958562e+00
1.000222325150563973e+00
1.000360582804122656e+00
1.000260780076594802e+00
9.991061344017718726e-01
9.915944529426976572e-01
9.828284219907477137e-01
9.743730231562568456e-01
9.664390522159851393e-01
9.583336504448236592e-01
9.503079136611207733e-01
9.415581335221858694e-01
9.331080115332283098e-01
9.255966478091781635e-01
9.176924376511693682e-01
9.092398339619615077e-01
9.018086318645354149e-01
8.937377821836782754e-01
8.857364499870087338e-01
8.780756060044181410e-01
8.702056964972074704e-01
8.618004938246746072e-01
8.549384913811449715e-01
8.469002434474348640e-01
8.391325772243402037e-01
8.318532289237865474e-01
8.240236910657251501e-01
8.166754641297996331e-01
8.089955011656128070e-01
8.017929877461463795e-01
7.945051661705549995e-01
7.869927599636939997e-01
7.799528959494660407e-01
7.723180617347535915e-01
7.651793186419859616e-01
7.577537588903326959e-01
7.507825066299377292e-01
7.436796119442584674e-01
7.366482345897449324e-01
7.296870357714810851e-01
7.228125791294934821e-01
7.156321302311603461e-01
7.087948088211327713e-01
7.018086741209504931e-01
6.953686639364118349e-01
6.881275597650489129e-01
6.815185012369314732e-01
6.747718126951991469e-01
6.678976997643295554e-01
6.611650186850163147e-01
6.544244008307144034e-01
6.482174354613524647e-01
6.409563142519659751e-01
6.347571225861519117e-01
6.283073192243474603e-01
6.215570633008304924e-01
6.155704865841140627e-01
6.088100009509795907e-01
6.023765641624455602e-01
5.960381456932317690e-01
5.899745777472601427e-01
5.832284377520078333e-01
5.772641694360841624e-01
5.709896535661369565e-01
5.645829525668979443e-01
5.583904691703979184e-01
5.520979008861957027e-01
5.460748863250861618e-01
5.399515837405872709e-01
5.339889891623781359e-01
5.278861557880724087e-01
5.219700398089607285e-01
5.159228647646850741e-01
5.102438271927979274e-01
5.042080980282673819e-01
4.982738805900046586e-01
4.923748305945488957e-01
4.866670523401081527e-01
4.804811703946781365e-01
4.748523695866907479e-01
4.690346217055479383e-01
4.635861007178686544e-01
4.576438974612651034e-01
4.519492556434617225e-01
4.462707335997594948e-01
4.407147013652429890e-01
4.349198309685883279e-01
4.295543442215448704e-01
4.239774250210563422e-01
4.184078449984787729e-01
4.129862072276634377e-01
4.074491435566428010e-01
4.019924501413959517e-01
3.964338790343658325e-01
3.910352071170879462e-01
3.857855885342723612e-01
3.803119048847015682e-01
3.749739939430045688e-01
3.698593167160929007e-01
3.646430675022863666e-01
3.590140010905271684e-01
3.538595184696025631e-01
3.488275313666037158e-01
3.434822527967705263e-01
3.384459967037600214e-01
3.332998030758730912e-01
3.281957498932480677e-01
3.228626405092428486e-01
3.178626972384432370e-01
3.129686323278219606e-01
3.078397815024346285e-01
3.026974837728196310e-01
2.977888550894091657e-01
2.929831832317154050e-01
2.879597366353839893e-01
2.829898331449357540e-01
2.781076194582070560e-01
2.732254862109051996e-01
2.682698662150061475e-01
2.634738289634364072e-01
2.585805330458666451e-01
2.540777314269218046e-01
2.492416156120179083e-01
2.443569660925924147e-01
2.397827551428346193e-01
2.348372549766429562e-01
2.302651054038395984e-01
2.256261257955911315e-01
2.208176283859009381e-01
2.162887080566972264e-01
2.116671603946590208e-01
2.070959011013474849e-01
2.023606492904558574e-01
1.977600548034893768e-01
1.932622092747796616e-01
1.887415328222402378e-01
1.843307824974357023e-01
1.797282863417202503e-01
1.754386403745715473e-01
1.709117208526494402e-01
1.664509665352786050e-01
1.619416809338888041e-01
1.575994163557886962e-01
1.532925356466537381e-01
1.489505760966299275e-01
1.445354753066732945e-01
1.402796095364736706e-01
1.357929418089094675e-01
1.316953982918522559e-01
1.272721116711206524e-01
1.230219901115625764e-01
1.190132503450474916e-01
1.151731080699577026e-01
1.117299192955790860e-01
1.083271233040725423e-01
1.052058158997637854e-01
1.020233138733870337e-01
9.918942387888615708e-02
9.605583038383040673e-02
9.330453294960174004e-02
9.057453764131129237e-02
8.799700413873999538e-02
8.553213773542500675e-02
8.291191866264308041e-02
8.057935438642067905e-02
7.819418264621863512e-02
7.593212023757399398e-02
7.376194040357332560e-02
7.159398180200382544e-02
6.941752815922007380e-02
6.731572220692841335e-02
6.539471869187402087e-02
6.340929485871218962e-02
6.148836854239976557e-02
5.969653893250970872e-02
5.785800686217373867e-02
5.606088143193878326e-02
5.431916034472391436e-02
5.268653066199233126e-02
5.116431198432185024e-02
4.944262260966957728e-02
4.790558574699362721e-02
4.640456057558178804e-02
4.490232895256209694e-02
4.348877065709215450e-02
4.206331830491251422e-02
4.069006646929457932e-02
3.939023618762068496e-02
3.807120359454876923e-02
3.678724215563934641e-02
3.549791967238528911e-02
3.431985427432168029e-02
3.311815897629308281e-02
3.202156682332827492e-02
3.083293759147643157e-02
2.974143140923068626e-02
2.868981268763901027e-02
2.768517773260992590e-02
2.664157360621128776e-02
2.565864923326749425e-02
2.472331348917483629e-02
2.373313067148506358e-02
2.285042069746371848e-02
2.195295522954378992e-02
2.113145862894388188e-02
2.024778075937967714e-02
1.947261657370741306e-02
1.865054640016694520e-02
1.786118223024059024e-02
1.711041724288426061e-02
1.640279104139364535e-02
1.570871691128735911e-02
1.499347610234503560e-02
1.432169335343142814e-02
1.366998069524199590e-02
1.300289749478518442e-02
1.242431063787417626e-02
1.179600922623525762e-02
1.121887665900632783e-02
1.066191948339193819e-02
1.013993915100843378e-02
9.605601367375253552e-03
9.077682059320218988e-03
8.635420403863336425e-03
8.144102693429222314e-03
7.692142709620234872e-03
7.234881948277923497e-03
6.808868593743007055e-03
6.398781344302217899e-03
6.013449176552552664e-03
5.609458357877688747e-03
5.254745855775386221e-03
4.905035076402853092e-03
4.555157781882740627e-03
4.230136980324979840e-03
3.936713324772221807e-03
3.627318760577080518e-03
3.342776115421013886e-03
3.057255345883121232e-03
2.796596286892050632e-03
2.573757248434643818e-03
2.348718949324426434e-03
2.124739488275854266e-03
1.905153019198596413e-03
1.706072646138858881e-03
1.532230636083603201e-03
1.348978870879209268e-03
1.179032973788447444e-03
1.037105511375833794e-03
8.934157743491188399e-04
7.715475693771924525e-04
6.475998763662019425e-04
5.387852329352311748e-04
4.378302612125925183e-04
3.584648422305071946e-04
2.791444177373481267e-04
2.112717568264494555e-04
1.521350948309208864e-04
1.030509348226881151e-04
6.546440121783977646e-05
3.615452185548705263e-05
1.494379735300493566e-05
3.667441913935866084e-06
1.923934932542289545e-07
0.000000000000000000e+00
0.000000000000000000e+00
0.000000000000000000e+00
0.000000000000000000e+00
0.000000000000000000e+00
0.000000000000000000e+00
0.000000000000000000e+00
0.000000000000000000e+00
0.000000000000000000e+00
0.000000000000000000e+00
0.000000000000000000e+00
0.000000000000000000e+00
0.000000000000000000e+00
0.000000000000000000e+00
0.000000000000000000e+00
0.000000000000000000e+00
0.000000000000000000e+00
0.000000000000000000e+00
0.000000000000000000e+00
0.000000000000000000e+00
0.000000000000000000e+00
0.000000000000000000e+00
0.000000000000000000e+00
0.000000000000000000e+00
0.000000000000000000e+00
0.000000000000000000e+00
0.000000000000000000e+00
0.000000000000000000e+00
0.000000000000000000e+00
0.000000000000000000e+00
0.000000000000000000e+00
0.000000000000000000e+00
0.000000000000000000e+00
0.000000000000000000e+00
0.000000000000000000e+00
0.000000000000000000e+00
0.000000000000000000e+00
