0.000000000000000000e+00
0.000000000000000000e+00
0.000000000000000000e+00
0.000000000000000000e+00
0.000000000000000000e+00
0.000000000000000000e+00
0.000000000000000000e+00
0.000000000000000000e+00
0.000000000000000000e+00
0.000000000000000000e+00
0.000000000000000000e+00
0.000000000000000000e+00
0.000000000000000000e+00
0.000000000000000000e+00
0.000000000000000000e+00
0.000000000000000000e+00
0.000000000000000000e+00
0.000000000000000000e+00
0.000000000000000000e+00
0.000000000000000000e+00
0.000000000000000000e+00
1.701231728083722750e-02
7.226260070288635928e-01
3.022981674970873112e+00
3.561246701792311065e+00
2.171583740478349345e+00
1.009211038713536901e+00
4.474733927246072884e-01
2.326892450015312086e-01
2.266066656592139184e-01
3.670401996355276419e-01
5.525384054345033880e-01
7.019362696142659175e-01
7.789108694192056204e-01
8.106653415690054931e-01
8.144112591753597252e-01
8.341690223700464202e-01
8.710295368183663678e-01
9.362938178985931170e-01
1.000260017871159812e+00
1.058487607865565616e+00
1.115378969525856245e+00
1.177248867470428006e+00
1.230794260437629850e+00
1.261217505536409211e+00
1.272479674146201223e+00
1.259389091042950604e+00
1.221862647718898076e+00
1.169758449825468505e+00
1.106505257913205753e+00
1.047766682178338016e+00
9.961326765848919074e-01
9.582069773521096900e-01
9.393500253930981980e-01
9.277135654506868390e-01
9.233455518077262614e-01
9.250959647680909725e-01
9.273838596876234908e-01
9.346320379146121349e-01
9.436060476483077997e-01
9.500681437026790022e-01
9.611517962172269058e-01
9.702448904471338009e-01
9.821091352435773469e-01
9.932336455359717098e-01
1.000368336462854835e+00
1.008803519913409108e+00
1.011781938454631380e+00
1.015435393545981002e+00
1.011843287008131309e+00
1.009801618081775265e+00
1.008058580771592272e+00
1.006817331139013394e+00
1.003521316686523113e+00
1.002247351904375083e+00
1.001552303716348735e+00
1.001766380461488248e+00
1.003699362113155136e+00
1.004058869623764449e+00
1.005590789180768718e+00
1.008075253560872131e+00
1.008766941738604261e+00
1.009819079812920295e+00
1.008370461605243573e+00
1.005906271025183374e+00
1.006531616662229123e+00
1.005542937312948970e+00
1.002435603605617231e+00
1.001295593260878913e+00
1.001608980620743550e+00
9.985856215888139209e-01
9.962157666768389763e-01
9.941740448486373616e-01
9.921508728016992240e-01
9.929422154437388404e-01
9.916606405283218129e-01
9.914139092658900143e-01
9.911925410068556097e-01
9.920964931599565162e-01
9.940674936450997201e-01
9.963331473766496860e-01
9.972289948810071358e-01
9.993633100629571997e-01
1.000287425012649667e+00
1.002888092693019484e+00
1.004407517595139021e+00
1.004537020269841818e+00
1.004610179556268301e+00
1.003675351136411820e+00
1.004763438923498065e+00
1.002905331316717330e+00
1.003386308109940339e+00
1.003104053802188478e+00
1.001714816556216192e+00
1.001612010500643857e+00
1.001413957522092835e+00
9.988181634652565366e-01
1.000306451981611389e+00
9.991071920261921369e-01
9.992037166359998279e-01
9.988687178196492544e-01
9.990985477518307123e-01
9.990523355160209062e-01
9.980880993434336768e-01
9.978521332125963594e-01
9.995753679163376093e-01
9.983794656531507217e-01
9.989903837069542547e-01
1.000015334074462414e+00
1.000405187509223026e+00
1.000046727793636681e+00
1.001124618447627901e+00
1.000347712552445811e+00
1.000015758282821965e+00
9.996794415338052797e-01
1.000598683553686641e+00
9.994919187706372554e-01
1.000418188674263353e+00
9.999427472249138305e-01
1.001167810434086647e+00
1.001062401421902726e+00
9.996541384198968094e-01
1.000489953994104342e+00
1.000812410525794727e+00
1.000106277380351960e+00
1.000203200705262585e+00
1.000688157657462218e+00
1.000327608166482252e+00
1.000939079630776218e+00
9.999294635534841102e-01
1.001169768506495972e+00
1.000349222232281843e+00
1.000540435147533325e+00
1.000066023615312272e+00
9.995414361962624561e-01
9.998724397621906457e-01
1.000399907285657530e+00
1.000354164918506594e+00
1.000739049011546866e+00
1.000170562162601362e+00
1.000138655284275480e+00
1.000641568947332027e+00
9.994830679260529038e-01
1.000496579817212739e+00
9.996850231789061736e-01
1.000173211594580280e+00
1.000357204377366305e+00
9.996748609151628884e-01
1.000226744107916677e+00
9.994632718010778571e-01
1.000099087410043053e+00
1.000572215679984778e+00
1.000046491610583788e+00
9.999370119619683805e-01
1.001301717711777783e+00
1.000120485640457968e+00
9.998154582186329353e-01
1.000939637105663582e+00
1.000365154047599070e+00
1.000242967023468488e+00
9.997571654571156818e-01
1.000222542352509514e+00
1.000383908073395611e+00
1.000394851528791484e+00
1.000447473293125222e+00
1.000156322200726589e+00
1.000081495537165965e+00
1.000555832093639408e+00
9.996069215981836509e-01
1.000377164398205787e+00
1.000299887197004134e+00
1.000445136999168927e+00
1.000371763667020852e+00
9.997193717000938396e-01
1.000110744513257099e+00
1.000098518761660005e+00
1.000414886552744020e+00
1.000661713921481288e+00
1.000877981501816727e+00
1.000007420119755741e+00
1.000141445340461122e+00
9.994279558504499672e-01
1.000051293052164780e+00
1.000206405565151169e+00
1.000067088114738656e+00
1.000020515282523892e+00
9.998845044198686471e-01
1.000670689751519848e+00
1.000135971345605057e+00
1.000391168130053021e+00
1.000236893881411016e+00
1.000556333528296316e+00
1.000273767930290214e+00
1.000406919228794100e+00
1.000196392047536964e+00
9.999033028622041908e-01
1.000344220976180587e+00
1.000204839210570906e+00
1.000171320650999895e+00
1.000044597902342458e+00
1.000174370100302967e+00
9.999633299620042104e-01
1.000650947745078234e+00
1.000124821592867308e+00
9.999417815104867380e-01
1.000099521655191559e+00
1.000216086006408878e+00
9.998204830449551883e-01
9.999095516804700212e-01
1.000168376256073577e+00
9.997640623646137925e-01
1.000194599210310509e+00
1.000278736255538981e+00
9.998516012168712219e-01
1.000244033028508062e+00
1.000099773838692752e+00
1.000257183664206018e+00
1.000614432782161778e+00
1.000473847965897667e+00
9.999568642578348099e-01
9.996387394765035017e-01
1.000685550008786340e+00
1.000545788303815797e+00
1.000221828886320052e+00
1.000451896458840695e+00
1.000228385342174731e+00
1.000223963028747054e+00
9.998310059324363452e-01
1.000045308391013021e+00
1.000108237815481971e+00
9.995545030984948065e-01
1.000264205087788572e+00
1.000641024954778135e+00
1.000346817271710043e+00
1.000087693653022081e+00
1.000057589171465366e+00
1.000118836749407381e+00
1.000245735443900719e+00
1.000159142903654486e+00
9.997999487453255174e-01
9.999883330324532693e-01
1.000117339588605159e+00
1.000182023379592167e+00
1.000065184584654432e+00
1.000384457308515662e+00
9.998629591901687652e-01
1.000214936040003000e+00
9.999119345883484833e-01
9.998692869875122069e-01
1.000336731427698744e+00
1.000402429217152278e+00
1.000459434691242322e+00
1.000029504111838552e+00
9.998219551472602440e-01
1.000428825716538128e+00
1.000017995671354853e+00
1.000068839222438388e+00
1.000143033287608674e+00
1.000455367769152781e+00
1.000314814256276552e+00
1.000631248443714316e+00
1.000397378847425189e+00
1.000312703667372016e+00
9.998544794472169484e-01
1.000472968745804270e+00
1.000263959289034110e+00
1.000149527865312082e+00
9.999406055024189222e-01
1.000556408092792227e+00
9.999075728738090474e-01
1.000281779713054986e+00
1.000281626683943381e+00
1.000060945080918584e+00
9.998969684971226179e-01
1.000633242680680102e+00
9.999303141250323046e-01
1.000345300536537474e+00
1.000068466206328166e+00
1.000292330995055323e+00
1.000287186417503582e+00
1.000171055196397152e+00
9.999687663115255365e-01
1.000450167733194062e+00
1.000292875599880782e+00
1.000323923034543538e+00
1.000130883321239894e+00
1.000207428444292557e+00
1.000005348232705593e+00
1.000645543846361729e+00
1.000201471507862427e+00
1.000260099843090389e+00
1.000253670542426754e+00
1.000184289172981078e+00
1.000496679405347145e+00
1.000154675717506381e+00
1.000217053299992775e+00
1.000502153871776212e+00
9.998832449659411648e-01
1.000139106965239000e+00
1.000341018631917267e+00
1.000110457043972723e+00
1.000305313312811251e+00
1.000086760766473182e+00
1.000490279884174827e+00
9.999287320021307268e-01
1.000398980206167687e+00
1.000362141822867645e+00
9.999093767328527393e-01
1.000253909966892341e+00
1.000141843024482391e+00
1.000218652637274941e+00
1.000272285366204716e+00
1.000371687345230631e+00
9.997581996179336628e-01
9.999429276262588040e-01
1.000211172251937342e+00
1.000128413546582218e+00
1.000154662944628958e+00
9.999983586864101825e-01
9.998086438580418012e-01
1.000071158139763883e+00
1.000134742327827286e+00
1.000084419513728617e+00
1.000168478613522538e+00
1.000074650074790128e+00
1.000053506493914446e+00
1.000257355127603720e+00
1.000477454022697277e+00
9.999131622000887454e-01
1.000038031733177402e+00
1.000398211702498319e+00
1.000284605002644600e+00
9.998801919161653950e-01
9.982898574952004944e-01
9.914263999685050122e-01
9.829156837888189946e-01
9.745215816209775728e-01
9.661140924053167600e-01
9.579447545582622237e-01
9.496453505580212395e-01
9.414886365107920652e-01
9.334096807033289700e-01
9.250360374968372712e-01
9.173547981583805022e-01
9.095428567495809080e-01
9.014118016833522207e-01
8.931799788749825719e-01
8.855394728496820411e-01
8.778676262386283513e-01
8.699606129114648700e-01
8.622597559592592997e-01
8.540691280195310542e-01
8.467227903930037991e-01
8.388561601241849575e-01
8.316996074425072605e-01
8.239037808242440919e-01
8.161813518027278835e-01
8.091505911033952669e-01
8.016141033477308664e-01
7.939590328206351799e-01
7.867182778166809110e-01
7.799925729870276214e-01
7.722919779858784528e-01
7.648040522790723328e-01
7.576658756876843981e-01
7.504242227940737253e-01
7.436530376771753881e-01
7.365450401821110882e-01
7.292535439340674941e-01
7.225710148606624417e-01
7.154511678896683380e-01
7.086355103420037826e-01
7.017228664363064361e-01
6.951363349511635592e-01
6.878633518049064310e-01
6.812301681373325035e-01
6.743078770967777524e-01
6.677506486637251326e-01
6.606276862327512545e-01
6.543161158764110308e-01
6.475648594645130318e-01
6.408286072236603070e-01
6.342421223992422696e-01
6.279631305928898843e-01
6.215768049642443893e-01
6.150713932459682676e-01
6.085557985746148368e-01
6.020596652513682256e-01
5.957092092948023110e-01
5.895516227844973534e-01
5.830000117914300173e-01
5.768294088519126950e-01
5.706650332427642969e-01
5.644442346295427404e-01
5.583489213777698135e-01
5.523942536220215471e-01
5.457560112493727855e-01
5.396813895357615021e-01
5.336063400569023285e-01
5.278011568490420524e-01
5.216135009135846046e-01
5.155801616300480505e-01
5.098263587336766545e-01
5.040785744028100090e-01
4.979132505691574173e-01
4.919233037702901434e-01
4.862231998052389259e-01
4.802671230580551898e-01
4.745920071036048293e-01
4.689015626543126536e-01
4.631752265555709736e-01
4.574973596889453376e-01
4.517269923384865105e-01
4.461679404530471404e-01
4.402144264861353462e-01
4.346088584783842079e-01
4.291534970910111380e-01
4.237904766254367295e-01
4.180311882001666590e-01
4.125091141995929078e-01
4.071681507515333975e-01
4.017072927860616538e-01
3.962081746207073985e-01
3.907929728958782767e-01
3.856979910860869332e-01
3.800695567022563393e-01
3.748478503674542162e-01
3.692373497508721347e-01
3.641861173320684042e-01
3.587207229243678519e-01
3.537186378416523613e-01
3.485346767300572246e-01
3.433148281711511096e-01
3.380761497627441381e-01
3.329583039150982859e-01
3.278937434212375601e-01
3.228624097010022731e-01
3.176674739158916738e-01
3.126614213094492944e-01
3.076871186267634561e-01
3.025169891648422094e-01
2.975929474829729915e-01
2.927066497322882710e-01
2.876596003289508263e-01
2.828973119978728246e-01
2.778397683775991611e-01
2.728640601872578397e-01
2.682272721994977127e-01
2.631437531068072100e-01
2.585922079777263627e-01
2.535974160362306495e-01
2.487524984578654008e-01
2.440639841176492630e-01
2.392951804607301447e-01
2.346408582609203763e-01
2.299396487269599054e-01
2.252598784971611978e-01
2.207547363794909456e-01
2.160202788077621172e-01
2.114311603755390234e-01
2.067662101300009880e-01
2.022289283640036905e-01
1.976773368360844607e-01
1.929542802858353889e-01
1.884451196641677706e-01
1.841374361315481767e-01
1.795720780068227607e-01
1.750309267850904682e-01
1.706015428206192619e-01
1.661677313352661334e-01
1.617207840873786939e-01
1.573576030155339756e-01
1.529339108933041591e-01
1.486096087787305287e-01
1.443014169878296116e-01
1.400513234951852592e-01
1.358097254387697905e-01
1.313319442016955829e-01
1.271728313156266499e-01
1.228705536360277517e-01
1.187677010284804296e-01
1.150845652948795511e-01
1.115648055039754477e-01
1.082456779012877929e-01
1.050002314405134446e-01
1.018807126731304524e-01
9.887921444227573686e-02
9.590401430835239494e-02
9.317580080031366563e-02
9.054151535775047110e-02
8.787171216951472630e-02
8.533368340282050657e-02
8.280053509546790591e-02
8.036898399548556005e-02
7.807431829859415306e-02
7.581380710194517147e-02
7.359990883701812703e-02
7.146754389381269890e-02
6.921420039037347316e-02
6.725156415191448078e-02
6.530095485062613336e-02
6.333948143028678146e-02
6.143682586525255063e-02
5.955696506771124971e-02
5.783341016148160069e-02
5.602996372382602203e-02
5.429961693055802840e-02
5.262137212541478926e-02
5.100505243589582849e-02
4.940649698818685293e-02
4.786878597359970483e-02
4.634360665536055995e-02
4.482446730702693144e-02
4.335703035097272090e-02
4.194918818908840996e-02
4.065061068887577261e-02
3.927164339046468333e-02
3.796296595402300078e-02
3.671805966580700409e-02
3.542587782654005313e-02
3.431180398639966517e-02
3.308586429954410435e-02
3.194989871480550386e-02
3.082240786309878994e-02
2.973234526094260463e-02
2.865846778469403194e-02
2.762421687078855242e-02
2.659688268164439248e-02
2.559755698111809696e-02
2.467606021241582417e-02
2.375896098893116176e-02
2.279700090311322438e-02
2.192517043170456523e-02
2.104837649883038730e-02
2.020007399682094765e-02
1.941386022688701071e-02
1.855194105508043215e-02
1.783427357286524947e-02
1.708129269229440028e-02
1.635849070896518154e-02
1.563579532525054272e-02
1.493067064363771783e-02
1.427323693750605707e-02
1.362855284130582920e-02
1.297549249639062124e-02
1.240153804737199016e-02
1.177228516809078300e-02
1.120931997663142561e-02
1.065924474618743130e-02
1.010663822744141058e-02
9.593014974639008791e-03
9.062669455900847215e-03
8.582146477631429765e-03
8.105520313746426148e-03
7.680839667437624335e-03
7.205371951377896947e-03
6.779924727169318356e-03
6.373822342836125282e-03
5.984428289006167925e-03
5.597950342347189634e-03
5.218755088605421012e-03
4.892352802939957564e-03
4.546396291971307665e-03
4.213730773614895835e-03
3.923109543300881859e-03
3.618344752785125802e-03
3.327661076173901375e-03
3.063829741827713091e-03
2.811632941051126454e-03
2.562304977501976121e-03
2.333394037382843268e-03
2.101237144408082003e-03
1.887967571192306938e-03
1.691008494038826263e-03
1.516136953474780426e-03
1.341988629043587523e-03
1.181673698726317095e-03
1.031990756987703414e-03
8.926513308586056517e-04
7.640564263630765084e-04
6.415319460460823823e-04
5.344931065455436892e-04
4.355488539506287000e-04
3.525124893239107386e-04
2.732151606428139304e-04
2.020824041567675358e-04
1.492519468662068449e-04
1.040512226412332867e-04
6.375877560823632281e-05
3.423527261390394458e-05
1.348794479884266834e-05
3.521778448071419763e-06
1.282297042335383812e-07
1.597650228380409136e-08
0.000000000000000000e+00
0.000000000000000000e+00
0.000000000000000000e+00
0.000000000000000000e+00
0.000000000000000000e+00
0.000000000000000000e+00
0.000000000000000000e+00
0.000000000000000000e+00
0.000000000000000000e+00
0.000000000000000000e+00
0.000000000000000000e+00
0.000000000000000000e+00
0.000000000000000000e+00
0.000000000000000000e+00
0.000000000000000000e+00
0.000000000000000000e+00
0.000000000000000000e+00
0.000000000000000000e+00
0.000000000000000000e+00
0.000000000000000000e+00
0.000000000000000000e+00
0.000000000000000000e+00
0.000000000000000000e+00
0.000000000000000000e+00
0.000000000000000000e+00
0.000000000000000000e+00
0.000000000000000000e+00
0.000000000000000000e+00
0.000000000000000000e+00
0.000000000000000000e+00
0.000000000000000000e+00
0.000000000000000000e+00
0.000000000000000000e+00
0.000000000000000000e+00
0.000000000000000000e+00
0.000000000000000000e+00
