0.000000000000000000e+00
0.000000000000000000e+00
0.000000000000000000e+00
0.000000000000000000e+00
0.000000000000000000e+00
0.000000000000000000e+00
0.000000000000000000e+00
0.000000000000000000e+00
0.000000000000000000e+00
0.000000000000000000e+00
0.000000000000000000e+00
0.000000000000000000e+00
0.000000000000000000e+00
0.000000000000000000e+00
0.000000000000000000e+00
0.000000000000000000e+00
0.000000000000000000e+00
0.000000000000000000e+00
0.000000000000000000e+00
0.000000000000000000e+00
0.000000000000000000e+00
0.000000000000000000e+00
0.000000000000000000e+00
0.000000000000000000e+00
0.000000000000000000e+00
0.000000000000000000e+00
0.000000000000000000e+00
0.000000000000000000e+00
2.939191084800442589e-05
4.992842507107896413e-03
1.983566758821483644e-01
1.242531963470200562e+00
2.766665928969747057e+00
3.263151833835754800e+00
2.666686991702308163e+00
1.823021003636200454e+00
1.181406459371893591e+00
8.129507715796867595e-01
6.386448480111652781e-01
5.675772256426954154e-01
5.672315667800804651e-01
6.021223045100918547e-01
6.688680703324373367e-01
7.482024913650825448e-01
8.477457146602128679e-01
9.510586148756744462e-01
1.043018452477984193e+00
1.128060357285727955e+00
1.188120865682951388e+00
1.227177866926833838e+00
1.235493217439195712e+00
1.237013547201395891e+00
1.221766053181984946e+00
1.191310130609734008e+00
1.145285762127206342e+00
1.102402839098691079e+00
1.052537226516974789e+00
1.011328792346562810e+00
9.700872173684929045e-01
9.329792651645650858e-01
9.061171489699857418e-01
8.843199674740808147e-01
8.820541388454841147e-01
8.846604575558523198e-01
8.976151079408143385e-01
9.170187056593449570e-01
9.359810055713277954e-01
9.639948856709287250e-01
9.914106732857266291e-01
1.013282124674162787e+00
1.039685690077560842e+00
1.054474534506968819e+00
1.069365681761726972e+00
1.073603679277568057e+00
1.074778344541625907e+00
1.076230746898171775e+00
1.065062365526000976e+00
1.051492681020124609e+00
1.039294983401047867e+00
1.022342570826200392e+00
1.011783108434803458e+00
9.998600824420295075e-01
9.934832117558174414e-01
9.853287957839154121e-01
9.841647622693758812e-01
9.814462089357856023e-01
9.820868992218325655e-01
9.897767297443780254e-01
9.899930127457534645e-01
9.974220765193859695e-01
9.992921222862178876e-01
1.001698131885694343e+00
1.005279506153818225e+00
1.006835215622697177e+00
1.006913212881167974e+00
1.010366769917973917e+00
1.009738859405430844e+00
1.010672077809973146e+00
1.007845348234294169e+00
1.006142980733446324e+00
1.004320284178936928e+00
1.004904489654915745e+00
9.993412309449480890e-01
1.000869729268373920e+00
9.984576172303537556e-01
9.989727350669698192e-01
9.964717888421419367e-01
9.987375468783646904e-01
9.998138655731866331e-01
1.002032547966165366e+00
1.001463545480326012e+00
1.000842008152880380e+00
1.004374091782912704e+00
1.001342007441958337e+00
1.007404394186025343e+00
1.004527494216474359e+00
1.003542620333028434e+00
1.004088499977378257e+00
1.002505865422934406e+00
1.001293473554463187e+00
1.000389223062948529e+00
1.001724138390769125e+00
9.995474448161625336e-01
9.998111240258440446e-01
1.002475901009961312e+00
1.000840727048091017e+00
9.997017194110842109e-01
9.993182188597948823e-01
9.998015411899388027e-01
1.000062545663991109e+00
1.000708483831747486e+00
9.984480596394221807e-01
9.981802072262427883e-01
1.000894903224891053e+00
1.000590430564659350e+00
9.997307400603880900e-01
9.997395668768629395e-01
1.001172966506655770e+00
1.000110910683569720e+00
9.999615118030402705e-01
9.999593444480923132e-01
9.997524161838209356e-01
9.994045811111559319e-01
1.001704479452216079e+00
1.000681225739188385e+00
1.000386476312563833e+00
1.000176703836417103e+00
9.997851617030878435e-01
9.996620501596299446e-01
1.000793426413877585e+00
1.000489975662016251e+00
9.995611759502284199e-01
1.000777907596277494e+00
9.982353304843334385e-01
9.981261009816708718e-01
9.988544150401845734e-01
9.995031399660064819e-01
1.001254181125899478e+00
9.984499293680485499e-01
1.000127843492488289e+00
9.991618062839221492e-01
1.000901061829893468e+00
9.992732488788456102e-01
9.997886519996301846e-01
1.002283230028515604e+00
9.996664427367889516e-01
1.002279044415742559e+00
9.993330353785038200e-01
9.997515623436390442e-01
9.981452129069914303e-01
1.001612157006054327e+00
1.000348976983604032e+00
9.988583193614875011e-01
9.998220292112166563e-01
9.993737653049886704e-01
9.996420777164592986e-01
1.000200387478150654e+00
9.997528532844037752e-01
1.000106046401955551e+00
1.000541984472813839e+00
1.001096699842383808e+00
9.995171971099334751e-01
1.000719333919803944e+00
1.001447400155922152e+00
9.992623461398228990e-01
9.997742199656380890e-01
9.989772873169986411e-01
9.986463929939745077e-01
9.987097609026490685e-01
9.996962076194356728e-01
9.993102014696420010e-01
9.993686186930618165e-01
9.995580981961641465e-01
1.001030043749235876e+00
1.001564395420175169e+00
9.996822361073443020e-01
9.998869580412262925e-01
9.985054085063949092e-01
9.995755948770561616e-01
9.999611090745377240e-01
9.997434035693903986e-01
1.000383402893775697e+00
1.000478179456882444e+00
9.997444500740173545e-01
1.000571197003445878e+00
9.998442116173003047e-01
9.989701232037238032e-01
1.001003191443034845e+00
1.000119044884004937e+00
1.000230463846134565e+00
9.999077443731295700e-01
9.994956866486948144e-01
1.000085000180094719e+00
9.994676077344268883e-01
9.992940859362450245e-01
9.990185255515601215e-01
1.000386883059653398e+00
1.001481975018352788e+00
9.997715989738992226e-01
9.993481125141280286e-01
1.000844645139043587e+00
1.000805748664872707e+00
1.001388808218878657e+00
1.000656660479455118e+00
9.994809109381647128e-01
1.000299512083694164e+00
1.001205740033228375e+00
1.001395426583724602e+00
9.999045314089917147e-01
1.000485409225351230e+00
1.000015109951216008e+00
9.997116076399066298e-01
1.000466844088273133e+00
1.001246944133850070e+00
1.000087801794502074e+00
1.000511099841276952e+00
1.000319482584930642e+00
9.988579214527407713e-01
1.000544644688071472e+00
9.994291113781154090e-01
1.000807271830929768e+00
9.998833373610098718e-01
1.000891051924010844e+00
1.000733489538042420e+00
1.000120855351576798e+00
1.001922875081990405e+00
9.998221853094866329e-01
1.001059116842629049e+00
1.000260710989096857e+00
1.000791090560472885e+00
1.001377021363231146e+00
9.990509499851856212e-01
1.000106632094233117e+00
9.997153767478252906e-01
1.001024915388947889e+00
1.000560699969258005e+00
9.995144140281979617e-01
1.000613609503097967e+00
1.000083761974819074e+00
1.001723159388350437e+00
9.999331010546960163e-01
1.000469239087992790e+00
1.000426967357066710e+00
1.000777420304350240e+00
9.999838013114554780e-01
1.000724690847021092e+00
9.997911594911772504e-01
1.000819570548782789e+00
1.000665670333005686e+00
1.000589384445500052e+00
1.000098893243192233e+00
1.001228089909176777e+00
1.000295850003535492e+00
1.000080433030071880e+00
1.000297253492665739e+00
1.000421350446874857e+00
9.993560455202566972e-01
1.000430922064156514e+00
9.993085764001085058e-01
1.000157448890450107e+00
