0.000000000000000000e+00
0.000000000000000000e+00
0.000000000000000000e+00
0.000000000000000000e+00
0.000000000000000000e+00
0.000000000000000000e+00
0.000000000000000000e+00
0.000000000000000000e+00
0.000000000000000000e+00
0.000000000000000000e+00
0.000000000000000000e+00
0.000000000000000000e+00
0.000000000000000000e+00
0.000000000000000000e+00
0.000000000000000000e+00
0.000000000000000000e+00
0.000000000000000000e+00
0.000000000000000000e+00
0.000000000000000000e+00
0.000000000000000000e+00
0.000000000000000000e+00
0.000000000000000000e+00
0.000000000000000000e+00
0.000000000000000000e+00
0.000000000000000000e+00
0.000000000000000000e+00
0.000000000000000000e+00
0.000000000000000000e+00
2.938344188333990263e-05
5.649610977080803641e-03
1.990692182088835971e-01
1.245156582607601203e+00
2.769868276211920666e+00
3.274142621618064464e+00
2.678631894114323231e+00
1.810090832476692890e+00
1.178611653853329111e+00
8.180798737424710421e-01
6.333724655962986727e-01
5.674289818053275258e-01
5.557034803283759095e-01
5.975417708143651030e-01
6.642089623861257008e-01
7.494122424312885666e-01
8.487308616718921561e-01
9.528598215319411535e-01
1.041492632419622755e+00
1.128687404787959592e+00
1.193095554480241960e+00
1.232279332119800008e+00
1.246461888287346387e+00
1.236909095444362006e+00
1.218746812291429116e+00
1.190950189234763812e+00
1.143605737704010528e+00
1.096575736157621828e+00
1.054798568014427618e+00
1.010921881247080156e+00
9.682175054219662735e-01
9.332026077473302150e-01
9.066581478928560367e-01
8.862675924361204105e-01
8.782193064698631257e-01
8.821739237845099835e-01
8.936272139925276470e-01
9.193748718330726488e-01
9.432514954178463640e-01
9.674942054956201520e-01
9.924374136485289988e-01
1.014200828667787713e+00
1.035256117434287138e+00
1.055146506253950234e+00
1.068780552860691735e+00
1.072861338101809059e+00
1.075509377078433193e+00
1.075895518571328813e+00
1.064677986375917040e+00
1.053228364998407995e+00
1.037879983995980027e+00
1.023781437060329091e+00
1.012327687873875393e+00
9.975775972682037196e-01
9.890377634996645462e-01
9.825355249721858808e-01
9.804146377812665847e-01
9.813887093088223823e-01
9.839508368969439589e-01
9.868478374533491415e-01
9.894822407785297536e-01
9.954868535167552546e-01
9.981998381012445742e-01
1.003573378467030430e+00
1.006680371678021269e+00
1.005799736282421142e+00
1.007521148218834206e+00
1.009345462702804452e+00
1.009237733523804526e+00
1.005567529280280148e+00
1.003680219606562174e+00
1.008237495017850760e+00
1.003690598641197917e+00
1.003889757406059235e+00
1.000286913371297270e+00
9.974440432064928252e-01
9.992234552051666441e-01
9.960707298922050201e-01
9.994886216379391675e-01
9.976504381502340202e-01
9.990188891160114437e-01
1.001146613189676904e+00
1.002203226060916164e+00
1.002744260818024369e+00
1.003826317660747591e+00
1.005859798110480652e+00
1.004699957601247862e+00
1.004631684671122738e+00
1.002231677538314658e+00
1.001916459454238018e+00
1.002276497060810456e+00
1.001757123069096700e+00
1.000679604370695142e+00
1.001480775369149701e+00
9.992053553424559142e-01
9.991568406897327614e-01
9.996446535934724320e-01
9.986413384998420462e-01
9.993017957329675127e-01
9.990581736769803545e-01
9.966541916177662497e-01
1.000387828940628276e+00
9.993030916720495593e-01
9.980168130555867601e-01
1.000822476084097801e+00
9.999998108360759197e-01
1.000729620410999887e+00
1.000467109071017324e+00
1.000749217067715691e+00
1.001823785428135993e+00
1.001271139329019011e+00
1.002003836152205674e+00
1.000752202632815058e+00
9.991508190152965652e-01
1.000444875755853058e+00
9.991057070025313180e-01
1.000722114539237317e+00
1.000182786729400863e+00
1.000599171969607237e+00
9.985107800005800227e-01
1.001025730130287617e+00
9.993025412125555729e-01
9.994577052717936727e-01
9.985056841633341840e-01
9.995401699386079475e-01
9.996009506743994688e-01
9.987254576260391481e-01
1.000662284295737114e+00
1.001527765109364365e+00
1.000136246832183273e+00
9.999361046445559564e-01
9.993761765816550069e-01
1.001024513259492377e+00
1.000247519547059483e+00
9.995746732540140567e-01
9.991371655968526166e-01
1.001138823466541927e+00
1.000106926963590270e+00
9.988949248649346968e-01
9.997376052460325013e-01
1.000316794925921515e+00
9.993173229303934368e-01
1.000357138779755628e+00
9.979393836285620489e-01
1.000210110939016461e+00
1.000997696477705201e+00
1.001967318179735944e+00
1.000635057025912600e+00
9.997060806381274922e-01
9.997731277645215409e-01
9.984432161108843795e-01
1.002527235289780494e+00
1.000345958500805876e+00
9.989321216941196013e-01
1.000313455934875417e+00
1.001124818266165395e+00
1.000956016193777609e+00
1.000557853898481175e+00
1.001440592789769379e+00
9.998740446778046076e-01
1.000692537323029319e+00
9.999531995932781081e-01
1.000070678520362355e+00
1.001542275139120752e+00
1.000898450499981829e+00
9.990675563717488217e-01
1.000743912265852353e+00
9.994966087308274627e-01
9.989064961778263418e-01
1.000541810358841710e+00
9.989101768631151179e-01
1.000202535810715387e+00
1.000339439412066378e+00
1.000861155931165314e+00
1.001439055618648988e+00
9.995416883197565383e-01
1.000790864747000075e+00
1.001107062709299056e+00
9.993237569237473084e-01
1.000929304360454131e+00
1.000305263691079638e+00
9.999090841345410485e-01
9.999940151783038855e-01
1.000799419874021989e+00
1.001045892623200206e+00
1.000005940166441176e+00
9.999503260193242093e-01
1.000346091052700670e+00
9.999998402091367922e-01
9.999753873008629945e-01
9.997595021585654607e-01
1.001706655719859507e+00
9.997766666329572782e-01
1.000520296235050344e+00
1.000431053780319823e+00
9.999664697684738091e-01
9.996343081114662521e-01
9.990598125683486375e-01
1.000098853232546992e+00
1.000223258272792570e+00
1.000173234873245720e+00
1.001871177513391276e+00
1.001497037031370496e+00
9.998885319711006137e-01
1.001286004362489157e+00
9.993872292761596388e-01
1.000517139732552963e+00
1.000644157604695828e+00
1.001343082158972608e+00
9.998869986810331456e-01
9.992106473266779698e-01
9.996746106229544848e-01
9.994595680913861413e-01
1.000340498853856230e+00
1.000506864845466692e+00
9.997523207183841576e-01
9.998921740908526257e-01
9.998048969923244433e-01
1.000270649848548077e+00
1.000245020885944802e+00
1.000428988876737701e+00
1.000311004266578596e+00
1.000012382265501154e+00
9.993857346319492407e-01
1.001788828400689502e+00
1.001033024184038389e+00
1.000263669885270490e+00
1.000140402801356965e+00
9.997187278646962882e-01
9.998929538769205649e-01
9.990322553639231495e-01
9.998486898180913851e-01
9.995577496714130872e-01
9.988524638144131718e-01
1.000128659431313904e+00
1.000060024918490331e+00
9.997915385897550022e-01
1.000085536637192352e+00
1.000595338694631353e+00
1.000709655818132093e+00
9.997168119457867652e-01
1.000435488609108248e+00
1.000306243727256295e+00
1.000726202750366944e+00
1.000721228040976962e+00
1.000574375632734991e+00
9.991512001354170280e-01
9.995566475966600750e-01
1.000254800301771496e+00
9.999287838116499572e-01
9.993077591501696721e-01
1.000843642003161005e+00
