0.000000000000000000e+00
0.000000000000000000e+00
0.000000000000000000e+00
0.000000000000000000e+00
0.000000000000000000e+00
0.000000000000000000e+00
0.000000000000000000e+00
0.000000000000000000e+00
0.000000000000000000e+00
0.000000000000000000e+00
0.000000000000000000e+00
0.000000000000000000e+00
0.000000000000000000e+00
0.000000000000000000e+00
0.000000000000000000e+00
0.000000000000000000e+00
0.000000000000000000e+00
0.000000000000000000e+00
0.000000000000000000e+00
0.000000000000000000e+00
0.000000000000000000e+00
0.000000000000000000e+00
0.000000000000000000e+00
0.000000000000000000e+00
0.000000000000000000e+00
9.886077507443637665e-06
2.544846201391678421e-03
5.465000553910877301e-02
3.086671118029886141e-01
7.946828443491510408e-01
1.266466964480825741e+00
1.516818235236963686e+00
1.577072271691007055e+00
1.507995150410548213e+00
1.403683845189433121e+00
1.306449600625648966e+00
1.228754807669886651e+00
1.158397999039322501e+00
1.080369181723715988e+00
1.005990852024010618e+00
9.562186746368885881e-01
9.472044620878349308e-01
9.556523882306109385e-01
9.793529490034937890e-01
1.002033822771440263e+00
1.032389254922672528e+00
1.047763880589024810e+00
1.046447363748610915e+00
1.038320909236796874e+00
1.033322613796689105e+00
1.035245535233044967e+00
1.034690020648201036e+00
1.037789424943821315e+00
1.036257098155548118e+00
1.035674216394008029e+00
1.032577496346998691e+00
1.029141858735530102e+00
1.017495710419775712e+00
1.002838346714377771e+00
9.891316784124830619e-01
9.791235984206386744e-01
9.673853246257667626e-01
9.600862501037845664e-01
9.612267141069626986e-01
9.632324710024712244e-01
9.674618695349369579e-01
9.740619864393732508e-01
9.836576653849552487e-01
9.914776572036819724e-01
9.973228250658294769e-01
1.008424887378771118e+00
1.012354056060857488e+00
1.018952479786292553e+00
1.022432155786836327e+00
1.024649021741065313e+00
1.023538102202318445e+00
1.022627983398286089e+00
1.019453088355012360e+00
1.014941661229123548e+00
1.011169363599442983e+00
1.007530039731818539e+00
1.001700167907693562e+00
9.989931364122598412e-01
9.940510816414834805e-01
9.926084913815935717e-01
9.902847222267889826e-01
9.896137810166093507e-01
9.894217038852638479e-01
9.890339901730929029e-01
9.901902591196155567e-01
9.911640897773847936e-01
9.932674002863729479e-01
9.941859602532323592e-01
9.947234776177953375e-01
9.983878781063783014e-01
9.994447076870374147e-01
1.000191065027477455e+00
1.001800431552965831e+00
1.000735833170585121e+00
1.001151816738287570e+00
1.000717902381065283e+00
1.001017148857972439e+00
1.000297336535847403e+00
1.001808804123857088e+00
9.994769897729840480e-01
9.985001218144334834e-01
1.000021021962835599e+00
9.979308000406945656e-01
1.000773985113055931e+00
9.991177639403046040e-01
1.000478113063836272e+00
9.999991282107785207e-01
9.995486663948006667e-01
9.997917141621975867e-01
1.000667285320115285e+00
9.994133260933646401e-01
9.999112186652115986e-01
9.991568501566663318e-01
9.995513721910326277e-01
1.000080497654723510e+00
9.988312412277587926e-01
9.974399809168068565e-01
9.990040198150823558e-01
9.994147776127180194e-01
9.985432571511480004e-01
9.993448895757186534e-01
9.984034594087028980e-01
9.984106207199616723e-01
9.996173416353476560e-01
9.981023514903770710e-01
9.999433293051659399e-01
9.979423258801490837e-01
9.986407307948959033e-01
9.994909249715336896e-01
9.994133433032826863e-01
9.994952979004905202e-01
9.991432273631319916e-01
9.997613714031574617e-01
1.000495521273715882e+00
1.001099669992879582e+00
1.000527144876858676e+00
1.000112860863884734e+00
1.001154792617496847e+00
9.990290443603909720e-01
9.994909675007361827e-01
1.000011974449049434e+00
1.000658123648137998e+00
9.986316148985379115e-01
9.992999480106551369e-01
1.000989003383948583e+00
9.989237497584891878e-01
1.000500422590736349e+00
9.998613800132996055e-01
9.997341148342476780e-01
9.998377170078829312e-01
1.000513778303172119e+00
9.992193429885691813e-01
1.000694272177815813e+00
9.998575436931320670e-01
9.998541490712571367e-01
9.992396105749686841e-01
1.000653634034339934e+00
9.994636192724892787e-01
1.000874034946563018e+00
1.000567435109658287e+00
1.000982414590215086e+00
9.997254871562782919e-01
1.000647870982494858e+00
9.995731625868161663e-01
1.000546640801326159e+00
1.000115098939621472e+00
1.000911522694417632e+00
9.999916836704277889e-01
1.000007460863503672e+00
1.001274280868138300e+00
1.000603787836391145e+00
9.998752901917818958e-01
1.000119955534054528e+00
1.000319596269078071e+00
1.000231430664361154e+00
1.000473741409072082e+00
1.000393551478617304e+00
9.995435149021569821e-01
1.000162265333705891e+00
1.000879083637576938e+00
1.000193171436197570e+00
9.998551365864196683e-01
1.000043636084620546e+00
9.995602879934555318e-01
1.000359150508870920e+00
1.000184621919580019e+00
1.001164469999280993e+00
1.000581058190803674e+00
9.999917418049318885e-01
9.994146397462742026e-01
1.000252386422297413e+00
9.999347281664014986e-01
9.998159777215581689e-01
1.000374472364517153e+00
1.000159175312250737e+00
9.996012430441849617e-01
1.000354681730872830e+00
9.997587136124368445e-01
1.000231495860165021e+00
9.998475120034345798e-01
9.996122420862608715e-01
1.000057120526500087e+00
1.000351743658946857e+00
1.000962380751764025e+00
9.997191723868319446e-01
9.997590540750885824e-01
1.000391202315900285e+00
9.997969987594171881e-01
9.997216422513230949e-01
9.997948263398380719e-01
9.995283065194394689e-01
9.996393748905070264e-01
1.000101092381592283e+00
1.001109203181301144e+00
9.999740510804016047e-01
1.000038913024318799e+00
1.000055945972673888e+00
1.000262916989927309e+00
1.000397707327926877e+00
1.000369095757116300e+00
1.000255621606820355e+00
1.000423963948407824e+00
1.000706598337512521e+00
1.000310836306703255e+00
9.997638454439506939e-01
9.998244522568194848e-01
9.997623682343954599e-01
9.997702111481818754e-01
1.000470578542493438e+00
1.000202534853515512e+00
9.995730325822693718e-01
1.000534542787306247e+00
1.000124210389621293e+00
1.000206960400885192e+00
1.000765913260070805e+00
1.000327626891032606e+00
1.000382692617626690e+00
9.998826427936094996e-01
1.000532785427228344e+00
1.000290524289990879e+00
1.000119593919374328e+00
1.000251278528636822e+00
9.997069018592047440e-01
9.996902591678766825e-01
1.000033816622438287e+00
1.000592082204003308e+00
1.000213057439071296e+00
1.000139697782788106e+00
1.000299787755744907e+00
1.000184482636475858e+00
1.000446492089893002e+00
1.000214049915124859e+00
1.000221682595151540e+00
1.000075144782972325e+00
1.000287251461779325e+00
1.000537973936900471e+00
1.000309304196276949e+00
9.996987432961773612e-01
1.000218862847877643e+00
1.000047868048517419e+00
1.000508671630965019e+00
9.998689395168213201e-01
1.000147194848090670e+00
1.000156442490036435e+00
1.000384363863789927e+00
1.000375799209738625e+00
1.000489539516747683e+00
1.000518391296462806e+00
9.995952517918622604e-01
9.996516510070568851e-01
1.000050721408344945e+00
1.000126237247453087e+00
1.000269621262817932e+00
1.000220123977241693e+00
9.994696369277413783e-01
