0.000000000000000000e+00
0.000000000000000000e+00
0.000000000000000000e+00
0.000000000000000000e+00
0.000000000000000000e+00
0.000000000000000000e+00
0.000000000000000000e+00
0.000000000000000000e+00
0.000000000000000000e+00
0.000000000000000000e+00
0.000000000000000000e+00
0.000000000000000000e+00
0.000000000000000000e+00
0.000000000000000000e+00
0.000000000000000000e+00
0.000000000000000000e+00
0.000000000000000000e+00
0.000000000000000000e+00
0.000000000000000000e+00
0.000000000000000000e+00
0.000000000000000000e+00
0.000000000000000000e+00
0.000000000000000000e+00
0.000000000000000000e+00
9.425160333013572365e-04
7.692050291861574074e-02
7.171151915236878560e-01
1.781319688113894184e+00
2.164672558048799988e+00
1.956611915368094090e+00
1.673188511901730013e+00
1.440666432852194534e+00
1.253762345712974291e+00
1.101830196343896784e+00
9.897009821604714208e-01
9.120628266416327401e-01
8.638579005467810212e-01
8.352778807867238253e-01
8.122974142438675882e-01
7.982373897976662303e-01
8.065877945206851862e-01
8.352625670545578140e-01
8.758402271354154278e-01
9.254891367362438892e-01
9.751057577349901972e-01
1.020255243499174735e+00
1.048750338564060636e+00
1.065118605526856443e+00
1.068589468218747340e+00
1.067202915919984951e+00
1.058340456312675926e+00
1.049453091641409541e+00
1.032625776610450963e+00
1.019363171976191529e+00
1.003413851220793074e+00
9.886723736940222773e-01
9.766619661136425323e-01
9.681235409356405697e-01
9.637809812005677657e-01
9.621876420009921604e-01
9.640209212977957076e-01
9.660431358621438536e-01
9.694762058273199701e-01
9.760417358617464734e-01
9.828569270114093648e-01
9.914650102784705599e-01
9.973060161246644073e-01
1.001883514474881887e+00
1.008755062821885318e+00
1.011673681250149892e+00
1.014970208277928831e+00
1.015374277738540387e+00
1.017023242307978581e+00
1.012484137110450044e+00
1.011028973459147107e+00
1.007105198629026477e+00
1.003927461410537569e+00
9.991439207543871825e-01
9.957103844303543116e-01
9.932015534586281502e-01
9.922416958258037933e-01
9.923906220249073540e-01
9.922880412362981017e-01
9.913735761216658782e-01
9.943453072099176504e-01
9.946616641136380998e-01
9.972228416694067787e-01
9.990164315258127647e-01
1.000223155672418818e+00
1.001465553192922409e+00
1.001803824212938121e+00
1.002952197720310190e+00
1.001805708420056451e+00
1.001598325865601158e+00
1.001676792791293291e+00
1.001246825505192728e+00
1.000130266531886747e+00
9.999707322445491320e-01
9.999981709641171390e-01
9.995948708895449064e-01
9.985725075954767771e-01
9.983953877886975192e-01
1.000206718246503090e+00
9.991371970227421739e-01
1.000961346870560265e+00
1.001146932216295360e+00
1.001158433547625126e+00
1.001562927262049429e+00
1.002233089625980789e+00
1.001774456457793727e+00
1.001945695976974582e+00
1.001950180842122728e+00
1.002064162446657747e+00
1.000886089909493126e+00
1.002228556577193563e+00
1.001422887565975417e+00
1.001009666477441717e+00
1.001390295258002494e+00
1.000264561300511001e+00
1.000364360741164083e+00
9.999927470745968439e-01
1.000046370067739110e+00
9.996881793022451834e-01
1.000830053411384535e+00
9.994228553968622641e-01
9.999178703619654440e-01
1.000227784645356000e+00
1.000465708803753406e+00
1.001184509217289742e+00
1.000694865561772673e+00
1.000748774124158302e+00
1.000821958251554733e+00
1.001144993077237588e+00
1.001088843146609175e+00
1.000568956608404614e+00
1.000465555030057629e+00
1.000962097990594657e+00
1.000477652191393618e+00
1.001290322443290748e+00
1.000375307379283152e+00
1.000675142274976448e+00
1.000904017211613484e+00
1.001605960198975520e+00
1.000268244083172942e+00
1.000772845794246413e+00
1.000813623684462472e+00
1.000120267433030063e+00
1.000221494538723777e+00
1.000696104724501989e+00
1.000575178164170298e+00
1.000317571591296861e+00
1.000441504017977712e+00
1.000247387225904117e+00
1.000955917383974825e+00
1.000362203736088640e+00
1.000181822377566476e+00
9.998421789863908282e-01
1.001332119820520505e+00
1.000889980334121132e+00
9.995931386038963140e-01
1.000422340650172659e+00
1.000017716231591525e+00
1.000009281898325053e+00
1.000954363711581641e+00
1.000333836624488271e+00
1.000072789700386267e+00
1.000411020587830269e+00
1.000345166854051282e+00
1.000191378365812955e+00
1.000343637126679397e+00
9.999024192120534726e-01
1.000397785373085879e+00
1.000267371798432503e+00
1.000497910131820989e+00
1.000331664788043584e+00
1.000424257018637464e+00
1.000264672395554832e+00
1.000130371117738948e+00
1.000221528463698828e+00
1.000817119320499993e+00
9.999473048064190239e-01
1.000467714835562294e+00
9.999436316329310959e-01
1.000057609995454344e+00
9.999369741378061338e-01
9.998040645739131316e-01
1.000435794754509500e+00
1.000009863356891016e+00
1.000258471508762570e+00
1.000123320332058086e+00
1.000107381608528412e+00
1.000441019669690013e+00
1.000049638107403771e+00
9.997834967779090087e-01
1.000204956180660298e+00
1.000349994671568377e+00
1.000232294312730197e+00
1.000615999400918277e+00
1.000175890454284788e+00
1.000104966519469230e+00
1.000034317492194180e+00
9.992481551134184681e-01
1.000224859220973483e+00
1.000384309800133265e+00
1.000438541553292149e+00
1.000243441136877687e+00
1.000026222910396001e+00
1.000494951775931396e+00
1.000006328275636847e+00
1.000383405088959066e+00
1.000194729885473199e+00
9.999645995546750932e-01
1.000385795730906136e+00
1.000245173314959102e+00
1.000128175183384371e+00
9.998953638797740684e-01
1.000481869928016909e+00
1.000189295297508218e+00
1.000117656018281398e+00
1.000200175160953053e+00
1.000044734394194723e+00
1.000324033548875002e+00
1.000404535520783345e+00
1.000076699592354901e+00
9.999448196123741361e-01
9.998636931002065076e-01
9.999634670871145881e-01
9.998278704959183694e-01
1.000278602738069456e+00
1.000194491798799712e+00
1.000505437171320455e+00
1.000024382745341223e+00
9.998756913811081004e-01
1.000390944938397420e+00
1.000345593205953509e+00
1.000373217895996314e+00
1.000381965012975272e+00
9.998102177710105343e-01
1.000105237370815470e+00
1.000274110000468175e+00
1.000019244527883711e+00
1.000033884160598685e+00
9.995717232925452889e-01
1.000102767076403110e+00
1.000026216408669066e+00
1.000151678896355589e+00
1.000099655286286415e+00
1.000078270734813257e+00
1.000038947657976296e+00
1.000457199434520827e+00
1.000423408171528195e+00
1.000562283706211142e+00
9.999810960372366164e-01
1.000286227031131903e+00
9.999075039302796064e-01
1.000157323553243938e+00
9.997737317426428350e-01
1.000547709341235381e+00
1.000007603791347233e+00
9.999019242858941947e-01
1.000254415705834621e+00
1.000039145560887910e+00
1.000045161775645841e+00
1.000248377008611467e+00
1.000240304503004607e+00
1.000167943506498069e+00
1.000000962539255633e+00
1.000351568065766195e+00
9.999706034528764720e-01
9.999849243977652069e-01
1.000109972012870108e+00
9.999341137784670819e-01
1.000024186683706517e+00
1.000305099867570213e+00
9.999106556856753869e-01
9.999368022005392653e-01
9.999119396318577602e-01
9.999448365358631907e-01
1.000138166209998847e+00
1.000313010713418826e+00
