0.000000000000000000e+00
0.000000000000000000e+00
0.000000000000000000e+00
0.000000000000000000e+00
0.000000000000000000e+00
0.000000000000000000e+00
0.000000000000000000e+00
0.000000000000000000e+00
0.000000000000000000e+00
0.000000000000000000e+00
0.000000000000000000e+00
0.000000000000000000e+00
0.000000000000000000e+00
0.000000000000000000e+00
0.000000000000000000e+00
0.000000000000000000e+00
0.000000000000000000e+00
0.000000000000000000e+00
0.000000000000000000e+00
0.000000000000000000e+00
2.568053486381706996e-05
2.673302945958746721e-02
9.536934923729603053e-01
3.352780223449472352e+00
3.430079101158417743e+00
1.913743179552267693e+00
8.518905959137671458e-01
3.837025596055969601e-01
2.121182990140472457e-01
2.175661798524467505e-01
3.584192133733331564e-01
5.490124920778834960e-01
7.018836691272913875e-01
7.815525734600665686e-01
8.070759910604453635e-01
8.129619205643762170e-01
8.316807493416027430e-01
8.659250898147964337e-01
9.360311838788265559e-01
1.005614206171824732e+00
1.054429991691457902e+00
1.094490454750095765e+00
1.140264711099111095e+00
1.180134101512901879e+00
1.211950866181114916e+00
1.217832888434709160e+00
1.218848619354521823e+00
1.194014601921577601e+00
1.158827763812984690e+00
1.109238678757075380e+00
1.051959429284586411e+00
1.009953953953235395e+00
9.797421757169966217e-01
9.652042994805013487e-01
9.621841590093028751e-01
9.599269688312923599e-01
9.615128993283331704e-01
9.658433343341451538e-01
9.695611700152697576e-01
9.662046637453137743e-01
9.673807553373843238e-01
9.678102545545745894e-01
9.719422890755171629e-01
9.742840235775146462e-01
9.784144218121128000e-01
9.839009220388525989e-01
9.877801850083898216e-01
9.910136045341557676e-01
9.923158266982980980e-01
9.969367851344393960e-01
9.959877742668478140e-01
9.979910937899340029e-01
9.987027265790218156e-01
9.985828319026746058e-01
1.000528812805300483e+00
1.003410059038479574e+00
1.003282028328911890e+00
1.009447209288362624e+00
1.010404517064349195e+00
1.010103018993745216e+00
1.015954218064613279e+00
1.013456064690395841e+00
1.015352009554560286e+00
1.012601748556565484e+00
1.012336018566502238e+00
1.010856165452956867e+00
1.005391127740094426e+00
1.007141622336935161e+00
1.000717615863517818e+00
9.983501074656118135e-01
9.951965039835616311e-01
9.962503351702184373e-01
9.920140155392846992e-01
9.913181571722218255e-01
9.925108672098618134e-01
9.914410284806282059e-01
9.894707215030342784e-01
9.920334500534522260e-01
9.917854220625929029e-01
9.928057391518637642e-01
9.932291051143102845e-01
9.978437317867779877e-01
9.975899967019923320e-01
1.000269359568083605e+00
1.001029027604375177e+00
1.003480163452665552e+00
1.002369359765816093e+00
1.003065150431817987e+00
1.003469755297047961e+00
1.003514084422092223e+00
1.001978877171850080e+00
1.002659632324466754e+00
1.001324253518224738e+00
1.001260959334930645e+00
1.000988655387184290e+00
1.001010146388080280e+00
9.983654067128943099e-01
1.000619848656297162e+00
1.000384032883140151e+00
9.980725404382692068e-01
9.980049452159949208e-01
9.980324852978313954e-01
9.987367944489236038e-01
9.988006034472588501e-01
9.984055011467323215e-01
9.984786541450128006e-01
9.984253952203288041e-01
9.981606532976211588e-01
9.992710481571251968e-01
1.000721282041030058e+00
9.995956135840362577e-01
9.979213903452254231e-01
9.997755573227327108e-01
9.995394014046489195e-01
9.980665900913483490e-01
9.984812818561721315e-01
9.995414570528505793e-01
1.000062195327773296e+00
1.000695576630366457e+00
1.001685667184398110e+00
9.998324230903944398e-01
9.992052593566449481e-01
9.998548117371293120e-01
1.001045042085028758e+00
9.988260141973398509e-01
1.001366106623098329e+00
1.001514950216054523e+00
1.000783802683234303e+00
9.989241549867955428e-01
9.995572010498918747e-01
1.001078914670682884e+00
9.998619329515294751e-01
1.000579087236752152e+00
9.995604620120448480e-01
9.992530446671185063e-01
9.993368880816261290e-01
1.000617304445152067e+00
9.984019069902335675e-01
9.991861903996979155e-01
1.000687461473596107e+00
9.998806492143923474e-01
1.000508155741187455e+00
9.995349080799975638e-01
9.997655392118255380e-01
1.000321190078677702e+00
9.999143781019271815e-01
9.999575603968446913e-01
1.000679447368309383e+00
9.996421293939549146e-01
9.992700334179489552e-01
9.995378047657462739e-01
9.999460960581803004e-01
1.000185624831834819e+00
1.000583783944317906e+00
1.000691618617117973e+00
1.000490561081600172e+00
1.000265838458028300e+00
1.000965260762867626e+00
9.998852425618345308e-01
1.000156745783556733e+00
1.001011242567828585e+00
1.001421535253951944e+00
1.000124779137152808e+00
9.994385165259661585e-01
1.000082349854490404e+00
9.996265798166884542e-01
1.000155868502933920e+00
9.994938776443307304e-01
1.000193113553682345e+00
1.000172081292720394e+00
1.000402438849216091e+00
9.992906874665810069e-01
1.000791500623533503e+00
1.000926526846063869e+00
9.999073273173676446e-01
1.000654469692618065e+00
1.001088638676308484e+00
1.000719421413451382e+00
1.000538850002503866e+00
1.000114973267598906e+00
1.000737776186646277e+00
1.000091729245736527e+00
9.996554666258540278e-01
1.000073249274537890e+00
1.000275300840727022e+00
1.000398205110005545e+00
1.000957084864982694e+00
9.998296746877463059e-01
9.998619563983649483e-01
1.000417413766450769e+00
1.000235350363318121e+00
1.000005960277642991e+00
1.000355224792170095e+00
1.000319470599715599e+00
1.000894984311335945e+00
1.000705042986213433e+00
1.000055840577990240e+00
9.993203383787461203e-01
1.000050423138767242e+00
1.001081528816704758e+00
1.000124423107203731e+00
9.996867476488169313e-01
9.996798549463521422e-01
9.993782852202298672e-01
1.000863947516475783e+00
9.999028910003966431e-01
1.000051321423216732e+00
9.998291901580722563e-01
1.000503169144424387e+00
1.000444798123967916e+00
9.999678197456555173e-01
9.997447200147394630e-01
1.000056165177494627e+00
9.996166437937399341e-01
1.000423959489823655e+00
1.000755493364460236e+00
1.000004670683995789e+00
1.000226480960080711e+00
1.000422132869263070e+00
9.995058620913557235e-01
9.992409325584321600e-01
1.000285541566505065e+00
1.000548776807449913e+00
1.000295701035866847e+00
9.996270490479594040e-01
9.999612411281834090e-01
9.997644969120156322e-01
1.000474868958107333e+00
1.000238076813514621e+00
1.000182226956621179e+00
1.001011571875652262e+00
1.000089739016160717e+00
1.000106985898928214e+00
9.998400354684466862e-01
1.000300177331391316e+00
1.000308946174294000e+00
1.000711449335245806e+00
9.999402491771268719e-01
1.000174193343957629e+00
1.000341338419282300e+00
9.998449458314521143e-01
1.000310616896302296e+00
1.000130648259410782e+00
1.000073062709228466e+00
1.000327970918575060e+00
9.996724543540789210e-01
9.993721698749895577e-01
1.000057623346343849e+00
9.996759154683869664e-01
9.998874660710148632e-01
1.000029770717629329e+00
9.995910698086917234e-01
1.000061044992403003e+00
1.000181404106151861e+00
1.000146113692442107e+00
1.000253223363258392e+00
1.000665550901148171e+00
9.998757839378797918e-01
1.000202018440164098e+00
1.000152553171599790e+00
9.998403378647502393e-01
9.998545328327805848e-01
9.999772399153692426e-01
1.000110271973178255e+00
1.000136710575734389e+00
1.000012564200466025e+00
1.000210721301908690e+00
9.995394703004865100e-01
1.000775737989972880e+00
1.000993286739330745e+00
9.999306073510560999e-01
1.000516465785533438e+00
9.999216963076724696e-01
9.998818188510210092e-01
1.000106800137093632e+00
1.000529835909306664e+00
1.000175428599521021e+00
1.000506888327180821e+00
1.000151945358765504e+00
9.996855633157339938e-01
1.000285172150216395e+00
1.000067432703526382e+00
9.991480517012988338e-01
1.000031353468775475e+00
1.000066122239021915e+00
9.999448434899599336e-01
1.000200388838182519e+00
9.996781349400969408e-01
9.999022130708856704e-01
1.000330720101110460e+00
1.000117176974356648e+00
1.000023808405545500e+00
9.999673021373388648e-01
1.000318076309750115e+00
1.000223468700913054e+00
9.995095147702045546e-01
1.000328450581221329e+00
1.000706280391068681e+00
1.000043656583434526e+00
9.999801695241201660e-01
1.000333160121063436e+00
1.000206360090304836e+00
1.000266352436572026e+00
1.000324745996437947e+00
1.000090642203376623e+00
1.000410860891569831e+00
9.999524040955830584e-01
1.000405271240168759e+00
1.000460490660178836e+00
9.996612602712307005e-01
1.000789000827203568e+00
9.999601061069480767e-01
9.999217338235609764e-01
1.000261230931725365e+00
1.000225613825903581e+00
9.996754133041695356e-01
9.997575508584446435e-01
1.000260685938993310e+00
1.000071286081448463e+00
9.996069666767135597e-01
1.000232343109401345e+00
1.000079373841515906e+00
9.994897811673570942e-01
9.993700165203146524e-01
1.000029912041790370e+00
1.000109123491086160e+00
1.000540009348181325e+00
1.000127975524681911e+00
1.000409075663744929e+00
1.000444803365986512e+00
1.000086012873901753e+00
1.000257653335482999e+00
1.000395614780732023e+00
9.999276666702805461e-01
9.997997773101853225e-01
1.000148790071364147e+00
1.000286294330520853e+00
1.000188369380106135e+00
9.999273100961566518e-01
1.000290109592501642e+00
1.000307494106063677e+00
9.998003954627033840e-01
9.960574938346952178e-01
9.878877087458001194e-01
9.799358606482866385e-01
9.720406139583872562e-01
9.640075658458011620e-01
9.557750540767158132e-01
9.469472303116578393e-01
9.396374010090891016e-01
9.315298717206674795e-01
9.237832584988255880e-01
9.160510582228196252e-01
9.075106919924337268e-01
9.006169090031894697e-01
8.926625857988073065e-01
8.844984263843678196e-01
8.775598605582037859e-01
8.692820038383414216e-01
8.620095301839939550e-01
8.543915597605036272e-01
8.470172137498025444e-01
8.393966345878527413e-01
8.319867447173853181e-01
8.247792399448109490e-01
8.175795884962495652e-01
8.103111456031905080e-01
8.030513198607200920e-01
7.959710523805988425e-01
7.885593496357533594e-01
7.812975502266871208e-01
7.744216903441806243e-01
7.674134046254560415e-01
7.600285438496648949e-01
7.529254903164530610e-01
7.461234444664242016e-01
7.392593734800144700e-01
7.327892513324314461e-01
7.257042572258708413e-01
7.184447527087531871e-01
7.122056372509919520e-01
7.050478064957825808e-01
6.983382794874652966e-01
6.918046682410730064e-01
6.848483563703910981e-01
6.782289333277063959e-01
6.720737715750975116e-01
6.652873299763620851e-01
6.589442183300919798e-01
6.523178808665582862e-01
6.458801712283951391e-01
6.395289410467526192e-01
6.329349959709332785e-01
6.267806146942374035e-01
6.199409060672979033e-01
6.139720310387704050e-01
6.077219136241458486e-01
6.013676982997308018e-01
5.953590317364866324e-01
5.888183460986132767e-01
5.829647869107092983e-01
5.769335169867981783e-01
5.702869673650776683e-01
5.649089409333432066e-01
5.588206144464236136e-01
5.524369962882708096e-01
5.468279752598769194e-01
5.405668932911383839e-01
5.343023249356823046e-01
5.290301647359286763e-01
5.228725253069821388e-01
5.170687866174761282e-01
5.112860071162753650e-01
5.052775469902360816e-01
4.998424864374072518e-01
4.941157677403760773e-01
4.884012085679821369e-01
4.827036718478814326e-01
4.772657887002415555e-01
4.714115313395735307e-01
4.657163242640376954e-01
4.601862184183452276e-01
4.546970439701163991e-01
4.488357223437628440e-01
4.435665729725867812e-01
4.378761199462925524e-01
4.326039489205616984e-01
4.267405802333970044e-01
4.216072521668570716e-01
4.162357604757696561e-01
4.110177460312389730e-01
4.057983513552237409e-01
4.005161200602627702e-01
3.948764339337707541e-01
3.899540341140740329e-01
3.845320687890518840e-01
3.790990152324895668e-01
3.742671812438559398e-01
3.687927238446815359e-01
3.639618077513502858e-01
3.585391073468229273e-01
3.535570835651614119e-01
3.483536523824549147e-01
3.434336692634806232e-01
3.383262457911878074e-01
3.332975514900367586e-01
3.280969227292890866e-01
3.235845972060386599e-01
3.184450814121968509e-01
3.133378494668708769e-01
3.084375862466436358e-01
3.034559065455291749e-01
2.987799991172215841e-01
2.941268333749345043e-01
2.890129811162192031e-01
2.844049331681758885e-01
2.796304549463005107e-01
2.747817548422788470e-01
2.698652150442741315e-01
2.652671153494315370e-01
2.605009316976803491e-01
2.557803936889976870e-01
2.509751385624117148e-01
2.464246602601455616e-01
2.416907337151317225e-01
2.371998940226383024e-01
2.326131878761951433e-01
2.281650035159348555e-01
2.234312675383517410e-01
2.190179029876836159e-01
2.142848647774213411e-01
2.097898387121895913e-01
2.055057022591589844e-01
2.008655144495421208e-01
1.965294895796616814e-01
1.921073425338247209e-01
1.877416551384398502e-01
1.832041531825454039e-01
1.789369456155397442e-01
1.743091372476039957e-01
1.700686030395434367e-01
1.658524457914599959e-01
1.614281776028261006e-01
1.571275991323446697e-01
1.529907803490481444e-01
1.485929428409294983e-01
1.444099168418462864e-01
1.401980292577930387e-01
1.359952888520662984e-01
1.318309593597562779e-01
1.276161313527962582e-01
1.235065803289377012e-01
1.193999082771529108e-01
1.157877066238979513e-01
1.123856300940923592e-01
1.089480840920691446e-01
1.060349564975747866e-01
1.026988068086278905e-01
9.984088923170421348e-02
9.687336458151188379e-02
9.418953770204480103e-02
9.151722906349804565e-02
8.891531808965044692e-02
8.633843055630391339e-02
8.397762244338885518e-02
8.154040698245772212e-02
7.922104454074335722e-02
7.693689961220231965e-02
7.484414004337688886e-02
7.258709843221002045e-02
7.059081292359360715e-02
6.865449454386765571e-02
6.650117583524531306e-02
6.458900819105194147e-02
6.270861873276691034e-02
6.088619208592758320e-02
5.906557886036185867e-02
5.739258680213912139e-02
5.564226459914180939e-02
5.396726357908114557e-02
5.237199418932029366e-02
5.075901083520033968e-02
4.919910905003253843e-02
4.770719363136472629e-02
4.629095802308592217e-02
4.476749980786694921e-02
4.338509325746676276e-02
4.209216986774877434e-02
4.063500926231067290e-02
3.936212140223973449e-02
3.805938108801820707e-02
3.680684858938153975e-02
3.563066748942418649e-02
3.445104067584051771e-02
3.332441031810952359e-02
3.214098243205543159e-02
3.101184676106137628e-02
2.997714622904416523e-02
2.890642788891621337e-02
2.789509651422415401e-02
2.689144485743601848e-02
2.587668242566613583e-02
2.499634725244982356e-02
2.403047715004114418e-02
2.317030265378517556e-02
2.236854518849405379e-02
2.143728653846459914e-02
2.061316592716779320e-02
1.981451187805504527e-02
1.906946117389549111e-02
1.828576268617571401e-02
1.746915647237763311e-02
1.677008250305629319e-02
1.607308270470047401e-02
1.542818720334394704e-02
1.472434738866682143e-02
1.403792826183510381e-02
1.345032486592514544e-02
1.280770342702198736e-02
1.226795306723633266e-02
1.166723277323093375e-02
1.109572359041470502e-02
1.059592412635359387e-02
1.003873761934875007e-02
9.524477639392613451e-03
9.020029955874196356e-03
8.538608633144628354e-03
8.090589329862533582e-03
7.647308682420619376e-03
7.206520830648347094e-03
6.763905080342275111e-03
6.399518520936771891e-03
6.000745631127608545e-03
5.632018165408772536e-03
5.263353322926800880e-03
4.931862184630365215e-03
4.595524252252044910e-03
4.280759375655788894e-03
3.975725033890674387e-03
3.682191311307366193e-03
3.391157926944441455e-03
3.147775069445761433e-03
2.908545309459010728e-03
2.630160483023002115e-03
2.406830726769063327e-03
2.194087811348481402e-03
1.992417634945483577e-03
1.781357353241641139e-03
1.597064458827644100e-03
1.413592710338525170e-03
1.251297199152647237e-03
1.107981421424168418e-03
9.506897183494424346e-04
8.372637144682989595e-04
7.067041285426102059e-04
5.930295998438478954e-04
5.047118556966256712e-04
4.049596383984622235e-04
3.256862803115226899e-04
2.517037517919006907e-04
1.891861350337126332e-04
1.374650706340703151e-04
9.289983229092226339e-05
5.789365213321440954e-05
2.859125638402162256e-05
1.216695118326094648e-05
2.942655566013628942e-06
2.467248274266653337e-07
0.000000000000000000e+00
0.000000000000000000e+00
0.000000000000000000e+00
0.000000000000000000e+00
0.000000000000000000e+00
0.000000000000000000e+00
0.000000000000000000e+00
0.000000000000000000e+00
0.000000000000000000e+00
0.000000000000000000e+00
0.000000000000000000e+00
0.000000000000000000e+00
0.000000000000000000e+00
0.000000000000000000e+00
0.000000000000000000e+00
0.000000000000000000e+00
0.000000000000000000e+00
0.000000000000000000e+00
0.000000000000000000e+00
0.000000000000000000e+00
0.000000000000000000e+00
0.000000000000000000e+00
