0.000000000000000000e+00
0.000000000000000000e+00
0.000000000000000000e+00
0.000000000000000000e+00
0.000000000000000000e+00
0.000000000000000000e+00
0.000000000000000000e+00
0.000000000000000000e+00
0.000000000000000000e+00
0.000000000000000000e+00
0.000000000000000000e+00
0.000000000000000000e+00
0.000000000000000000e+00
0.000000000000000000e+00
0.000000000000000000e+00
0.000000000000000000e+00
0.000000000000000000e+00
0.000000000000000000e+00
0.000000000000000000e+00
0.000000000000000000e+00
0.000000000000000000e+00
0.000000000000000000e+00
0.000000000000000000e+00
0.000000000000000000e+00
0.000000000000000000e+00
0.000000000000000000e+00
0.000000000000000000e+00
0.000000000000000000e+00
0.000000000000000000e+00
0.000000000000000000e+00
0.000000000000000000e+00
0.000000000000000000e+00
6.488214388851225268e-04
6.289868114112739939e-02
8.458227780469865786e-01
3.731025118844954580e+00
7.489362101761470214e+00
9.154317797229060361e+00
8.362706214088170498e+00
6.410370508573910442e+00
4.604845550910966701e+00
3.167141551748168471e+00
2.365348178940986035e+00
1.734134100667861000e+00
1.316868895310811860e+00
1.108004729190277926e+00
9.591189167745262090e-01
8.517280029656966178e-01
8.227956858256068040e-01
7.884898080767474005e-01
8.172325369512151161e-01
8.346426921755766282e-01
8.374647225707071430e-01
9.256947863713739233e-01
9.737185377701391698e-01
1.016153862524585394e+00
1.059295405649596011e+00
1.092628581714686575e+00
1.113470359154361322e+00
1.132305569423581071e+00
1.130198614333436380e+00
1.104616012372001910e+00
1.133767047833580177e+00
1.110577525306214675e+00
1.058616768570469935e+00
1.050981392659583458e+00
1.006747866760824062e+00
9.825549852476161972e-01
9.540771537507704014e-01
9.286642460953298261e-01
9.367037854499790095e-01
9.132331181131355669e-01
9.348941310520177961e-01
9.495910299009511224e-01
9.782321865178722486e-01
9.866370877387251603e-01
9.923973170184887671e-01
1.005521206068877182e+00
1.009428301458830113e+00
1.039606341728861016e+00
1.054550900633435262e+00
1.039459222091468238e+00
1.033948295986241606e+00
1.061036803523086602e+00
1.049990360607208295e+00
1.023323001742335148e+00
1.015371155387436053e+00
1.018613530240362053e+00
9.915240519802143160e-01
9.931914836299463589e-01
9.897737118502781817e-01
9.919157203998582029e-01
9.846828241806332427e-01
9.728269634389237197e-01
9.793619237554261892e-01
9.628669744016333798e-01
9.793723078955205441e-01
9.750307216599369831e-01
9.833778424959941367e-01
9.673799859917799893e-01
9.812706193537317212e-01
9.982207161194358580e-01
9.969734979528368513e-01
9.888700127941405515e-01
9.930055169971002682e-01
9.838761254276628954e-01
1.003494405240137777e+00
9.919692471298723335e-01
1.009281990657190820e+00
1.015453711573923723e+00
1.009169667739044041e+00
9.937402877046548344e-01
1.012759497090877314e+00
1.010154945012406325e+00
1.006388664331155036e+00
1.013132869178389406e+00
9.934918894062761963e-01
9.943259434253305384e-01
9.925500862515934664e-01
1.002356730591862810e+00
9.954181993941925155e-01
9.997138506987106599e-01
9.789371578011722974e-01
9.946030663052586318e-01
9.913357010584751272e-01
9.948340633367258601e-01
9.789963935710280785e-01
9.763058150253783873e-01
9.942088932368743359e-01
9.890489654141699782e-01
9.800261471700679738e-01
9.870953901997047142e-01
9.940746154389340505e-01
9.857369850409475331e-01
9.952292865087110085e-01
9.933229946949995171e-01
9.850754681747765362e-01
9.852633753302517672e-01
9.913099649764328669e-01
9.885595632106838337e-01
9.916890417061202667e-01
9.865532562797034721e-01
9.934452802190835152e-01
9.944252415583387794e-01
9.978760933873821459e-01
9.931744148196627320e-01
9.996844774920764509e-01
9.884120888509193570e-01
9.890685522295888932e-01
9.871045376061416965e-01
9.938500061458459545e-01
9.840877550305220378e-01
9.840436387788530359e-01
9.960757543570135653e-01
9.919231645361942240e-01
9.891268390915675113e-01
1.000452229664972492e+00
9.880094787649873478e-01
9.950607508597643092e-01
9.976553747732814781e-01
1.007797328987784402e+00
1.003764262224116743e+00
9.917337948318927232e-01
9.961250611331659011e-01
9.972972708617193760e-01
1.007251449277657196e+00
9.969440164190613851e-01
1.001906953211544327e+00
9.995369594469620811e-01
9.989182787659308671e-01
1.002701229166508279e+00
9.973802397505908690e-01
9.955007052667877998e-01
9.976052904720299486e-01
1.007699214296418067e+00
9.996082760068248918e-01
9.950235876280298930e-01
9.938720099494681159e-01
1.002815108945070310e+00
9.975011986948718601e-01
9.927690712582569743e-01
9.970474247516067923e-01
9.980242424524597977e-01
1.005983494568316150e+00
9.935577775877661999e-01
1.000680810415920163e+00
9.973676667032153054e-01
9.914167711450785347e-01
1.000619426378437149e+00
9.927968490361936960e-01
9.857817228972610701e-01
9.925203080505063946e-01
9.877653406758892807e-01
9.848675650845196694e-01
1.001960048004950421e+00
1.001813908100508854e+00
9.944300576988804874e-01
9.983893073783436378e-01
1.000218167159891536e+00
9.955887874397650883e-01
9.899958867627058900e-01
9.979687799692184003e-01
9.924153883343393989e-01
9.958927577057526959e-01
9.976979099671544615e-01
1.000134938486815894e+00
9.951972088999754273e-01
1.002946888301945672e+00
9.976218883885697997e-01
9.989736072494861396e-01
9.994503605258433510e-01
9.968397737079014442e-01
9.990452933795243018e-01
9.985496029239853133e-01
9.954724849081549864e-01
9.928225737798043182e-01
9.936152250201879532e-01
9.933806655724151113e-01
9.924340511671618792e-01
9.966840361694718764e-01
1.001549287915950881e+00
9.928756178412377897e-01
9.938971991358548363e-01
9.876026329416809357e-01
9.959581804414598949e-01
9.945035542688491770e-01
9.977382646847734460e-01
9.933164556579692217e-01
9.956807496706245875e-01
9.990722684220090244e-01
9.935054032163344040e-01
9.918977612477051231e-01
9.960371542629082864e-01
9.976810133012700144e-01
9.987122722749478543e-01
1.002779542263001256e+00
9.924792800245552105e-01
9.960103194197960086e-01
9.935072399137914179e-01
9.928990178424303981e-01
9.919584535328234143e-01
9.996719536529873329e-01
9.981340604189858912e-01
9.928424787354160896e-01
9.983579124468281440e-01
9.951196540648622468e-01
1.002131526647108695e+00
9.921701824270596770e-01
9.926582098974803259e-01
9.964976101365025096e-01
9.935051890770018046e-01
9.935627025429141224e-01
9.954693666688976261e-01
1.000503982463378128e+00
9.968049076067541092e-01
9.998312763721712848e-01
9.920921964391353765e-01
9.967536487145305379e-01
9.940312115783281888e-01
9.992495058840823452e-01
9.977432007327233787e-01
9.939154365952983516e-01
9.980143915900351326e-01
9.988737390810413785e-01
9.951263801320091584e-01
9.976199758923816052e-01
9.942388391502946510e-01
9.955735386992472513e-01
9.947407793739454496e-01
9.978562467517975154e-01
9.963181757541822448e-01
9.992944403374349749e-01
9.934873233521598346e-01
9.918063854551849579e-01
9.972273490056361434e-01
9.932699160332116861e-01
1.001069361014501391e+00
9.904586780119188916e-01
9.962067702491147481e-01
9.938637033679831312e-01
