0.000000000000000000e+00
0.000000000000000000e+00
0.000000000000000000e+00
0.000000000000000000e+00
0.000000000000000000e+00
0.000000000000000000e+00
0.000000000000000000e+00
0.000000000000000000e+00
0.000000000000000000e+00
0.000000000000000000e+00
0.000000000000000000e+00
0.000000000000000000e+00
0.000000000000000000e+00
0.000000000000000000e+00
0.000000000000000000e+00
0.000000000000000000e+00
0.000000000000000000e+00
0.000000000000000000e+00
0.000000000000000000e+00
0.000000000000000000e+00
0.000000000000000000e+00
0.000000000000000000e+00
0.000000000000000000e+00
0.000000000000000000e+00
0.000000000000000000e+00
0.000000000000000000e+00
0.000000000000000000e+00
0.000000000000000000e+00
0.000000000000000000e+00
0.000000000000000000e+00
0.000000000000000000e+00
0.000000000000000000e+00
6.486715761464698039e-04
2.625260756363257883e-02
4.403709806715881969e-01
1.875683357732923495e+00
3.750759109213390285e+00
4.556368704027847549e+00
4.172529005898555354e+00
3.244626746634279968e+00
2.306277114644558424e+00
1.663170884422403129e+00
1.223179904944437846e+00
8.849717649165308453e-01
7.094917153625861506e-01
6.127866488862202532e-01
5.876652993535889102e-01
5.974992084960962790e-01
6.361794319088875937e-01
7.239902791495473888e-01
8.042816642220905754e-01
9.144072609913906913e-01
9.976156998615495208e-01
1.037156314659525735e+00
1.091604706968038130e+00
1.081541258848315090e+00
1.076651495002374004e+00
1.069890378119995988e+00
1.041434949774970864e+00
1.013594563348116928e+00
9.946857603604543074e-01
9.692143476446345440e-01
9.521303131887247639e-01
9.450643225816787174e-01
9.224111112120937372e-01
9.201749013466089533e-01
9.237753086836686389e-01
9.024725282810586169e-01
9.132609196526381146e-01
9.242649841099714880e-01
9.457930227547812763e-01
9.585928726496659724e-01
9.810210230067755166e-01
1.008033608111485124e+00
1.002511947964365380e+00
1.027399391932362072e+00
1.021790296856002644e+00
1.031242566854618348e+00
1.025763026659558541e+00
1.040884014470919050e+00
1.030622152729037788e+00
1.017658996222837509e+00
1.011108408730138297e+00
1.001383853835780435e+00
9.838686991665025472e-01
9.787981873858553339e-01
9.733772864741817576e-01
9.807898133864175749e-01
9.616375431370478566e-01
9.617395467320601909e-01
9.575028437153310090e-01
9.690162145848901787e-01
9.673577504215254974e-01
9.680171043769092432e-01
9.837394394485208249e-01
9.813144547469814238e-01
9.851797605310654848e-01
9.980512070130875824e-01
9.843866174284005011e-01
9.986476146849261326e-01
9.962402792418638686e-01
9.943985828811209293e-01
9.912322077714075252e-01
9.942705185430493753e-01
1.002407753469757967e+00
9.874965417638095211e-01
9.796415166041413380e-01
9.799704005167967358e-01
9.777925683538314372e-01
9.902744331708329684e-01
9.850585756919058023e-01
9.816333813428861355e-01
9.928727668033590081e-01
9.969166277710326263e-01
9.841264552903631335e-01
9.917368746557252424e-01
9.829632629372202501e-01
9.946670263766066444e-01
9.773891732833444035e-01
9.895536601904437735e-01
9.923096955365082739e-01
9.919402855073238268e-01
9.843274245582890325e-01
9.931603568816569361e-01
9.861335092773906297e-01
9.915371988680675708e-01
9.876339239110986101e-01
9.796841830897420333e-01
9.810114204448674435e-01
9.840809130111665137e-01
9.713303416884819796e-01
9.777337688576597241e-01
9.872490361791974589e-01
9.880083508915816770e-01
9.824620174876846912e-01
9.875514934144483670e-01
9.847376120308395375e-01
9.856881678821449722e-01
9.881697283782050478e-01
9.917818847257102721e-01
9.896376391718140209e-01
9.843062604413852501e-01
9.870069530957265025e-01
9.823828667143299498e-01
9.897861247513798366e-01
9.917798140254765471e-01
9.886145865049886794e-01
9.874436585254573462e-01
9.870689877334347662e-01
9.873057493508201610e-01
9.953448025288553769e-01
9.890251536905353413e-01
9.828882466351516189e-01
9.882846548853483348e-01
9.872590304801548422e-01
9.821115106117797033e-01
9.919820252750571887e-01
9.920489505888616666e-01
9.900032274053821579e-01
9.972768017172114474e-01
9.952090577384453685e-01
9.970565725463274021e-01
9.935287358771852650e-01
9.959975088266477261e-01
9.956489035544778821e-01
9.968245271180665723e-01
9.954902530362202961e-01
9.903555814620964570e-01
9.914626215476968207e-01
9.946211566786288261e-01
9.955397889600804406e-01
9.978604205616151690e-01
9.854495468813703196e-01
9.966236943179997976e-01
9.935035603922488523e-01
9.984318943439806082e-01
9.899217408819342978e-01
9.980791290311590291e-01
9.974974459642970137e-01
9.960586090495624489e-01
9.971351481823602647e-01
9.914194284471227192e-01
9.907268736273817655e-01
9.963903894147235762e-01
9.930263468849293007e-01
9.982891144151959661e-01
9.956400947013699376e-01
9.963624962055793732e-01
9.973124730179140363e-01
9.951721241310025334e-01
1.000715818857481176e+00
9.950003476870559194e-01
9.978090114239159814e-01
9.884557376450034960e-01
9.972638122635308910e-01
9.958814143245624528e-01
9.961435513632860284e-01
1.002172698495050751e+00
9.952048422286456919e-01
9.926989152733320942e-01
9.976846084077355403e-01
9.961856611705590669e-01
9.923532627535539552e-01
9.904258827618346306e-01
9.974265030990761005e-01
9.984192860837016736e-01
9.962849873625810870e-01
9.928085500742593883e-01
9.917171201950827353e-01
1.000725584298749249e+00
9.943792898258625446e-01
9.969541835607342861e-01
9.943153724534267157e-01
9.889161737304351663e-01
9.965233172462365507e-01
9.953597618856346863e-01
9.960755669496332843e-01
9.977500787461139886e-01
9.947093023010260548e-01
9.982599999981365269e-01
9.907480944462004890e-01
9.926672358195689494e-01
9.908925265747476896e-01
9.954403186629661171e-01
9.981209300501924231e-01
9.915788266398063433e-01
9.986364242599252705e-01
9.945565758009415891e-01
9.938168831384900370e-01
9.925579292057833403e-01
9.953587661182817792e-01
9.893033085252264103e-01
9.939247195661092826e-01
9.954083414491989856e-01
9.936281830536090043e-01
9.943812565945774340e-01
9.902409161752878664e-01
9.952882777872069653e-01
9.950666167595290101e-01
9.922336605023580614e-01
9.946791465906904550e-01
9.939015258762315952e-01
9.921881917636388160e-01
9.971837612402798534e-01
9.951929947905913121e-01
9.986586278891570467e-01
9.938257658094893365e-01
9.970865745513594058e-01
9.944706211801797036e-01
9.954859178864092772e-01
9.907532668462039060e-01
9.976230860669792477e-01
9.949062675652574628e-01
9.906604170747503879e-01
9.958976047829931622e-01
9.963149417056078594e-01
9.928993178141629627e-01
9.968954477277774950e-01
9.964882288177669967e-01
9.971973095441694079e-01
9.925448208721423526e-01
9.961709064685304593e-01
9.960933715759683338e-01
9.967235418899793586e-01
9.921737099275101945e-01
9.954454143663821197e-01
9.933290189748569254e-01
9.925474332185204585e-01
9.944492369559471134e-01
9.959559011273657614e-01
9.951703151556933191e-01
9.981526403054379326e-01
9.977886398399709034e-01
9.964322714262520142e-01
9.967287483817417471e-01
9.986512744702904509e-01
9.974413032027901194e-01
9.960982306478268766e-01
9.986844002181300972e-01
9.983750074818267262e-01
