0.000000000000000000e+00
0.000000000000000000e+00
0.000000000000000000e+00
0.000000000000000000e+00
0.000000000000000000e+00
0.000000000000000000e+00
0.000000000000000000e+00
0.000000000000000000e+00
0.000000000000000000e+00
0.000000000000000000e+00
0.000000000000000000e+00
0.000000000000000000e+00
0.000000000000000000e+00
0.000000000000000000e+00
0.000000000000000000e+00
0.000000000000000000e+00
0.000000000000000000e+00
0.000000000000000000e+00
0.000000000000000000e+00
0.000000000000000000e+00
0.000000000000000000e+00
0.000000000000000000e+00
0.000000000000000000e+00
0.000000000000000000e+00
0.000000000000000000e+00
0.000000000000000000e+00
0.000000000000000000e+00
0.000000000000000000e+00
4.493880805992209833e-05
6.312577259259074050e-03
2.055727948380482728e-01
1.247807769658049848e+00
2.755210687770923705e+00
3.131675896084189947e+00
2.506643882657423106e+00
1.659204612384772792e+00
1.058032404921434244e+00
7.140076848411667232e-01
5.476901973116973243e-01
5.025774992547860087e-01
5.139189898448630611e-01
5.631154970834634232e-01
6.493347613076964064e-01
7.453233394245964982e-01
8.430749964979314948e-01
9.528815672121281333e-01
1.053712556379107657e+00
1.127783772722495526e+00
1.191631111559033229e+00
1.218939550876069644e+00
1.227648484643561355e+00
1.216249700061289962e+00
1.190715293703552335e+00
1.160317318463328196e+00
1.123216741779236694e+00
1.078940542781867684e+00
1.032739163299629892e+00
9.925987196424843617e-01
9.525865123808500146e-01
9.176659063155349072e-01
8.904236058119706643e-01
8.698824640600061331e-01
8.583384987769884233e-01
8.635838718091101152e-01
8.791147557636500576e-01
9.038697189921469644e-01
9.358336670169312699e-01
9.634096081902923103e-01
9.967134952410175996e-01
1.023279276233220125e+00
1.039387254958678009e+00
1.059866178032620621e+00
1.069604585196437530e+00
1.074072537285306161e+00
1.071063418269241785e+00
1.067899859784325445e+00
1.056082475126129516e+00
1.045238743468610787e+00
1.034322852555631389e+00
1.018828018320770745e+00
1.004711404398797248e+00
9.965109277273247468e-01
9.892551472196707829e-01
9.841533104858104508e-01
9.827645130607516322e-01
9.805168890365504319e-01
9.808323166138867011e-01
9.820358956109098703e-01
9.892573624849053671e-01
9.920162262492978611e-01
9.940400897034373795e-01
1.000921120075432880e+00
9.999952634930483475e-01
1.001637865553398843e+00
1.004042002050957061e+00
1.008894136974374689e+00
1.007230876067114700e+00
1.007423936976044487e+00
1.007401571187424238e+00
1.006632713204504093e+00
1.003992505857308259e+00
1.001327738916993226e+00
1.002887310340052629e+00
1.001269259414388157e+00
9.982254526311208354e-01
9.983488308989598714e-01
1.000536482629304169e+00
9.994267336961509818e-01
1.000552193602754381e+00
9.998153049465090536e-01
1.001603416065540042e+00
1.003489821697153062e+00
1.004258470394098435e+00
1.003791618943156605e+00
1.003727990948497961e+00
1.004843250448212544e+00
1.001357357643464008e+00
1.004269222168304498e+00
1.002795433611121778e+00
1.003204887003266821e+00
1.001490385720034348e+00
1.000780534510985254e+00
1.000274104696498023e+00
9.992327353338317231e-01
1.000544958866699252e+00
1.001189166848025058e+00
9.993942404369334787e-01
9.995005012041537906e-01
9.997598729866125078e-01
1.001892524545283214e+00
9.994762470648305142e-01
9.993405419720621241e-01
1.000443499934963398e+00
1.002213536289645157e+00
1.000892485057319092e+00
1.000904834266153065e+00
9.991097424568285978e-01
1.000949689727518077e+00
1.001549674113128452e+00
1.001820484757572460e+00
1.001128700438219665e+00
1.001378252030959315e+00
1.000946947270277665e+00
1.000059858504741106e+00
1.002192377905280374e+00
1.001288002212847639e+00
9.997943686596721946e-01
1.002437134717031775e+00
1.001054591713437025e+00
1.000117376982813333e+00
9.999329171752288081e-01
1.001762420515582619e+00
1.001866433894917474e+00
1.000322562522365066e+00
1.000302903990764269e+00
1.002333476408198587e+00
1.000199633653779507e+00
9.992744168706393371e-01
1.000516094117237076e+00
9.992137998614259997e-01
1.000691195383193399e+00
9.996733434116612527e-01
1.000235270683828226e+00
1.001640030694266770e+00
1.001270753858036988e+00
1.000847232787438923e+00
1.001446020477674059e+00
1.001744517403527102e+00
1.000151863103668326e+00
1.002171082038969541e+00
9.995516482527959656e-01
1.000500754741216136e+00
1.000544294004124035e+00
1.001710024033787283e+00
1.000760937678307094e+00
1.001287832895142671e+00
1.000427291828750231e+00
9.997890205021475740e-01
9.992660530762992321e-01
1.002045729247005301e+00
1.001291923858449229e+00
1.000453955431652275e+00
1.002405813115893496e+00
9.994623220411159581e-01
1.000711350489587481e+00
1.001695608104293589e+00
1.000560974015641591e+00
1.001022179420729463e+00
1.000240952839995145e+00
1.001549623220254537e+00
1.000150302964204263e+00
9.999812673087810078e-01
1.000712897611252705e+00
1.001258544077707091e+00
9.998386111191579495e-01
1.000946407681798878e+00
1.000760316727979271e+00
1.002052149164484707e+00
1.000725896364442535e+00
9.999701669766621892e-01
1.000706633668262402e+00
1.000497249528069954e+00
1.001441440652037329e+00
1.000490993299707920e+00
1.001338194406674376e+00
1.000833125243936417e+00
1.000913222176834427e+00
9.998651290285142101e-01
1.001458468660286760e+00
9.999745678792779646e-01
1.000244472102359783e+00
1.001696451697976276e+00
9.996079318171117167e-01
9.999311082194706213e-01
1.000217118561164575e+00
1.000022038595872909e+00
1.000104468091417287e+00
1.000867712898531936e+00
1.000155965283397341e+00
1.000072141733689524e+00
1.000505054130857552e+00
1.000112228872993336e+00
1.000119244934263962e+00
1.000070746193148619e+00
1.000063820664566228e+00
1.000172031632065472e+00
1.000371345303176174e+00
1.000056647270855192e+00
1.000943860801151386e+00
1.000236237837681896e+00
1.000415987539461593e+00
1.000271945357418479e+00
1.000321957780566429e+00
1.002040430123652959e+00
1.000120765553498048e+00
1.000223842963805509e+00
1.000931971354434236e+00
9.999708897654276951e-01
9.999109961391389190e-01
1.000842826076437708e+00
9.993622617949361464e-01
1.000301994601388245e+00
1.000466898971706486e+00
1.001695276629858578e+00
1.000185984035160125e+00
1.000333344230189381e+00
9.997523876208925797e-01
9.996964083503424581e-01
9.990721788395686698e-01
1.001522740663245203e+00
1.001251351676351709e+00
1.000114599284419592e+00
1.000825279699928405e+00
1.000965908392919657e+00
1.000727088195848991e+00
1.000334392613546619e+00
9.999986746630021850e-01
1.000509792541258269e+00
1.000818922394136390e+00
9.989609543336442909e-01
9.999213467732450678e-01
1.000781005809123769e+00
9.996195693093193890e-01
1.000482938900896235e+00
1.000136911734048617e+00
1.000620385337154028e+00
1.000713793734919310e+00
1.000750802073865131e+00
1.000772157316639266e+00
1.000598015802091290e+00
1.000989797552748639e+00
9.998728540761374628e-01
1.000136577082155753e+00
1.000876528738482873e+00
1.000236450982334491e+00
1.000839881627151540e+00
9.997403178522050737e-01
1.000240000490399295e+00
1.000654261926498867e+00
1.000700077531806453e+00
