0.000000000000000000e+00
0.000000000000000000e+00
0.000000000000000000e+00
0.000000000000000000e+00
0.000000000000000000e+00
0.000000000000000000e+00
0.000000000000000000e+00
0.000000000000000000e+00
0.000000000000000000e+00
0.000000000000000000e+00
0.000000000000000000e+00
0.000000000000000000e+00
0.000000000000000000e+00
0.000000000000000000e+00
0.000000000000000000e+00
0.000000000000000000e+00
0.000000000000000000e+00
0.000000000000000000e+00
0.000000000000000000e+00
0.000000000000000000e+00
0.000000000000000000e+00
0.000000000000000000e+00
0.000000000000000000e+00
0.000000000000000000e+00
0.000000000000000000e+00
0.000000000000000000e+00
0.000000000000000000e+00
1.206781705685614780e-05
1.910102204899939357e-03
6.398193449986303016e-02
4.750377927607168371e-01
1.560150730222425119e+00
2.657744246225379303e+00
2.885303268803959043e+00
2.373688978239365088e+00
1.747341777020943399e+00
1.268568035327991561e+00
9.727608096002499094e-01
8.108594529679229446e-01
7.304310162094977965e-01
7.102873335537600585e-01
7.187014022547236758e-01
7.532214176553823082e-01
8.047869805544153321e-01
8.557378085577774796e-01
9.184942224506473796e-01
9.708430814457258418e-01
1.022053129883901290e+00
1.057071595851107881e+00
1.079883712271382246e+00
1.084674485388360754e+00
1.086840618334028674e+00
1.073323877388356218e+00
1.055109462774374451e+00
1.031458801868515573e+00
1.008299615339588007e+00
9.845553117459010517e-01
9.604940741785139569e-01
9.399021935871199052e-01
9.245463279321084471e-01
9.140350288287798497e-01
9.062008873937388298e-01
9.075623679521455101e-01
9.162776846994434843e-01
9.325063707590861561e-01
9.532854396828879251e-01
9.765879416017233527e-01
1.004203141805928512e+00
1.020379019517438035e+00
1.036344802466101278e+00
1.047665758089436405e+00
1.055552876224179704e+00
1.056569892736635374e+00
1.052349713801663311e+00
1.048968771853274307e+00
1.042560839990686272e+00
1.034673743803609103e+00
1.023825989661565794e+00
1.015014939467187904e+00
1.006576048539618462e+00
9.984786412214448070e-01
9.906352754095808510e-01
9.860036994526106824e-01
9.816789700398069751e-01
9.810729256530120734e-01
9.819170273051519571e-01
9.824722827110291545e-01
9.866464293361902893e-01
9.889277677345055251e-01
9.933886515110155191e-01
9.955977337051082898e-01
9.978855553905414677e-01
1.000412964227770374e+00
1.002175441772771958e+00
1.003826700289620844e+00
1.002940677100463196e+00
1.004035804185251957e+00
1.003208447652432334e+00
1.001520816488724375e+00
1.001786170285788646e+00
1.002421044948883067e+00
1.002705426102591169e+00
1.000124378677241133e+00
1.000342090968252773e+00
1.003028716386705987e+00
1.001302042464551789e+00
1.002615100777259460e+00
1.001159894927161398e+00
1.002059466655586428e+00
1.002511936296672790e+00
1.001984884681611732e+00
1.004721872264292770e+00
1.002921368586654705e+00
1.003587201005573082e+00
1.001943053010424745e+00
1.000762752263055111e+00
1.002230359514508118e+00
1.001371216962666955e+00
1.000605553235050404e+00
9.992649773702720895e-01
9.997424287221438055e-01
9.997015861253070179e-01
9.992563422342872759e-01
9.992957838941720627e-01
9.980232181953849757e-01
9.996068511961653247e-01
9.998494603739426223e-01
1.000172055328426124e+00
9.997195833793203201e-01
1.000131067960749798e+00
9.997581970755599068e-01
1.002025103830505914e+00
1.000885609665964626e+00
9.999027497536189246e-01
1.001405455147939216e+00
1.001311904339870162e+00
1.001451599273967652e+00
1.001855946380683760e+00
1.001358193133837782e+00
1.001525881979383747e+00
1.001447725715201242e+00
1.002813433682433919e+00
1.000468041043038880e+00
1.001410248500178568e+00
1.000750971369820608e+00
1.001704773175321028e+00
1.001147455504948214e+00
1.001210364268932285e+00
1.000689496583237581e+00
9.995840922107903648e-01
1.001071522716174167e+00
1.001387254149492367e+00
9.998727692287376900e-01
1.000366446800713849e+00
1.000581983524255314e+00
9.994745550786910959e-01
9.999313486587907418e-01
1.000468560597531864e+00
1.001145537170216260e+00
1.000959164216111752e+00
1.001594695532176171e+00
9.996073537238345796e-01
1.001681588635400244e+00
1.001446643250026192e+00
1.001465138861317383e+00
1.000316069236244054e+00
1.000738180580737602e+00
9.997343856558188468e-01
1.001034124824816685e+00
1.000527701444237305e+00
1.000013861975047824e+00
1.001663980706376522e+00
1.000702099457022376e+00
1.001683919675273593e+00
1.001258699887599857e+00
1.000904340129550318e+00
1.000164680263932127e+00
1.000552826684386165e+00
1.000766679920156887e+00
1.001092705309035713e+00
1.000753658406411173e+00
9.993278179432839581e-01
1.001108374184749294e+00
1.000515029925475918e+00
1.001235123350632916e+00
1.000636236918601707e+00
1.000943044583328723e+00
1.000945731665633387e+00
1.001112675827696696e+00
1.000400663544941837e+00
1.000995967337089620e+00
1.000824189132851538e+00
1.000577560883726402e+00
1.000136052845011614e+00
1.000921950281149275e+00
1.000353974476324570e+00
1.000839193332445642e+00
1.000299960019012113e+00
1.000872727323378175e+00
1.001337678735573000e+00
1.001156671394959341e+00
1.000999386530082802e+00
1.000258389571985207e+00
1.000417635428759500e+00
9.999141830354357774e-01
1.001318956363085322e+00
1.001039227384237673e+00
1.000018391603488155e+00
1.000846789120520830e+00
1.000726487227106221e+00
1.000380994211893526e+00
1.000981781556402828e+00
1.001656946491994438e+00
1.000502068384652832e+00
1.001344591528982697e+00
1.000753444710154705e+00
1.000740741374162690e+00
1.000289662511641087e+00
1.000896336119682095e+00
1.001314059688648062e+00
1.001359035999894509e+00
1.001369081142081008e+00
1.000985062410378656e+00
1.000707223514836430e+00
1.000072070830523963e+00
1.000160877563800677e+00
1.000220696309059631e+00
1.000650127950317492e+00
1.000823447389159071e+00
1.000298809863394256e+00
1.000351144531666181e+00
1.000947876323393437e+00
1.000923776488723549e+00
1.000950087238891451e+00
1.000946185720341886e+00
1.000728515049763567e+00
1.000604052527566790e+00
1.000719339729377433e+00
1.000038383550406751e+00
1.000478130662890930e+00
1.000467451709954547e+00
1.000191963554194263e+00
1.000750413886276169e+00
1.000141460879493405e+00
1.000172976558366011e+00
1.000130659880671402e+00
9.998938776289116870e-01
9.999183666088620193e-01
9.996663480479455188e-01
1.000090463355331805e+00
9.996923970280909844e-01
1.001005818042065565e+00
1.000553214400646374e+00
1.000687463204208871e+00
1.000687954517815337e+00
1.000498528572103751e+00
1.000213515436497280e+00
1.000044388368338089e+00
1.000241590449454598e+00
9.998370615736419387e-01
1.000625815750471936e+00
1.000381570439878631e+00
9.998144929602794662e-01
1.000380191513909667e+00
1.000074974666729011e+00
9.993380929395561107e-01
1.000333407118072726e+00
1.000193562475358622e+00
1.000554345279060842e+00
9.999666257426315097e-01
9.999505036511838751e-01
1.000276851467858164e+00
9.997232418632363560e-01
9.995533876404071316e-01
9.997692562447950682e-01
1.000551634856525984e+00
1.000069757219183897e+00
9.998883743097976007e-01
9.996415583554214557e-01
9.997031996072561766e-01
