0.000000000000000000e+00
0.000000000000000000e+00
0.000000000000000000e+00
0.000000000000000000e+00
0.000000000000000000e+00
0.000000000000000000e+00
0.000000000000000000e+00
0.000000000000000000e+00
0.000000000000000000e+00
0.000000000000000000e+00
0.000000000000000000e+00
0.000000000000000000e+00
0.000000000000000000e+00
0.000000000000000000e+00
0.000000000000000000e+00
0.000000000000000000e+00
0.000000000000000000e+00
0.000000000000000000e+00
0.000000000000000000e+00
0.000000000000000000e+00
0.000000000000000000e+00
0.000000000000000000e+00
0.000000000000000000e+00
0.000000000000000000e+00
0.000000000000000000e+00
0.000000000000000000e+00
0.000000000000000000e+00
0.000000000000000000e+00
2.033880978845170346e-03
6.285500929356628574e-02
4.781910520540267329e-01
1.555103795250046828e+00
2.668933166302892346e+00
2.875511625484417522e+00
2.383121236192661030e+00
1.752714492494243714e+00
1.270888858279452860e+00
9.774117621453044524e-01
8.136977006974694948e-01
7.339837396921818913e-01
7.113866229429819388e-01
7.194500822006905105e-01
7.521120969134712508e-01
8.018835190820857717e-01
8.563775454811594079e-01
9.154733479350932734e-01
9.727123228125806875e-01
1.021979695575618408e+00
1.057384501619007100e+00
1.080577416685164271e+00
1.089493528733699090e+00
1.084698466904412406e+00
1.074748934796320388e+00
1.052771642292674947e+00
1.030995855631597458e+00
1.008150773216577312e+00
9.794402687800175533e-01
9.584882555127188786e-01
9.399071807230271469e-01
9.259345736255243375e-01
9.129431161490968449e-01
9.036426315057837222e-01
9.101844923235045126e-01
9.147940500594843316e-01
9.309407550220272221e-01
9.530035788175121869e-01
9.766060839311564434e-01
1.002196410359203593e+00
1.019391645609905694e+00
1.037084822555456531e+00
1.046849593824675351e+00
1.055130541657499199e+00
1.058773673099816737e+00
1.054759724233757190e+00
1.048394284369302154e+00
1.042555845588836849e+00
1.033313641014016682e+00
1.022132878574318449e+00
1.015254863956928100e+00
1.002693960749515556e+00
9.948854857545407215e-01
9.898962045363592921e-01
9.855269194395541721e-01
9.821814564727375796e-01
9.805595320075709553e-01
9.806760083793542027e-01
9.797954961078914060e-01
9.853240591114617031e-01
9.871734785802734891e-01
9.924642994196195556e-01
9.943436887889469666e-01
9.984991334929815832e-01
9.997054547577514105e-01
9.999731716736398601e-01
1.002541674790194293e+00
1.002114600157174795e+00
1.001032059545031938e+00
1.002887244794875121e+00
1.002723438367886244e+00
1.001894288778791164e+00
1.002215274738565753e+00
1.000998366391003813e+00
9.978090648994364376e-01
1.001449983680833045e+00
1.000259038618640517e+00
1.000563466118406408e+00
1.001115524885053842e+00
9.999992686773725437e-01
9.995509936141189211e-01
1.003287763174469216e+00
1.003075008472636753e+00
1.002238548823428888e+00
1.002682469959760292e+00
1.002138936355922549e+00
1.000715659465022389e+00
1.001209069971832344e+00
1.000545459410300042e+00
9.993546808967691542e-01
9.995454711676108328e-01
9.985940518957822087e-01
9.989225681150569747e-01
9.978349569940639929e-01
9.984537524820514820e-01
9.982448701184943873e-01
9.988731569760540552e-01
9.978148736827621157e-01
9.980751690702860390e-01
9.990799666490809416e-01
9.993777026214338832e-01
9.989462203091784565e-01
1.000833766933799884e+00
1.000660386127514290e+00
9.994958793280046550e-01
9.997155821311417556e-01
1.000486345839215696e+00
1.000375318733505159e+00
1.001136036263719387e+00
1.001017148906616638e+00
9.999550282953558744e-01
1.000345298818731132e+00
9.990741153280026099e-01
1.000456417122578490e+00
9.994392156906198865e-01
9.993819485892462273e-01
9.998416854973254386e-01
9.989414191843706270e-01
1.001190788944063437e+00
1.000309908629951172e+00
9.998304429299742502e-01
1.000076778179039172e+00
9.999570841442169122e-01
9.997963475875955019e-01
9.990117759334695702e-01
9.999885486923993927e-01
1.001339005761521239e+00
9.996729119876013314e-01
1.000190611249362815e+00
1.000413691666780069e+00
9.991788104979917318e-01
9.999090489303100737e-01
9.997643591973924826e-01
9.986999835425026673e-01
1.000401216306148200e+00
1.000887066394310576e+00
9.996120456049385483e-01
9.994234181095368319e-01
9.996561577228852968e-01
9.993497901028944863e-01
9.988825205584086486e-01
9.998429584147758842e-01
1.000261302731610513e+00
9.993627026489918519e-01
1.000355465777414299e+00
9.993301237340622700e-01
9.996774314583046772e-01
9.999925569490036859e-01
9.997496822851807963e-01
9.998326699194676204e-01
1.000415713007453578e+00
9.996828702678399736e-01
1.000624790328743741e+00
1.000154988615861607e+00
9.999990544858665675e-01
1.000094246143562016e+00
9.992372754855427530e-01
1.000887753846453121e+00
1.000072267702829754e+00
9.994134834855744609e-01
9.998735211906526477e-01
1.000818283757700211e+00
1.001161703899166699e+00
1.000246378722770002e+00
1.000285992916604583e+00
9.997398965073409638e-01
9.993702462643649920e-01
1.000196063432473581e+00
1.001118595117469035e+00
1.000047826219027325e+00
9.996680095460174220e-01
9.999542205186918720e-01
1.000148443901927031e+00
1.000103866001701203e+00
1.000260033423608252e+00
1.000750574431734430e+00
1.000431550028861638e+00
1.000187398302762487e+00
1.000012354876623544e+00
9.996021424810762612e-01
9.996287383479584010e-01
1.000461561588238402e+00
1.000014756141094585e+00
1.000524405911038528e+00
1.000652516921368251e+00
1.000539484989366512e+00
1.000011882289697063e+00
1.000353348459764424e+00
1.001108173634170484e+00
1.000298892481616519e+00
1.000063573202228051e+00
1.000445205497890067e+00
1.000717213160748242e+00
1.000502781338382441e+00
1.000381942231616916e+00
1.000834273721851631e+00
1.000367897573514409e+00
1.000023174476251775e+00
1.000378411958234626e+00
1.000306762455780207e+00
1.000198394497820997e+00
9.996882505186929224e-01
1.000693483031318554e+00
1.001070592419622152e+00
1.000066977211075958e+00
1.000112269344958005e+00
1.000252882060861825e+00
1.000038542511546336e+00
1.000209028167419856e+00
1.000614841114944698e+00
1.000409494434236102e+00
1.000810022778490627e+00
1.000821958732186268e+00
1.000796247209698731e+00
9.998813297579319803e-01
1.000584922394902154e+00
1.000630202909168487e+00
1.000678649891883154e+00
1.000028022900867342e+00
1.000584443435855286e+00
9.998296311711183382e-01
1.000306283946639008e+00
1.000285251987444335e+00
1.000554309275816900e+00
9.999513238772721468e-01
1.000070013999315721e+00
1.000464180575102446e+00
1.000524411353284959e+00
1.000312298161818436e+00
1.001056228852951646e+00
1.000067724816390280e+00
1.001018815030826348e+00
1.000123645657273075e+00
1.000788406867415548e+00
1.001154120325498997e+00
1.000610283660528843e+00
1.000415020239229236e+00
1.000348401674066690e+00
1.001265583882079202e+00
1.000316292980164778e+00
1.000048468094594023e+00
1.000799322653260548e+00
1.000438771030892182e+00
1.000917882892081945e+00
1.000647716327985437e+00
1.000745715758221355e+00
1.000499548294753849e+00
1.000170806994218786e+00
1.000358877731483798e+00
9.996375344511007066e-01
1.000328993602599192e+00
1.000452744988295839e+00
