0.000000000000000000e+00
0.000000000000000000e+00
0.000000000000000000e+00
0.000000000000000000e+00
0.000000000000000000e+00
0.000000000000000000e+00
0.000000000000000000e+00
0.000000000000000000e+00
0.000000000000000000e+00
0.000000000000000000e+00
0.000000000000000000e+00
0.000000000000000000e+00
0.000000000000000000e+00
0.000000000000000000e+00
0.000000000000000000e+00
0.000000000000000000e+00
0.000000000000000000e+00
0.000000000000000000e+00
0.000000000000000000e+00
0.000000000000000000e+00
0.000000000000000000e+00
0.000000000000000000e+00
0.000000000000000000e+00
0.000000000000000000e+00
0.000000000000000000e+00
1.618592211232257512e-04
7.493766977015032908e-03
1.276231781213159333e-01
5.553814283969329413e-01
1.204732936743810434e+00
1.718331185534982763e+00
1.954338582378189582e+00
2.026858473956502760e+00
1.990763910772991530e+00
1.878983312534782568e+00
1.731944479796749370e+00
1.576961549815315333e+00
1.428715040003093906e+00
1.297802885846412568e+00
1.195957695110772878e+00
1.100089895686419572e+00
1.096607750919686541e+00
1.124806651526314427e+00
1.162411141901939171e+00
1.189903282688080655e+00
1.232897636070902525e+00
1.234963625542954579e+00
1.185707053316076953e+00
1.143224454135013168e+00
1.085817006698255982e+00
1.070069610182497577e+00
1.067533451015033830e+00
1.074837912187596833e+00
1.072102985328278857e+00
1.099390715024492593e+00
1.091159567868937197e+00
1.114273947428516154e+00
1.098044699142026959e+00
1.091922311478091601e+00
1.081752264964548793e+00
1.070387086554339895e+00
1.052949151711098930e+00
1.032136061078448686e+00
1.009047189903509611e+00
1.007680667139284392e+00
1.006736223999807001e+00
9.949907593184506016e-01
1.001814487497297179e+00
1.002860911635446994e+00
1.005720898994353130e+00
1.010218759638186636e+00
1.011437798984796910e+00
1.017312251436352177e+00
1.011895103941871987e+00
1.008751945017300145e+00
1.019194823655173332e+00
1.014253467323553259e+00
1.014694002024553621e+00
1.013331118906596995e+00
1.006019423951868497e+00
1.006081800853979136e+00
1.009958498106075853e+00
1.010538047757604030e+00
9.937857948043204992e-01
9.996812066653637530e-01
1.001632345706932048e+00
1.001017873523149637e+00
9.897208873497681525e-01
9.982035545694019074e-01
9.997939420132978539e-01
9.965596094111520697e-01
9.920829500809763557e-01
9.980105264535223952e-01
9.968125343340875633e-01
9.936262633720738258e-01
9.927086262734137190e-01
9.961707600357009307e-01
9.990502047273690511e-01
9.992753899726375399e-01
1.000119059149511713e+00
9.990222914041773095e-01
9.954141732371808438e-01
9.919062807434033679e-01
9.960021349672096846e-01
9.961167102791691486e-01
9.937120483480258448e-01
9.966321593670226520e-01
9.971862662961225032e-01
9.974791898217747477e-01
9.947156370408344328e-01
9.997676678821928453e-01
9.936417113618289942e-01
9.917830011161767878e-01
9.958082949760422853e-01
1.000810861210818636e+00
9.976010956301899490e-01
9.904757532220331839e-01
1.000426554160273707e+00
9.953294338506771810e-01
9.959157714102423453e-01
9.955047114312524092e-01
9.938669783133673441e-01
9.962603430540958316e-01
9.976525199465238192e-01
1.000895313087384997e+00
9.993238119201223180e-01
9.950060670317232292e-01
9.967286820904519562e-01
9.962948113708673947e-01
9.964333063873219709e-01
9.974580536868158376e-01
9.949215657459552498e-01
9.962089608444764099e-01
9.968088129735273029e-01
1.002761981950960779e+00
9.990176545217067661e-01
9.949303953198590511e-01
9.961228514202979945e-01
1.003004950175310439e+00
9.960328985577212579e-01
9.946066782992354360e-01
9.934260610012537462e-01
9.989815543161479905e-01
9.995374487166229782e-01
1.002966726854165991e+00
9.977698569964122965e-01
1.000311221027385455e+00
9.988409362165086014e-01
9.982311006478240545e-01
9.999359437859167699e-01
1.000187655860025115e+00
1.002872571626203468e+00
1.000838886704018105e+00
1.002489778540066823e+00
1.001244881583722712e+00
1.003035423813772864e+00
1.001054077847327584e+00
1.002695563998381889e+00
9.956978016021164057e-01
1.001308318377673645e+00
1.002857005384643285e+00
1.002079068038574050e+00
1.001814299980750667e+00
1.001177819598303431e+00
1.001774178237406998e+00
9.991701912222719084e-01
1.002084773648197480e+00
1.003969553605152498e+00
1.000407858333525857e+00
1.002216565915706736e+00
1.003530316798584066e+00
1.000368427830488738e+00
1.002125755754727177e+00
1.002129218965573054e+00
1.003712246585315881e+00
1.002890778574582642e+00
1.005287509712065708e+00
1.000256626270196403e+00
1.002017840119302061e+00
1.000799638547422044e+00
1.001323819860726827e+00
9.992609758009299847e-01
1.001806806643097625e+00
1.000077127813905564e+00
9.982579567992188041e-01
9.985274565755749565e-01
1.001651163228162389e+00
1.001609572965789008e+00
1.001358436271044372e+00
1.001739785777147729e+00
1.002762800154782363e+00
9.995536026326008461e-01
9.988281226975418425e-01
1.001772342762653478e+00
1.001002824015531534e+00
1.003168257694385002e+00
1.002825244907767033e+00
1.001188274166202152e+00
1.001705216465056614e+00
1.000175292485534051e+00
1.000456273367472226e+00
9.979317574732613494e-01
1.002716382825774355e+00
9.999750283028164821e-01
1.002232969345389302e+00
9.993447586368762181e-01
9.987931439641876130e-01
1.000601582678059431e+00
1.001297957559002638e+00
1.000496489164250713e+00
9.987385459807648358e-01
1.000042268853697403e+00
9.992842117008797764e-01
9.995887354637524869e-01
9.989610654753244834e-01
9.999543343784441651e-01
9.974372334525116734e-01
9.999172195739552960e-01
1.000153827798737405e+00
1.000484451424288768e+00
9.964877679470629523e-01
9.992097854279525793e-01
9.971671146014089437e-01
9.990214475552218198e-01
1.000826218740837881e+00
9.983347940792982600e-01
9.971162703433762431e-01
1.000897950245488000e+00
1.000396117755920189e+00
9.980083862385912274e-01
1.000682376163281928e+00
9.974690069426421779e-01
1.001017185770570972e+00
9.984271820178036716e-01
9.991181366123420560e-01
1.000125786708902176e+00
9.999176525525922399e-01
9.969044621731766309e-01
9.990676713683357413e-01
1.000827913243758083e+00
1.001579876396050395e+00
1.001492765395266549e+00
9.996617991047531682e-01
9.997923383880793491e-01
9.973006563561801485e-01
9.998217960485094036e-01
1.000006814816659650e+00
9.997334809130896671e-01
1.001274812667368286e+00
9.996040434028770072e-01
9.984782003621711644e-01
9.988663262053156799e-01
1.000083775106304751e+00
9.991690518044196168e-01
9.999360930176535156e-01
1.000939494591975842e+00
9.990762240244636105e-01
9.990833326755648169e-01
9.977970717809944157e-01
1.001021530996300424e+00
9.994345673835127730e-01
9.987646089316217779e-01
9.980208372246782700e-01
9.978432420920254620e-01
1.000032113517230536e+00
1.000823264497205711e+00
9.979091601376658405e-01
9.988779488306964716e-01
9.975414833496047962e-01
9.989929926931423454e-01
1.000765530173453044e+00
9.981151646049102322e-01
9.988306131642742391e-01
1.000102772330565548e+00
9.967171080807514238e-01
9.980708381247953564e-01
1.000465270458527511e+00
9.969297214579962985e-01
9.984160292318600138e-01
9.995012045335793793e-01
9.982484658768746577e-01
9.977600479422421564e-01
9.963289161455410881e-01
9.983663974706327160e-01
9.984259321861265191e-01
9.988824253781669604e-01
9.982694842786818956e-01
9.988150492927814206e-01
9.986120009409551468e-01
9.998272485570824930e-01
9.987569344522103654e-01
9.978610892912141983e-01
9.991908650064357245e-01
9.971568728626218903e-01
9.987635894710290563e-01
9.992155125852610897e-01
9.973361099163183807e-01
9.960647189314050243e-01
9.983745766342091432e-01
9.947557630531125294e-01
9.971347716518508264e-01
9.970054813243168779e-01
9.991935738198500783e-01
9.980069343380182367e-01
9.971446674872260774e-01
9.982539147643501032e-01
9.953418596330096957e-01
9.988865137364503211e-01
9.974923504410908581e-01
9.976139780322705874e-01
9.986697803885492553e-01
9.985057780015451634e-01
9.977542946542211633e-01
9.979624102418719334e-01
9.968302026657382964e-01
9.977829239531000871e-01
9.998217868893063409e-01
9.976122838917158564e-01
9.979779398938890544e-01
9.980049719243127004e-01
9.970059336898717817e-01
9.953910019669809373e-01
9.981075759864705965e-01
9.959144367210664983e-01
9.966102955756074300e-01
9.970046086048409695e-01
9.976923658737042455e-01
9.960115003684363311e-01
9.984021327662346845e-01
9.968963968277796406e-01
9.951882047952502752e-01
9.968091288174425468e-01
9.965940320582927781e-01
9.968670792778858702e-01
9.970522582019218927e-01
9.968387783486695186e-01
9.975649359834728447e-01
9.983500157771317829e-01
9.975595556265492991e-01
9.968533106676892297e-01
9.963587620864965411e-01
9.981436821117685154e-01
9.967564271636658590e-01
9.966637317422768483e-01
9.965109666690260548e-01
9.944059233305789780e-01
9.891216261370434637e-01
9.791055924159629553e-01
9.705340484856110894e-01
9.632198539001628479e-01
9.552740342293182252e-01
9.453351929730003933e-01
9.360832060692215739e-01
9.287594886693878449e-01
9.204212051387010707e-01
9.116938211034829598e-01
9.029561476668298559e-01
8.947918821667536493e-01
8.879813850426134803e-01
8.799776138340495990e-01
8.712324234853393579e-01
8.647741999090589049e-01
8.560380324591254642e-01
8.488083801379593396e-01
8.392634798443416866e-01
8.318872225970191936e-01
8.245780804078404191e-01
8.159027557610216697e-01
8.073876200462328789e-01
8.010596818180548695e-01
7.927085738659861436e-01
7.884215409011284814e-01
7.789414488830145311e-01
7.718875527672737213e-01
7.644632317850666992e-01
7.583768092596276933e-01
7.494919283538352683e-01
7.432239966782590024e-01
7.354673028879437080e-01
7.284587376641235013e-01
7.211013562604396965e-01
7.142717107300838864e-01
7.076049802296031643e-01
7.001570117852597974e-01
6.934489809268243876e-01
6.848524748099472648e-01
6.795994816100482394e-01
6.722513099080212884e-01
6.667850630809777357e-01
6.577483447621065293e-01
6.517207743017561228e-01
6.442476002508177313e-01
6.387531410794777820e-01
6.324502684516549733e-01
6.256132259684971109e-01
6.187321782402369630e-01
6.117899732578527816e-01
6.056192010429792827e-01
5.993110217934880524e-01
5.916739652432778662e-01
5.858958613343645538e-01
5.810272362629517184e-01
5.721160684879426084e-01
5.675065158693040068e-01
5.601170521889640153e-01
5.541007039789495048e-01
5.488609952343614928e-01
5.412647843545045356e-01
5.352596586946822832e-01
5.290486713793649542e-01
5.225731997020900410e-01
5.168748197435967251e-01
5.114116927402316826e-01
5.047431050520948537e-01
4.997196459749817521e-01
4.936069996739875232e-01
4.865921283085225535e-01
4.805542235141437857e-01
4.746639639012602552e-01
4.683852991298045332e-01
4.630616201776280305e-01
4.568570741521628675e-01
4.504318082979741344e-01
4.450104989933349464e-01
4.402374640700323916e-01
4.337153663054125752e-01
4.289467806056868060e-01
4.230499443840750606e-01
4.170096471187347831e-01
4.107698791542086503e-01
4.066657060729338968e-01
4.003767180783487367e-01
3.946394959791871271e-01
3.888270998160839320e-01
3.836421626758143577e-01
3.793204359258922076e-01
3.724166609890098290e-01
3.680362622301152631e-01
3.626008605093711257e-01
3.567696524255855040e-01
3.515067482826195189e-01
3.462969918986363860e-01
3.400549792192456566e-01
3.356681083602260363e-01
3.301147936256971227e-01
3.246853355947118547e-01
3.202177519960143770e-01
3.149673442880199237e-01
3.101053797378535704e-01
3.042269848503009744e-01
2.994375859858067757e-01
2.943013444461431982e-01
2.898943505739067228e-01
2.845667280196544913e-01
2.795154997020837251e-01
2.747818285817577588e-01
2.694792519912768136e-01
2.638728489308510561e-01
2.588184663971316857e-01
2.544207369897837911e-01
2.495643305149126967e-01
2.444500546663042895e-01
2.396748551313632181e-01
2.348772984570304811e-01
2.303422326457502944e-01
2.257948633815923811e-01
2.212659464462817249e-01
2.158677331038076352e-01
2.110401141332138297e-01
2.068628630474417807e-01
2.020487203960145139e-01
1.978189738318408830e-01
1.932587273162933716e-01
1.879910455686552573e-01
1.835584540990731761e-01
1.792298851270862359e-01
1.749253345919746794e-01
1.697771471791004461e-01
1.652060164037189305e-01
1.613454145824340658e-01
1.568662595100863977e-01
1.518054085835922884e-01
1.475207632973229710e-01
1.429334218565331549e-01
1.383705498597240235e-01
1.344160826670813824e-01
1.297430922969915190e-01
1.255528501581469059e-01
1.212206770226198910e-01
1.178190063964300593e-01
1.140288362505674225e-01
1.100523785574375191e-01
1.070073000727336521e-01
1.034452743730832208e-01
1.008005040512215816e-01
9.807503905739681227e-02
9.444365975311080907e-02
9.197320802568895171e-02
8.921681649150844939e-02
8.652814703210778835e-02
8.393544903487745734e-02
8.147363355653909622e-02
7.914620342965804356e-02
7.650609003223586557e-02
7.450414282609603422e-02
7.213473281943123816e-02
6.984785453937603084e-02
6.773331908797049217e-02
6.561654144085547757e-02
6.376725067884406184e-02
6.158134055631823284e-02
5.989803460297388887e-02
5.827467472606800980e-02
5.617606833732583654e-02
5.458044451462684687e-02
5.256064977449464992e-02
5.095696393148251707e-02
4.961210735794137350e-02
4.756737519252259017e-02
4.623226418663069215e-02
4.472599436257362893e-02
4.322628225701423410e-02
4.195864289545052361e-02
4.037349887267991516e-02
3.917931631500076034e-02
3.784183253648620848e-02
3.633612369379404100e-02
3.512073002686592893e-02
3.406350398391172485e-02
3.274556633231953673e-02
3.176720607368885979e-02
3.064356826291911307e-02
2.940080966931260531e-02
2.816529563001334002e-02
2.721920327824869923e-02
2.638569236809041110e-02
2.527294910557002783e-02
2.427468597655145152e-02
2.319399676408766611e-02
2.229365367812650295e-02
2.148628419836307035e-02
2.060789828839543897e-02
1.978483678518526412e-02
1.906497065411299346e-02
1.820823838006034937e-02
1.746306882528713550e-02
1.668304758704581073e-02
1.592791721540488120e-02
1.508510950758622758e-02
1.447736157485704153e-02
1.377215451263082320e-02
1.318790079282239694e-02
1.264295586424594303e-02
1.184279404376377583e-02
1.141942423362613153e-02
1.081140833883186686e-02
1.022060101172608121e-02
9.607881285271501273e-03
9.090595603395859245e-03
8.665715652979804826e-03
8.165068259716480245e-03
7.647229448445186546e-03
7.170943820728652510e-03
6.791802861387408879e-03
6.394490408997574593e-03
5.929832085305466148e-03
5.543523864334300166e-03
5.247820554836437473e-03
4.824534692462715754e-03
4.438914085337889066e-03
4.174659021693315382e-03
3.857758448318156664e-03
3.517030603878660167e-03
3.258024038937805227e-03
3.017382225168159602e-03
2.692262347386051302e-03
2.515069118622969505e-03
2.245030181682162659e-03
2.002633496648343735e-03
1.790418972476387613e-03
1.610265821468060072e-03
1.419822283531965322e-03
1.268523757727578081e-03
1.078679942369735988e-03
9.495918057566291254e-04
8.459431141549433528e-04
6.995416045402427655e-04
5.678547864263100474e-04
4.935901074095039483e-04
3.862032486559351455e-04
2.843704439445930449e-04
2.367764974307642065e-04
1.601171699695826101e-04
1.102702293135369223e-04
6.939458159680774862e-05
4.215005751542900525e-05
1.922940382124864849e-05
2.653628053006112511e-06
2.938630963798093286e-07
0.000000000000000000e+00
0.000000000000000000e+00
0.000000000000000000e+00
0.000000000000000000e+00
0.000000000000000000e+00
0.000000000000000000e+00
0.000000000000000000e+00
0.000000000000000000e+00
0.000000000000000000e+00
0.000000000000000000e+00
0.000000000000000000e+00
0.000000000000000000e+00
0.000000000000000000e+00
0.000000000000000000e+00
0.000000000000000000e+00
0.000000000000000000e+00
0.000000000000000000e+00
0.000000000000000000e+00
0.000000000000000000e+00
0.000000000000000000e+00
0.000000000000000000e+00
0.000000000000000000e+00
0.000000000000000000e+00
0.000000000000000000e+00
0.000000000000000000e+00
0.000000000000000000e+00
0.000000000000000000e+00
0.000000000000000000e+00
0.000000000000000000e+00
0.000000000000000000e+00
0.000000000000000000e+00
0.000000000000000000e+00
0.000000000000000000e+00
0.000000000000000000e+00
0.000000000000000000e+00
0.000000000000000000e+00
0.000000000000000000e+00
0.000000000000000000e+00
0.000000000000000000e+00
0.000000000000000000e+00
0.000000000000000000e+00
0.000000000000000000e+00
0.000000000000000000e+00
0.000000000000000000e+00
0.000000000000000000e+00
0.000000000000000000e+00
0.000000000000000000e+00
0.000000000000000000e+00
0.000000000000000000e+00
0.000000000000000000e+00
0.000000000000000000e+00
