0.000000000000000000e+00
0.000000000000000000e+00
0.000000000000000000e+00
0.000000000000000000e+00
0.000000000000000000e+00
0.000000000000000000e+00
0.000000000000000000e+00
0.000000000000000000e+00
0.000000000000000000e+00
0.000000000000000000e+00
0.000000000000000000e+00
0.000000000000000000e+00
0.000000000000000000e+00
0.000000000000000000e+00
0.000000000000000000e+00
0.000000000000000000e+00
0.000000000000000000e+00
0.000000000000000000e+00
0.000000000000000000e+00
0.000000000000000000e+00
0.000000000000000000e+00
0.000000000000000000e+00
0.000000000000000000e+00
0.000000000000000000e+00
0.000000000000000000e+00
0.000000000000000000e+00
8.691221107990530423e-03
1.264872434533916845e-01
5.569667338136976564e-01
1.236321180874393910e+00
1.752754359073261936e+00
1.965444558111622664e+00
2.039648707018979046e+00
1.971654818266516784e+00
1.857428903273752319e+00
1.719110242583494763e+00
1.586396637690800748e+00
1.419555092018348397e+00
1.308363484766756679e+00
1.191630220423088860e+00
1.115484785040481874e+00
1.110955455583315654e+00
1.127635984606430775e+00
1.173494076681803611e+00
1.199310448344508950e+00
1.229373778218234792e+00
1.220580256767154648e+00
1.192259157813812420e+00
1.126377465195524508e+00
1.095717002454014599e+00
1.064101651176510011e+00
1.072501630088960267e+00
1.073195498756437827e+00
1.071838457081474072e+00
1.088848832201513295e+00
1.086045229790919775e+00
1.100097164399609806e+00
1.088809099788262014e+00
1.099200532585846046e+00
1.081351465321020333e+00
1.064474655629430000e+00
1.052177246146948741e+00
1.036074286883305495e+00
1.029590791382726689e+00
1.018985962372031873e+00
1.013376335399760020e+00
1.012995351127246035e+00
1.016234162966401788e+00
1.004521422253765506e+00
1.008221667451477455e+00
1.020414235876287545e+00
1.011978133234752386e+00
1.021415785490939143e+00
1.023910041726051823e+00
1.023286510209815869e+00
1.020065633203659505e+00
1.028819007697301835e+00
1.020961378210540449e+00
1.027513655022807892e+00
1.020943211058953359e+00
1.026203165400698447e+00
1.019808074140126308e+00
1.014022663230490062e+00
1.023178827360719634e+00
1.010631307577894544e+00
1.015965646845362835e+00
1.008477180191874600e+00
1.004912561717991704e+00
1.003145255959662752e+00
1.007012802946832597e+00
1.002896896644200453e+00
1.007858069250858302e+00
1.014536260629338216e+00
1.003966340641115895e+00
1.002912581956811433e+00
1.002651882660560823e+00
1.004989320563702604e+00
1.006776852338874484e+00
1.004314902887837091e+00
1.003321332793472687e+00
9.997716835388683609e-01
1.004471674114323143e+00
1.001225850479219748e+00
1.003360119215156443e+00
9.994954588130611217e-01
9.990097997206355274e-01
1.001400234615185569e+00
9.968173738812748930e-01
9.960141443350076784e-01
1.007880047468478368e+00
9.998481398607830251e-01
9.977142889323341590e-01
9.993896232376655586e-01
9.977958431360907099e-01
9.988424294909509227e-01
9.947095140735596752e-01
9.931373706310394622e-01
9.930676011925976265e-01
9.968234474581040283e-01
9.979050840049636939e-01
9.981685904861108405e-01
9.964275390868508886e-01
9.919099582299975015e-01
9.947147237269768905e-01
9.899755914477360585e-01
9.964462588503165685e-01
9.958810938037558902e-01
9.943111103950349472e-01
9.992913985868239202e-01
9.985463848602016412e-01
9.978303604800877746e-01
9.954442310678618400e-01
9.950064083774010637e-01
9.993771335850529791e-01
1.000366809061390416e+00
1.003454042419827053e+00
9.988313287779978511e-01
9.989402180027577849e-01
1.001273591600113644e+00
9.988461457729737036e-01
9.970792005852382456e-01
9.969337626994762003e-01
9.943049176863765215e-01
1.001429266568131249e+00
9.987557908800323014e-01
9.987802442919364587e-01
1.000642998447608623e+00
9.998868539710763503e-01
9.958722589973569850e-01
1.000026211564597922e+00
9.998933147531243737e-01
9.979114292316482171e-01
9.991762669717250134e-01
9.977999150566846387e-01
1.002847739205558142e+00
1.002221278978959074e+00
1.001249583190827463e+00
1.003743052843608652e+00
1.002541601971095986e+00
9.970840668947037466e-01
1.000631517413609339e+00
9.975063745121218739e-01
1.000061539156256174e+00
1.002416763183724191e+00
9.998455650588692345e-01
1.000529139215562635e+00
9.984060207022682487e-01
1.000452170869103208e+00
1.000937631336233702e+00
1.001686361692904592e+00
1.000321339853386338e+00
1.000172324746416930e+00
9.938726015941388159e-01
1.000566199178595683e+00
1.000879045701588144e+00
1.000607266111238181e+00
1.003591539226044160e+00
9.979806642049464660e-01
9.988863847254008110e-01
1.002140214150846642e+00
9.991006685633639917e-01
1.001405570274374934e+00
1.001840049711739011e+00
1.000614712761323410e+00
1.002170486357878643e+00
9.994200443847676141e-01
9.981473902980196877e-01
9.963779576924212122e-01
9.988075552592676765e-01
1.000497472426049139e+00
1.000554128272708398e+00
9.989909773546211680e-01
1.000649615540675441e+00
9.962083477320012870e-01
9.996059863866142425e-01
1.000456230464330520e+00
9.972879679269889275e-01
1.001258142978536103e+00
9.980090572352041667e-01
9.995184980759946880e-01
9.990240329861870272e-01
9.988245004425885254e-01
1.001141564071576839e+00
9.996698183266053972e-01
9.984079187716279336e-01
9.975767468238468938e-01
9.971121660889051830e-01
9.995849254846149723e-01
9.986260168820222383e-01
9.986924926017767268e-01
9.992589184793185808e-01
9.956456463336865736e-01
9.987565950611790866e-01
9.957118521742721606e-01
1.000892080140915796e+00
9.970839349085035552e-01
9.984113961544749394e-01
9.974453940316709843e-01
9.998698423293300719e-01
9.974709059555618706e-01
9.977280619027273367e-01
9.986006143921458689e-01
9.970617522523664844e-01
9.981208148309649308e-01
9.959454007226002936e-01
9.998727054429242811e-01
9.979643580522932211e-01
9.983364455231688028e-01
9.967529357524570477e-01
9.959962848104210176e-01
9.965978544433318209e-01
9.999620558738936404e-01
9.961292435810520374e-01
9.967900196541022995e-01
9.954301315962630348e-01
9.953344573836236941e-01
9.945650512210346683e-01
9.976485791022243754e-01
9.973059198682107107e-01
9.956278216454705898e-01
9.958299697416336249e-01
9.979326865453478357e-01
9.973701174536813152e-01
9.931780910610190638e-01
9.970490495730871539e-01
9.974102992960850456e-01
9.949996982885358499e-01
9.947550476439449563e-01
9.961846842601401741e-01
9.968950604680610894e-01
9.956084488795892140e-01
9.933822986119754672e-01
9.961238200393162101e-01
9.960366069762682795e-01
9.977528622978772965e-01
9.968742131449237487e-01
9.961564684709819373e-01
9.997148391640867660e-01
9.979327384484069086e-01
1.000833825470317073e+00
9.983058281418681901e-01
9.970060803282997375e-01
9.976429613357099546e-01
9.972592526302654914e-01
9.976125040539970401e-01
9.968093951717554857e-01
9.974409457150877900e-01
9.960070023621030444e-01
9.993973402469209510e-01
9.970298179990207954e-01
9.983865897920995991e-01
9.982971501273257831e-01
9.985166140684080816e-01
9.995489500346661504e-01
9.980982916535087179e-01
9.993448096647906675e-01
1.000223717957914094e+00
9.983730149873147885e-01
9.964660643419340769e-01
9.984272591808958097e-01
9.973603599940605857e-01
9.982463629290434515e-01
9.984025106093279422e-01
9.980379551688780548e-01
9.950299161015994098e-01
9.959594507450627576e-01
9.959581114773909949e-01
9.963223121259044968e-01
9.968282416306395444e-01
9.962423198386231027e-01
9.988558670736055189e-01
9.956062517079367069e-01
9.964284018331041048e-01
9.967043410687650429e-01
9.985104289136279565e-01
9.964220920263260339e-01
9.981365045014936044e-01
9.967196500553431315e-01
9.963517552261555998e-01
9.969661777141621828e-01
9.970771806812726012e-01
9.952764610382682786e-01
9.978343930413516860e-01
9.972658618729824953e-01
9.957059714988242272e-01
9.960474420341185464e-01
9.966668668041770429e-01
9.969054629745750518e-01
9.953949431771963452e-01
9.969110838370167649e-01
9.957693643351505086e-01
9.948711979443921605e-01
9.947540664187682902e-01
9.975329817566802593e-01
9.949076095854982871e-01
9.972932699377066168e-01
9.953150916359588818e-01
9.947263784407632814e-01
9.979163507388840726e-01
9.959198514241097699e-01
9.947812391268938681e-01
9.956779766116733432e-01
9.954232979257705560e-01
9.962669961125603102e-01
9.961658966845697849e-01
9.955008996742379379e-01
9.924776552055430967e-01
9.969585601299022493e-01
9.954086656704357328e-01
9.975718398019141064e-01
9.960948558968202304e-01
9.956748103458360477e-01
9.968353488321672895e-01
9.969856660452680597e-01
9.960469117387527049e-01
9.963049608754975806e-01
9.974541437514732323e-01
9.951757952632840354e-01
9.959609269248290708e-01
9.984936980632552750e-01
9.951782115347453939e-01
9.970056790735749574e-01
9.967358633342339180e-01
9.971676323220027838e-01
9.961543117063660358e-01
9.940409805778318564e-01
9.870239643108279504e-01
9.782810012012003176e-01
9.704686027279867400e-01
9.615085956870542683e-01
9.537357341454196780e-01
9.455995068134459558e-01
9.360536583952301370e-01
9.278697386663349311e-01
9.216951517683686923e-01
9.119952499914083521e-01
9.049052587068021625e-01
8.949626866174106299e-01
8.875513279643518771e-01
8.785260715273010002e-01
8.726272005498776352e-01
8.634250191440522304e-01
8.559007495453393455e-01
8.496814698420576129e-01
8.402245453260576147e-01
8.319982141392884278e-01
8.249451713009495757e-01
8.171063008169984210e-01
8.117444101423075820e-01
8.014796926343256134e-01
7.955597440196624515e-01
7.873278773216376702e-01
7.798607607917177331e-01
7.738858138118589469e-01
7.652222713147054378e-01
7.579282160702579541e-01
7.507705446256244253e-01
7.448861962141051229e-01
7.359555685985652573e-01
7.278145132989107813e-01
7.220327437789823000e-01
7.139188542600870546e-01
7.071552209049203341e-01
7.013783087516061165e-01
6.948666527962120698e-01
6.869612553970916302e-01
6.793515988027720720e-01
6.721154302136123082e-01
6.676592195338744151e-01
6.594466207622455833e-01
6.526475139471836773e-01
6.457066204206515225e-01
6.395704839556901611e-01
6.321506869208934898e-01
6.265046414331959523e-01
6.189576936117318073e-01
6.117332011534359903e-01
6.063718780255797913e-01
5.990611061826019990e-01
5.932461258388664893e-01
5.875499182569194900e-01
5.794619590064841175e-01
5.727073001393863105e-01
5.668281715588444625e-01
5.605048293146469574e-01
5.547034881499468550e-01
5.481677113174301397e-01
5.424555734381580896e-01
5.353137762159445590e-01
5.298217767116948362e-01
5.231496263853263606e-01
5.170245122557325379e-01
5.104633292933410393e-01
5.058497651586283395e-01
5.001978509069482381e-01
4.936007534467119484e-01
4.873208332258028852e-01
4.829483629411216450e-01
4.750138576918649935e-01
4.704894969599835997e-01
4.644224906175482004e-01
4.573959090650494552e-01
4.518903682937585597e-01
4.468078038510314154e-01
4.405433338298898605e-01
4.340147807955891390e-01
4.295530808896931840e-01
4.235619658847803448e-01
4.171766689273879725e-01
4.121503825337241023e-01
4.069958804900512539e-01
4.007830217641561443e-01
3.954103257537827654e-01
3.911099923302253090e-01
3.851135320347914837e-01
3.787484516330635875e-01
3.738936285576978102e-01
3.688455002987520159e-01
3.627601262928724091e-01
3.581047289728062633e-01
3.531054401299851819e-01
3.472028482811561623e-01
3.413821955244716322e-01
3.360738191177005119e-01
3.311154511945622603e-01
3.262639202230381841e-01
3.210486368572446070e-01
3.156207196146975091e-01
3.105571202151411470e-01
3.049603563606050893e-01
3.005183520592119018e-01
2.943852121121049992e-01
2.900287730731237468e-01
2.851546731911543398e-01
2.791488077446336313e-01
2.750529498047967758e-01
2.695468963581370558e-01
2.648063425885782696e-01
2.603808843615548763e-01
2.542084308473907539e-01
2.495918337717845104e-01
2.456556998719461316e-01
2.408060897666195188e-01
2.360234333325266776e-01
2.309182404130390998e-01
2.266288755860002002e-01
2.218228162145047255e-01
2.163844930823428936e-01
2.117102407422523647e-01
2.069582638647043671e-01
2.020963999199425210e-01
1.973491476218559859e-01
1.932582399885528490e-01
1.878463045492366201e-01
1.839894517643859417e-01
1.793296849509869173e-01
1.743773455287491725e-01
1.701715577409456670e-01
1.661087660102308905e-01
1.613491710109162813e-01
1.566714781783121180e-01
1.518691540244545835e-01
1.478222304443489177e-01
1.437138121174529048e-01
1.385830719902943486e-01
1.345189417624806094e-01
1.297711151930651119e-01
1.258679273385878150e-01
1.210142909969502828e-01
1.175766461888465009e-01
1.134385388697492086e-01
1.099408486109363647e-01
1.067990594042173558e-01
1.037786056294996428e-01
1.000711102142414904e-01
9.699278654278963019e-02
9.395123410570629940e-02
9.142147617689995454e-02
8.863087582589679325e-02
8.604662363053665330e-02
8.347767505552312894e-02
8.135408583643220781e-02
7.857734800250862350e-02
7.632349783160576051e-02
7.397027597467566162e-02
7.187270467841636035e-02
6.961429252553354152e-02
6.733387710765231793e-02
6.560973631300474895e-02
6.331357510982360548e-02
6.171655850185962106e-02
5.960900146146998896e-02
5.777304769827478620e-02
5.610379639719039607e-02
5.432938977897952548e-02
5.267049420452828146e-02
5.115894766276775363e-02
4.935254513342057087e-02
4.800282816025686766e-02
4.616865314640199169e-02
4.492469120112908831e-02
4.299181199470362286e-02
4.180660595465018198e-02
4.041853425138872830e-02
3.917042383827613189e-02
3.771427923423838896e-02
3.630193508703276339e-02
3.497566456681619473e-02
3.380347537203310521e-02
3.262899753946541664e-02
3.155699072726352722e-02
3.030169281372408971e-02
2.954551913166839766e-02
2.832889143372737534e-02
2.723535215346149091e-02
2.620079031140045561e-02
2.515582897349392250e-02
2.430897553800261124e-02
2.325228903888796814e-02
2.252218272251742953e-02
2.135889058097484999e-02
2.074815444402934583e-02
1.970907716004608595e-02
1.908259508132209223e-02
1.818050123660067130e-02
1.734006144037252700e-02
1.658246531805680768e-02
1.590296057326513399e-02
1.506038358823970011e-02
1.435139706806153395e-02
1.385443767519438027e-02
1.309696953506195131e-02
1.257278357514077585e-02
1.188637336726234596e-02
1.130922659942788615e-02
1.077401232627753225e-02
1.023645156813193270e-02
9.677278831604458134e-03
9.121704288698342586e-03
8.589535817251071209e-03
8.126763688410521685e-03
7.609148266872780425e-03
7.202928539111710070e-03
6.715355490107499832e-03
6.392030176940777068e-03
5.845183754460554250e-03
5.575658379349993088e-03
5.155058639627095769e-03
4.801857475278833304e-03
4.477387249867072552e-03
4.119267685055861238e-03
3.791336655850477844e-03
3.519293988846392083e-03
3.161768226470534730e-03
2.949562771137481752e-03
2.637445008170242675e-03
2.445271866087371689e-03
2.177098834522610878e-03
2.005421507396853986e-03
1.796054480178020012e-03
1.592801685383127015e-03
1.434820147178255973e-03
1.269848640289687877e-03
1.093943322297152507e-03
9.719105864333581288e-04
8.028120357849747799e-04
6.914621099134134414e-04
5.631798848915542605e-04
4.649373949943214957e-04
3.812888391913705544e-04
2.921672518924040940e-04
2.225964348827812970e-04
1.711809301156486422e-04
1.147323161732259183e-04
7.235999685239882047e-05
3.917476352058466232e-05
1.508499825866090913e-05
2.653155318807002784e-06
5.876214914731231955e-07
0.000000000000000000e+00
0.000000000000000000e+00
0.000000000000000000e+00
0.000000000000000000e+00
0.000000000000000000e+00
0.000000000000000000e+00
0.000000000000000000e+00
0.000000000000000000e+00
0.000000000000000000e+00
0.000000000000000000e+00
0.000000000000000000e+00
0.000000000000000000e+00
0.000000000000000000e+00
0.000000000000000000e+00
0.000000000000000000e+00
0.000000000000000000e+00
0.000000000000000000e+00
0.000000000000000000e+00
0.000000000000000000e+00
0.000000000000000000e+00
0.000000000000000000e+00
0.000000000000000000e+00
0.000000000000000000e+00
0.000000000000000000e+00
0.000000000000000000e+00
0.000000000000000000e+00
0.000000000000000000e+00
0.000000000000000000e+00
0.000000000000000000e+00
0.000000000000000000e+00
0.000000000000000000e+00
0.000000000000000000e+00
0.000000000000000000e+00
0.000000000000000000e+00
0.000000000000000000e+00
0.000000000000000000e+00
0.000000000000000000e+00
0.000000000000000000e+00
0.000000000000000000e+00
0.000000000000000000e+00
0.000000000000000000e+00
0.000000000000000000e+00
0.000000000000000000e+00
0.000000000000000000e+00
0.000000000000000000e+00
0.000000000000000000e+00
0.000000000000000000e+00
0.000000000000000000e+00
0.000000000000000000e+00
0.000000000000000000e+00
0.000000000000000000e+00
