0.000000000000000000e+00
0.000000000000000000e+00
0.000000000000000000e+00
0.000000000000000000e+00
0.000000000000000000e+00
0.000000000000000000e+00
0.000000000000000000e+00
0.000000000000000000e+00
0.000000000000000000e+00
0.000000000000000000e+00
0.000000000000000000e+00
0.000000000000000000e+00
0.000000000000000000e+00
0.000000000000000000e+00
0.000000000000000000e+00
0.000000000000000000e+00
0.000000000000000000e+00
0.000000000000000000e+00
0.000000000000000000e+00
0.000000000000000000e+00
0.000000000000000000e+00
0.000000000000000000e+00
0.000000000000000000e+00
0.000000000000000000e+00
2.215225383155401424e-03
7.668415392868169894e-03
3.645002497150472143e-02
1.094552234299973892e-01
2.619365393557917532e-01
5.271617065096489974e-01
7.754816719532831026e-01
9.649066371667009978e-01
1.030452735556633748e+00
1.029990490174757856e+00
8.937823388547471160e-01
8.074735269113680891e-01
7.064433831963361499e-01
6.217529631793887734e-01
5.692409423448165917e-01
5.629448011961180054e-01
5.551499535844973687e-01
5.675191353921487103e-01
6.147505931126596712e-01
6.672793832750056886e-01
7.326504659709802691e-01
7.719412227784292480e-01
8.110548145119733654e-01
8.300167903142754433e-01
9.018623727864614192e-01
9.523584955389177154e-01
1.009659325158866583e+00
1.074745812672778689e+00
1.145405738584990507e+00
1.171053862398507395e+00
1.222159992469180834e+00
1.223739907341818256e+00
1.225484737066537821e+00
1.247485559841481573e+00
1.199567523599794239e+00
1.151040004611754819e+00
1.140280961836338758e+00
1.086887781236286266e+00
1.055194984745914111e+00
1.028241763076570781e+00
1.018662322816815902e+00
9.969402741100906740e-01
9.931200024116335623e-01
9.821548305791656386e-01
9.696306425842743382e-01
9.646424871404042367e-01
9.665017873003859394e-01
9.724977369082965506e-01
9.750143700566686888e-01
1.001159268313736028e+00
1.009505154068144117e+00
1.000379772164762926e+00
9.993935629348164040e-01
1.020487418698308391e+00
1.018878008613653074e+00
1.027283725149817917e+00
1.021826034737252975e+00
1.018127152021051751e+00
1.017383618430498737e+00
1.018958375173062647e+00
1.033118305207683552e+00
1.019871973693459166e+00
1.010335460937985763e+00
9.985342520557154433e-01
9.997823276639110635e-01
9.950394471486565529e-01
9.997596100798065155e-01
9.993510366332835071e-01
1.000474885280288495e+00
9.971009910782183683e-01
9.931238805029394268e-01
9.999934299002819493e-01
1.004974041039702559e+00
1.001322244987250087e+00
9.910315945007490690e-01
1.016681030971422484e+00
9.999068886906756770e-01
9.965984493720829729e-01
9.845575329987632518e-01
9.863563984006998853e-01
1.001423955001093269e+00
9.905051476706703273e-01
9.950602551182853306e-01
9.918527406884226627e-01
9.914180297256444119e-01
9.888649932854718383e-01
9.922045954580274163e-01
9.832853274120345599e-01
9.868713854531450114e-01
9.905144689116488488e-01
9.861203561003740736e-01
9.875111762478129274e-01
9.907178100596973902e-01
9.808616764790373255e-01
9.885977004560650983e-01
9.897688777226762991e-01
9.932151239273491194e-01
9.870679063008115373e-01
9.958765195366230394e-01
9.919775586395607192e-01
9.841282274838966115e-01
9.892783951944745802e-01
9.911931312924131543e-01
9.915151611841711565e-01
9.872574153071369540e-01
9.856293009191938737e-01
9.888740572292346043e-01
9.782557866651592215e-01
9.920459912685023474e-01
9.888427696787439602e-01
9.839339820098984557e-01
9.817780485688334391e-01
9.834158250525943945e-01
9.847967633656747877e-01
9.880979389357174014e-01
9.887775992196957686e-01
9.852452420183178683e-01
9.823778138451716435e-01
9.850438809478269109e-01
9.923356196582434618e-01
9.866415766106497731e-01
9.862079569843033022e-01
9.828129084914771774e-01
9.886642370107713296e-01
9.862788920390083147e-01
9.905774558763730253e-01
9.852222389660794111e-01
9.883954541270831839e-01
9.879842818443578256e-01
9.921703575748084258e-01
9.835328403358570837e-01
9.888255171164527235e-01
9.830435273893154413e-01
9.924998912345999180e-01
9.860901774754332605e-01
9.893811356529177425e-01
9.854024484865799849e-01
9.907131160316697827e-01
9.871313971511714858e-01
9.885998756731337878e-01
9.941493882904401946e-01
9.846116019251219820e-01
9.876670748614611028e-01
9.894538582076537470e-01
9.873582244537385533e-01
9.841205331174220916e-01
9.884960467450075727e-01
9.886335518328861482e-01
9.882321710097643486e-01
9.872441912994712743e-01
9.841939850266602230e-01
9.843764941078713138e-01
9.895076943992483498e-01
9.903878621290738149e-01
9.839133840504963313e-01
9.886344272588982740e-01
9.855373096626359741e-01
9.913901365708309710e-01
9.921346599971365698e-01
9.895458133990280292e-01
9.876969337295041784e-01
9.863327176773308835e-01
9.931421188341450490e-01
9.886292656647720500e-01
9.956648667240953765e-01
9.907948071290613168e-01
9.883812999845581482e-01
9.914761176318944713e-01
9.906134454612388618e-01
9.898843101195798910e-01
9.895835455168174866e-01
9.980315374188044597e-01
9.919462224461731426e-01
9.932457866953002812e-01
9.963842568039875669e-01
9.971295663127335285e-01
9.998366939878557957e-01
9.953008082989867056e-01
9.924595115224499331e-01
9.981277709278114640e-01
9.993609097046606271e-01
9.987278489868089970e-01
9.985825266742602846e-01
9.983395553663594324e-01
9.961662825619449491e-01
9.965871308952009011e-01
9.918978946005408970e-01
9.946849718767414306e-01
9.942908453144023717e-01
9.987983445100716562e-01
9.971956761896167976e-01
9.974052287657030336e-01
9.961142913141147748e-01
1.000364012306382167e+00
9.960055034975822119e-01
9.973431242620666159e-01
9.999558224839397713e-01
9.953384117589474389e-01
9.988558144107553272e-01
9.977047358644340891e-01
9.945027459735849007e-01
1.000765851033560638e+00
9.965173905495409157e-01
9.972317882130090627e-01
9.941895795862607521e-01
9.976514065882660098e-01
9.996016466017287883e-01
9.985404978456774439e-01
9.996624278540361397e-01
9.944660703764246490e-01
9.982818904709171992e-01
9.938323838114168085e-01
9.937079871446190538e-01
9.984308140121100905e-01
1.000929670173675623e+00
9.984543297496165648e-01
9.924676644852348240e-01
9.989386722524411510e-01
9.981967349641712728e-01
9.976855925083144561e-01
1.001960098440556557e+00
9.984202254312883884e-01
9.974107003858838638e-01
9.937036775464479499e-01
9.975828974775317048e-01
9.992905415391925006e-01
9.967535411617091112e-01
9.942514945832870987e-01
9.981978590130190510e-01
9.960135270091856619e-01
9.963067592042527121e-01
9.992437778314756658e-01
9.936304135345620514e-01
9.991802299017403799e-01
9.965295568583296681e-01
9.985753300879371963e-01
9.943186671803142529e-01
9.989853478966129741e-01
9.953256828430231407e-01
9.960596939318612231e-01
9.955375977991220982e-01
9.958393472218836084e-01
9.934964424871575162e-01
9.995564411946897820e-01
9.975666383608801091e-01
9.971443088651980036e-01
9.962738326080803342e-01
9.944960531300007789e-01
9.945263202906080569e-01
9.967563133423773536e-01
9.941048270372991880e-01
9.969058712921652354e-01
9.929217170749912169e-01
9.969907567873620424e-01
1.001134455362097775e+00
9.934430325471338419e-01
9.970164773155782978e-01
9.970569947242212683e-01
9.966178660741973339e-01
9.958209099387225205e-01
9.906277316486271634e-01
9.952434383537043239e-01
9.942823503900013460e-01
9.997824069218871346e-01
1.001615391927930698e+00
9.937874029263016329e-01
9.948483956628997316e-01
9.940559861659125085e-01
9.958625030145557000e-01
9.994083217619320614e-01
9.946912113632273567e-01
9.946943194209192374e-01
9.947466109918461363e-01
9.948320698516747163e-01
9.924687059000159017e-01
9.950219913861050314e-01
9.954280983459260490e-01
9.965274469159802750e-01
9.927146603520771162e-01
9.928104880823764855e-01
9.954259157553312365e-01
9.959945674566548224e-01
9.955684518999970978e-01
9.919236472335885013e-01
9.971467223127817858e-01
9.936880095612242725e-01
9.947464562573375968e-01
1.001208496418516170e+00
9.950493330282819127e-01
9.922464753313225971e-01
9.940472788935098558e-01
9.960124332811330916e-01
9.931735491380390135e-01
9.953472202981400452e-01
9.960156057056890333e-01
9.935392539075145191e-01
9.956477349906774910e-01
9.926222434255275173e-01
9.960019139181620629e-01
9.971923774824899001e-01
9.966537830772205231e-01
9.964355976628043177e-01
9.957460418758132814e-01
9.972719392790386772e-01
9.964409032898009499e-01
9.962721999928030314e-01
9.986835983153706797e-01
9.969937741870785741e-01
9.986351861587067225e-01
9.954921257426426751e-01
9.985521804484444042e-01
9.948207494045505639e-01
9.964362954943030148e-01
9.982983778150994469e-01
9.986732138971198269e-01
9.970071677919893904e-01
9.961291547885571251e-01
9.980580648359941298e-01
9.960901647136045645e-01
9.971967180802185915e-01
9.983212791919205964e-01
1.000246117019235381e+00
9.995374601514708246e-01
9.973116193821726094e-01
9.969453389366655927e-01
9.959164058122409457e-01
1.000671718643945329e+00
1.000063849447465403e+00
9.981196315086208193e-01
9.975169718232665961e-01
9.910294291170940184e-01
9.846331930701494040e-01
9.751355646829494850e-01
9.673128658771878996e-01
9.618954948537026262e-01
9.520806713503733310e-01
9.441249747920913427e-01
9.348484507005098143e-01
9.285997292939123238e-01
9.183620274890884616e-01
9.099366781667944659e-01
9.056188913258511608e-01
8.937235187801437775e-01
8.871332997124923292e-01
8.815048006136434466e-01
8.719378551981125103e-01
8.632289870713849567e-01
8.560127867927045386e-01
8.510179828948165603e-01
8.420723894218775651e-01
8.348931599696289840e-01
8.287851954336493687e-01
8.174225772278983504e-01
8.105779515696950321e-01
8.049173701410156090e-01
7.963133239703535926e-01
7.897633630531919469e-01
7.835428819060848982e-01
7.760699329890436982e-01
7.668602310533423339e-01
7.615699778065336822e-01
7.508901094543939392e-01
7.472054036918175379e-01
7.397137779785121214e-01
7.332783269407984195e-01
7.254746742295233863e-01
7.193088428974708792e-01
7.106455586299517124e-01
7.051256086426408443e-01
6.989160501231079792e-01
6.910235240330132589e-01
6.836693896433155837e-01
6.776515398282908498e-01
6.726807781962440558e-01
6.651573449406731342e-01
6.605629383540247979e-01
6.514833457398546690e-01
6.453671153734991117e-01
6.391126951606426188e-01
6.325099912251614942e-01
6.286671810004603733e-01
6.197976634580867339e-01
6.136897091478877853e-01
6.070695675846153883e-01
6.011702685337366736e-01
5.948513990904127358e-01
5.893504372325116814e-01
5.820168756380186270e-01
5.741592901596239695e-01
5.690969490692916466e-01
5.626466865902540748e-01
5.560592742420881196e-01
5.518993359200865534e-01
5.440419900612779580e-01
5.383547432629014473e-01
5.307620074391835585e-01
5.247771363739488493e-01
5.192453591379484479e-01
5.139946873639541502e-01
5.076940670767905450e-01
5.008381941400171788e-01
4.961363412705998566e-01
4.892139524357813074e-01
4.846248161436892965e-01
4.768555111786938472e-01
4.710852756906707128e-01
4.652898953129619430e-01
4.602270073191562227e-01
4.550655024361238699e-01
4.472132879849404219e-01
4.419678847576654079e-01
4.380402958800576618e-01
4.309193600725377271e-01
4.271799785901307933e-01
4.217169160812766493e-01
4.148274648949804577e-01
4.110614261179197926e-01
4.044682564566146055e-01
4.005011089697345095e-01
3.935348867371899484e-01
3.878926184026758595e-01
3.834628949200119541e-01
3.782367577303553108e-01
3.722482487913788551e-01
3.678365336172138012e-01
3.625964754835354631e-01
3.580168598324348639e-01
3.530501730523178949e-01
3.458490034682191738e-01
3.405297259654938014e-01
3.365478753177891802e-01
3.325896585566912589e-01
3.274391878650023679e-01
3.226450304535427582e-01
3.152531622654684562e-01
3.103364263440576698e-01
3.058356508462489187e-01
3.010743361769867010e-01
2.963031139820470616e-01
2.918627110969424510e-01
2.874500539952311029e-01
2.818159865676305720e-01
2.763619752078698144e-01
2.713125253310502694e-01
2.670715835564517748e-01
2.607089556758629967e-01
2.567123242164309205e-01
2.516704560143489533e-01
2.474224494470886326e-01
2.433326090924671503e-01
2.377791643912488539e-01
2.333392492889136138e-01
2.278787250614114634e-01
2.236327466344023296e-01
2.194637966221846537e-01
2.143833942573636631e-01
2.090898988393708191e-01
2.051162023853971283e-01
1.993927897876919542e-01
1.967114751559731478e-01
1.912065966419929375e-01
1.875225811821990829e-01
1.821942074068368944e-01
1.788174921441508525e-01
1.733143394203368881e-01
1.686857529398392286e-01
1.650814815690652693e-01
1.605926505504745028e-01
1.553877432720470742e-01
1.521212011834278399e-01
1.471653032297330632e-01
1.427437474695018027e-01
1.384388536572437878e-01
1.345126047927849566e-01
1.291677814110645806e-01
1.256475727230538797e-01
1.212864379761674216e-01
1.177099101667835740e-01
1.138264281513703818e-01
1.110810128654976109e-01
1.070083940123838645e-01
1.038063044985406275e-01
1.009642971952029455e-01
9.856597204347969376e-02
9.491407198376729248e-02
9.220194360610141360e-02
9.009204963148911838e-02
8.748963570416379287e-02
8.447519223743570060e-02
8.246071593885212492e-02
7.953308548130506861e-02
7.691903608879707699e-02
7.523812572495268414e-02
7.284585504390066191e-02
7.095252557595871368e-02
6.853364353669907927e-02
6.688752535354915152e-02
6.408360409852031925e-02
6.299825753648706506e-02
6.100479511056223353e-02
5.943333927893078295e-02
5.765668265907330364e-02
5.532817858458050075e-02
5.456061780727330945e-02
5.222606451001170907e-02
5.028464581465610234e-02
4.927657277203360831e-02
4.809094814115898175e-02
4.620568664803859776e-02
4.461805822588897630e-02
4.307223360383773819e-02
4.204428926822825763e-02
4.071183188022418908e-02
3.897470839780580593e-02
3.808027071560082799e-02
3.629208483503745808e-02
3.506084437480908728e-02
3.390420596720479518e-02
3.268355090178282074e-02
3.118576094689741104e-02
3.049156220071770618e-02
2.941230997182592288e-02
2.861459084275007336e-02
2.746203134349964325e-02
2.607124442782182694e-02
2.521670180768463901e-02
2.469840974183954568e-02
2.345570410315564458e-02
2.249629000343643381e-02
2.197122390110075804e-02
2.083345335498981016e-02
2.029199320174012236e-02
1.915739632702639916e-02
1.821265056263921683e-02
1.760815927384726601e-02
1.677315359564536881e-02
1.611013887547949053e-02
1.563838500581579694e-02
1.493766215397492048e-02
1.418945856456936723e-02
1.357374469392333936e-02
1.291550938787652640e-02
1.238200654385581030e-02
1.172933328355221620e-02
1.107499939962576681e-02
1.046413849176477256e-02
1.003012250092509029e-02
9.478961796979119142e-03
8.979263136571566037e-03
8.522411905179379937e-03
8.113006715621524575e-03
7.600991134483720685e-03
7.218520235826981178e-03
6.649241919311443122e-03
6.465335934436743266e-03
5.945062289000054880e-03
5.433265239823592031e-03
5.060634932289112715e-03
4.781655039720079763e-03
4.471355521318352844e-03
4.187478546520671287e-03
3.789133377725721445e-03
3.452436488648299041e-03
3.234560144432485976e-03
2.914466812255306089e-03
2.736205402304331576e-03
2.406577371330232210e-03
2.242605007242773601e-03
1.979337530937924118e-03
1.851858671954296955e-03
1.540850355910107885e-03
1.500053452495383934e-03
1.269839537033693594e-03
1.112864709566277997e-03
9.819913066210681461e-04
8.445836851042811278e-04
7.200709591376224699e-04
5.541104423922971851e-04
5.202169750380299107e-04
4.080404903534204960e-04
3.138894879268479352e-04
2.140099646134889695e-04
2.015549832625430839e-04
1.459394609676092306e-04
8.530072616168651346e-05
5.280254802249144137e-05
3.032898450900226421e-05
8.002024482942631073e-06
2.658638919683449801e-06
0.000000000000000000e+00
0.000000000000000000e+00
0.000000000000000000e+00
0.000000000000000000e+00
0.000000000000000000e+00
0.000000000000000000e+00
0.000000000000000000e+00
0.000000000000000000e+00
0.000000000000000000e+00
0.000000000000000000e+00
0.000000000000000000e+00
0.000000000000000000e+00
0.000000000000000000e+00
0.000000000000000000e+00
0.000000000000000000e+00
0.000000000000000000e+00
0.000000000000000000e+00
0.000000000000000000e+00
0.000000000000000000e+00
0.000000000000000000e+00
0.000000000000000000e+00
0.000000000000000000e+00
0.000000000000000000e+00
0.000000000000000000e+00
0.000000000000000000e+00
0.000000000000000000e+00
0.000000000000000000e+00
0.000000000000000000e+00
0.000000000000000000e+00
0.000000000000000000e+00
0.000000000000000000e+00
0.000000000000000000e+00
0.000000000000000000e+00
0.000000000000000000e+00
0.000000000000000000e+00
0.000000000000000000e+00
0.000000000000000000e+00
