0.000000000000000000e+00
0.000000000000000000e+00
0.000000000000000000e+00
0.000000000000000000e+00
0.000000000000000000e+00
0.000000000000000000e+00
0.000000000000000000e+00
0.000000000000000000e+00
0.000000000000000000e+00
0.000000000000000000e+00
0.000000000000000000e+00
0.000000000000000000e+00
0.000000000000000000e+00
0.000000000000000000e+00
0.000000000000000000e+00
0.000000000000000000e+00
0.000000000000000000e+00
0.000000000000000000e+00
0.000000000000000000e+00
0.000000000000000000e+00
0.000000000000000000e+00
0.000000000000000000e+00
0.000000000000000000e+00
0.000000000000000000e+00
0.000000000000000000e+00
0.000000000000000000e+00
4.739028491976900181e-02
1.062448833664048964e+00
3.535389150411872183e+00
4.397894671575881098e+00
3.066530081157392118e+00
1.988497628737969203e+00
1.008281025695963784e+00
5.465154063408703689e-01
3.435297998972667854e-01
2.452237303505117039e-01
1.463206170114760007e-01
1.217163136740024437e-01
1.635907946488361908e-01
1.523656885371763026e-01
2.203007839513589916e-01
2.760688167379629077e-01
4.080077030691680040e-01
6.080681934341756190e-01
9.387998691285175390e-01
1.180476660936588873e+00
1.675586639396956068e+00
1.890269575636421617e+00
2.251753719369054441e+00
2.398434504205029238e+00
2.526253385956391373e+00
2.608371525956700854e+00
2.620357803934198149e+00
2.619666737494023234e+00
2.396355090785893704e+00
2.207358547561539375e+00
1.840961892075930528e+00
1.545953366560582687e+00
1.276814378515784165e+00
1.254403574111134345e+00
1.144431576842660059e+00
1.062261568513145127e+00
1.094271158717001757e+00
1.074228107641130858e+00
1.198897129487396684e+00
1.242364798998784936e+00
1.322477213073494529e+00
1.276278722329369453e+00
1.303126790399491197e+00
1.359412119642160244e+00
1.394782754967488270e+00
1.338369995426992309e+00
1.429251804308693474e+00
1.408228618335332305e+00
1.312424290770698443e+00
1.376316297608516814e+00
1.292634330210920224e+00
1.318864344168759972e+00
1.249983812007234185e+00
1.236038904861413545e+00
1.097662452457815574e+00
1.154644422253815916e+00
1.122631497511466625e+00
1.140230600570937280e+00
1.152025725515676280e+00
1.113527997016824589e+00
1.184522778911449414e+00
1.192380750613126317e+00
1.134625918075900186e+00
1.189547227528789275e+00
1.165146019780509690e+00
1.168213824902237574e+00
1.114195095270760438e+00
1.143246579834052978e+00
1.155917169079401674e+00
1.074488671580469568e+00
1.103394499022721575e+00
1.088879825077020191e+00
1.065902868033451689e+00
1.062835758350295867e+00
1.044614755728427102e+00
1.101208113546744194e+00
1.022350034701652532e+00
1.060392463287540998e+00
1.061530231218626774e+00
1.053463425062362013e+00
1.031677046094366057e+00
1.102679484238922702e+00
1.059021305460540630e+00
1.032232365113385786e+00
1.035830458460386572e+00
1.033779606444987564e+00
1.065449531401190697e+00
1.003942714040247042e+00
1.053941332817154075e+00
1.045393853391352046e+00
1.059054208931180519e+00
1.036627442481949046e+00
1.055097834424717274e+00
1.054494403366251110e+00
1.009885981645570308e+00
1.040678329607061414e+00
1.034847016480547000e+00
1.025638159258649429e+00
1.003093175157113714e+00
1.036379024507408042e+00
1.012630103796910763e+00
1.019329861726995690e+00
1.028578787931404115e+00
1.018708859071296713e+00
1.016837030416657406e+00
1.032227037150037940e+00
1.034850896774371476e+00
1.032478373473197042e+00
1.016131327807632045e+00
1.019834526356261817e+00
9.995876622224989516e-01
9.941549160359273163e-01
1.009347929486908768e+00
1.030846049828341160e+00
1.025136502898981394e+00
1.024234337598822764e+00
1.007802223849706857e+00
9.958833215686732077e-01
1.017898926437979412e+00
1.027313569777368540e+00
1.011342846355351544e+00
1.007073868237589265e+00
1.002827769755514131e+00
1.019878850390255165e+00
1.008679872715437353e+00
1.017367013688314836e+00
1.019811163914090990e+00
1.015849745782412272e+00
1.009713977346367919e+00
9.896900580962588734e-01
9.933900740132544094e-01
1.005350453051781612e+00
1.016930861823466703e+00
1.011882336044396924e+00
1.012786823407906267e+00
1.034009054858904042e+00
1.032305880369048356e+00
9.946375606902478905e-01
1.016142488082155682e+00
9.709169041442473613e-01
1.021721140685471374e+00
9.788831041674752598e-01
1.014357510636329174e+00
1.012353937523905456e+00
9.749978788275536212e-01
1.000357854507093691e+00
9.873550249951863478e-01
9.857994753836103463e-01
1.013102415259794498e+00
9.707148578936167782e-01
9.956148323616944573e-01
9.996708327412853201e-01
9.862629887271358031e-01
9.975880256085611908e-01
9.614631148901984226e-01
9.872708288647563668e-01
9.870453608474899498e-01
9.784348431148547354e-01
9.776350197333766312e-01
9.846717969584761754e-01
9.816592756731546965e-01
9.511994806631525190e-01
9.891742246424011231e-01
9.750545293639035771e-01
9.829256382131198455e-01
9.678896130120924202e-01
9.650453111690864283e-01
9.694464194568720439e-01
9.814988960929202921e-01
9.699908208314185210e-01
9.933918002260144764e-01
9.851861073773721111e-01
9.754054969245009588e-01
9.871555783612168122e-01
9.588818085522717860e-01
9.852228080162583890e-01
9.871116018835894845e-01
9.854712803382437158e-01
9.995058736471135186e-01
9.644686628682584972e-01
9.756670828475908497e-01
9.793167946428271708e-01
9.865705495669545577e-01
9.819414168370123042e-01
9.908762378654777381e-01
1.001086706228065504e+00
9.988470946668900341e-01
9.895121433554384671e-01
9.930185797829055305e-01
9.899671702877587132e-01
9.878426147561447657e-01
9.989826914443427075e-01
9.758169444644875234e-01
9.936904161172239736e-01
9.758962547735884341e-01
9.857119376276971545e-01
9.998262355015516967e-01
1.003749553895818769e+00
9.965255352931977617e-01
9.957483227071107779e-01
1.004306882367787868e+00
9.951297518598695158e-01
9.999166471149337765e-01
9.904092979114552664e-01
1.025417766798798036e+00
9.905824332454244985e-01
1.007940036280556617e+00
9.957496575555819796e-01
1.015290410944367006e+00
1.009686989713599825e+00
9.970859800771857406e-01
9.966309747755200954e-01
1.005259896159823585e+00
1.006747160439166899e+00
9.880344982431953360e-01
1.011256736056470151e+00
1.009806414146202203e+00
9.923873662166985410e-01
9.951830352220452092e-01
9.768362481865349167e-01
9.798038313297429136e-01
9.788105684001553453e-01
9.920462152727955729e-01
1.004122057456960038e+00
1.003698497900254560e+00
9.911471666753632892e-01
1.006058368130073433e+00
1.001170315011223222e+00
1.003301872892121027e+00
9.813332342356326787e-01
9.943657163375131391e-01
9.877331432892153540e-01
1.015968637797876939e+00
1.002151778645531177e+00
9.928609326570506655e-01
9.980759410142192589e-01
9.951093268989722462e-01
9.866119160936913657e-01
9.872536099128469411e-01
1.003979066749066673e+00
1.016877894425522344e+00
9.841716805591506079e-01
9.991471275314960376e-01
9.905022156108450604e-01
9.860515199472829062e-01
9.998943585602632078e-01
9.931454513455413302e-01
9.914899843487029463e-01
9.928611756693257462e-01
1.000450933025218703e+00
1.000628498438374425e+00
1.007199098822979977e+00
9.890057779326121290e-01
9.993489851870034357e-01
