0.000000000000000000e+00
0.000000000000000000e+00
0.000000000000000000e+00
0.000000000000000000e+00
0.000000000000000000e+00
0.000000000000000000e+00
0.000000000000000000e+00
0.000000000000000000e+00
0.000000000000000000e+00
0.000000000000000000e+00
0.000000000000000000e+00
0.000000000000000000e+00
0.000000000000000000e+00
0.000000000000000000e+00
0.000000000000000000e+00
0.000000000000000000e+00
0.000000000000000000e+00
0.000000000000000000e+00
0.000000000000000000e+00
0.000000000000000000e+00
0.000000000000000000e+00
0.000000000000000000e+00
0.000000000000000000e+00
0.000000000000000000e+00
0.000000000000000000e+00
0.000000000000000000e+00
0.000000000000000000e+00
0.000000000000000000e+00
0.000000000000000000e+00
0.000000000000000000e+00
0.000000000000000000e+00
7.610854870065081844e-03
1.069600579440927457e-01
4.573224579383933786e-01
1.095250694582885265e+00
1.758668999469190197e+00
2.301803982952092653e+00
2.565417134569183411e+00
2.705858565028436136e+00
2.738747085661467739e+00
2.696709308098205415e+00
2.609188028733962827e+00
2.500312592547314861e+00
2.401688602293303720e+00
2.294888578508682997e+00
2.167621217551252144e+00
2.060517090878917656e+00
1.965369548969664981e+00
1.874309774188851696e+00
1.816546457605983989e+00
1.714283394746386913e+00
1.633949381370723097e+00
1.484397405735771835e+00
1.324146652101612309e+00
1.162599274481823430e+00
1.077635642249296311e+00
1.020853889541746717e+00
9.879855192447382084e-01
9.976191884168641444e-01
9.997380477654521647e-01
9.993158764870558874e-01
1.016083815681044777e+00
1.034601023898974459e+00
1.042129562467507986e+00
1.027312531782489602e+00
1.026603182929205937e+00
1.029502009577457633e+00
1.017358722261855641e+00
1.006639411727857869e+00
9.992697400720649270e-01
9.910896351554934203e-01
9.816434460956595665e-01
9.819358054149808224e-01
9.750825893786150278e-01
9.796711586147610618e-01
9.754351005877931469e-01
9.714714417436814964e-01
9.791557184167114514e-01
9.865033229886989163e-01
9.795512527622031174e-01
9.822413249487875753e-01
9.892125259657691405e-01
9.833088518772948872e-01
9.834035244470241688e-01
9.817586585409281419e-01
9.767598801974768374e-01
9.824884728455560712e-01
9.779752479397609832e-01
9.727196994990763290e-01
9.817659342201660033e-01
9.681935775912684505e-01
9.788638221353372915e-01
9.720073030090753408e-01
9.691061546716600583e-01
9.699997515945198989e-01
9.693352106189974116e-01
9.795196425463855716e-01
9.799162694129845974e-01
9.718281208028807239e-01
9.906874638095822805e-01
9.817483804517446178e-01
9.917345382017664912e-01
9.895437284517923926e-01
9.902554437446233759e-01
9.977301475793730612e-01
9.988686009590458381e-01
1.000267991746603524e+00
9.970378379805922009e-01
9.993634038956819010e-01
1.004663099228627843e+00
1.006973173968588764e+00
1.004811004233418181e+00
9.995228841399238506e-01
9.997752320086146227e-01
1.005580965224649237e+00
9.985022641641284613e-01
1.004026677333986539e+00
1.002403165012430097e+00
9.994541951221539433e-01
1.000027747132954836e+00
1.004501714114237609e+00
9.944913181560414150e-01
9.941947850605825643e-01
9.983131736572179449e-01
9.980786137902321054e-01
9.990769622831212615e-01
9.960679098432067002e-01
9.968024313031881301e-01
1.000576936444414144e+00
9.962533326324953808e-01
9.966184522333378926e-01
9.988576187230600034e-01
9.984724476453563646e-01
9.947067319631158755e-01
9.973715255092441279e-01
9.982288752030040735e-01
1.002529269389121680e+00
1.002404988805785768e+00
9.976755795801661719e-01
1.002851471821416540e+00
1.003517371509939915e+00
1.004139781293597711e+00
1.003262369246503027e+00
1.000668705737176367e+00
9.986364548896002891e-01
9.982920136590998084e-01
9.966111363326431993e-01
9.999382832316053848e-01
1.002236373238887257e+00
9.936042259420361233e-01
9.988966141907003049e-01
9.925253131635910497e-01
9.968605116204044547e-01
1.001018094315490936e+00
9.956258359518307399e-01
9.975291027186533599e-01
9.971748804270424982e-01
9.952634416616011892e-01
9.967719255442937243e-01
9.943348150200834734e-01
9.944139704578189853e-01
9.946349942632329855e-01
9.974981037829895314e-01
9.977646662756064488e-01
9.947860629890213913e-01
1.000751257775122083e+00
9.973698212596968649e-01
9.989775840666739182e-01
1.000242953012643543e+00
9.945689829014410233e-01
9.958384538370670391e-01
9.983614370223182766e-01
9.951296100319522164e-01
1.002232556862843627e+00
9.971925742375297164e-01
9.996858209537977658e-01
1.000996825483980279e+00
9.997698287549721119e-01
1.000754514846516896e+00
1.001130200843079576e+00
9.996465645057029947e-01
9.945582294901117448e-01
1.001657218650241488e+00
1.003958239793964147e+00
9.988644705527860435e-01
9.951475726832369473e-01
9.980536863391313851e-01
9.985985691069246828e-01
1.000963213735699853e+00
1.002541037914808753e+00
1.000571809923462840e+00
9.977651492129717692e-01
1.000620460188595962e+00
1.000854326835897146e+00
9.956801032828614950e-01
9.947957400802615036e-01
9.952978034957254971e-01
9.998241528224621755e-01
1.000567146029553101e+00
9.982468319873107898e-01
1.000364200917827073e+00
9.944254534927374767e-01
1.001362740891875713e+00
1.000529248196035059e+00
9.982988385352522531e-01
9.978098389048796202e-01
9.992139965204507313e-01
1.000804408853199323e+00
1.000084228277159371e+00
1.001520976535583696e+00
9.991594054573719186e-01
9.979051890157110138e-01
1.002106115888065974e+00
9.980029988810864561e-01
9.973797666948844842e-01
9.954305757662934573e-01
9.978316926134013221e-01
9.991185154758965847e-01
9.957872384063878313e-01
9.985195257333914221e-01
9.992538681297826741e-01
9.996633461053235914e-01
1.001663565588803984e+00
9.985532742840206311e-01
9.966303577223823984e-01
9.989826680413556037e-01
9.962964528145700216e-01
9.963212779828189980e-01
9.952486695320228449e-01
9.987081450804232707e-01
9.988718653424423222e-01
9.978821840014222566e-01
9.982417475107980831e-01
9.954058151507028107e-01
1.000001084668936002e+00
1.001549287713806136e+00
9.975885205711743087e-01
9.968160439190832944e-01
1.000790668587967502e+00
9.951657834436578032e-01
9.961963035838558023e-01
9.989471683922492851e-01
9.993841869066677486e-01
1.000289855279167694e+00
9.984689445703039956e-01
9.968800322822874982e-01
9.993584039771646887e-01
9.971333521602731009e-01
9.969345714209086884e-01
9.983423922968307496e-01
9.982348570708154956e-01
9.969320905535677957e-01
9.976632075448769177e-01
9.972869970236905024e-01
9.970817770049981155e-01
9.961643045100103677e-01
9.968011711190450930e-01
9.989654248716776097e-01
9.988511558270244395e-01
9.982984910260608302e-01
9.973842954904715841e-01
9.960881812323568729e-01
9.952935917355276718e-01
9.949479062523238770e-01
9.971893157492567328e-01
9.981066529348670002e-01
9.984058042578711767e-01
9.985733800630868240e-01
9.966092492677065540e-01
9.978453145965947568e-01
9.977518611628789502e-01
9.992597597238215279e-01
9.985055131149658258e-01
9.961059660567114227e-01
9.990130750974438589e-01
9.991213720739654525e-01
9.975482747252927274e-01
9.980765825342698960e-01
9.989240851398583088e-01
9.973343843743979198e-01
