0.000000000000000000e+00
0.000000000000000000e+00
0.000000000000000000e+00
0.000000000000000000e+00
0.000000000000000000e+00
0.000000000000000000e+00
0.000000000000000000e+00
0.000000000000000000e+00
0.000000000000000000e+00
0.000000000000000000e+00
0.000000000000000000e+00
0.000000000000000000e+00
0.000000000000000000e+00
0.000000000000000000e+00
0.000000000000000000e+00
0.000000000000000000e+00
0.000000000000000000e+00
0.000000000000000000e+00
0.000000000000000000e+00
0.000000000000000000e+00
0.000000000000000000e+00
0.000000000000000000e+00
0.000000000000000000e+00
0.000000000000000000e+00
0.000000000000000000e+00
0.000000000000000000e+00
2.430040160755186218e-05
1.958678769960906819e-03
2.727075426789965160e-02
1.903318206404085444e-01
7.267672535708822323e-01
1.526799488158192553e+00
2.051857318509601846e+00
2.107599435255685272e+00
1.903582643666168916e+00
1.645019640699736163e+00
1.414501396252050514e+00
1.256434083879379049e+00
1.164358103655594778e+00
1.092558844485168601e+00
1.020624949215466870e+00
9.502685536837539582e-01
9.121610603504690662e-01
9.058337557246363136e-01
9.076141198438861801e-01
9.257075014208300257e-01
9.380467969889598745e-01
9.500290559016301151e-01
9.593868890498685742e-01
9.675174850985330810e-01
9.729277273286767169e-01
9.799000136709395958e-01
9.851423654243742778e-01
9.885986255321590477e-01
9.867871999061597066e-01
9.847591396828662136e-01
9.812586222079601184e-01
9.744718522560466001e-01
9.668156926782534022e-01
9.595089132265892662e-01
9.540805108082391905e-01
9.531832020868422628e-01
9.544163950693395071e-01
9.584705387368143148e-01
9.670968943444431254e-01
9.785288064220497573e-01
9.896235583395042168e-01
9.986630495063896218e-01
1.010463057688430144e+00
1.019470869230330257e+00
1.025665759889476503e+00
1.032089824668226408e+00
1.035171502216680528e+00
1.036529304867733314e+00
1.033594309390343469e+00
1.031573466015745622e+00
1.028859348101829330e+00
1.025128812725014216e+00
1.020430675466147186e+00
1.014336082497691693e+00
1.008763196110766813e+00
1.004212762574535844e+00
9.974222149897244982e-01
9.928528537014421618e-01
9.892368907500490582e-01
9.873044064042872936e-01
9.873523219710499399e-01
9.873898172183717126e-01
9.877082420856987399e-01
9.903295491381564064e-01
9.912654048639539806e-01
9.940167226118217236e-01
9.966928696542305399e-01
9.982983889492669238e-01
9.986349810955795769e-01
9.999897906769569245e-01
1.003100156523859310e+00
1.003035494489959101e+00
1.003335549795852044e+00
1.004260850794223003e+00
1.003411814434608029e+00
1.004249232358155552e+00
1.005829990259037299e+00
1.006316782500518370e+00
1.006696153144940986e+00
1.005848422340144932e+00
1.006148925302227548e+00
1.005627403275611620e+00
1.005120806293768876e+00
1.004467737607630751e+00
1.003684190720500302e+00
1.002981467111966785e+00
1.002877244100378817e+00
1.001911646364044506e+00
1.002645773436135368e+00
1.001170208854488708e+00
1.001866847012086170e+00
1.000204593412765686e+00
1.000935655283429870e+00
1.000515082844383841e+00
9.993849697379911801e-01
9.980973970041313592e-01
9.993482086066098891e-01
9.990680157264074657e-01
9.985291083784425537e-01
9.995424637167578119e-01
9.990324524550789898e-01
9.999471614638084649e-01
1.000616172995162589e+00
9.999750058193865865e-01
1.000583399544728636e+00
1.001572504732956004e+00
1.001573682588515979e+00
1.000968682376492946e+00
1.002275291099520738e+00
1.001110541573909440e+00
1.002835616557365750e+00
1.002125619775541043e+00
1.001783831623409338e+00
1.002221445851766424e+00
1.001665531812386600e+00
1.001050909105237308e+00
1.001354316718806592e+00
1.001296633885544907e+00
1.001577344930846047e+00
1.000534577991138985e+00
1.000353107986003076e+00
1.000854278652875129e+00
1.000825453123649122e+00
1.000379940715504512e+00
1.000482055765937739e+00
1.000535210506217743e+00
1.000732837037912049e+00
1.000339020326487693e+00
1.000791135570292978e+00
9.999505758453084425e-01
9.999823452487279773e-01
1.000540064184967548e+00
1.000217858163446438e+00
1.000438218323179251e+00
1.001168677065485735e+00
1.000275693042172342e+00
1.001019313163372448e+00
1.000081522144156576e+00
1.000794490911424806e+00
1.000420790167154017e+00
1.001167961221004488e+00
1.000739340406043620e+00
1.000623270617908567e+00
1.000036201188201579e+00
1.000401473844564570e+00
1.000852725265328536e+00
1.000402215590345811e+00
1.000971099059302594e+00
1.000680403539474073e+00
1.001029061115792151e+00
1.000649264100626157e+00
1.001026790516701848e+00
1.000010555980491489e+00
1.001254919821741085e+00
1.001044318840657477e+00
1.000553330175056876e+00
1.001024795513937304e+00
1.000261932056536684e+00
1.000340472830287597e+00
1.000607675361946614e+00
1.000577490039532558e+00
1.000204019869697314e+00
1.000924821909580986e+00
1.000945110479316780e+00
9.999833407336237157e-01
1.001014077117062362e+00
1.000891565642434200e+00
1.000655571944461419e+00
1.000942473995317883e+00
1.001042286475168241e+00
9.997368295966184704e-01
1.001129078681075812e+00
1.000971459327705038e+00
1.000670630190471755e+00
1.000541404284273961e+00
1.000880116243899831e+00
1.000772040180302414e+00
1.000636703607580280e+00
1.000160436116703355e+00
1.000984782340591961e+00
1.000666134043853184e+00
9.999572656367207157e-01
1.000646461488591266e+00
1.000921161266449699e+00
1.000398105530689641e+00
1.000605451428407067e+00
1.000254963191173685e+00
1.000400223470550021e+00
1.000112487503762804e+00
1.000749194189214597e+00
1.000715988288858327e+00
1.000494246589135772e+00
1.000608415644379967e+00
1.000447310413610902e+00
1.000553072472621929e+00
1.000266543665087049e+00
1.000691930000289220e+00
1.000429185471899407e+00
1.000413208710515756e+00
1.000514369709521123e+00
1.000409740866769814e+00
1.000049326867083588e+00
1.000578744405963727e+00
1.000338903324528683e+00
1.000044734631237997e+00
1.000574070449086861e+00
1.000312269044983715e+00
1.000291074224207488e+00
1.000220513155685165e+00
1.000179145761775246e+00
1.000446599715815621e+00
1.000415275144542759e+00
1.000073141900942764e+00
9.999912162733199938e-01
9.998575985030258018e-01
1.000043524030883146e+00
1.000413302130744642e+00
1.000327292571148163e+00
1.000527487342819377e+00
1.000455801515261589e+00
9.998690041516178351e-01
1.000080366009351351e+00
1.000167397827795179e+00
1.000108223617174996e+00
1.000156553748287047e+00
1.000880241637843948e+00
1.000080890647341070e+00
1.000261038813610392e+00
1.000289537714144750e+00
1.000161611216205060e+00
1.000110120551341852e+00
1.000639649051620506e+00
9.999117466628670847e-01
1.000133123882783970e+00
9.997409214850522252e-01
1.000538422946613881e+00
1.000609089963671927e+00
1.000258294535585124e+00
9.999811844892101398e-01
1.000109766288098445e+00
1.000064512034497088e+00
1.000546184605778821e+00
9.996442554234261646e-01
1.000238144932396267e+00
9.999936580409670706e-01
1.000173277255011817e+00
1.000232498868921738e+00
1.000006155240006578e+00
1.000209150802477298e+00
1.000275910282023117e+00
1.000190750739285539e+00
9.999936921873324724e-01
1.000049469027135984e+00
1.000244011328276006e+00
