0.000000000000000000e+00
0.000000000000000000e+00
0.000000000000000000e+00
0.000000000000000000e+00
0.000000000000000000e+00
0.000000000000000000e+00
0.000000000000000000e+00
0.000000000000000000e+00
0.000000000000000000e+00
0.000000000000000000e+00
0.000000000000000000e+00
0.000000000000000000e+00
0.000000000000000000e+00
0.000000000000000000e+00
0.000000000000000000e+00
0.000000000000000000e+00
0.000000000000000000e+00
0.000000000000000000e+00
0.000000000000000000e+00
0.000000000000000000e+00
0.000000000000000000e+00
0.000000000000000000e+00
0.000000000000000000e+00
0.000000000000000000e+00
0.000000000000000000e+00
7.598333382461909535e-02
1.801951317510657402e+00
6.130821031432648560e+00
7.216771165678383504e+00
4.582829002120611506e+00
2.265698162469484078e+00
1.029373380762770740e+00
5.052160398711852407e-01
2.802861939695719395e-01
1.688723903421108785e-01
1.288668514550768973e-01
1.140652089990540491e-01
1.199965593958218640e-01
1.339714378324170785e-01
1.878640326867418997e-01
2.765785426968959126e-01
4.075124610641976397e-01
6.261999016139938590e-01
8.948382123524755150e-01
1.197537186880751170e+00
1.533579684878638938e+00
1.822844976432249853e+00
1.982932270087124360e+00
2.122140905444683145e+00
2.163668526877545073e+00
2.216287670302809154e+00
2.194048983939380193e+00
2.105514326805818293e+00
1.918942883516415288e+00
1.681304216456586786e+00
1.434996128875163368e+00
1.179508562497399327e+00
1.000157863764939314e+00
8.847462185793140144e-01
8.495164112901851805e-01
8.325678363077926303e-01
8.573797863018404186e-01
8.631964947904917640e-01
9.051268653990374169e-01
9.321397937142912316e-01
9.710453149901430159e-01
1.019519052576814078e+00
1.046503556960989956e+00
1.087543962281454224e+00
1.097663802348095574e+00
1.104412391657924042e+00
1.099779061455108398e+00
1.107395715657501833e+00
1.086718378023013631e+00
1.071481784088980982e+00
1.049109295103195727e+00
1.030209222061147623e+00
1.001497697874508930e+00
9.916981358029663962e-01
9.666119583799667181e-01
9.536806185496329302e-01
9.492020764233632946e-01
9.403852679417364913e-01
9.454358084108921423e-01
9.537980762645320576e-01
9.606965153802722313e-01
9.638329204787804416e-01
9.747834390891543244e-01
9.834482040062870745e-01
9.893428664708795450e-01
9.994282988064372431e-01
9.904198543981699299e-01
1.000329179456515671e+00
9.930172283482209261e-01
9.925543886270173921e-01
9.909525811296767683e-01
9.839373538077944570e-01
9.854541735284529924e-01
9.791922297345991844e-01
9.720776147916684318e-01
9.759617564901800213e-01
9.803917620361225493e-01
9.787489887510084641e-01
9.852720983908223040e-01
9.866375592546283713e-01
9.768177952277918852e-01
9.824969303786453834e-01
9.866671794199184387e-01
9.905649988602726053e-01
9.880758005250028786e-01
9.870411977311733809e-01
9.927840287382732054e-01
9.942485404394607595e-01
9.946390452443786279e-01
1.001307365129428195e+00
9.954638174214773816e-01
9.996881973202551563e-01
1.003409079735354981e+00
9.943668619946564036e-01
1.002343139041081743e+00
1.002765800196701029e+00
1.007358765127942091e+00
1.003479940961715888e+00
1.000352135723936886e+00
1.004834021621269002e+00
9.961183036833896054e-01
1.003201030797188364e+00
1.000270165489491436e+00
1.005665309835097165e+00
1.002035607269625705e+00
1.001146898170497623e+00
9.979694161011571918e-01
9.993193308416009613e-01
9.957250412311720034e-01
1.000352313462383735e+00
1.006075635260536227e+00
1.002237183175215485e+00
9.980386368455288482e-01
1.004364720881607553e+00
1.004207907992057169e+00
1.008440698626688725e+00
1.003923158523718051e+00
1.001388603055293203e+00
1.003580979615672053e+00
1.005831290542964496e+00
1.003961508171467454e+00
1.001831667660953551e+00
1.006369485619506232e+00
1.003743969982320960e+00
1.003142458488903044e+00
1.005670709671849794e+00
1.003885417631382948e+00
1.004449684020608524e+00
1.002057167835124440e+00
1.005047986040851882e+00
1.009082249988743740e+00
1.000955791854774901e+00
1.002943831531612595e+00
9.989384196450282749e-01
1.002987636727495024e+00
9.997793067316413929e-01
1.001828002029114151e+00
1.003651838760510229e+00
9.994340909966459296e-01
1.000736451240699321e+00
1.000586494560104622e+00
1.003132457511061837e+00
1.005393611989264580e+00
1.001941549753692096e+00
9.983579356658444093e-01
1.004731591351333719e+00
1.001233545066815500e+00
9.946030347902239388e-01
9.965449317620516112e-01
9.985730762944323713e-01
9.999576520550467196e-01
1.000396854075102482e+00
9.948442239165777856e-01
9.989565986306123690e-01
9.990498973106770597e-01
9.960464174298069295e-01
9.975653650223699209e-01
1.000239794860635412e+00
1.001340399445157514e+00
9.967709740077201896e-01
1.002483535572561646e+00
9.943941643138899389e-01
1.000300488296914647e+00
9.972303763214400707e-01
1.002202216185936079e+00
1.000073163780222929e+00
9.951626182017697664e-01
9.962930554807322148e-01
9.986169753783025183e-01
9.981443319201284137e-01
9.962971629000777485e-01
9.974251234023249202e-01
9.929194912028269648e-01
9.976063650478983469e-01
9.980032658752620023e-01
1.001404055452422837e+00
1.002635456451473894e+00
9.975457052611793607e-01
9.962671347097731278e-01
9.965843610154377918e-01
9.982258940624966215e-01
9.996577789736071917e-01
9.958837223159484608e-01
9.970043629678604358e-01
9.977566314292266592e-01
9.983991387725176248e-01
9.976134543331068860e-01
9.982807691178845477e-01
1.000188633490246781e+00
9.997926325930729385e-01
9.959519391613728123e-01
9.966586715119941653e-01
9.964589116549501524e-01
9.947290508996006198e-01
9.934343566276196968e-01
9.981319708460451023e-01
9.961672928544218486e-01
9.967851756850756306e-01
9.959485493296261760e-01
9.985317301740760376e-01
9.977736952656920399e-01
9.984076324991416618e-01
1.000663609306786217e+00
9.995062728213642833e-01
9.982142360279145921e-01
9.986582712955895946e-01
9.978465634310171861e-01
1.000371699081554544e+00
1.000293060883071350e+00
9.949403508899300475e-01
9.966626053348655034e-01
9.967433065879596210e-01
9.997129730672679182e-01
9.967299734697868674e-01
9.976303434534640191e-01
9.954154031246509327e-01
9.963841040150280826e-01
9.984318504592889498e-01
9.953994118515547829e-01
9.948067358929562065e-01
9.993327111867286172e-01
9.969797208415167589e-01
9.979805528454920305e-01
1.000035186149147215e+00
9.955216892684743968e-01
9.953511443723976893e-01
9.966258438596704572e-01
9.978169945164976351e-01
9.952383945843489288e-01
9.948199990333751463e-01
9.970884175642518166e-01
9.962161627985710588e-01
9.956367032630448755e-01
9.976064550383921814e-01
9.952215122577660056e-01
9.976469543839251441e-01
9.959923055832662353e-01
9.981901071768423117e-01
9.983439218949567984e-01
9.993944258643109313e-01
9.889227450284792109e-01
9.795276082982881105e-01
9.666514983204512745e-01
9.568805768882073792e-01
9.496976120205847804e-01
9.351964084679470490e-01
9.236299390809070697e-01
9.153341512030691574e-01
9.060578697201902010e-01
8.955286578949395171e-01
8.822390042058089188e-01
8.726958928666324056e-01
8.656910863946011281e-01
8.540184547042521945e-01
8.433497152965760968e-01
