0.000000000000000000e+00
0.000000000000000000e+00
0.000000000000000000e+00
0.000000000000000000e+00
0.000000000000000000e+00
0.000000000000000000e+00
0.000000000000000000e+00
0.000000000000000000e+00
0.000000000000000000e+00
0.000000000000000000e+00
0.000000000000000000e+00
0.000000000000000000e+00
0.000000000000000000e+00
0.000000000000000000e+00
0.000000000000000000e+00
0.000000000000000000e+00
0.000000000000000000e+00
0.000000000000000000e+00
0.000000000000000000e+00
0.000000000000000000e+00
0.000000000000000000e+00
0.000000000000000000e+00
0.000000000000000000e+00
0.000000000000000000e+00
1.553024463626154195e-04
4.300866825716102154e-02
8.709586000967262098e-01
3.124772077935448422e+00
3.648721112120394849e+00
2.355754972204695541e+00
1.151869731137197039e+00
5.535742919574473397e-01
3.067958907242569477e-01
2.469697729842402489e-01
2.549489058251117601e-01
2.663841949067859427e-01
3.042617766447734406e-01
3.319403715185220705e-01
3.447344475000690411e-01
3.558239155370566675e-01
3.771200058200236405e-01
4.253146098798158414e-01
5.359147529710366342e-01
6.642929601263291017e-01
8.373571737284730698e-01
1.002703856311175867e+00
1.149023811084373126e+00
1.271561390106683787e+00
1.350858024111947886e+00
1.434911618673070377e+00
1.512484110856388009e+00
1.533936881490971516e+00
1.504100474327485726e+00
1.431038416090573584e+00
1.319212090588262276e+00
1.187838432854564363e+00
1.066638055638076343e+00
9.634257638620572495e-01
9.026833305703403365e-01
8.654337100989707432e-01
8.541271503427304568e-01
8.491068801538108612e-01
8.612001440358511006e-01
8.790529154812555257e-01
9.090184416620494812e-01
9.216334571428381750e-01
9.371531866002460465e-01
9.599701516240410903e-01
9.870456979433172018e-01
1.002854021075014979e+00
1.012816438891730009e+00
1.026830015038607824e+00
1.032897011454157354e+00
1.036288532123247341e+00
1.044451883574103235e+00
1.033601714185821807e+00
1.034380714491130338e+00
1.019905054447995729e+00
1.022090838519910783e+00
1.001909394265324771e+00
9.862648134763214447e-01
9.852021055380010273e-01
9.768874198490646865e-01
9.627489327017040299e-01
9.603880663035538889e-01
9.664567969233345268e-01
9.681769122091060664e-01
9.756671964841885369e-01
9.831092909945207126e-01
9.865784141662355955e-01
9.972818173501964978e-01
9.985870815418810276e-01
1.001913134820741069e+00
1.003536139287854123e+00
1.013176714508118081e+00
1.013485919456381001e+00
1.011532379489802569e+00
1.008768633180011864e+00
1.008790844995510971e+00
1.004982768732940013e+00
1.004328804360795191e+00
1.002835707428725076e+00
9.948112513122108203e-01
9.925566655209770994e-01
9.874310578177949438e-01
9.870532342344627841e-01
9.905842877096711074e-01
9.875935301918972176e-01
9.885119968061916174e-01
9.864253062287932083e-01
9.880620606249266302e-01
9.866169586694212290e-01
9.905770352721404715e-01
9.924429055355861173e-01
9.938011949931969680e-01
9.942300332626022863e-01
9.954045210429238733e-01
9.898380740959414892e-01
9.941101328092680767e-01
9.978922422012453941e-01
9.918709801993679243e-01
9.956885120581214776e-01
9.967521094826582440e-01
9.962449104557685731e-01
9.936644677431960559e-01
9.909684041577401237e-01
9.929173511931864704e-01
9.942762782399974242e-01
9.815660208048974100e-01
9.867015742498657094e-01
9.900704979712070530e-01
9.849525102214810035e-01
9.853720429337593512e-01
9.893931785287600755e-01
9.892436061340876829e-01
9.878074905890323887e-01
9.931073390357687547e-01
9.893368024222760626e-01
9.910342803712861581e-01
9.945841942674771285e-01
9.923551545206338309e-01
9.930091578037988365e-01
9.966830128016580526e-01
9.958934022204252168e-01
9.957713177033810092e-01
9.937748915094261060e-01
9.906105461276000224e-01
9.926256258946765110e-01
9.939809748840031656e-01
9.940558666649021990e-01
9.938434296804029566e-01
9.960440548397250238e-01
9.918397158820022597e-01
9.935913909175125847e-01
9.940586369308413994e-01
9.979250269815447272e-01
9.921903308951232070e-01
9.960442569618243036e-01
9.920364096167566537e-01
9.963951578027393507e-01
9.959829979731773530e-01
9.937423458926230024e-01
9.939386208745256690e-01
9.958135407413256646e-01
9.983413136168031166e-01
9.967427204196311896e-01
9.961159617461504689e-01
9.970181784409003489e-01
9.977467795202522582e-01
9.972173454696334760e-01
1.000448173482335834e+00
9.973960216398604084e-01
9.947639149782147028e-01
9.961926850054676486e-01
9.996514212103555508e-01
9.982295766653448421e-01
9.951296361928546608e-01
9.979543702080710954e-01
1.000258490855665983e+00
9.966361914732231320e-01
9.987958855572039996e-01
9.989145830326845443e-01
9.978677995213258711e-01
9.943921644621684930e-01
9.985335100365984040e-01
9.965455234260622852e-01
9.974831270330211108e-01
9.944881378590680887e-01
9.964123269570617225e-01
9.980017622456383020e-01
9.992281049296567463e-01
9.992075407446359137e-01
9.990856687924799528e-01
9.962909151635028770e-01
9.971678609187435427e-01
9.959013180547213739e-01
9.957533604635125934e-01
9.990255195806674315e-01
9.971555860505768587e-01
9.966596232078656081e-01
9.966828518015873328e-01
9.957724692574255743e-01
9.975665910285721472e-01
9.992977056594368745e-01
1.002719689150129767e+00
9.976076130475750592e-01
9.985074197553972519e-01
9.981049867824562938e-01
9.977458151712698120e-01
9.996846579213275463e-01
9.996922100010630086e-01
9.990504916460357654e-01
9.990723434002674042e-01
1.000140139761724889e+00
9.980807944634848550e-01
1.001892734249255623e+00
9.990059479996719061e-01
1.001129794497238823e+00
9.985096128730056586e-01
1.000392659917727745e+00
9.976520583911762108e-01
1.000328314890567505e+00
9.978163984071775072e-01
9.972410555520990760e-01
9.988210223568814161e-01
1.000346637116916737e+00
9.989604926146302688e-01
9.989344692787662794e-01
9.999777415407510306e-01
9.988726470980282546e-01
9.979069781420452090e-01
1.000332184259779877e+00
9.970113325656347891e-01
9.976674947416276362e-01
9.995223810111701912e-01
9.982990374497693331e-01
9.981524156535503955e-01
9.999579773885062250e-01
9.982217910995639931e-01
9.962976309341523562e-01
9.979090261480030311e-01
9.983374146561886375e-01
9.990878758337181642e-01
9.975500695574335275e-01
9.983979264483209271e-01
9.986033313510502829e-01
9.985899548384725710e-01
9.999383583791987551e-01
9.989605208274905390e-01
9.975453444187764029e-01
9.984832726334749164e-01
9.988780371560819216e-01
9.994004825846440898e-01
1.000247769489263749e+00
9.978467046344960956e-01
1.001679454402645053e+00
1.000340555838573620e+00
9.995124580406806736e-01
1.001274913789248933e+00
9.994237683196943722e-01
9.992572567969819630e-01
9.996530505695667701e-01
1.001002895812338478e+00
1.000693485389981152e+00
9.986503280929343029e-01
9.935251092608086143e-01
9.827394820858171842e-01
9.696101856240582073e-01
9.607445711494223550e-01
9.490555519138511587e-01
9.383002552396084717e-01
9.275496263557619914e-01
9.162344077596223935e-01
9.086815972153268195e-01
8.955980846151562202e-01
8.849011253030312218e-01
8.730510769220974909e-01
8.638898542945627756e-01
8.527831716063660750e-01
8.442906543464759883e-01
