0.000000000000000000e+00
0.000000000000000000e+00
0.000000000000000000e+00
0.000000000000000000e+00
0.000000000000000000e+00
0.000000000000000000e+00
0.000000000000000000e+00
0.000000000000000000e+00
0.000000000000000000e+00
0.000000000000000000e+00
0.000000000000000000e+00
0.000000000000000000e+00
0.000000000000000000e+00
0.000000000000000000e+00
0.000000000000000000e+00
0.000000000000000000e+00
0.000000000000000000e+00
0.000000000000000000e+00
0.000000000000000000e+00
0.000000000000000000e+00
0.000000000000000000e+00
0.000000000000000000e+00
0.000000000000000000e+00
0.000000000000000000e+00
0.000000000000000000e+00
0.000000000000000000e+00
0.000000000000000000e+00
1.337280072259935201e-05
4.681544809060884417e-03
2.142247181665185296e-01
1.474755525393618649e+00
3.260387313113435770e+00
3.617630205625975481e+00
2.739511007538848464e+00
1.783330619287621932e+00
1.180780403003480972e+00
8.859712436759135112e-01
7.547747654086712776e-01
7.129179176025333131e-01
7.038563997907982817e-01
7.175435585585312470e-01
7.530226675012774429e-01
8.021798691220619615e-01
8.665173213100616501e-01
9.316966399941892796e-01
1.010020886517236205e+00
1.075373916472688096e+00
1.129724459436400430e+00
1.163155384680099935e+00
1.183830685891844814e+00
1.191859474311005807e+00
1.180150221739716399e+00
1.153565367184478330e+00
1.113926984607959580e+00
1.062263162419974538e+00
1.011677946654856663e+00
9.748027991278555016e-01
9.405927212238139878e-01
9.194600442174380994e-01
9.025844062618618713e-01
9.003500171950672426e-01
9.099736768057204994e-01
9.216194922769203046e-01
9.484402710114937518e-01
9.696011597467543153e-01
9.882312892982044739e-01
1.002561666295169518e+00
1.015855099896229685e+00
1.028793433416016923e+00
1.035182139144025015e+00
1.045625864140516059e+00
1.049558744520121767e+00
1.052597349738390697e+00
1.048290785780598089e+00
1.047750692558280017e+00
1.036743325639750690e+00
1.025854621124150379e+00
1.013870643924059012e+00
1.004533807223268127e+00
9.907629618160760376e-01
9.842029426523689617e-01
9.790060911706847113e-01
9.764334100124559823e-01
9.740462056240283273e-01
9.789004753840758744e-01
9.799862173210033278e-01
9.846493901463480025e-01
9.894958871256507305e-01
9.921905104148207588e-01
9.938516404581529962e-01
9.986675604119433780e-01
1.001957888511850525e+00
1.002973661953526330e+00
1.003678814062547664e+00
1.003935984130643666e+00
1.003984521872997915e+00
1.004357416853066676e+00
1.000642781205474563e+00
1.000411386837827710e+00
1.002144748289951259e+00
1.001110917718435411e+00
9.972154201386581596e-01
9.966413615165365947e-01
9.965405172953371027e-01
9.961007544312994177e-01
9.980729064801271422e-01
9.972819064939345557e-01
9.992864475915559375e-01
9.981887235633866151e-01
9.993421656608709736e-01
9.990207007569457121e-01
9.989070988098807113e-01
9.980666594002177705e-01
1.001348175128832674e+00
1.000724249824628043e+00
9.995115035707305973e-01
9.997875106837669223e-01
9.992383248776055549e-01
9.992624254332119760e-01
1.001143798988744171e+00
9.983227745259577457e-01
9.993036227221057111e-01
9.985592065452087995e-01
1.000847692356116925e+00
1.000329892807127141e+00
9.993951297462735361e-01
1.000360170252186487e+00
1.000768929475204905e+00
9.985404400653353774e-01
9.995499073460482053e-01
1.001514155812261331e+00
9.993557829276789040e-01
1.001081877099599948e+00
1.001510422037322101e+00
1.000410017738627699e+00
1.000080132299703273e+00
1.001026411135399252e+00
9.999146518735971823e-01
9.998984215670918552e-01
1.000518439759191969e+00
9.998452188444897359e-01
1.000201342495443235e+00
1.001486541198623126e+00
1.002123171047525796e+00
1.000899590198042866e+00
1.000387393777051326e+00
1.000608784057340550e+00
1.000484441839273986e+00
9.996585571733015430e-01
1.000733692987022971e+00
9.994080245188101674e-01
1.000661252524198908e+00
1.000596736695926081e+00
9.991697735537657943e-01
9.998287962203299406e-01
9.999223073208628465e-01
1.000134966913886148e+00
1.000265701787836026e+00
1.001191600973920570e+00
1.000281122014902602e+00
1.000900974430702695e+00
1.000040168007070962e+00
1.000935238563405383e+00
1.000378015949228150e+00
9.999995352693681339e-01
9.999404256342288022e-01
1.000676359885569022e+00
1.001413255577904948e+00
1.000510112420324838e+00
9.999689896420758117e-01
1.000497576019004686e+00
1.000039063327456512e+00
1.000796846197238299e+00
1.000077050607620421e+00
1.000674800783553309e+00
1.000919827000728235e+00
9.999307976713753821e-01
1.000982618651535594e+00
1.000323842833756860e+00
1.000255752397089415e+00
1.000137694235527563e+00
1.000099666693031297e+00
9.997142260286532300e-01
9.995201644169534605e-01
9.998239203510903561e-01
9.997550091361033786e-01
9.996155421990250423e-01
1.001074111447960213e+00
9.999844588163132597e-01
1.000251673579382716e+00
9.989933089032125846e-01
1.000010933070882846e+00
9.993723860234061673e-01
9.996982019348318316e-01
9.997971330741912688e-01
9.997816615575723098e-01
9.995410484502703641e-01
1.000320010958817063e+00
1.000773321222596879e+00
1.000477346661995171e+00
1.000006893795108764e+00
9.996427003520820254e-01
1.000221791301707075e+00
1.000162415781477021e+00
1.000025891322784188e+00
1.000262104658734552e+00
9.993975261584571168e-01
9.999694094061661875e-01
1.000007880338878996e+00
9.992133135456860993e-01
1.000297614788993483e+00
9.996641661874348106e-01
1.000135924088189299e+00
9.996432534310710771e-01
1.000132752447485451e+00
1.000458844790506285e+00
9.996961730951481329e-01
9.995012844799074925e-01
9.994055683939481183e-01
9.996754692940396092e-01
9.999796725900753636e-01
9.993759284546154253e-01
1.000899034391084852e+00
1.000061247699733258e+00
9.994177785504259059e-01
9.994769361634434635e-01
1.000961708360558866e+00
9.997201702664364475e-01
1.000569979368769680e+00
9.996568268492577181e-01
9.998899173576873967e-01
9.987060554696269854e-01
1.000055785404577957e+00
9.998649030467670062e-01
9.992296333265333619e-01
1.000574413208720426e+00
1.000067647231881240e+00
1.000089606729664071e+00
9.996676045480805683e-01
9.999326033704875050e-01
9.992631497893661452e-01
1.000341269529205324e+00
1.000268104535450231e+00
9.994085876997490514e-01
1.000162501358141220e+00
9.991668259251016426e-01
9.998580381208271861e-01
9.999693532666644735e-01
1.000073194838543955e+00
1.001080094382093444e+00
1.000771851384954836e+00
1.000142784292463061e+00
1.000434431277152481e+00
9.993873207702572703e-01
9.994708377664874854e-01
1.000615042453056658e+00
1.000093502619723296e+00
1.000705196657190710e+00
9.992648636505971904e-01
1.000165143676162272e+00
1.000008515529333675e+00
1.000153678091577403e+00
1.000451380331574436e+00
9.998079392585371705e-01
9.996056375578854514e-01
9.935539606526607725e-01
9.829532734455261878e-01
9.710873715735900413e-01
9.604175359845712467e-01
9.497440905613824258e-01
9.387515829461651196e-01
9.274571133105069531e-01
9.170492645616180605e-01
9.060434062961431056e-01
8.960447144435051969e-01
8.860409943019982304e-01
8.757776769960768926e-01
8.642176192532263768e-01
8.544115715883511264e-01
8.438173189357254245e-01
