0.000000000000000000e+00
0.000000000000000000e+00
0.000000000000000000e+00
0.000000000000000000e+00
0.000000000000000000e+00
0.000000000000000000e+00
0.000000000000000000e+00
0.000000000000000000e+00
0.000000000000000000e+00
0.000000000000000000e+00
0.000000000000000000e+00
0.000000000000000000e+00
0.000000000000000000e+00
0.000000000000000000e+00
0.000000000000000000e+00
0.000000000000000000e+00
0.000000000000000000e+00
0.000000000000000000e+00
0.000000000000000000e+00
0.000000000000000000e+00
3.609383605025145785e-05
3.286963552376775261e-02
9.756066461915650079e-01
3.228147838426235428e+00
3.242569391136739920e+00
1.828038279879032668e+00
8.490607384025898874e-01
3.938624132823574375e-01
2.056393459214084507e-01
2.294368346946715487e-01
8.264332056073799837e-01
1.707029342604134081e+00
1.887324564549219819e+00
1.459801867094955297e+00
1.003762343596802387e+00
7.359012271328512211e-01
6.373334313896295011e-01
6.322165524313668739e-01
6.873069398095591476e-01
7.626720728503817437e-01
8.503684424788259255e-01
9.402036783042835300e-01
1.024737286305805073e+00
1.093129551612761485e+00
1.139035430256351233e+00
1.181142348233275241e+00
1.198527579944439037e+00
1.197154337586696426e+00
1.177269104318177551e+00
1.144609070908078063e+00
1.108897402953127109e+00
1.070823171732391721e+00
1.033854265048310461e+00
1.002783403811212892e+00
9.736572396444077571e-01
9.500957796635911556e-01
9.381565657043431372e-01
9.291655767215210027e-01
9.282330892789251164e-01
9.269021386556560715e-01
9.287973352374545577e-01
9.378269850360054782e-01
9.437325913444528647e-01
9.581988056455664760e-01
9.723483322384395278e-01
9.821726136678948782e-01
9.910941736754632636e-01
9.982207537724746560e-01
1.005995854279425616e+00
1.005778374023621025e+00
1.013305024498170059e+00
1.015847615471155985e+00
1.018612895391621365e+00
1.017982536800187798e+00
1.019883383303025415e+00
1.016485754958886378e+00
1.014171651282175679e+00
1.010853026429607393e+00
1.008813521196286977e+00
1.003249136541080277e+00
1.003121007934017372e+00
9.995892168704385572e-01
1.001037315408846107e+00
9.977524457181331519e-01
9.984354515673828923e-01
9.974384606918681451e-01
9.974478235076490451e-01
9.981229152698827267e-01
9.960903917705480337e-01
9.952329860540291007e-01
9.974771106546947985e-01
9.968870496730509734e-01
9.976010953714279372e-01
9.966249928528436719e-01
9.956908196488352125e-01
9.973356140825044847e-01
9.975588598264232276e-01
9.972774968425029973e-01
9.975706831862027890e-01
9.989195206060837995e-01
9.989784741269407409e-01
9.995524712067208606e-01
1.000431454400619868e+00
1.000175110916084353e+00
9.998175517470475615e-01
1.001855884815222364e+00
1.001644247947345523e+00
1.002469610421794499e+00
1.001618912076624346e+00
1.001672859575740038e+00
1.001157401132138691e+00
1.001270454588065961e+00
1.000749801854558863e+00
1.001560945118522117e+00
1.000773238489734762e+00
9.996915699146350365e-01
1.000051689102501973e+00
1.000404231858029735e+00
9.997428466402288327e-01
1.000965669730856877e+00
9.992955216777327232e-01
9.998301543679434245e-01
9.986053756651694924e-01
9.996732873677895981e-01
1.000332829152190239e+00
9.992255984856092121e-01
9.997714145034818367e-01
9.997504279171990360e-01
9.991496008738817158e-01
9.995324172611691482e-01
1.000550258020191707e+00
9.998058638861779812e-01
1.000453634377741707e+00
9.999446708399032380e-01
9.994011228280306192e-01
1.000005212956587064e+00
1.001276386956438502e+00
1.000552869430564318e+00
1.000521129040905288e+00
1.000918638819271012e+00
1.000267921601833532e+00
1.000859553808576274e+00
1.001100026668911402e+00
1.001284747290769106e+00
1.000488582426992235e+00
1.000420597954223112e+00
1.000695495517891276e+00
1.000263619238976665e+00
1.000379783746607965e+00
1.000396781117504741e+00
9.998141532551289012e-01
9.997662614686898541e-01
9.998958873370562550e-01
1.000119719147014585e+00
9.992862250505784028e-01
1.000325535026372226e+00
1.000196497594794343e+00
1.000075087849695121e+00
1.000552873323914627e+00
1.000492827655251604e+00
1.000610820422648262e+00
9.998825340698301867e-01
1.000688378728276096e+00
1.000453497644621992e+00
1.000087557705402697e+00
1.000019448371638253e+00
9.998399576647996057e-01
1.000548056708784550e+00
1.000183268356313437e+00
9.992856753810319681e-01
1.000671886430588353e+00
1.000208423922031242e+00
1.000640660336706844e+00
1.000594654050270149e+00
1.000475340434502147e+00
1.000372577321772871e+00
9.999890763217568201e-01
1.000779570855208744e+00
1.000334159547926038e+00
1.000354791101084606e+00
1.000186278365804426e+00
9.995899963718265502e-01
9.997839194009917607e-01
9.993348336315804881e-01
9.997732602335323016e-01
1.000311275272815381e+00
9.992920402355375264e-01
1.000202827689351759e+00
9.999275287247730848e-01
1.000083526042933491e+00
1.000003056878098429e+00
9.997846377073402735e-01
9.999407914033090483e-01
1.000131490345300245e+00
1.000133203830844808e+00
9.999424250476870446e-01
9.998122921569563282e-01
1.000209160727069113e+00
1.000862265274953478e+00
1.000410638617084569e+00
1.000131811849874985e+00
9.994625965342471829e-01
1.000312559245040589e+00
1.000023568819369935e+00
1.000417569230641401e+00
1.000106786910682555e+00
9.997330300833954242e-01
1.000342326512304814e+00
9.996322499565399866e-01
9.996952886475838351e-01
1.000305489773210654e+00
1.000014292920328174e+00
9.999585287815661028e-01
9.999823023903525732e-01
1.000237609733663824e+00
1.000383271251418016e+00
1.000167660919340618e+00
9.994090279476018912e-01
9.996550237822380280e-01
9.998672365109604332e-01
9.995917040431313572e-01
9.997782339555389974e-01
1.000410750099064439e+00
9.997822317357880628e-01
9.997108704169360704e-01
1.000119194655010091e+00
1.000439850250334217e+00
1.000157914194977682e+00
1.000309336279642247e+00
9.998201485392416155e-01
1.000136443421688837e+00
9.991625849385618041e-01
1.000164213660067691e+00
1.000169506156847854e+00
9.995451628374310005e-01
1.000102348745787628e+00
1.000316651400156465e+00
1.000119820689653549e+00
9.997856709397163755e-01
1.000120570172394752e+00
9.995221260080797698e-01
9.999481249937711702e-01
9.998173101132817875e-01
9.997902683264098256e-01
1.000297092806220034e+00
9.993437873492592161e-01
9.998496320595918752e-01
1.000168481079932947e+00
1.000164998046803921e+00
1.000479739045403216e+00
1.000398228896584918e+00
9.997024089447911210e-01
1.000152607589479548e+00
9.996449693797713199e-01
9.996427658416267015e-01
1.000643395800546065e+00
9.999135609512171952e-01
1.000351001338505741e+00
9.994240197381767388e-01
1.000316692133021323e+00
1.000235884836011557e+00
9.998871478548159164e-01
1.000213224522712219e+00
1.000223102327581826e+00
9.994437893697316611e-01
9.936130046686794115e-01
9.831041569070079200e-01
9.713307009609321030e-01
9.604882453709561174e-01
9.497525852489795417e-01
9.386724465859341837e-01
9.274339243030685909e-01
9.171074253103151941e-01
9.060687588515776714e-01
8.959371288889227403e-01
8.853992924124808317e-01
8.751465616077206411e-01
8.644248139031660561e-01
8.542462216634451044e-01
8.440844170084211839e-01
