0.000000000000000000e+00
0.000000000000000000e+00
0.000000000000000000e+00
0.000000000000000000e+00
0.000000000000000000e+00
0.000000000000000000e+00
0.000000000000000000e+00
0.000000000000000000e+00
0.000000000000000000e+00
0.000000000000000000e+00
0.000000000000000000e+00
0.000000000000000000e+00
0.000000000000000000e+00
0.000000000000000000e+00
0.000000000000000000e+00
0.000000000000000000e+00
0.000000000000000000e+00
0.000000000000000000e+00
0.000000000000000000e+00
0.000000000000000000e+00
0.000000000000000000e+00
0.000000000000000000e+00
0.000000000000000000e+00
0.000000000000000000e+00
0.000000000000000000e+00
0.000000000000000000e+00
0.000000000000000000e+00
0.000000000000000000e+00
0.000000000000000000e+00
0.000000000000000000e+00
0.000000000000000000e+00
4.412815710467876858e-03
4.893661112692661991e-02
2.422847344323319774e-01
5.636621209385568321e-01
9.373428771925500502e-01
1.229146803335272597e+00
1.406052388898907601e+00
1.461494687426195593e+00
1.485155118893993320e+00
1.499516819814280089e+00
1.454417956768123465e+00
1.412089785721611035e+00
1.370717208330351156e+00
1.335694337394858433e+00
1.278919722311044227e+00
1.239126373225880373e+00
1.220543859784287255e+00
1.196703683309592314e+00
1.192734901355384958e+00
1.185165503864564762e+00
1.190164709243830776e+00
1.156844143150668636e+00
1.106055217198442353e+00
1.063610202535258731e+00
1.016543900553218860e+00
1.002994203852511701e+00
9.881488176183875760e-01
9.847089019106768371e-01
9.836853493898222167e-01
9.730578707720362042e-01
9.673680037779730512e-01
9.786568676966737046e-01
9.722590173493892429e-01
9.800323940724589011e-01
9.916113625767034589e-01
9.793054868464748930e-01
9.891819535824964982e-01
9.895329474235124989e-01
9.906483200437768977e-01
1.003508092212074709e+00
1.007034662062476382e+00
1.004378079950335012e+00
1.010843514893918327e+00
1.019527151332991766e+00
1.025675358653939773e+00
1.028436544537381758e+00
1.031674834566641996e+00
1.023548332798701610e+00
1.023579181091158308e+00
1.030148844268543140e+00
1.033549314073076486e+00
1.020022378620576431e+00
1.009232739794140077e+00
1.007475329011781051e+00
1.002396988014531587e+00
9.984247669322100505e-01
9.920695249926068104e-01
9.952903999017486125e-01
9.879204289047782694e-01
9.853649919834732707e-01
9.793296120471910449e-01
9.897005333045508779e-01
9.909031279285188676e-01
9.923835878727974569e-01
9.878703005982443219e-01
9.917254017418678513e-01
9.940581091411264669e-01
1.000660510248103652e+00
9.976713892226821701e-01
1.003886783261830784e+00
9.987379269414216054e-01
1.001730498248446954e+00
1.001021658726839680e+00
1.004254319577209342e+00
1.010255781258857066e+00
1.006674778403336301e+00
1.003264128971482760e+00
1.001495098557871222e+00
1.004700352603911107e+00
9.982229774887151352e-01
9.982412706289484072e-01
1.004286826837837543e+00
9.967912484295299302e-01
1.001492711118649792e+00
1.002656146387311598e+00
9.987454056472300223e-01
1.003300535858077547e+00
1.003802996944657355e+00
1.005479480123337765e+00
1.000688029926954270e+00
9.949696744065521514e-01
9.959941654264167221e-01
9.977584639326307903e-01
9.945006876700651643e-01
9.946373052556791716e-01
9.964941086881620169e-01
9.926845494363479849e-01
9.973133715942609223e-01
9.978028737483315425e-01
9.935821659148910134e-01
9.990276761144194495e-01
9.961842170083657910e-01
9.933255115189716378e-01
9.958671059005468340e-01
9.982082940370551327e-01
1.001136615117371065e+00
9.992139246427718113e-01
9.965016563257254045e-01
9.985609773085895036e-01
9.997250938632844530e-01
9.994497785864648876e-01
1.000724715120574482e+00
9.917221496416811499e-01
9.989436421322500648e-01
9.977107766653036114e-01
9.984785867389849301e-01
9.996052043893979278e-01
9.954287677903772558e-01
9.981555129146292282e-01
9.933143005543111359e-01
9.981179572826244240e-01
9.985819578972066068e-01
1.000277309885487576e+00
1.000113666523100742e+00
9.951011261584655765e-01
9.999026632851469865e-01
9.976996721440520854e-01
1.001730524550615176e+00
9.927649618710929769e-01
1.001855450460837460e+00
9.975130225190530497e-01
9.960406232934554405e-01
9.960836894285380883e-01
9.946509449600209329e-01
9.968375816486291230e-01
1.001508331445678746e+00
9.978426763186440951e-01
9.972440021477187999e-01
9.981624463998877150e-01
9.956584770827520137e-01
1.000004357826255852e+00
9.978943776053482706e-01
9.944430403198776247e-01
9.989214709984663987e-01
9.967109144980564883e-01
9.970266700938998916e-01
9.965974621227740027e-01
9.978952063739258138e-01
9.982105651385765333e-01
9.961859122134436584e-01
9.948876090505365255e-01
9.962130384491576507e-01
9.974664215461522820e-01
1.000764594644002914e+00
9.975213123954193017e-01
9.963042087272563352e-01
9.955879006524516184e-01
9.964538269827397654e-01
9.973680170815892865e-01
9.974782684129752663e-01
9.981667325009342395e-01
9.944205295358311547e-01
9.942838500204118635e-01
9.950177810269833500e-01
9.987110852205738354e-01
9.956863108816117469e-01
9.960804093172731521e-01
9.936186938053234163e-01
1.001525231086031198e+00
9.980850043135188754e-01
9.955684593500535584e-01
9.980979031450323280e-01
9.967719933402234833e-01
9.968084299366206658e-01
9.991439519963085658e-01
9.986775507850659261e-01
9.984292070376764583e-01
9.972748637534132321e-01
9.971774585912008826e-01
9.992592519111053173e-01
9.978452516025024810e-01
9.968369210253399393e-01
9.998876989032319251e-01
1.000593675635292223e+00
9.987252127746670816e-01
9.995851260996515553e-01
1.000479604118466037e+00
1.000803574129494944e+00
9.958818085796913300e-01
9.978462962389531565e-01
9.988357258003190964e-01
9.983151722277313622e-01
9.996369229109038912e-01
9.967314844206874858e-01
1.000103554767928893e+00
9.990637259905692513e-01
1.000166148347469308e+00
9.995929917120921493e-01
9.981604298063863068e-01
9.988217730273216688e-01
9.988724641946683525e-01
9.997191177870907719e-01
9.997937780307781797e-01
9.984867767484205681e-01
1.001219643843143547e+00
1.002314416214341586e+00
9.990722280484022333e-01
9.996869546864723954e-01
9.984057807837474208e-01
9.991978941658828939e-01
9.978458623519806947e-01
9.991591929502149361e-01
1.000642500200113139e+00
1.000426262672344802e+00
9.985234313345507928e-01
1.000557585038223340e+00
1.000521227037226568e+00
9.971357476305225953e-01
9.991373644827159506e-01
1.000986795340529811e+00
9.968231526344351057e-01
9.985738829999006860e-01
9.985508274780605653e-01
9.971286522347470038e-01
1.000267704619019815e+00
9.981490779529356150e-01
9.988423160877325513e-01
9.981108148547491732e-01
9.993386943398702149e-01
9.985163550628497475e-01
9.988050145405682478e-01
9.994989505975440114e-01
9.984722914578659791e-01
1.000128608170216538e+00
9.980937773103508714e-01
1.002675047772001227e+00
1.000968768392142882e+00
1.000199313019206393e+00
1.000844511294184613e+00
1.001727265293242963e+00
9.991634325302768405e-01
9.999039412082069145e-01
9.996931181121601062e-01
9.995282758915104981e-01
9.992466073565910989e-01
9.996986395813975967e-01
1.000170919825483118e+00
9.999965024568338023e-01
1.000318498925548028e+00
1.000215475132465892e+00
1.000421577408039830e+00
9.996254210871871049e-01
1.001125161913881678e+00
1.000656575048007202e+00
9.987718676945118723e-01
1.001043737248209720e+00
9.999002928785193367e-01
9.990758387921185868e-01
1.000563327062724772e+00
1.002905268059754995e+00
1.000537156269607042e+00
9.997558471757008736e-01
1.000790732719772258e+00
1.000521364563905280e+00
9.993973135247873341e-01
1.000569085388119284e+00
1.000935055982056676e+00
1.000795401579701371e+00
1.000680537801070136e+00
9.996958059302607502e-01
1.000381084805161747e+00
1.000761179734582340e+00
9.992721028942043171e-01
9.996240071443324160e-01
9.994978713011426485e-01
1.002949297769423209e+00
1.001181830725953459e+00
1.002555022013879915e+00
1.001290568276564930e+00
1.002242742252185126e+00
1.001129058660367832e+00
1.001063386163122626e+00
1.000503285043826907e+00
1.000405171410143179e+00
1.001617615781940973e+00
1.001231727378360636e+00
1.000444102629933552e+00
1.000944789458266815e+00
9.986417463381220827e-01
1.001476008921654559e+00
1.002949646715533438e+00
1.002922439398440391e+00
1.000108628885350459e+00
1.000342097202585823e+00
9.988088669754765503e-01
9.997332758618859838e-01
9.995931638294027755e-01
1.000792162057913659e+00
1.001921815061679544e+00
9.993547297554798980e-01
9.999998372415325187e-01
9.987884258282179184e-01
9.997562548666745208e-01
9.994871738592863153e-01
9.998591975561024192e-01
1.000110112331625389e+00
9.990559187820279297e-01
1.000105163002078967e+00
1.000930133794200039e+00
9.984689620666162835e-01
9.985653764712907332e-01
9.999110245209414938e-01
9.972784129493085237e-01
9.985849868118583661e-01
9.986876475437800327e-01
9.992439653567871671e-01
9.943520530613236819e-01
9.874261416767731170e-01
9.788056204398755122e-01
9.702211857100414560e-01
9.606854421039017211e-01
9.519383707492315994e-01
9.444089387354184240e-01
9.358375545636893333e-01
9.278486788310652544e-01
9.187194132260935175e-01
9.113397872542045031e-01
9.023685438779027734e-01
8.948596637029658796e-01
8.866919615145316680e-01
8.773152281020495380e-01
8.706113399700564637e-01
8.635944000769165685e-01
8.559233825798502338e-01
8.470280940273916537e-01
8.392355811991194514e-01
8.313641805108834548e-01
8.251616114639979127e-01
8.172170291513025653e-01
8.106228757588955780e-01
8.026731383029490630e-01
7.931866995947519650e-01
7.871328688990277822e-01
7.784799008215471661e-01
7.725165707311825170e-01
7.646239325599792913e-01
7.574695033553211498e-01
7.497775303477388631e-01
7.432795199679670395e-01
7.354554468584127980e-01
7.267740482261507706e-01
7.217335020148784031e-01
7.138532751792675546e-01
7.078844671604899164e-01
7.014051720389884448e-01
6.929628520953940995e-01
6.871994063285605803e-01
6.797735737151775481e-01
6.722810834372258126e-01
6.650216216846269734e-01
6.596643027876196719e-01
6.523839566789174649e-01
6.458435901677568314e-01
6.387022517285760870e-01
6.322843791155809967e-01
6.248530455104146508e-01
6.182076067780600814e-01
6.132323789726207286e-01
6.054329741973150103e-01
5.999496751474372447e-01
5.934659342867935061e-01
5.870200229702856598e-01
5.809691369759459878e-01
5.742776082485948619e-01
5.669427838824523391e-01
5.622423392286890476e-01
5.555223224812623206e-01
5.475626530899708744e-01
5.419089480619929677e-01
5.371296297825914889e-01
5.293041065520983635e-01
5.241749213777979755e-01
5.176211694487735659e-01
5.113184365570606627e-01
5.063057606186267545e-01
4.987851012069166035e-01
4.920922363319964465e-01
4.867869668214150902e-01
4.810489916466011984e-01
4.752863364847857430e-01
4.686284570017842932e-01
4.634007644765608669e-01
4.570231844567396173e-01
4.515415247920689934e-01
4.466130252946751145e-01
4.404075713045487728e-01
4.352832004436175684e-01
4.289639869231039460e-01
4.228794789205888582e-01
4.167828419122105443e-01
4.120752315448049652e-01
4.060437358529325746e-01
4.006096226741325816e-01
3.943776722324490724e-01
3.891931685700962817e-01
3.837801096895763209e-01
3.786947657380716481e-01
3.725491842267830700e-01
3.673994050838942926e-01
3.619980190260434494e-01
3.572998127286241554e-01
3.519350510052177694e-01
3.468392474661562974e-01
3.414721602078472085e-01
3.360221742753229379e-01
3.299489403507065433e-01
3.252551228965602781e-01
3.203837385001883642e-01
3.139269802623510519e-01
3.098640794551820732e-01
3.049459910227926840e-01
2.990740996941935181e-01
2.939177839351026500e-01
2.898891632505203875e-01
2.852588523883426985e-01
2.796253663670664191e-01
2.743552381206048607e-01
2.698330487371436992e-01
2.652383211486613601e-01
2.598191685092530179e-01
2.550502212815163872e-01
2.500294496375777831e-01
2.461095157464386063e-01
2.409007803675308479e-01
2.355052897290683123e-01
2.306185669366639102e-01
2.260983839316419164e-01
2.215820491000393966e-01
2.167353125897805155e-01
2.124743735830712521e-01
2.071589503999605453e-01
2.026194740738038458e-01
1.980731073762355687e-01
1.936215734260171017e-01
1.892071123170398494e-01
1.848839412860134035e-01
1.800444166810931390e-01
1.753229908315512287e-01
1.709635847150099974e-01
1.659695351780650918e-01
1.615433912894410073e-01
1.571405489558228008e-01
1.532126812596059096e-01
1.488781691318678824e-01
1.441176645027621439e-01
1.399288391172374413e-01
1.350477921134502490e-01
1.308777480525799009e-01
1.266612757404143030e-01
1.225610797957831233e-01
1.185789417972111653e-01
1.146584852855011549e-01
1.110534158190027848e-01
1.076115035666482117e-01
1.040046033457928676e-01
1.012962832733612373e-01
9.812039313535865503e-02
9.529449882625906643e-02
9.232861330829261748e-02
8.964146544946519080e-02
8.686628038528085294e-02
8.437935313001472537e-02
8.170841194973145483e-02
7.957285027000440825e-02
7.723869341823472179e-02
7.504847752157652041e-02
7.262360911142348718e-02
7.061044410951308747e-02
6.840596883410893225e-02
6.607353978130538208e-02
6.411518908600956357e-02
6.236312875360299629e-02
6.041318583410533460e-02
5.856627833270865863e-02
5.659497518034022068e-02
5.511090747208149260e-02
5.309868268945759640e-02
5.183174887185729857e-02
5.001735033347661646e-02
4.820624932794728701e-02
4.692429732062620984e-02
4.531926301399202828e-02
4.375263957737124398e-02
4.228225878383343878e-02
4.118397853266102943e-02
3.957435252626737704e-02
3.827639968092520079e-02
3.721167232208819758e-02
3.582595570518677663e-02
3.434111545388000841e-02
3.331936854834009754e-02
3.205494469071921981e-02
3.106581018230843497e-02
2.960083626020433220e-02
2.885684447029516347e-02
2.768330070796863607e-02
2.658075925640131232e-02
2.583868528266094686e-02
2.485900482315181112e-02
2.398912260332909663e-02
2.294446131999500205e-02
2.203434834472280113e-02
2.103676427342992400e-02
2.022467276610560860e-02
1.939828962735213116e-02
1.865183923659872664e-02
1.769015555212091056e-02
1.709249106438267066e-02
1.630345141941719547e-02
1.543932020167859687e-02
1.484857224192253841e-02
1.412869012886747329e-02
1.364260447271749971e-02
1.284556473291415674e-02
1.220749990869758085e-02
1.160531770897082864e-02
1.104998463115702823e-02
1.052491626214453573e-02
9.792675795758324503e-03
9.277049442862070686e-03
8.829056213339367062e-03
8.452373319446652294e-03
7.906091106433624574e-03
7.369321167000484479e-03
6.950183361273160228e-03
6.641119650498649753e-03
6.185949354030058356e-03
5.778550831027543140e-03
5.379242020035784021e-03
5.007306529699645688e-03
4.747813367289242456e-03
4.323583833458652555e-03
3.978918035256850949e-03
3.708139446101126578e-03
3.462435578863480839e-03
3.130360285363088628e-03
2.878382409825131806e-03
2.649189914539819887e-03
2.364949691420358338e-03
2.125438325467322257e-03
1.971576954254962866e-03
1.745731357952230722e-03
1.539929075207058674e-03
1.373038479023073631e-03
1.222544308618475281e-03
1.053196044485203448e-03
9.236724761775464516e-04
7.876211467532756149e-04
6.736934744287213003e-04
5.599197641664536160e-04
4.490478126402955490e-04
3.675188642166602577e-04
2.904781524443305891e-04
2.042830764099875043e-04
1.536017120137769939e-04
1.068608228765169024e-04
6.970589604726500283e-05
4.204169488391509070e-05
1.367001118740011170e-05
5.331334047509788941e-06
2.952012216989025865e-07
0.000000000000000000e+00
0.000000000000000000e+00
0.000000000000000000e+00
0.000000000000000000e+00
0.000000000000000000e+00
0.000000000000000000e+00
0.000000000000000000e+00
0.000000000000000000e+00
0.000000000000000000e+00
0.000000000000000000e+00
0.000000000000000000e+00
0.000000000000000000e+00
0.000000000000000000e+00
0.000000000000000000e+00
0.000000000000000000e+00
0.000000000000000000e+00
0.000000000000000000e+00
0.000000000000000000e+00
0.000000000000000000e+00
0.000000000000000000e+00
0.000000000000000000e+00
0.000000000000000000e+00
0.000000000000000000e+00
0.000000000000000000e+00
0.000000000000000000e+00
0.000000000000000000e+00
0.000000000000000000e+00
0.000000000000000000e+00
0.000000000000000000e+00
0.000000000000000000e+00
0.000000000000000000e+00
0.000000000000000000e+00
0.000000000000000000e+00
0.000000000000000000e+00
0.000000000000000000e+00
0.000000000000000000e+00
0.000000000000000000e+00
0.000000000000000000e+00
0.000000000000000000e+00
0.000000000000000000e+00
0.000000000000000000e+00
0.000000000000000000e+00
0.000000000000000000e+00
0.000000000000000000e+00
0.000000000000000000e+00
0.000000000000000000e+00
0.000000000000000000e+00
0.000000000000000000e+00
