0.000000000000000000e+00
0.000000000000000000e+00
0.000000000000000000e+00
0.000000000000000000e+00
0.000000000000000000e+00
0.000000000000000000e+00
0.000000000000000000e+00
0.000000000000000000e+00
0.000000000000000000e+00
0.000000000000000000e+00
0.000000000000000000e+00
0.000000000000000000e+00
0.000000000000000000e+00
0.000000000000000000e+00
0.000000000000000000e+00
0.000000000000000000e+00
0.000000000000000000e+00
0.000000000000000000e+00
0.000000000000000000e+00
0.000000000000000000e+00
0.000000000000000000e+00
0.000000000000000000e+00
0.000000000000000000e+00
0.000000000000000000e+00
0.000000000000000000e+00
0.000000000000000000e+00
2.749605408932362911e-05
1.639213194812847102e-03
2.400096600389034843e-02
1.700615759936348337e-01
6.815019777742932217e-01
1.497216306569948863e+00
2.064391206851684757e+00
2.137377433979920305e+00
1.918846431157787080e+00
1.638852549298858152e+00
1.404549621177373364e+00
1.234691613649798292e+00
1.128029539072585186e+00
1.041325222206825662e+00
9.634781234074881739e-01
9.101015485199317467e-01
8.915107966802440220e-01
8.964685115158810280e-01
9.102464053724689252e-01
9.319260880770158240e-01
9.548879179926318406e-01
9.762539403508929681e-01
9.894045759737861712e-01
1.001917011838289850e+00
1.005805920215052440e+00
1.014156236822357560e+00
1.013095088972455260e+00
1.013708597060325678e+00
1.004307415231677325e+00
9.931126933131178003e-01
9.807615852906826914e-01
9.689137778591649930e-01
9.570296414983364697e-01
9.473900356385603905e-01
9.399192527066776437e-01
9.356143830644811921e-01
9.361351722368839168e-01
9.449234787611487940e-01
9.543056880692335486e-01
9.697051143892256864e-01
9.826078112171445778e-01
9.979107374367003347e-01
1.012232912503933324e+00
1.024759039511090597e+00
1.033323481231452901e+00
1.039178453980440509e+00
1.044339293129452839e+00
1.043307932745308308e+00
1.043001839035899714e+00
1.039718251735858967e+00
1.034658958437353782e+00
1.028287913801050557e+00
1.020842537399765826e+00
1.014763358501029389e+00
1.006663771668714125e+00
9.989618985897077419e-01
9.951481013019336519e-01
9.886706892372739697e-01
9.863275552751967767e-01
9.857375867180014906e-01
9.837027077652099605e-01
9.846783703352445238e-01
9.849398426880232593e-01
9.890099154051640307e-01
9.908478803626888931e-01
9.929850738741725635e-01
9.961863286507228743e-01
9.978017638791962796e-01
1.001084828413720373e+00
9.990918809055445715e-01
1.002124757486123174e+00
1.001851678959819303e+00
1.002087258378221879e+00
1.002959920026513796e+00
1.002784719637668243e+00
1.002266853172872008e+00
1.003721397668820847e+00
1.005226720214869918e+00
1.004747595050266229e+00
1.003341469647557771e+00
1.004426947268843406e+00
1.004374814342213318e+00
1.004272061713426423e+00
1.002935445094099043e+00
1.002260626434507973e+00
1.002895637880006241e+00
1.002418730143601611e+00
1.002833308744991214e+00
1.001744544879133336e+00
1.001270249150322922e+00
1.001466186315803641e+00
1.000415786988094302e+00
9.993768786755929945e-01
9.991993883812099186e-01
9.985746479282052723e-01
9.990202057409072189e-01
9.985007590121651733e-01
9.986290246607962828e-01
9.976206772461908567e-01
9.988346060080246502e-01
9.985188111175442582e-01
9.988241401111749296e-01
9.998623943501651068e-01
9.992383284590722337e-01
1.000143328589828240e+00
9.997072742093214837e-01
1.000294345412886976e+00
1.001117946542779302e+00
1.000402369383904588e+00
1.000505647773372031e+00
1.002149999339758235e+00
1.001151843594243251e+00
1.001582781756331864e+00
1.001283856594679111e+00
1.000991327996334723e+00
1.001266928741650686e+00
1.001031864710611341e+00
1.001619683828212759e+00
1.001134289735943428e+00
1.000312702796122277e+00
1.000086017190325860e+00
9.999146339909070758e-01
1.000059800803813959e+00
1.000419215340671464e+00
1.000654545200358125e+00
9.999208111485722306e-01
9.999837913544803447e-01
1.000189909653423914e+00
9.994856148181020528e-01
1.000316807278773368e+00
9.996974015459041407e-01
1.000050282042875160e+00
9.994883524008574271e-01
9.998535212063373034e-01
1.000236520672682872e+00
1.000309052843885826e+00
1.000994703377601436e+00
1.000536690991242095e+00
9.996402808455527866e-01
1.000883549358880797e+00
1.000501595002157407e+00
1.000372218576635053e+00
1.000191751290538056e+00
1.000574495999454250e+00
9.998735942176101288e-01
1.000545721743506311e+00
1.000678998619402238e+00
9.999464747406843212e-01
1.000396191499746790e+00
1.001148578753952467e+00
1.000244193951668636e+00
9.999448220772322315e-01
9.998315476205550389e-01
1.000400961533551847e+00
1.000174468285331297e+00
9.994071794255623420e-01
1.000311801023117120e+00
1.000113797050547593e+00
1.000786810331527610e+00
1.000288486305402680e+00
1.000305700519449781e+00
1.000853614683680171e+00
9.999671914939846085e-01
1.000578690225833345e+00
1.000294482663567130e+00
1.000350253112301857e+00
9.994963208546836508e-01
1.000064315549690885e+00
9.995567736973168804e-01
1.000074984139308398e+00
9.992457507087850743e-01
1.000162312325720393e+00
1.000691356518916830e+00
9.999674076356139807e-01
1.000170663759046175e+00
1.000114883972733848e+00
9.998801248024576926e-01
1.000530297834165694e+00
1.000775947764035667e+00
1.000373323661433389e+00
1.000132796562200443e+00
1.000475028304015357e+00
9.999706942515466102e-01
1.000552356309366786e+00
1.000801720312033849e+00
1.000310044874771487e+00
1.000548439472198181e+00
9.997469548349672275e-01
1.000054074825498684e+00
1.000369088707231624e+00
9.999304455409522285e-01
1.000484149439752501e+00
9.999324732136177785e-01
1.000442799785077774e+00
9.999953425882037727e-01
9.998480799340839775e-01
1.000748338660124359e+00
9.998186301525636699e-01
1.000142273808091842e+00
1.000173939322674732e+00
9.997605735155760120e-01
1.000313611594121799e+00
1.000494176180586336e+00
1.000695946496068744e+00
1.000621830792820743e+00
1.000398718026337619e+00
1.000286741334429408e+00
1.000102508366269793e+00
1.000092155586725928e+00
1.000242925424664975e+00
1.000344617628747379e+00
9.999830311346865619e-01
1.000363797377548103e+00
9.999172981282656858e-01
1.000076110379808814e+00
1.000201584347009121e+00
1.000227010062589406e+00
9.998476366500606005e-01
9.999220637238630527e-01
1.000564414106420497e+00
1.000259573654644463e+00
1.000020360520395002e+00
1.000624967301183332e+00
1.000178682749039760e+00
9.998161305425715684e-01
1.000346743920307313e+00
1.000396772959200709e+00
1.000210955663983547e+00
1.000602470454033943e+00
1.000041298485070618e+00
1.000178977674938574e+00
1.000017868762152373e+00
1.000077386808352564e+00
1.000274452522040614e+00
9.997644654962775101e-01
1.000632769251253773e+00
1.000112163983894131e+00
1.000519945573432379e+00
9.998373186655364897e-01
1.000206265999011412e+00
1.000126547615130645e+00
1.000515934939945062e+00
1.000372904777707905e+00
1.000026192625218524e+00
1.000328359836583303e+00
1.000268274984896788e+00
1.000480421270000919e+00
1.000563590614511833e+00
1.000160546603777734e+00
1.000183810255555583e+00
1.000362037159946649e+00
1.000469993750363606e+00
1.000096668948883494e+00
1.000214225229125065e+00
1.000131601214233612e+00
1.000258662233012963e+00
1.000454880339938013e+00
9.999842188117206154e-01
1.000073684201217450e+00
1.000019944600410327e+00
1.000312428638955975e+00
1.000014668229229464e+00
1.000181817131089224e+00
1.000025880365635444e+00
1.000166234065247517e+00
1.000262855181584865e+00
9.997961744875124568e-01
1.000245836519051634e+00
9.999105928516329733e-01
1.000598215267149760e+00
1.000200308332221510e+00
1.000345143847931606e+00
1.000186786141971540e+00
1.000094393920464730e+00
1.000385010922671070e+00
1.000378190241604015e+00
9.999018546603272162e-01
1.000012978663047392e+00
1.000206256427075502e+00
1.000057012655828581e+00
9.999399343356284442e-01
1.000205764458088398e+00
1.000249546653281696e+00
9.996504667858505666e-01
9.996607274887141514e-01
1.000037704706936204e+00
9.997605114659593450e-01
1.000008730018761671e+00
9.999064736103202566e-01
1.000029788670271369e+00
9.998646969626361347e-01
1.000369689866847711e+00
1.000009151896860793e+00
1.000284408224233701e+00
1.000206711724800579e+00
9.998514894487200433e-01
1.000235125339337339e+00
1.000070227048355020e+00
9.999014181266977497e-01
1.000303873070877980e+00
9.998440856030009760e-01
1.000120256528852503e+00
1.000074468221466173e+00
1.000012910333271554e+00
1.000108175804609090e+00
1.000165185072532825e+00
1.000082926650638804e+00
1.000020269327818623e+00
1.000312282072946202e+00
1.000287649539824519e+00
9.999397144807848914e-01
1.000074400381212092e+00
1.000080123409507582e+00
1.000126095089862055e+00
1.000211773503730583e+00
9.999598767895492291e-01
1.000164457780281069e+00
1.000354882217604935e+00
1.000484685968114018e+00
1.000187644140427601e+00
9.998620157401076902e-01
9.959499206467017363e-01
9.876142795556711595e-01
9.791505857162632331e-01
9.701853945145763047e-01
9.620233720481882189e-01
9.537233120253776342e-01
9.453165663424956122e-01
9.372322216061739208e-01
9.286771117780194817e-01
9.205799996541966790e-01
9.125297538262586716e-01
9.041820004320243465e-01
8.962444165021473674e-01
8.879268529344290783e-01
8.801749845469709621e-01
8.724051707887829910e-01
8.645164838762746662e-01
8.562997429228244028e-01
8.486692487560856257e-01
8.408933444986327332e-01
8.331663434792121459e-01
8.256022468911837775e-01
8.179461053625415312e-01
8.101079293673054682e-01
8.025636549132929565e-01
7.952164533540642122e-01
7.876739437979364267e-01
7.800504904254802474e-01
7.725080859214220608e-01
7.654385510634382772e-01
7.582211780847999405e-01
7.508458786280035602e-01
7.437672161608143151e-01
7.362764501065762746e-01
7.291371846835638104e-01
7.218038944801059564e-01
7.148997165127102260e-01
7.079941270262581909e-01
7.009858865021134644e-01
6.938314624249388718e-01
6.870109705611605611e-01
6.800017928723756100e-01
6.730821528504891127e-01
6.664135075754484827e-01
6.594930223265907943e-01
6.525512641016394388e-01
6.460335640890582098e-01
6.396375079248410866e-01
6.327928780907314810e-01
6.258365383998858444e-01
6.191010844417679237e-01
6.127976551455837084e-01
6.062206522402524556e-01
5.997663146235320264e-01
5.933859045649464425e-01
5.866932535723868858e-01
5.804085792350421880e-01
5.740905682590932146e-01
5.678211435751636671e-01
5.616321905257768421e-01
5.548036816818607830e-01
5.487905646803439286e-01
5.427249288798522420e-01
5.363491243122424645e-01
5.301251095095924626e-01
5.240774612650576092e-01
5.179096233435428465e-01
5.119896747477782339e-01
5.059199511281348149e-01
5.000358450354135398e-01
4.939165137578776510e-01
4.877682975029338786e-01
4.819805247600697506e-01
4.760314191370500492e-01
4.704148464159328413e-01
4.643703917837524453e-01
4.587048679959263575e-01
4.526423226844784597e-01
4.470777859653867203e-01
4.412326086555827809e-01
4.355843612158147860e-01
4.300725290635916687e-01
4.241872692753294039e-01
4.186531671072806771e-01
4.130995368679342694e-01
4.074339534061517387e-01
4.019597501284651320e-01
3.961532580392830849e-01
3.908571687820159291e-01
3.853598958834162369e-01
3.798526663925039792e-01
3.745349054007958700e-01
3.689998974197553627e-01
3.635902341515317437e-01
3.583504728763100555e-01
3.530254065145000397e-01
3.476886479555875153e-01
3.424142707528077811e-01
3.370488731192348708e-01
3.319385809841916557e-01
3.267602689923898018e-01
3.215276134281123133e-01
3.164438294737275670e-01
3.112373697132498895e-01
3.061850010634424857e-01
3.008714567502468462e-01
2.960091384370924783e-01
2.907748476920418157e-01
2.858520116732533589e-01
2.809518106103129353e-01
2.758775487716367270e-01
2.709519449300186733e-01
2.659275180483533507e-01
2.609562797170406068e-01
2.561052127417947077e-01
2.512151084457222017e-01
2.463687490843955441e-01
2.416212165253629196e-01
2.366766890427851877e-01
2.318510917979196839e-01
2.271895302366379321e-01
2.224385673122557527e-01
2.177605817694533985e-01
2.129284135444645121e-01
2.081663000866003088e-01
2.036208073002987173e-01
1.989192037280853309e-01
1.942677862975080161e-01
1.897073688899154065e-01
1.850655657549254984e-01
1.806078570324145260e-01
1.760087037646466401e-01
1.714061408493625649e-01
1.670257299966411701e-01
1.624520130401810314e-01
1.579340164024737314e-01
1.535105210351576377e-01
1.490047673620154833e-01
1.445710898213772577e-01
1.402119130437494976e-01
1.358336692384186917e-01
1.314585679788281281e-01
1.270576823372037145e-01
1.228293100081649103e-01
1.187682268864997392e-01
1.148427729350930543e-01
1.112780701248514414e-01
1.079766534099925734e-01
1.046493568574379529e-01
1.015973772537826364e-01
9.846701069297790487e-02
9.554621394082304930e-02
9.267807196607608100e-02
8.993493708023464484e-02
8.731197438417198642e-02
8.476055166352627901e-02
8.229988298363682953e-02
7.977371266940934402e-02
7.740081488774286367e-02
7.502972659979081915e-02
7.293268658754011036e-02
7.074186396133391730e-02
6.856062486414725432e-02
6.652904635935293076e-02
6.448518053075660839e-02
6.255204574516440297e-02
6.067831623149882309e-02
5.873239319187176927e-02
5.700716166968576581e-02
5.515085601479192273e-02
5.348530048526944913e-02
5.177130114524287202e-02
5.011363865287153663e-02
4.851723355910880775e-02
4.702875200082522189e-02
4.548571269461067906e-02
4.395784379263421165e-02
4.254375961895506125e-02
4.111420821879104015e-02
3.973086899467859201e-02
3.840719732722717300e-02
3.712163851936273185e-02
3.581057304829554644e-02
3.454518596857246437e-02
3.334951780406085475e-02
3.222300119465961593e-02
3.108579934476243811e-02
2.994265224495899075e-02
2.885253524702934350e-02
2.780482920714558159e-02
2.669598498118064961e-02
2.574373817023231648e-02
2.477784665808405867e-02
2.380428518572177965e-02
2.287181521936858600e-02
2.194294227441323519e-02
2.109716826861990358e-02
2.023478659390114467e-02
1.937943756961174602e-02
1.859648399157499618e-02
1.777563013579368939e-02
1.704098509568490946e-02
1.630097414721557586e-02
1.555305760718769109e-02
1.487136827165524283e-02
1.419186348576653885e-02
1.351583145142886550e-02
1.289773953791126596e-02
1.224714626777233251e-02
1.164881976395435066e-02
1.105551125729244306e-02
1.050557554257125319e-02
9.966258504769979695e-03
9.421868318823769378e-03
8.916484463115157896e-03
8.430720135601628071e-03
7.968463076751738927e-03
7.489972533929107647e-03
7.046251535231142296e-03
6.622800047951802119e-03
6.214699149342525937e-03
5.807609701779293566e-03
5.434086373724970540e-03
5.059690753451366770e-03
4.701159784584025246e-03
4.378638022838347334e-03
4.042306102562302252e-03
3.738104275178051258e-03
3.458217288924691872e-03
3.166093672791346104e-03
2.895843631511210454e-03
2.653523941700387020e-03
2.398481889089993085e-03
2.170612899273668701e-03
1.954335814640137652e-03
1.752221722299701374e-03
1.564571335082782328e-03
1.371037638459323251e-03
1.216277036764143579e-03
1.057914602539823234e-03
9.121480544633001845e-04
7.878179885787374350e-04
6.569791403486392040e-04
5.483436356150008092e-04
4.458806794022999965e-04
3.582541638839608885e-04
2.779037430317180478e-04
2.093035711537201968e-04
1.516941296160535010e-04
1.025237810663886845e-04
6.248775383831280377e-05
3.259518022418237499e-05
1.345456011071961403e-05
3.513106938691216843e-06
2.562025974014984099e-07
0.000000000000000000e+00
0.000000000000000000e+00
0.000000000000000000e+00
0.000000000000000000e+00
0.000000000000000000e+00
0.000000000000000000e+00
0.000000000000000000e+00
0.000000000000000000e+00
0.000000000000000000e+00
0.000000000000000000e+00
0.000000000000000000e+00
0.000000000000000000e+00
0.000000000000000000e+00
0.000000000000000000e+00
0.000000000000000000e+00
0.000000000000000000e+00
0.000000000000000000e+00
0.000000000000000000e+00
0.000000000000000000e+00
0.000000000000000000e+00
0.000000000000000000e+00
0.000000000000000000e+00
0.000000000000000000e+00
0.000000000000000000e+00
0.000000000000000000e+00
0.000000000000000000e+00
0.000000000000000000e+00
0.000000000000000000e+00
0.000000000000000000e+00
0.000000000000000000e+00
0.000000000000000000e+00
0.000000000000000000e+00
0.000000000000000000e+00
0.000000000000000000e+00
0.000000000000000000e+00
0.000000000000000000e+00
0.000000000000000000e+00
0.000000000000000000e+00
0.000000000000000000e+00
0.000000000000000000e+00
0.000000000000000000e+00
0.000000000000000000e+00
0.000000000000000000e+00
0.000000000000000000e+00
0.000000000000000000e+00
0.000000000000000000e+00
0.000000000000000000e+00
0.000000000000000000e+00
