0.000000000000000000e+00
0.000000000000000000e+00
0.000000000000000000e+00
0.000000000000000000e+00
0.000000000000000000e+00
0.000000000000000000e+00
0.000000000000000000e+00
0.000000000000000000e+00
0.000000000000000000e+00
0.000000000000000000e+00
0.000000000000000000e+00
0.000000000000000000e+00
0.000000000000000000e+00
0.000000000000000000e+00
0.000000000000000000e+00
0.000000000000000000e+00
0.000000000000000000e+00
0.000000000000000000e+00
0.000000000000000000e+00
0.000000000000000000e+00
0.000000000000000000e+00
0.000000000000000000e+00
0.000000000000000000e+00
0.000000000000000000e+00
7.761818671294040076e-04
7.918788998234330134e-02
7.414087003661995467e-01
1.826924783017473963e+00
2.204050838820720948e+00
1.986519758844905503e+00
1.683901778985688713e+00
1.457977738369617970e+00
1.266742491403128890e+00
1.108060933811488180e+00
9.959504148700358828e-01
9.096982011903470555e-01
8.562953490802230894e-01
8.276583150743980211e-01
8.016760591179107331e-01
7.901726789596142941e-01
7.981158317537758728e-01
8.292259855929213774e-01
8.709145140207720237e-01
9.262871025571396411e-01
9.776771575283699223e-01
1.024253931368605208e+00
1.063657000033713551e+00
1.079765045902135734e+00
1.082676858499219685e+00
1.080725468004987810e+00
1.076341142233557591e+00
1.071853285931043009e+00
1.056819407807712663e+00
1.036581294544708820e+00
1.023111363435654120e+00
1.003125163733884273e+00
9.856443709617882520e-01
9.728858693320844298e-01
9.637723921015491912e-01
9.604071176434300083e-01
9.619403967947004475e-01
9.615901677911697920e-01
9.644210378641470127e-01
9.717501334238393129e-01
9.814708734655338551e-01
9.867812458241932427e-01
9.940853283258765938e-01
1.002047384155499987e+00
1.009984403612260273e+00
1.011120917445164524e+00
1.015591783117825386e+00
1.016741165518081358e+00
1.017380128079423907e+00
1.014208430846288866e+00
1.012346074300040089e+00
1.008733265424024861e+00
1.005985857857924826e+00
1.000968951494712655e+00
9.975764862662428456e-01
9.969332369285549555e-01
9.951183301263906156e-01
9.923091791290458152e-01
9.927562586635383379e-01
9.932549969154504943e-01
9.962735694081510385e-01
9.956929603287035802e-01
9.978652151316923513e-01
1.001012826224213059e+00
1.001246155400551174e+00
1.000476561855143887e+00
1.002096357893274448e+00
1.003680676506553349e+00
1.003584175272575818e+00
1.002571340833791513e+00
1.001501077296595543e+00
1.000283420214919339e+00
9.994434994100622749e-01
9.981447732013101204e-01
9.974746414447567266e-01
9.984310148203937585e-01
9.975223347429826859e-01
9.967838151726847729e-01
9.989281862344170371e-01
9.997413835068460486e-01
9.985596082119769790e-01
9.994240971656376260e-01
1.000199171427961664e+00
1.001396771090178772e+00
1.000354641184512117e+00
1.001841630806489247e+00
1.002256260284806633e+00
1.002931536257273937e+00
1.001513871779449838e+00
1.001640488710956456e+00
1.002016113938581254e+00
1.001766374121682235e+00
1.000354684954933626e+00
1.001369114149383677e+00
9.993907165329073417e-01
9.997992567641068584e-01
9.991601817323236823e-01
9.996101626750542035e-01
9.983174318198904107e-01
9.999054772713635852e-01
9.989729780756543276e-01
1.000092032201273629e+00
9.992195323000900853e-01
1.000246181311327698e+00
9.996041858675396297e-01
9.998495736900794295e-01
9.995159554644050814e-01
1.000064377594168885e+00
1.000558619244469982e+00
1.001863033085106824e+00
1.001130833371369766e+00
9.997754382583000643e-01
1.000345693935571934e+00
9.998507055250711595e-01
1.000248049025217467e+00
1.000946112825138234e+00
1.001228432245969246e+00
1.000434140103392266e+00
1.000443482488788893e+00
1.000093264973915153e+00
9.996974568358983904e-01
1.000834205368477781e+00
1.000109141495419518e+00
9.994526919003999810e-01
1.000826566280163643e+00
1.000693233092577072e+00
9.996022096580299277e-01
9.997414521098596518e-01
9.997205735082733691e-01
1.000081525623876422e+00
9.996400603752986225e-01
9.996044544632438633e-01
1.000873743454796294e+00
1.000945700033468500e+00
9.998794148765691725e-01
1.000362685703007459e+00
1.000648963675118353e+00
1.000430123198555510e+00
1.001268837491513741e+00
1.000086475990159762e+00
1.000488374135821701e+00
1.000880251512709096e+00
9.998266825293400384e-01
9.996073056248095945e-01
1.000266047526579438e+00
1.000204437880472641e+00
1.000218880577643743e+00
1.000312290425172890e+00
1.000757084723412182e+00
9.997414903502221950e-01
9.997774120474667292e-01
1.000475347383913638e+00
1.001137225857484214e+00
9.999232978913227265e-01
1.001538710097032991e+00
9.995233165937584818e-01
1.000668280149277223e+00
1.000337884434828739e+00
1.000553663748304123e+00
9.995774249390402266e-01
1.000965962839239776e+00
1.001045168693812881e+00
1.000281853402453791e+00
1.000960919934702931e+00
1.000444240841573018e+00
1.000510251608149215e+00
1.000316472191968176e+00
1.000393286555860239e+00
9.997957526195196953e-01
1.000826179858363307e+00
1.000468820675220583e+00
9.996510762695475227e-01
1.000294841315913841e+00
9.998066562902335752e-01
1.000326789955108930e+00
1.000343822471003286e+00
1.000635752576382487e+00
1.000431009642860358e+00
1.000328334689518428e+00
1.000110969115293180e+00
1.000214223077235509e+00
1.000026220194101034e+00
1.000635776952186307e+00
9.997712675587746567e-01
1.000319841062008441e+00
1.000574705505202111e+00
1.000215547333819677e+00
1.000246736016845883e+00
1.001266680257774100e+00
1.000544917061173322e+00
1.000660337279347889e+00
9.998363595582548946e-01
1.001016495418812768e+00
9.998096395944701120e-01
1.000814269481630658e+00
1.000975627447725724e+00
9.998007006001320418e-01
1.000372791259216854e+00
1.000384254595899414e+00
1.000685219826517924e+00
1.000037255720717555e+00
1.000862671422766192e+00
1.000792806756880537e+00
1.000298942811868264e+00
1.000450153060219671e+00
9.994206522787928426e-01
1.000756150508084197e+00
1.000123917755870728e+00
1.000613321230963582e+00
1.000567865426759573e+00
1.000275170293054794e+00
1.000518531316748394e+00
1.000359135740375383e+00
9.998916514041641390e-01
1.000041096673163210e+00
1.000549657682959115e+00
1.000273827538872062e+00
9.999899313735450823e-01
1.000156540264252270e+00
1.000621146226668534e+00
1.000712774393031301e+00
1.000406236879385791e+00
1.000142635456616080e+00
1.000388041835896358e+00
1.000956860124301295e+00
1.000806377135942338e+00
1.001172615513396646e+00
1.001054603558194422e+00
1.000612620074547765e+00
9.999242966041816949e-01
1.000477279460074032e+00
1.000566510866461201e+00
9.999589301881658399e-01
1.000398313074232659e+00
1.000027586096481347e+00
1.000054676582666557e+00
9.999595813541397593e-01
1.000083060576215432e+00
1.000277600051785454e+00
1.000334924297965999e+00
1.000318326994287910e+00
1.000658286827087906e+00
9.996039887448904260e-01
9.999126533312863163e-01
1.000992064170445950e+00
1.000190918920921712e+00
1.000374799505042267e+00
1.000408402610208691e+00
9.998952824902986869e-01
1.000064310605827345e+00
1.000119691466890615e+00
1.000476245642599293e+00
1.000229281428882455e+00
1.000510451781323473e+00
9.998590125002901896e-01
1.000157553505649499e+00
