0.000000000000000000e+00
0.000000000000000000e+00
0.000000000000000000e+00
0.000000000000000000e+00
0.000000000000000000e+00
0.000000000000000000e+00
0.000000000000000000e+00
0.000000000000000000e+00
0.000000000000000000e+00
0.000000000000000000e+00
0.000000000000000000e+00
0.000000000000000000e+00
0.000000000000000000e+00
0.000000000000000000e+00
0.000000000000000000e+00
0.000000000000000000e+00
0.000000000000000000e+00
0.000000000000000000e+00
0.000000000000000000e+00
0.000000000000000000e+00
1.431003458293993264e-05
1.686103812355947695e-02
7.185075241200924445e-01
3.025257708326623884e+00
3.557040091910097068e+00
2.172691956615613762e+00
1.009412609030775343e+00
4.482131072959648077e-01
2.306599712255552881e-01
2.261113547409059898e-01
3.634270466930849541e-01
5.533139218179079499e-01
7.005074906732464690e-01
7.809547223073857181e-01
8.096378051270721743e-01
8.118749638339782804e-01
8.320091544973475806e-01
8.688908202511655965e-01
9.357487231790340143e-01
1.002506845903009758e+00
1.056654692559917841e+00
1.115462410034777641e+00
1.174120763571893988e+00
1.229056189405971944e+00
1.260768500039582518e+00
1.272882485938963359e+00
1.256620860672650108e+00
1.225438691061203844e+00
1.171842918355292751e+00
1.104745886565203561e+00
1.042590768221804076e+00
9.941596981523246335e-01
9.562996161108461290e-01
9.336219854949634467e-01
9.261469670096760254e-01
9.191834972113792634e-01
9.248034014164965289e-01
9.277278317043821110e-01
9.308872557012727311e-01
9.377140590053161251e-01
9.478949549606170422e-01
9.589890169108892248e-01
9.712924555914397295e-01
9.802764047940906167e-01
9.921384701099505987e-01
1.001404497248415071e+00
1.005905173444645584e+00
1.011184071329206846e+00
1.010575086481430684e+00
1.012867193528410814e+00
1.009712634209353865e+00
1.007830131192589462e+00
1.006268501560305895e+00
1.003927158361600513e+00
9.999067396389657025e-01
1.001186279673634383e+00
9.982846153084422580e-01
1.003748666804824996e+00
1.002408056374890499e+00
1.003867958995822152e+00
1.007012554373281077e+00
1.007784443309653444e+00
1.008334580451871743e+00
1.007137370161656609e+00
1.006115885718075198e+00
1.005576453386864078e+00
1.003190734527771744e+00
1.002654110686820088e+00
1.000677422937357841e+00
9.987905476078996481e-01
9.972431138632174008e-01
9.946866678342415335e-01
9.940148002945011774e-01
9.909395184414193647e-01
9.922205425369758913e-01
9.918604198111929948e-01
9.910255967947292355e-01
9.926799853974369592e-01
9.916330329919523789e-01
9.937501340134130556e-01
9.957347255160808874e-01
9.955131227288093188e-01
9.974584411068487810e-01
1.000887100607513069e+00
1.001033074518305810e+00
1.004055135172960078e+00
1.003432953428017305e+00
1.004964788387639585e+00
1.004731490092875656e+00
1.005111591314306718e+00
1.004217850724731464e+00
1.002296369539889875e+00
1.001502767010321149e+00
1.000682255711447866e+00
1.001066638095926775e+00
9.998872872620020447e-01
9.996696891268428420e-01
9.994771266457390668e-01
9.978469122150664949e-01
9.990782468577105169e-01
9.985763577633511856e-01
9.971378067047790283e-01
9.983554264451226512e-01
9.980791339350377767e-01
9.983557529807157715e-01
9.982150141051734371e-01
9.996048040881956309e-01
9.985661215500534205e-01
9.996238409792287394e-01
9.988273308922358540e-01
9.995981054464860849e-01
9.990292535488761727e-01
9.995072703581016071e-01
1.000057356712538370e+00
9.990209801526312994e-01
9.986285227044842117e-01
9.994790440797256537e-01
9.995887503092052428e-01
9.993900935824252540e-01
9.998414510690302182e-01
9.998326054446031730e-01
9.999317222793088211e-01
1.000320295656167646e+00
1.000414892023834268e+00
1.000234477761728247e+00
9.999431860129465166e-01
9.994362922458657206e-01
1.000582987332570895e+00
1.000379747880472570e+00
9.996706763290912345e-01
9.991549581408492031e-01
9.995547331082628162e-01
9.996036308430973349e-01
9.991204415096551772e-01
9.982383870913925650e-01
9.996259028350931164e-01
9.993041716172013089e-01
9.990355944616733375e-01
9.992279033551040301e-01
9.999735844676400642e-01
9.988723932918058823e-01
1.000013568070103664e+00
9.996722982034768057e-01
9.994542167147704159e-01
9.990275005677818898e-01
1.000281292318001558e+00
9.999024554904512030e-01
9.994368928675685382e-01
9.996864471179196521e-01
9.998111469585665434e-01
9.992833523760319414e-01
1.000144473099959130e+00
9.986434187557461373e-01
9.991967199167722802e-01
9.997837846420686292e-01
9.997969799449396566e-01
1.000170665866002118e+00
9.997464439658909630e-01
9.993404688085422150e-01
9.998283139166525002e-01
9.998904842883911126e-01
1.000252847765551456e+00
9.993070972586513001e-01
9.999803867694958548e-01
9.994023355028691658e-01
1.000102192812351243e+00
1.000432170626148087e+00
9.994786858803796914e-01
1.000388413495691076e+00
9.998305605296979870e-01
9.994024625104125370e-01
9.998348000695874704e-01
1.000356331567855195e+00
9.992009718019629894e-01
9.997749538029335747e-01
1.000072162524468178e+00
9.998244309024904020e-01
9.995253377162307551e-01
1.000382448044734307e+00
9.998232118819497805e-01
9.994563562174381133e-01
1.000359032606905618e+00
1.000541844186155549e+00
9.999463828177976854e-01
1.000423182118695298e+00
1.000093315355780055e+00
1.000083724085050640e+00
1.000033589866033079e+00
1.000499745773824944e+00
1.000120287706246947e+00
9.998705116057997611e-01
1.000505725089525955e+00
1.000430562226350517e+00
1.000090291135448117e+00
9.998751007888946329e-01
9.998175674636914367e-01
1.000249191238349766e+00
1.000428838920285113e+00
9.999651100516562252e-01
9.999081064581154532e-01
1.000107294462971641e+00
9.998618476238908537e-01
1.000080855773990862e+00
9.999079225877929300e-01
1.000245093777643701e+00
1.000068076231479308e+00
1.000547285901699501e+00
9.995876240648273736e-01
1.000251142918078040e+00
1.001071640719369160e+00
1.000004434393698238e+00
1.000235133283210009e+00
1.000529469267777749e+00
9.990867728661776415e-01
1.000506489619936934e+00
1.000223662818078729e+00
9.998949932595299073e-01
9.996374741644774575e-01
1.000047866946056407e+00
9.996044002252302274e-01
1.000362598511749690e+00
9.998199862067650434e-01
9.992724335404263858e-01
9.997538541354256125e-01
9.993816933151167259e-01
1.000177015249753776e+00
1.000179965152105055e+00
1.000219831327188613e+00
9.999251954161704203e-01
9.998117532228559812e-01
9.999911871582094491e-01
9.999868602695513031e-01
9.999646293859311141e-01
1.000342188728886805e+00
1.000071887768474888e+00
1.000648842070934297e+00
9.999327212745510174e-01
9.997439881284391205e-01
9.995463345973959468e-01
1.000175234939974400e+00
1.000035815643653292e+00
9.999450069283817299e-01
9.999732915462774541e-01
1.000006996526113578e+00
1.000244861682596520e+00
1.000042299328338657e+00
9.997877573601231527e-01
9.995537829352876269e-01
1.000141910465978334e+00
1.000183237360630750e+00
1.000072075973144514e+00
9.998454877620938097e-01
1.000044850397018292e+00
9.994609509672134351e-01
1.000377867391198716e+00
1.000091078458190674e+00
1.000220645072549486e+00
1.000061406801022956e+00
9.998131300753908546e-01
9.998893578458596387e-01
1.000154364622048320e+00
1.000336027370059000e+00
9.998515252777148143e-01
1.000197030058639136e+00
1.000130932482366397e+00
9.997720167390325985e-01
1.000220331499716231e+00
9.996915506169485877e-01
9.998169846187195953e-01
9.997579358729626886e-01
9.997055118926996276e-01
9.999318296963147779e-01
1.000641043518596396e+00
1.000059405104167354e+00
1.000156105718140953e+00
1.000040195963766587e+00
9.999656983257739773e-01
1.000000087733006859e+00
1.000112493933333235e+00
9.996145622933335639e-01
9.999198777756511669e-01
9.998685721404153570e-01
1.000098723813213741e+00
1.000368327844950445e+00
9.996508318700587647e-01
1.000294671747853137e+00
9.998994316982799946e-01
1.000117869181727404e+00
9.999632180042904439e-01
1.000517517265916867e+00
9.999493210702552481e-01
9.999542076072106545e-01
9.997003711164448303e-01
1.000139658080319460e+00
1.000027124424823333e+00
9.998991831681881548e-01
1.000085366898352035e+00
1.000550220348555008e+00
1.000053858524093453e+00
9.999811964576219570e-01
9.999307826051649917e-01
9.997465398231097922e-01
9.997588115264599562e-01
9.999091371468736833e-01
1.000197709170227434e+00
9.998175759272360796e-01
1.000032035218308968e+00
1.000201401448798322e+00
1.000136357464441295e+00
1.000400934998656455e+00
1.000074775434221630e+00
1.000112066535096877e+00
1.000087564841125154e+00
9.999294234878869370e-01
1.000256962494925572e+00
1.000211267493832379e+00
1.000155937550089469e+00
1.000078419760063175e+00
1.000153917637571555e+00
1.000200997638422296e+00
9.999979538336011275e-01
1.000097070247477182e+00
1.000402313385152064e+00
1.000223463569723137e+00
1.000236054611832071e+00
9.999863963882807960e-01
1.000015581483889804e+00
9.999460795295471716e-01
9.999296478942597544e-01
9.999984711598726150e-01
9.998966378403281174e-01
9.999811300435328398e-01
9.996722963549774521e-01
9.985928312852986322e-01
9.913672871680659915e-01
9.827799628214325400e-01
9.747302973497787848e-01
9.665243474729856565e-01
9.582497173345516650e-01
9.496829529899358802e-01
9.418393771674689052e-01
9.337520953634064202e-01
9.254465041373616252e-01
9.174932779198740063e-01
9.090759791642758492e-01
9.010351861477747804e-01
8.936352785757645245e-01
8.858362942046235089e-01
8.774686644967057969e-01
8.701833489716669368e-01
8.621408407422838094e-01
8.551588314690862225e-01
8.468500556484537256e-01
8.391208484166502446e-01
8.317305710537218344e-01
8.239781991551526907e-01
8.165960075969226351e-01
8.094002002431101017e-01
8.020454474537204170e-01
7.944597578625276491e-01
7.871697581400477484e-01
7.797220458061530080e-01
7.728576845397551187e-01
7.653405511263560168e-01
7.582025925759861007e-01
7.509940067456694068e-01
7.443077187581933485e-01
7.365230386564665110e-01
7.299581997770210329e-01
7.226454183541312082e-01
7.158886489639810780e-01
7.088002145678162780e-01
7.020029236867368905e-01
6.951522887109579107e-01
6.881215691505376819e-01
6.812816840228507198e-01
6.745633681427752881e-01
6.677977396996990223e-01
6.613213936865052212e-01
6.546773886857382152e-01
6.480224498464000060e-01
6.418224332537608712e-01
6.348544221113016084e-01
6.281426195838269999e-01
6.217484436862086294e-01
6.153840542970181460e-01
6.089112483253292796e-01
6.026506085664331547e-01
5.958349841055796681e-01
5.897766522206556727e-01
5.834594135068309484e-01
5.770972578272293152e-01
5.710698330984793625e-01
5.645297285263860543e-01
5.585543504586747421e-01
5.524646712416527716e-01
5.463421190612881562e-01
5.401305060092820298e-01
5.341087088662335169e-01
5.282037830571711945e-01
5.219199931162266104e-01
5.161919412909589111e-01
5.101125708096946321e-01
5.043022856802077403e-01
4.980527495576309582e-01
4.924278540183465447e-01
4.865869603678978916e-01
4.806667747514609679e-01
4.750733363478538696e-01
4.690861682425632728e-01
4.634554937853823664e-01
4.577875674496892922e-01
4.521796505210561867e-01
4.463301568043979706e-01
4.406250519714359770e-01
4.352186011781692399e-01
4.296716051889959420e-01
4.241619828121021007e-01
4.184162728045399127e-01
4.131654483625302743e-01
4.076670155467341794e-01
4.021170533776183831e-01
3.966810516431202305e-01
3.912048891616203838e-01
3.859785441225407898e-01
3.803806854778133406e-01
3.752097766544431057e-01
3.700929518512068306e-01
3.644941462178545866e-01
3.594518761368767357e-01
3.538936939369607404e-01
3.488335083418043214e-01
3.435664939733812928e-01
3.382966920124735877e-01
3.333162326478114612e-01
3.283297864622743423e-01
3.232383996036724549e-01
3.180185879734609977e-01
3.130629364226317768e-01
3.079006296993233027e-01
3.030653108523539419e-01
2.980708210343164799e-01
2.929914012645578603e-01
2.879465269574265629e-01
2.831543741559002236e-01
2.781774368794925345e-01
2.733184698422951309e-01
2.684325729407328054e-01
2.636217282132626294e-01
2.586546952036620217e-01
2.538378886279708535e-01
2.494380411858747038e-01
2.444546189718239670e-01
2.397895848054607815e-01
2.350158241509567036e-01
2.302160507673475243e-01
2.256670521145653086e-01
2.209375675290623509e-01
2.163724934611304385e-01
2.116759251547207232e-01
2.071174140219953774e-01
2.024585435855585369e-01
1.979199554541802575e-01
1.935046264878002020e-01
1.888638658698511275e-01
1.844002150145070407e-01
1.798227823042842788e-01
1.753948564833674451e-01
1.709895952484014880e-01
1.665209037214018528e-01
1.620149428287734616e-01
1.577376300164645417e-01
1.533594028342894766e-01
1.489979441521599168e-01
1.445093083844592730e-01
1.402407958967216706e-01
1.359786247840671092e-01
1.316890904647496918e-01
1.273437967776951396e-01
1.231614051982309610e-01
1.190145347632773909e-01
1.153184288930682311e-01
1.118017749118476595e-01
1.084605072073263898e-01
1.051745326399797509e-01
1.020584514154000422e-01
9.914071630209672636e-02
9.619983271869636532e-02
9.341656355817223867e-02
9.067428671011482089e-02
8.805749763936952801e-02
8.558474418611727863e-02
8.301987657803749920e-02
8.053677768851769114e-02
7.827861615007018770e-02
7.591406172351457260e-02
7.362822772120436454e-02
7.158987475170650039e-02
6.958335223937620051e-02
6.741733350708681294e-02
6.539027467209611311e-02
6.349867998868481689e-02
6.150529325432835953e-02
5.973137164085092626e-02
5.787195241676871410e-02
5.617065237573128783e-02
5.434649015763674124e-02
5.263260804707724921e-02
5.115103908742508337e-02
4.949096875692152175e-02
4.799207342719409575e-02
4.646928425265887952e-02
4.497427898953688247e-02
4.352799530702482211e-02
4.206749245786678415e-02
4.075692653298158136e-02
3.943023094800628126e-02
3.806616836680756788e-02
3.681979746159923239e-02
3.556631938857042485e-02
3.431228304012808039e-02
3.317989800556218200e-02
3.201503194011960651e-02
3.087933744585581383e-02
2.980664131009405637e-02
2.873118616900361896e-02
2.770313153227904612e-02
2.665542020313739144e-02
2.566082264404967103e-02
2.473461700411623554e-02
2.378650359398032377e-02
2.283445830883204866e-02
2.200510573433636305e-02
2.113280278323043451e-02
2.030170011730430407e-02
1.947330134955851944e-02
1.865493514242340736e-02
1.787008136730385693e-02
1.712113433297463710e-02
1.641239354659959973e-02
1.569427579239331821e-02
1.499616045707256873e-02
1.430570039661189369e-02
1.365525761519412011e-02
1.304162652581548551e-02
1.241157538957786584e-02
1.182369201458241884e-02
1.125193680045919777e-02
1.069317280708550859e-02
1.014619820238306901e-02
9.599311881702484589e-03
9.086501005734430592e-03
8.635717560801290174e-03
8.150657707308491678e-03
7.672819881604839472e-03
7.252789136146556639e-03
6.807861375529172115e-03
6.411202470108488122e-03
5.992889366833239508e-03
5.624207357023579094e-03
5.242713026074456370e-03
4.914966594000063325e-03
4.558556992868063006e-03
4.227278912076240167e-03
3.916268030359580828e-03
3.619900887063619722e-03
3.332070392251138598e-03
3.071724699582715611e-03
2.818025497426611230e-03
2.567326769244894329e-03
2.337542646398087145e-03
2.114522791789495704e-03
1.899504872447471682e-03
1.710871305544722646e-03
1.522814358543020732e-03
1.352496717974838994e-03
1.190428651244364745e-03
1.035266619419362554e-03
8.924687764138694969e-04
7.671357553737628409e-04
6.488370832401560689e-04
5.376709793390467822e-04
4.427813016504188377e-04
3.531412930580998268e-04
2.792022183743995511e-04
2.105726654483211372e-04
1.497359287071525649e-04
1.022228305129524347e-04
6.473536156920043857e-05
3.641467626060680631e-05
1.578344990854170778e-05
3.506694960657817390e-06
3.366987680609929054e-07
0.000000000000000000e+00
0.000000000000000000e+00
0.000000000000000000e+00
0.000000000000000000e+00
0.000000000000000000e+00
0.000000000000000000e+00
0.000000000000000000e+00
0.000000000000000000e+00
0.000000000000000000e+00
0.000000000000000000e+00
0.000000000000000000e+00
0.000000000000000000e+00
0.000000000000000000e+00
0.000000000000000000e+00
0.000000000000000000e+00
0.000000000000000000e+00
0.000000000000000000e+00
0.000000000000000000e+00
0.000000000000000000e+00
0.000000000000000000e+00
0.000000000000000000e+00
0.000000000000000000e+00
0.000000000000000000e+00
0.000000000000000000e+00
0.000000000000000000e+00
0.000000000000000000e+00
0.000000000000000000e+00
0.000000000000000000e+00
0.000000000000000000e+00
0.000000000000000000e+00
0.000000000000000000e+00
0.000000000000000000e+00
0.000000000000000000e+00
0.000000000000000000e+00
0.000000000000000000e+00
0.000000000000000000e+00
0.000000000000000000e+00
