0.000000000000000000e+00
0.000000000000000000e+00
0.000000000000000000e+00
0.000000000000000000e+00
0.000000000000000000e+00
0.000000000000000000e+00
0.000000000000000000e+00
0.000000000000000000e+00
0.000000000000000000e+00
0.000000000000000000e+00
0.000000000000000000e+00
0.000000000000000000e+00
0.000000000000000000e+00
0.000000000000000000e+00
0.000000000000000000e+00
0.000000000000000000e+00
0.000000000000000000e+00
0.000000000000000000e+00
0.000000000000000000e+00
0.000000000000000000e+00
0.000000000000000000e+00
0.000000000000000000e+00
0.000000000000000000e+00
0.000000000000000000e+00
0.000000000000000000e+00
0.000000000000000000e+00
0.000000000000000000e+00
0.000000000000000000e+00
0.000000000000000000e+00
0.000000000000000000e+00
0.000000000000000000e+00
0.000000000000000000e+00
1.482981154727704663e-02
3.501464719144328219e-01
1.979500813299333251e+00
4.768400602486972062e+00
6.570142068756443798e+00
6.344267946541348735e+00
5.072615907531830892e+00
3.699789723255564766e+00
2.635806887006013621e+00
1.911434820704975834e+00
1.468773643975510579e+00
1.167662616614404403e+00
9.952098635805594062e-01
8.514947238270421659e-01
8.137676101499700110e-01
8.117066576622398166e-01
8.032663260789553172e-01
8.250404844239036528e-01
8.850383261457417383e-01
9.054823176257951189e-01
9.652886616131804987e-01
1.007577199871257490e+00
1.083057860763418701e+00
1.124785887840025200e+00
1.151485611571361201e+00
1.168556861106797351e+00
1.154281897937332158e+00
1.155556259395720264e+00
1.149180258193900794e+00
1.143604263902406215e+00
1.129151205068871233e+00
1.081878532092194645e+00
1.047294223083715670e+00
1.005739806067762698e+00
9.679635732181506302e-01
9.192230821895359671e-01
9.077190721360938186e-01
8.902851736931332027e-01
8.703707412609408278e-01
8.941659700869372118e-01
9.043538513609741258e-01
9.285585738711756854e-01
9.450151752781660308e-01
9.717462109679179116e-01
9.912737977854799709e-01
9.910847250936205555e-01
1.023499225988839134e+00
1.029236762962752127e+00
1.012202179768136867e+00
1.020533045414700801e+00
1.024077750250551588e+00
1.023674563699477513e+00
1.018275259692147161e+00
1.014583490365066787e+00
9.995630898529183073e-01
9.907457505696715128e-01
9.784831046006428057e-01
9.795331104785379717e-01
9.764727321407951077e-01
9.514392489311521706e-01
9.566422262156965006e-01
9.620858252530014587e-01
9.601903237206180775e-01
9.626345451553308674e-01
9.656708663789185243e-01
9.659941617705040118e-01
9.745679785650368521e-01
9.711457295044286786e-01
9.787366866851622271e-01
9.889611910160094332e-01
1.004129408155083558e+00
1.002645419970314977e+00
9.938862920480510121e-01
9.999827953536754022e-01
1.010795848089643512e+00
1.012948790848287928e+00
1.003196071717317395e+00
1.012618150613155743e+00
1.003752069810536218e+00
1.012484747563460408e+00
1.006216944620823783e+00
1.004351816347994086e+00
1.005859081120487719e+00
1.002021282743407404e+00
9.912810496224525592e-01
9.923213244801024624e-01
9.896079264789451324e-01
9.933900421380101875e-01
9.976734590742554198e-01
9.872829869406630765e-01
9.907582316791692101e-01
9.862711761067649574e-01
9.971336825525380920e-01
9.922299105390679497e-01
9.933308328258556585e-01
9.827448491250906359e-01
9.969348098147886583e-01
1.000456880246628044e+00
9.944290313496076950e-01
9.964650911234594899e-01
1.000326578298721181e+00
9.953228635773843092e-01
9.984190536470400890e-01
9.982118399724738689e-01
9.963669537039174795e-01
1.000569936864855070e+00
9.928756472801596455e-01
1.001578432499595994e+00
1.007388862066836754e+00
1.002683599406053894e+00
1.000750691837113848e+00
9.976461108107858022e-01
9.996795026720421973e-01
9.997257916650448273e-01
9.928946857767401157e-01
9.982230180663880237e-01
9.983457002235456290e-01
9.964301995151555458e-01
9.937379784258825177e-01
9.965016351120424831e-01
9.954725196973409629e-01
1.006157834978811838e+00
9.991948532836090191e-01
9.991184390889018552e-01
9.954335679303571993e-01
9.977062496422069993e-01
9.981976086308343987e-01
9.968358917024400245e-01
9.951998429977704230e-01
9.977009334759411319e-01
9.955034814665075782e-01
1.001953782612222454e+00
9.976541296303716999e-01
9.977532462621888643e-01
9.920395702595981025e-01
9.973074922011284649e-01
9.981191239836809670e-01
9.922710265788710071e-01
9.986435762538058425e-01
1.001577263030930975e+00
1.000572850205895259e+00
1.000099215632407335e+00
9.987990110454358916e-01
9.936225657005522960e-01
9.926952471761150143e-01
1.001026925027822756e+00
1.000879154632875911e+00
9.952657564975548876e-01
1.000351004355641171e+00
1.001394195923463792e+00
9.967834470200558350e-01
9.942026916238682066e-01
9.912938600062204397e-01
9.939155630664003871e-01
9.948323316329296118e-01
9.907869541439802141e-01
9.952921952923911020e-01
9.967968607267979619e-01
9.963991984138493851e-01
9.949022697994798214e-01
9.930910424103512879e-01
9.916679721105180478e-01
9.968970329721129620e-01
9.958760267630836216e-01
9.975451380485451658e-01
9.934515730497166519e-01
9.920012863140166282e-01
9.938077821163456838e-01
9.993921717933874627e-01
9.954908074182571287e-01
9.957012313925920344e-01
9.964529518602105451e-01
9.984921804538808843e-01
9.944071357504596920e-01
9.954022746144913780e-01
9.984899789401678882e-01
9.942906601122760701e-01
9.985687713514851405e-01
1.001142189393452897e+00
9.948795038972497728e-01
9.998988963091333115e-01
9.996554121326364228e-01
1.000652698377848537e+00
9.994656795900567214e-01
9.999692322980883175e-01
9.973096756581547595e-01
9.966990702244549194e-01
9.991918186233388344e-01
9.965099927890331832e-01
1.000287662356501128e+00
9.940443665090490377e-01
9.961884061410829494e-01
9.967972644931222259e-01
9.976536078459257162e-01
9.996563475520228170e-01
9.988509093204709366e-01
9.975815498709373896e-01
1.001547343671281398e+00
9.986305576258335259e-01
1.000075958007594634e+00
1.000635181842586041e+00
1.003099939320248657e+00
1.000098334333769934e+00
9.989522781768735982e-01
9.964570349674094496e-01
9.962092298190426964e-01
9.981716981204985517e-01
1.002284500621748009e+00
9.980013521248709552e-01
9.973482758680746185e-01
1.004006827426769499e+00
1.000687844890505218e+00
9.996891431721283139e-01
9.993187824715121792e-01
9.965478713867425009e-01
9.964830324498776815e-01
9.981539597326060109e-01
9.969763058525759059e-01
9.998100340852587031e-01
1.001072744519092783e+00
9.981961116227264785e-01
9.973132038992448267e-01
1.000704217791299033e+00
1.003221451454214819e+00
9.990638346937137371e-01
1.000814212742299425e+00
9.977503240884506575e-01
9.977360291273230652e-01
9.990179164317165572e-01
9.970754887592043758e-01
9.958822640977779139e-01
9.972924612441940173e-01
9.995022383926142062e-01
1.001769269399568341e+00
9.962391145211865195e-01
9.988635972194761514e-01
9.971579602932104658e-01
9.996522121353818013e-01
9.982767129348991686e-01
9.997193470643289670e-01
9.975858079738683104e-01
9.982405486519714266e-01
9.984542435611989397e-01
9.967133979728128867e-01
9.889446306678583154e-01
9.740716388182946162e-01
9.679457056149960437e-01
9.591752351884068606e-01
