0.000000000000000000e+00
0.000000000000000000e+00
0.000000000000000000e+00
0.000000000000000000e+00
0.000000000000000000e+00
0.000000000000000000e+00
0.000000000000000000e+00
0.000000000000000000e+00
0.000000000000000000e+00
0.000000000000000000e+00
0.000000000000000000e+00
0.000000000000000000e+00
0.000000000000000000e+00
0.000000000000000000e+00
0.000000000000000000e+00
0.000000000000000000e+00
0.000000000000000000e+00
0.000000000000000000e+00
0.000000000000000000e+00
0.000000000000000000e+00
0.000000000000000000e+00
0.000000000000000000e+00
0.000000000000000000e+00
0.000000000000000000e+00
0.000000000000000000e+00
0.000000000000000000e+00
0.000000000000000000e+00
0.000000000000000000e+00
0.000000000000000000e+00
0.000000000000000000e+00
0.000000000000000000e+00
0.000000000000000000e+00
1.150657844340015855e-02
3.258603171697909140e-01
2.020691439129639999e+00
4.902203857128514031e+00
6.628720188519477752e+00
6.372881939892165448e+00
5.079662212967867241e+00
3.739653398482647439e+00
2.654242862550660664e+00
1.927075229583974814e+00
1.458095378182336699e+00
1.168160869634249144e+00
9.960879267513766955e-01
8.772474277317895419e-01
8.264327640870988700e-01
8.050515722361238913e-01
7.874686830210260169e-01
8.247592766092121108e-01
8.836086720631064484e-01
9.106284938577136057e-01
9.735781252890639559e-01
1.033776955707113698e+00
1.081395068667212689e+00
1.124765670109492133e+00
1.140047597025415138e+00
1.160212515445100179e+00
1.145590506736284153e+00
1.159592863985116518e+00
1.162753274953680638e+00
1.133460859878789639e+00
1.110134714725283800e+00
1.095809344830107834e+00
1.049369694325358759e+00
1.008066584758511297e+00
9.523857258690252570e-01
9.381890197624802585e-01
9.021323159915362044e-01
8.907300082824981535e-01
8.800417838122069902e-01
9.017220689779004150e-01
9.289710002624402829e-01
9.299142228990550096e-01
9.455098453292046790e-01
9.667817653533136157e-01
9.920255628218969113e-01
1.000183193746071897e+00
1.027899969997419838e+00
1.036307218344011183e+00
1.034728913622563695e+00
1.044504908783894903e+00
1.017948389171412948e+00
1.023426050419325550e+00
1.018525481558710366e+00
1.007032946625390890e+00
9.969156077855717557e-01
9.962381155215066508e-01
9.950951045280278517e-01
9.682283182925719434e-01
9.839515053353428131e-01
9.857260561906524554e-01
9.659490319228503097e-01
9.755216591292290573e-01
9.735863771729196259e-01
9.783294483847133627e-01
9.677011465225991982e-01
9.752296013743189107e-01
9.779393154581957903e-01
9.868641630740837556e-01
9.939315447510302937e-01
1.000163150871991258e+00
1.005783592078785427e+00
1.007471106141806461e+00
1.003221254170234333e+00
1.002712212734194308e+00
1.014404765412232567e+00
1.018408716900879751e+00
1.012319190211503628e+00
1.017049130497076792e+00
1.018898884571627805e+00
1.012632385318016581e+00
1.006981574418531755e+00
9.994638059872756886e-01
1.000562754449679348e+00
9.962704016072218005e-01
9.990820937300829430e-01
9.933199174051122737e-01
9.890132927044538169e-01
9.863188395362438854e-01
9.967660033909221395e-01
9.931972455342390482e-01
9.901696802635882033e-01
9.870032857410450111e-01
9.973851792335447497e-01
9.919292947906914737e-01
9.839211968640093620e-01
9.893669007878208577e-01
9.957841294517680852e-01
9.969574227622344242e-01
1.002133348426502701e+00
9.846692822663440925e-01
9.979249632876304732e-01
9.940034174366875197e-01
9.951045433785156158e-01
9.955942416610161771e-01
9.912079289021067385e-01
9.986298384788689919e-01
1.000905045594706388e+00
9.979464746780000173e-01
9.977617510282318358e-01
9.919785255939461699e-01
9.912335851917387641e-01
9.941512912673841074e-01
9.945521648406345783e-01
9.883156737725831142e-01
9.945148002155911326e-01
9.944714711846199817e-01
1.000794027606260794e+00
9.949189052762406060e-01
9.980309786681302864e-01
9.889591911615710496e-01
9.945914733881535685e-01
9.972996033803419591e-01
9.988361135481937936e-01
1.000708728336314968e+00
9.956476731859338347e-01
9.924524590058405593e-01
9.902260101238304912e-01
9.905784250097504628e-01
9.921349032842057269e-01
9.951407349635529309e-01
9.909295296479917470e-01
9.982854698662717574e-01
1.001277415762215073e+00
9.899930276630679593e-01
9.950805188514157962e-01
9.975406062090903525e-01
9.969803131616254976e-01
9.936279449883899106e-01
9.964549423588813237e-01
9.951262860777804198e-01
1.001749373203354665e+00
1.000670663281764794e+00
1.002557875259955766e+00
9.980406534670968055e-01
9.975755908571629638e-01
9.946314427916872480e-01
9.975737072162774721e-01
1.001084646595238326e+00
1.002757212822151578e+00
9.994782165648624650e-01
9.985625070053489871e-01
1.003374875526389598e+00
9.973362286746969563e-01
9.981040556330670332e-01
9.976255032073444440e-01
9.986753677218018765e-01
1.004405526583724839e+00
9.985866409307813107e-01
9.931468646526382393e-01
1.001082592900745194e+00
9.998857147475824769e-01
1.000247105003287285e+00
9.938081181294535771e-01
1.001327948266646395e+00
9.956392855794207186e-01
9.982130206114192550e-01
1.001561936295533028e+00
9.983465068591806935e-01
1.004598878225623881e+00
1.001025513693269531e+00
9.981256695597225947e-01
1.002630700091796445e+00
1.003170066939615523e+00
9.951511593720393511e-01
9.952086141041219802e-01
9.971383751610354285e-01
9.954749077974022198e-01
1.001607262852862945e+00
9.980994876471860344e-01
9.999509520950790042e-01
1.002213930772114514e+00
1.000924214389294908e+00
9.948773884948203250e-01
9.935349457756592617e-01
9.955747289143990209e-01
9.975350807931990804e-01
9.974207939949002455e-01
9.989882654120999517e-01
9.963531065548192345e-01
1.001459748669272010e+00
1.001518689992652478e+00
9.975242801011616756e-01
9.990061024237651965e-01
1.000847407410971224e+00
9.989160328637298747e-01
9.945009335442138720e-01
1.000362506840761556e+00
9.980022659857163969e-01
9.989344843596290602e-01
9.982409005599084395e-01
9.979969564488929690e-01
9.959717855465208824e-01
9.982819840113341670e-01
9.974975487057602397e-01
9.960966698016617826e-01
9.958523803314861533e-01
9.998508144511627505e-01
9.992178869901524596e-01
9.933539974971746789e-01
9.992698703949792760e-01
9.960795653794111137e-01
9.972082464059972562e-01
9.906040428355260552e-01
9.966315179479217079e-01
9.944427918394308508e-01
9.979009141657558812e-01
9.958474856693454447e-01
9.969927185578043582e-01
9.952211907358952114e-01
9.973364988900687012e-01
9.968791122378820591e-01
9.930143275424822003e-01
9.957599853521088562e-01
9.957180300087047353e-01
9.968657726426680687e-01
9.943198042982661633e-01
9.965692317605948647e-01
9.966687692215975281e-01
9.973145573506175809e-01
9.935527000323826075e-01
9.986192965684884681e-01
9.937071575942444390e-01
9.948210705214647342e-01
9.949282519775226596e-01
9.987062466815145312e-01
9.972211074849000045e-01
9.961349862291849488e-01
9.943904036205215569e-01
9.955273833910606163e-01
9.976833181910937931e-01
9.987878177623860099e-01
9.975746298295391501e-01
9.955854577456330068e-01
9.957340457706819192e-01
9.832734220904485456e-01
9.737512487333198630e-01
9.665097999429386189e-01
9.507617319738652650e-01
