0.000000000000000000e+00
0.000000000000000000e+00
0.000000000000000000e+00
0.000000000000000000e+00
0.000000000000000000e+00
0.000000000000000000e+00
0.000000000000000000e+00
0.000000000000000000e+00
0.000000000000000000e+00
0.000000000000000000e+00
0.000000000000000000e+00
0.000000000000000000e+00
0.000000000000000000e+00
0.000000000000000000e+00
0.000000000000000000e+00
0.000000000000000000e+00
0.000000000000000000e+00
0.000000000000000000e+00
0.000000000000000000e+00
0.000000000000000000e+00
0.000000000000000000e+00
0.000000000000000000e+00
0.000000000000000000e+00
0.000000000000000000e+00
0.000000000000000000e+00
0.000000000000000000e+00
0.000000000000000000e+00
1.610171075107568416e-05
4.977245598059663358e-03
2.401696641130180165e-01
1.618657074745060598e+00
3.461072288531759522e+00
3.672396937724591748e+00
2.654365281371555252e+00
1.611008923185116348e+00
9.482616599685586012e-01
6.154424283841779530e-01
4.748655661920683779e-01
4.406273772441048897e-01
4.655472459933959750e-01
5.255262187001212837e-01
6.101457029559571588e-01
7.086763319806541617e-01
8.228402532774077294e-01
9.400219146595344410e-01
1.038185438791581650e+00
1.130618296643610021e+00
1.192715702993649041e+00
1.237430001494327803e+00
1.244588078124861275e+00
1.229308734778337797e+00
1.201175648444410937e+00
1.163762473564490474e+00
1.123481765387948084e+00
1.073194349896337663e+00
1.026342314447779236e+00
9.881977498238674329e-01
9.447476858423092816e-01
9.064981423887126244e-01
8.770961902254753584e-01
8.571317302268284255e-01
8.532080550932950036e-01
8.593576733512806598e-01
8.803139760455243046e-01
9.074331160046544831e-01
9.408352052926119979e-01
9.750052914977068719e-01
1.007631898489749434e+00
1.029034036279842024e+00
1.051771090978234291e+00
1.066190337006271305e+00
1.071631346580948607e+00
1.076433431657760620e+00
1.073327279101629728e+00
1.069779482482711375e+00
1.056492055380744421e+00
1.042209948380618867e+00
1.031187573027172677e+00
1.013796220634299194e+00
1.002605279384530812e+00
9.953017172584988081e-01
9.871193086843121911e-01
9.800335756748189686e-01
9.755015524148168415e-01
9.779130157525212086e-01
9.784494649148546275e-01
9.811119644554475716e-01
9.857312831190084834e-01
9.933536128799757003e-01
9.922877722646246124e-01
9.923763237361060696e-01
9.985921535217481271e-01
9.996943327452916250e-01
1.002451890872015472e+00
1.002512991444666879e+00
1.006253426329403844e+00
1.005820050895021689e+00
1.007266711226660005e+00
1.002206788006603899e+00
1.005828949985619669e+00
1.001908603420994526e+00
1.001186830738029387e+00
9.978774516855485333e-01
9.990967358698908951e-01
9.990140026749804170e-01
9.981574583514836174e-01
1.000276948235133911e+00
9.997330072422470071e-01
1.000500812217910873e+00
1.000437114175197539e+00
1.001591201058547487e+00
1.003468818045839539e+00
1.001103439094551684e+00
1.002178169070879310e+00
1.003154759974850263e+00
1.001735495190408054e+00
1.000389206462739322e+00
1.002561724343463245e+00
1.000453919809619174e+00
1.001583971365037407e+00
1.000312107373128256e+00
9.995138173982929253e-01
1.000697887909947736e+00
9.996750494489131666e-01
9.993194999517581723e-01
9.987995853131745871e-01
9.983522740861163758e-01
9.986343468020136838e-01
9.996857943599307683e-01
9.983172124031680639e-01
9.997827284245156543e-01
9.991094077548328123e-01
1.000947858404401369e+00
1.001176151711667961e+00
1.000424661375014512e+00
9.993620220254986197e-01
1.000493006238494020e+00
1.001510613034896302e+00
1.001754040297670789e+00
1.002989616550887586e+00
1.001081767020612467e+00
1.001253248998916545e+00
1.001161808936088082e+00
1.002517437645311649e+00
9.994033803795442372e-01
1.001515865570951069e+00
1.002611847878169149e+00
1.001738384930296988e+00
1.001737910968208745e+00
1.000002815765571373e+00
9.993591629036275847e-01
1.000345849112806329e+00
1.000277173381367346e+00
1.001469705237383767e+00
9.998069451805401409e-01
1.001418965573186215e+00
9.998955723516118610e-01
9.993742221526474845e-01
1.000559146625606077e+00
1.000722045974666630e+00
9.994804546881155272e-01
1.000588063398777372e+00
1.001263504217985600e+00
1.000409854651659769e+00
9.999704897024322969e-01
1.000522854814543949e+00
1.000252712226204155e+00
1.000965945065934282e+00
1.002552206804743440e+00
1.000218649817535832e+00
1.001511153716384550e+00
1.001335071225090356e+00
1.000085267636188879e+00
1.000860527815113032e+00
1.000023816691100853e+00
1.000305565998078627e+00
1.000117610418873149e+00
1.000817773992309423e+00
1.000081886642147477e+00
1.000473064054209438e+00
1.000225293918482583e+00
9.998908051927603013e-01
9.991726576451950281e-01
1.001943883070039343e+00
1.001654627187845037e+00
1.000618979650789164e+00
1.000290510178384107e+00
1.001235364978436460e+00
1.000594504288617292e+00
9.997536768888323211e-01
9.996145941549191560e-01
9.996148331171146317e-01
9.998969879798971228e-01
1.000928511272652477e+00
1.000177273030262048e+00
1.000484131011536437e+00
1.000841764704150094e+00
9.999260565769882980e-01
1.001063588772278745e+00
1.001508200046177466e+00
1.000402486582679273e+00
1.001147859423175746e+00
9.998381721125244592e-01
1.001059546847595350e+00
1.000030774873786221e+00
1.001127881112929163e+00
1.000670383789265871e+00
9.993229698355364787e-01
1.001741654107608293e+00
1.001141697903985550e+00
1.001492652793551263e+00
1.000350130134351812e+00
1.000403710162807824e+00
1.000576439456845712e+00
1.000840370221429243e+00
1.000809822086135004e+00
1.000865741842303702e+00
1.000247867713522476e+00
9.999437132016336660e-01
1.000239522309631202e+00
1.001388807482624488e+00
1.000439219592291096e+00
1.000452645484022351e+00
1.001032100584009932e+00
1.000331896189592618e+00
1.000900845047379750e+00
9.998307849682636084e-01
9.999780272529164016e-01
1.000210351239375184e+00
1.000110717889091116e+00
9.999288571862621211e-01
9.998221109808512752e-01
1.000322723800129987e+00
1.000294299691158573e+00
1.000310146814799239e+00
1.000369801468405262e+00
1.000662015238588332e+00
1.000623890887324619e+00
1.000460658555175408e+00
1.000085217508050350e+00
1.000037874452864850e+00
1.000483636521836805e+00
1.000587767849421050e+00
1.000295568228116938e+00
1.000651411043616879e+00
1.000560515880072776e+00
1.000219292566018270e+00
1.000657469652237008e+00
1.000791358411450283e+00
1.000101964944680955e+00
1.001103982472377085e+00
9.999854527577185515e-01
1.000269943322220856e+00
1.000402663034742012e+00
1.000355004805725478e+00
1.000320722159777409e+00
1.000344486842368985e+00
1.000040354108437501e+00
9.995507816509598964e-01
9.995974938120515407e-01
9.992136542783353059e-01
1.000220123633035474e+00
1.000522172827085443e+00
9.999483997841742688e-01
1.000500090425586297e+00
9.990853290325215630e-01
1.000185238693355849e+00
1.000318200755272224e+00
9.995548486113519093e-01
1.000173665858664851e+00
1.000395691604311743e+00
9.998778889977241180e-01
9.998422499596343327e-01
1.000073447932811943e+00
9.999453592073860309e-01
9.983785622032514961e-01
9.890637633641610194e-01
9.793671230585768717e-01
9.678254236936176813e-01
9.573442242728125162e-01
