0.000000000000000000e+00
0.000000000000000000e+00
0.000000000000000000e+00
0.000000000000000000e+00
0.000000000000000000e+00
0.000000000000000000e+00
0.000000000000000000e+00
0.000000000000000000e+00
0.000000000000000000e+00
0.000000000000000000e+00
0.000000000000000000e+00
0.000000000000000000e+00
0.000000000000000000e+00
0.000000000000000000e+00
0.000000000000000000e+00
0.000000000000000000e+00
0.000000000000000000e+00
0.000000000000000000e+00
0.000000000000000000e+00
0.000000000000000000e+00
0.000000000000000000e+00
0.000000000000000000e+00
0.000000000000000000e+00
0.000000000000000000e+00
0.000000000000000000e+00
0.000000000000000000e+00
0.000000000000000000e+00
0.000000000000000000e+00
4.976315129468502144e-03
2.407123467127899319e-01
1.620684097884306007e+00
3.446057026560062297e+00
3.682683773547628103e+00
2.653532749245981037e+00
1.611976156651358627e+00
9.510309693501112216e-01
6.182335265947558334e-01
4.775992890834491744e-01
4.457609363290065407e-01
4.673252391713044185e-01
5.301414980145082723e-01
6.109860180406391228e-01
7.129994635570451322e-01
8.234971591914692635e-01
9.341035288369962108e-01
1.040185032455545056e+00
1.128830268697313288e+00
1.195892437327567226e+00
1.239926491468300362e+00
1.245538058214079147e+00
1.231948259504478171e+00
1.207708559774993251e+00
1.168470379119858071e+00
1.123433383600669355e+00
1.081253605731168577e+00
1.032814889373280920e+00
9.868649576769005227e-01
9.459888808827014994e-01
9.108968951556465354e-01
8.806397006981082631e-01
8.597424425265122183e-01
8.527749228842377294e-01
8.643151111787227281e-01
8.833169536444565040e-01
9.093882494833697150e-01
9.425749741613844712e-01
9.750570496317068070e-01
1.004445183437096878e+00
1.031924366798932402e+00
1.054828735355794356e+00
1.066899869126838762e+00
1.074501007088466853e+00
1.076649157676232704e+00
1.076482591204669159e+00
1.068958664914743562e+00
1.059539153183849391e+00
1.044819674065544435e+00
1.032209085514587787e+00
1.016374894157624720e+00
1.007076071966741537e+00
9.930432098255334017e-01
9.887751928901167275e-01
9.807555571846577891e-01
9.787157965756900779e-01
9.793587047652672073e-01
9.789344489027507201e-01
9.808618317830831712e-01
9.848281835890826397e-01
9.865780489085488325e-01
9.920657887121832053e-01
9.968067863121093941e-01
9.997128986189721678e-01
1.003499065828254322e+00
1.005040261379091193e+00
1.005766902624822823e+00
1.006472499139286159e+00
1.008163360856372037e+00
1.008292633816792572e+00
1.008364479383328627e+00
1.005158812281047087e+00
1.005542747204002163e+00
1.001842335288603447e+00
1.000692502879342749e+00
1.000796769841761025e+00
1.000064873436571133e+00
9.999935645243678284e-01
1.000423810181371831e+00
9.994439115350406411e-01
9.995194408769525474e-01
1.000464354966559499e+00
1.002507844961571415e+00
1.001968855319493423e+00
1.001430021278264526e+00
1.003839568230053825e+00
1.003333146071834214e+00
1.002025578627690816e+00
1.001432137936980826e+00
1.002200564115489856e+00
1.001679382064876167e+00
1.001671280861244906e+00
1.000841223798891733e+00
1.000639221832941628e+00
9.995915084631992187e-01
1.000026221958271400e+00
9.983581496580091752e-01
9.989128132929462334e-01
9.993374052073752400e-01
9.994198588438027997e-01
9.986892574289862878e-01
9.989016402263283245e-01
9.995965395206732884e-01
9.983149689078875122e-01
9.978811670461844585e-01
1.000596838100100694e+00
1.000732340838383028e+00
1.000498879962572030e+00
1.000705903515741957e+00
1.001199735054119744e+00
1.001028500005566091e+00
1.001419981228836464e+00
1.000054528615529570e+00
1.000488964229421462e+00
1.000503349800724973e+00
1.000782032554255796e+00
1.001016674937715845e+00
1.000314659359737846e+00
1.000776921506191908e+00
9.992789267729726976e-01
9.999510908880657745e-01
1.000061021141124717e+00
9.999948098013911046e-01
1.000999666669189825e+00
9.999132152871876844e-01
9.996443685714541116e-01
9.996914491889754562e-01
1.000106323695915789e+00
1.000615420723120375e+00
9.998446317528673077e-01
9.998428404706410921e-01
1.000263594954660551e+00
1.000237517474720006e+00
9.993912583275372796e-01
1.000308129443312266e+00
1.000547133732492044e+00
1.000082772082593108e+00
9.993760597842730187e-01
9.992751387445397704e-01
1.000015009162496860e+00
1.000588069611689779e+00
9.999350375172448846e-01
1.000557857962129926e+00
1.000110454684788985e+00
1.000328365547861420e+00
1.000753510767665055e+00
1.000360289382778989e+00
9.994006635020120655e-01
9.997774295639003661e-01
1.001508330632997046e+00
9.995571119905911628e-01
1.000247863488257671e+00
1.000824618187459825e+00
1.000317811810903512e+00
1.000852131440828741e+00
9.994130324702341639e-01
1.000159648318052596e+00
1.001251074634224247e+00
9.994590466787244276e-01
9.997431869264964410e-01
9.989617097805970625e-01
9.996200118667004642e-01
1.000346699778578152e+00
9.999402690077300315e-01
9.992720651172293245e-01
9.995489105595019019e-01
9.992374702601043435e-01
9.998711633071140081e-01
9.999101469114866081e-01
1.000421182462242431e+00
9.991391528753162943e-01
9.999904984777074901e-01
9.996660377139952036e-01
9.998535291948711379e-01
9.997839853046428527e-01
1.000446371772144794e+00
1.000973194920525167e+00
1.000658457390515288e+00
1.001256549448909405e+00
9.992085466582756315e-01
1.001077677977869840e+00
9.999225437232681646e-01
9.995011659231264334e-01
1.000118479975689256e+00
1.001255615706876601e+00
1.000393126903999397e+00
1.000049898888974775e+00
1.000508413318411893e+00
9.992088619412516914e-01
9.995337505412147383e-01
1.000293373673868613e+00
9.995023683867300113e-01
9.991310491818428119e-01
1.000227375626068449e+00
1.000867943047895059e+00
1.000130282132801529e+00
1.000309167724675818e+00
9.992111992552026312e-01
9.996830328620239792e-01
1.000093861251726279e+00
9.998668893641976529e-01
9.997637806671422211e-01
9.990363054667592557e-01
9.999591817879681654e-01
1.000299022486672795e+00
1.000313425508484233e+00
1.001178877021276614e+00
9.999265799976595481e-01
9.996755844428832916e-01
9.994771073237311843e-01
9.998217565147285990e-01
1.000194800867285849e+00
1.000630021383549728e+00
1.000533556169602045e+00
1.000304641243093373e+00
9.999379183928404080e-01
9.995930070690128844e-01
1.000025179238408057e+00
1.000545698677738571e+00
1.000097706597744107e+00
1.000590463777911054e+00
1.000779736127261010e+00
1.000487424290045224e+00
1.000527310594455210e+00
1.000179773642134728e+00
1.000130569854240647e+00
1.000258415730499006e+00
9.991205497251655077e-01
1.000447107678175351e+00
1.000100387515822753e+00
1.000466499807723508e+00
9.996299503187243696e-01
9.996862514527157240e-01
1.000323015530721005e+00
1.000543464047132680e+00
9.999007045633264701e-01
1.000218199974660438e+00
9.999485974821836765e-01
1.000451029465992514e+00
9.996741485972560071e-01
1.000066027476306685e+00
1.000673187952416887e+00
9.998166205701085607e-01
1.000197416740982836e+00
1.000487986455669498e+00
1.000742688619637333e+00
1.000335791870194502e+00
9.981362548621850461e-01
9.893948736059040572e-01
9.786609858832703290e-01
9.678768292206906265e-01
9.570223286883271507e-01
