0.000000000000000000e+00
0.000000000000000000e+00
0.000000000000000000e+00
0.000000000000000000e+00
0.000000000000000000e+00
0.000000000000000000e+00
0.000000000000000000e+00
0.000000000000000000e+00
0.000000000000000000e+00
0.000000000000000000e+00
0.000000000000000000e+00
0.000000000000000000e+00
0.000000000000000000e+00
0.000000000000000000e+00
0.000000000000000000e+00
0.000000000000000000e+00
0.000000000000000000e+00
0.000000000000000000e+00
0.000000000000000000e+00
0.000000000000000000e+00
0.000000000000000000e+00
0.000000000000000000e+00
0.000000000000000000e+00
0.000000000000000000e+00
0.000000000000000000e+00
0.000000000000000000e+00
0.000000000000000000e+00
1.610064218160914721e-05
5.051868833029978488e-03
1.827737192374032094e-01
1.201568990258602421e+00
2.684428770144720477e+00
3.169732443183818305e+00
2.687200620684388586e+00
1.979207710579241830e+00
1.434453002188683435e+00
1.088690747718405571e+00
8.868643156128458438e-01
7.815229882960208485e-01
7.378505956542307231e-01
7.370835481381109444e-01
7.624671292681732826e-01
8.049219612566380633e-01
8.565701938008380978e-01
9.202482923366481771e-01
9.775949359685776052e-01
1.023978823812911498e+00
1.060749829493554008e+00
1.080132432647712193e+00
1.092787612400352604e+00
1.088407355092441797e+00
1.078218751662563424e+00
1.059851438232189969e+00
1.032386883886906137e+00
1.004641870373050194e+00
9.797321140047200450e-01
9.571977274520958590e-01
9.356099079213109349e-01
9.202812812880770688e-01
9.054562423848389052e-01
9.009496065001701970e-01
9.032156044469357159e-01
9.168362220661426809e-01
9.346297875680221745e-01
9.599995690819088656e-01
9.853234537867975318e-01
1.011796494690600845e+00
1.028340818614025709e+00
1.045946012325095875e+00
1.056511431438440729e+00
1.060124363836823180e+00
1.061700041859142463e+00
1.056039728005087275e+00
1.052006556266604997e+00
1.044231715922415704e+00
1.034481379293729297e+00
1.025723383118392285e+00
1.014218438717009008e+00
1.006836267485784031e+00
9.969435755780505781e-01
9.905603654759250754e-01
9.849564937787116392e-01
9.806036800893597194e-01
9.788809894882035678e-01
9.805359005785332371e-01
9.825381692508442510e-01
9.818085213903864350e-01
9.878965525005861670e-01
9.890299611668179613e-01
9.925867726576552696e-01
9.951658805365067861e-01
9.984255236064373262e-01
1.001490970158572802e+00
1.003561693238164576e+00
1.003979835425939493e+00
1.004181847554903584e+00
1.004217443344488592e+00
1.003729682032387327e+00
1.003859144877713439e+00
1.003615226962005336e+00
1.004723613102088242e+00
1.002984416698289305e+00
1.002586548829875746e+00
1.001546671082498952e+00
1.002122443274248598e+00
1.003279334585646998e+00
1.003674628501743493e+00
1.003170897113779381e+00
1.002301013169993871e+00
1.003296681824162428e+00
1.002953872840724348e+00
1.002355140178421422e+00
1.001068753514022136e+00
1.001044908785051479e+00
1.001164551295885108e+00
9.993079822950520219e-01
1.000637743289205295e+00
9.996625856547444178e-01
9.974030716465830393e-01
9.994683614178352382e-01
9.980249823298125156e-01
9.990412225703113602e-01
9.996341596985659494e-01
9.993180899432829722e-01
9.987700218957886733e-01
9.992404910761880643e-01
9.995804463472252044e-01
9.999812314874536590e-01
1.000850667957535745e+00
1.001032766722739442e+00
1.000614475469097764e+00
1.000469130529761497e+00
1.001011832642917820e+00
1.001803569860868270e+00
1.001437997148100223e+00
1.001209170808329718e+00
1.001882427202670733e+00
1.000887974052825369e+00
1.000486468546965213e+00
1.000866501923756591e+00
1.002131579125957961e+00
1.001076110894612681e+00
1.000706770672125323e+00
1.001210236619354266e+00
1.000623308283902890e+00
1.000524171031245579e+00
1.001005989456837497e+00
1.000059352856087491e+00
1.000055674290743157e+00
1.001389006837416940e+00
1.000074283940615150e+00
9.999741286085424008e-01
1.000044018690110059e+00
1.000544808267821661e+00
1.000010463660057081e+00
9.999955311282895387e-01
1.001441368585682667e+00
1.000148322369514231e+00
1.000763707723860252e+00
1.001083084117497357e+00
9.999291550515888582e-01
1.000763273680635557e+00
1.001208585557094688e+00
1.001084387689767707e+00
1.001001030174623718e+00
1.000409552209643005e+00
1.000402010876289216e+00
1.000559016174417115e+00
9.999856195903126244e-01
9.998028043728400815e-01
1.000927562340383492e+00
1.000046208979233464e+00
1.000833283883115987e+00
9.999209178318281266e-01
1.000272781965340085e+00
1.000986822036485036e+00
1.000195871953746707e+00
9.997504933288031692e-01
1.000828625855070708e+00
1.000224311395901733e+00
1.000591924275619160e+00
1.000819202913237893e+00
1.000075058284350726e+00
1.000469142241406484e+00
1.000373818837414053e+00
1.000223634648911508e+00
9.996004159610100137e-01
1.000137745874335016e+00
1.000266095736960015e+00
9.999257218704351580e-01
1.000013840466894788e+00
1.000515622672949689e+00
1.000204272036880226e+00
1.000245120450838021e+00
1.000377910700301243e+00
9.997183820770875196e-01
9.993307595223490658e-01
9.997349771890627901e-01
1.000396971418313630e+00
9.999446564493336131e-01
9.999148870172419601e-01
1.000187357963425505e+00
1.000210733636957228e+00
1.000036114844170321e+00
1.000562357437963401e+00
9.997394655157001431e-01
1.000242727117433894e+00
1.000350622176304771e+00
9.995406634948922342e-01
1.000381212714417822e+00
9.999142570353336534e-01
1.000310149419115113e+00
1.000621555188634826e+00
1.000551446178449932e+00
1.000696270737866822e+00
1.000333690306359324e+00
1.000057460537024268e+00
1.000329373583198844e+00
9.999272186434903231e-01
1.000231274585694274e+00
1.000182257328687596e+00
1.000179972451145094e+00
1.000214436321800626e+00
9.995591712777834870e-01
1.000496010693603388e+00
1.001096767885888639e+00
1.000382534692367376e+00
9.997607301135862379e-01
9.994510489416834620e-01
1.000073246988006925e+00
9.998425578177089212e-01
1.000437089557330683e+00
9.998644756335244299e-01
9.997662561874691711e-01
9.999772508695295992e-01
1.000148506226141487e+00
9.998181380967482434e-01
1.000351744465196591e+00
1.000069288621188379e+00
1.000229659495682988e+00
1.000257520901837394e+00
1.000788375058673685e+00
1.000415755735112988e+00
1.000247361009932057e+00
1.000389550755371948e+00
1.000078806930453146e+00
1.000337994037017619e+00
1.000244761419250672e+00
1.000184323155467458e+00
1.000099953658091900e+00
9.997800240162699748e-01
1.000658854974600942e+00
1.000367057587157493e+00
1.000178611953439267e+00
9.997181960267937928e-01
1.000256668914102587e+00
9.993049010826738909e-01
1.000481241264901566e+00
1.000429889477087331e+00
1.001022317703932796e+00
1.000283343087720711e+00
1.000613188927187647e+00
1.000333127496370933e+00
1.000084434816152390e+00
1.000234653342994884e+00
1.000090702398297005e+00
1.000526078943519082e+00
1.000213610519551377e+00
1.000287227426412073e+00
9.999509444423774207e-01
1.000574613676521230e+00
1.000072800931367079e+00
1.000606024738446509e+00
1.000041184906626635e+00
1.000317854129157302e+00
9.981166494588115112e-01
9.894795541414862505e-01
9.789169890516149497e-01
9.678115928827829562e-01
9.574337661951664025e-01
