0.000000000000000000e+00
0.000000000000000000e+00
0.000000000000000000e+00
0.000000000000000000e+00
0.000000000000000000e+00
0.000000000000000000e+00
0.000000000000000000e+00
0.000000000000000000e+00
0.000000000000000000e+00
0.000000000000000000e+00
0.000000000000000000e+00
0.000000000000000000e+00
0.000000000000000000e+00
0.000000000000000000e+00
0.000000000000000000e+00
0.000000000000000000e+00
0.000000000000000000e+00
0.000000000000000000e+00
0.000000000000000000e+00
0.000000000000000000e+00
0.000000000000000000e+00
0.000000000000000000e+00
0.000000000000000000e+00
0.000000000000000000e+00
0.000000000000000000e+00
7.273027270585451232e-03
8.081448242000312254e-02
2.626559720609574766e-01
5.706148001975399620e-01
9.510506839753493091e-01
1.413375128973699768e+00
1.937555719615990935e+00
2.061958312515645986e+00
1.786879332011517496e+00
1.529830674570484161e+00
1.214059839272446872e+00
9.549719537456562435e-01
8.391382349195529722e-01
7.259166486659616169e-01
8.472579575460280621e-01
7.756600079498866540e-01
9.172347304897819908e-01
9.636096776910300088e-01
1.037293574958353171e+00
1.128534254640802592e+00
1.297655141585920102e+00
1.411967934371948674e+00
1.526087203010215054e+00
1.562332210743486716e+00
1.614700604735281875e+00
1.771159426962637395e+00
1.869784529452115596e+00
1.969978024336586753e+00
2.048224485383565607e+00
2.014357580430244266e+00
1.965456719217362647e+00
1.963174373134456641e+00
1.837548047707423526e+00
1.723436858627203305e+00
1.591846266655957853e+00
1.490555641778182450e+00
1.466862623456600234e+00
1.436645687953605366e+00
1.333691150283968341e+00
1.297205396186595250e+00
1.299792420603798071e+00
1.290408105918938730e+00
1.296576602526548161e+00
1.289237470063412383e+00
1.294510519832585027e+00
1.307056553379863706e+00
1.331351897950618035e+00
1.301627663796408152e+00
1.299282994267273894e+00
1.310229245393820685e+00
1.344621384133104058e+00
1.280198616425413105e+00
1.313523497962904907e+00
1.281039086168575869e+00
1.208229114120073611e+00
1.232409252198671590e+00
1.228343024713883125e+00
1.214034200008891951e+00
1.162065082899791824e+00
1.199640708047990723e+00
1.230298176263761478e+00
1.155554332542413354e+00
1.160490519871461235e+00
1.144981320360618948e+00
1.195414234815229015e+00
1.155571286721311708e+00
1.152201481861629517e+00
1.114433255253534760e+00
1.136981147085943444e+00
1.144029733963281226e+00
1.114751251871614057e+00
1.115639609982803648e+00
1.116754733403188427e+00
1.112963574941233658e+00
1.095482560784611925e+00
1.105166028962499603e+00
1.098417844509414598e+00
1.064709674311290710e+00
1.068519663188458590e+00
1.084550203507224087e+00
1.056438412908024205e+00
1.071513004629321530e+00
1.069270215043212069e+00
1.043021758018860323e+00
1.097036210443431692e+00
1.057127197270224972e+00
1.056512073921256345e+00
1.039121248591174274e+00
1.053568863559804392e+00
1.055991005867587207e+00
1.054626118075816743e+00
1.047750608101492897e+00
1.043010917836141971e+00
1.059164830781837319e+00
1.025614069898246772e+00
1.030975532897477231e+00
1.041469110666046971e+00
1.045968157577940261e+00
1.014367875216203752e+00
1.016142056350564093e+00
1.030944496655382903e+00
1.010275861195030878e+00
1.031296670186210740e+00
1.022039378628638584e+00
1.016328401431127126e+00
9.937300397560419052e-01
9.991882178334171583e-01
1.001270797158783754e+00
1.009548474451272160e+00
1.009103486445040110e+00
1.013456295094946613e+00
9.800033094631794839e-01
9.949460016385289762e-01
1.006767476057076838e+00
1.007333088355097050e+00
1.009338089751839140e+00
9.824839485279818208e-01
9.940157127408977278e-01
1.003409043837655723e+00
1.007917566350421623e+00
9.867378085527733766e-01
1.002403314613863561e+00
1.005162756184587947e+00
9.956388128724475983e-01
9.868079542960658257e-01
1.008297914017730390e+00
1.000595042086511510e+00
9.933119090827061681e-01
1.001188479805335874e+00
9.918367882544276704e-01
9.920313046857995865e-01
1.002278529383268557e+00
9.998879589696109127e-01
9.736610252989129632e-01
1.004345211133708338e+00
9.791998447328157384e-01
9.842481833445601014e-01
9.934869042849001630e-01
9.843792606460227690e-01
9.830223694759306907e-01
9.981176870719946637e-01
9.898325838710123614e-01
9.937274577321216773e-01
9.728883270916642845e-01
9.840794226179455650e-01
9.743596100619981160e-01
9.779856051335987788e-01
9.853566500605032141e-01
9.867581313391944331e-01
9.883735229155244939e-01
9.696173803077461351e-01
9.954804031533882602e-01
9.782152810673835353e-01
9.646877799033550804e-01
9.861913775421340400e-01
9.813917511096322821e-01
9.733353738664531907e-01
1.003100289968851033e+00
9.801168686436475541e-01
1.005925920089518089e+00
9.660377635412138453e-01
9.699163898486380386e-01
9.868423419491204607e-01
9.844531307018739019e-01
9.985893581934799368e-01
9.749692098983766542e-01
9.924789659489186011e-01
9.878104880840469226e-01
9.965756726392765996e-01
9.821034847660672362e-01
9.977609161101411717e-01
9.996973981395296249e-01
9.839003300887627645e-01
9.941788416006082096e-01
9.844748174763444659e-01
9.857978133088008965e-01
9.965985528994670828e-01
9.958922146433419886e-01
9.934954841829062300e-01
9.985059610163438126e-01
9.995640202598163881e-01
1.006766328248828835e+00
9.932410826646572710e-01
9.942358830558141181e-01
9.814801743454184546e-01
9.952873365475630729e-01
1.006305270923698147e+00
9.961232511402352552e-01
9.985393033841242216e-01
9.926430543474610291e-01
1.007793843337357220e+00
9.888181168133136634e-01
9.833958829572572169e-01
9.840746070461247053e-01
1.004923312219924814e+00
9.903812438150869646e-01
9.935096722517650081e-01
1.002799920863729044e+00
1.000900674136157020e+00
9.948192314215859033e-01
9.979681287077695195e-01
9.895903990424648189e-01
9.921962178975178848e-01
9.848896474000987666e-01
9.996290174416764263e-01
1.003482192732167766e+00
1.004804565285642548e+00
9.960921872658570209e-01
1.006533825083893330e+00
9.996448882136057534e-01
1.003624870504500999e+00
1.000144820679113034e+00
9.890150396754544548e-01
9.981176248375971394e-01
9.954897169577466842e-01
9.953241620788532140e-01
9.987766681808541991e-01
9.975941025032651899e-01
9.901749854870274259e-01
9.941975139695895525e-01
9.948649432262267611e-01
9.997701774552548715e-01
9.919392028383924309e-01
9.880696710157371720e-01
1.002921703587896340e+00
1.003749372819846997e+00
9.985499412527535368e-01
9.964428942812303402e-01
9.968036477725525923e-01
9.929290022602372812e-01
1.001437950511876451e+00
9.964484567005957860e-01
9.995668479196324618e-01
1.014215683888563424e+00
9.938764697704990381e-01
1.001559832334500744e+00
9.880696504807158220e-01
9.965495147660329289e-01
9.970724291429664543e-01
1.002325339482518229e+00
1.003143027949132904e+00
9.962948557284404538e-01
9.947097269266518271e-01
9.989597132196165186e-01
9.939044670930200498e-01
9.965566336677076364e-01
9.963836540690823584e-01
1.003670743958117617e+00
9.966608721734172560e-01
1.001307757907121454e+00
1.003306032468368469e+00
1.005434858513748919e+00
1.005725754934554184e+00
9.956196459600424875e-01
1.002706199536435916e+00
