0.000000000000000000e+00
0.000000000000000000e+00
0.000000000000000000e+00
0.000000000000000000e+00
0.000000000000000000e+00
0.000000000000000000e+00
0.000000000000000000e+00
0.000000000000000000e+00
0.000000000000000000e+00
0.000000000000000000e+00
0.000000000000000000e+00
0.000000000000000000e+00
0.000000000000000000e+00
0.000000000000000000e+00
0.000000000000000000e+00
0.000000000000000000e+00
0.000000000000000000e+00
0.000000000000000000e+00
0.000000000000000000e+00
0.000000000000000000e+00
0.000000000000000000e+00
0.000000000000000000e+00
0.000000000000000000e+00
0.000000000000000000e+00
3.312113803140665728e-03
1.834479844015276737e-02
7.077737256118109277e-02
2.497514813346637108e-01
5.972460148163133420e-01
1.144589657865808796e+00
1.707677696383238075e+00
2.164033025264641363e+00
2.249389323619544800e+00
2.186205621612451910e+00
1.900952982319045637e+00
1.372560633358116844e+00
1.162578461700398469e+00
8.257000010245317823e-01
8.289728538214575781e-01
8.270371516101600040e-01
8.303404017938631476e-01
9.050999992672335015e-01
1.049041605898115792e+00
1.056005380351175971e+00
1.242021491137431433e+00
1.336893061916477166e+00
1.371048155780700162e+00
1.485771486725283586e+00
1.593346389198696311e+00
1.732488737374408894e+00
1.854791954848596491e+00
1.990371437395577869e+00
1.988853241893959289e+00
2.072890300106872363e+00
2.150815934320859046e+00
2.043025124627132705e+00
2.029896227510517459e+00
1.909992082189085894e+00
1.794705979133203844e+00
1.732079908008980818e+00
1.605219981349009339e+00
1.492462064677586131e+00
1.447631421852871192e+00
1.391055215559751757e+00
1.347301074329580128e+00
1.300452038554462009e+00
1.312442632445393498e+00
1.317920346591424430e+00
1.284807460472512597e+00
1.291323711394285034e+00
1.314557999381245956e+00
1.315382770873136931e+00
1.348572640019145119e+00
1.293356018728300416e+00
1.319053549019171934e+00
1.324108764288418394e+00
1.295154402770838153e+00
1.302003718382917841e+00
1.260976744607311240e+00
1.281992068444941291e+00
1.247271253546120784e+00
1.241697453095041093e+00
1.241284194168662314e+00
1.203746172293615135e+00
1.204106518495364764e+00
1.166313507006008443e+00
1.165545640137904515e+00
1.170481176205743656e+00
1.142656144806268648e+00
1.181307128710945120e+00
1.116259321133867832e+00
1.180341254469009060e+00
1.149381295783669987e+00
1.142440328186572041e+00
1.152010568781568045e+00
1.126485118581606937e+00
1.095572721443619502e+00
1.099569404813003581e+00
1.120393527926193844e+00
1.117668626624510608e+00
1.112861165367696525e+00
1.113043307509131497e+00
1.099569451265634434e+00
1.090489533460059723e+00
1.089201478937389389e+00
1.087587435212191478e+00
1.070064181988465091e+00
1.084660570319672779e+00
1.045504260810225627e+00
1.087355700513053414e+00
1.054411081119270177e+00
1.055414827344083539e+00
1.024952541375676374e+00
1.064389125997130314e+00
1.060438274656600788e+00
1.060041273722655220e+00
1.057450554150742628e+00
1.071788319666675315e+00
1.056041073032150557e+00
1.055706374421654603e+00
1.059345396073416490e+00
1.051138545207337627e+00
1.030204677131281610e+00
1.031579222855038891e+00
1.015587427539531573e+00
1.040370126830745923e+00
1.017898184262008732e+00
1.011045065243619812e+00
1.020417084491049620e+00
1.040999521059548627e+00
1.034330334967484832e+00
1.019923808824288569e+00
1.023274254849869447e+00
1.035223974915284284e+00
1.034835845539635146e+00
1.016585626593866865e+00
1.011456402700090074e+00
1.021092060144950908e+00
1.036875335733258297e+00
1.029113204906468182e+00
1.031236680078266410e+00
1.022770232664212742e+00
1.034414477580010594e+00
1.015123340317017009e+00
1.004359581925350797e+00
1.018120763970133513e+00
1.010754127815681969e+00
1.012358095878566289e+00
1.018696304365944272e+00
1.018102615680873235e+00
9.879387538332303764e-01
1.012970541948133851e+00
1.011015035984051957e+00
1.004973727420398033e+00
1.030823789268016766e+00
1.021637599485613723e+00
1.011058788642287043e+00
1.010845213933319942e+00
1.011981178017015814e+00
1.011055318818244064e+00
9.994992237160500448e-01
1.001034554610681360e+00
1.005769666714528832e+00
9.955869982957356035e-01
1.009090196033716635e+00
9.959889095148081184e-01
1.007730148741254439e+00
9.926151924597585996e-01
1.005519674370704220e+00
1.019158756076095074e+00
9.962951190955406933e-01
9.976226636297352846e-01
1.004465583064086953e+00
1.007518010592617363e+00
1.007561544858961655e+00
9.996627321910128705e-01
1.008345203949308599e+00
9.905152475022727110e-01
1.011025137938759144e+00
1.011146598738809965e+00
1.005832686475480742e+00
9.894680837864943124e-01
9.950717028815191378e-01
1.009175176822804776e+00
1.003405559380937895e+00
1.006080066850988164e+00
1.022759710596690352e+00
1.009730186852769718e+00
1.001675409010271300e+00
1.008517885284065274e+00
1.000313585149348983e+00
1.013858967476634287e+00
1.003406409537131561e+00
1.002461677456505829e+00
9.922852303493366888e-01
1.008692168452212989e+00
1.017402175194273228e+00
1.005239375148294423e+00
9.968018416856974095e-01
1.008965604251057302e+00
9.993713830383914587e-01
1.001327891418434257e+00
1.005233660544197383e+00
1.001860399687845460e+00
1.014052291240217674e+00
1.013953585668197377e+00
9.983750046426627112e-01
1.002075365631385884e+00
1.001039356638044220e+00
1.009717605185352030e+00
1.007775437448549694e+00
1.006180372841805060e+00
1.013641441264690579e+00
9.935245663054854681e-01
1.002822112744140792e+00
9.958916493346453569e-01
1.005038871569174708e+00
1.005737911103292470e+00
9.905141952756985058e-01
1.005817245873947385e+00
1.010292328767889547e+00
1.007593998423782278e+00
9.907655259991691166e-01
1.006399781698100071e+00
9.969806461757826366e-01
9.962520723759561436e-01
1.004721857615249236e+00
9.909910669172476982e-01
9.961600989897834157e-01
9.954634114327528538e-01
9.974732721445523920e-01
9.918425625378661792e-01
9.881107787670384557e-01
9.881262358328559703e-01
9.890456152415052493e-01
1.000024085383055539e+00
1.003778628147139695e+00
1.000278685263101597e+00
9.921878484661699193e-01
9.958789472877570548e-01
9.839704861689050341e-01
9.896802266488038402e-01
9.958035108063534313e-01
9.957567188402115521e-01
9.908544851550965538e-01
9.933228981216636333e-01
9.911046720339371507e-01
9.911944423377317959e-01
9.827178978532655762e-01
9.897090189008849181e-01
9.895862579418813754e-01
9.863849025533948378e-01
9.895652778210162204e-01
9.835680720546465805e-01
9.874580034988770239e-01
9.939983295372288863e-01
9.912798161395487417e-01
9.965501877480085202e-01
1.001233397276314330e+00
9.996437729859400934e-01
9.870904462114297173e-01
1.005434221431840358e+00
9.951336038961847708e-01
9.969305923397313585e-01
1.006431056890871201e+00
1.003856710154705789e+00
9.912138714561927744e-01
9.992110679468695356e-01
1.000249363786483547e+00
9.929496496848264631e-01
9.995621956060772861e-01
9.954225029635734856e-01
9.945030227464892736e-01
9.880945229734584556e-01
9.931262271308017864e-01
9.951510882203478126e-01
9.964185132814710188e-01
9.960151398545666890e-01
1.000206299836921664e+00
9.875387667314695639e-01
