0.000000000000000000e+00
0.000000000000000000e+00
0.000000000000000000e+00
0.000000000000000000e+00
0.000000000000000000e+00
0.000000000000000000e+00
0.000000000000000000e+00
0.000000000000000000e+00
0.000000000000000000e+00
0.000000000000000000e+00
0.000000000000000000e+00
0.000000000000000000e+00
0.000000000000000000e+00
0.000000000000000000e+00
0.000000000000000000e+00
0.000000000000000000e+00
0.000000000000000000e+00
0.000000000000000000e+00
0.000000000000000000e+00
0.000000000000000000e+00
0.000000000000000000e+00
0.000000000000000000e+00
0.000000000000000000e+00
0.000000000000000000e+00
0.000000000000000000e+00
9.170541540938154448e-03
5.944095198129680652e-02
1.945038584444548357e-01
4.845522987527489112e-01
1.002740706479838817e+00
1.418859002363538346e+00
1.871108788972104753e+00
2.160481968574016420e+00
1.904128901826365405e+00
1.589930334373616194e+00
1.345467931239880510e+00
1.133993176152236160e+00
8.792489461833244979e-01
8.006416871436250471e-01
8.204993160907554373e-01
9.065238404582427467e-01
9.707078269464893827e-01
1.077443580543553603e+00
1.188159398975096037e+00
1.200611847021201939e+00
1.320298610060604894e+00
1.411222457668077634e+00
1.516307745422933673e+00
1.700352076486566721e+00
1.786495345536092794e+00
1.915996333855191747e+00
1.941249706970770372e+00
1.981959307833504047e+00
2.083582921435929602e+00
2.068728790439926968e+00
1.972910870117020599e+00
1.982780179027641809e+00
1.833846354351249097e+00
1.814092464670447713e+00
1.612686772782716327e+00
1.544066374383960882e+00
1.515285909144435728e+00
1.418839309704479579e+00
1.388308449879551487e+00
1.340338460127900477e+00
1.334013951959188704e+00
1.289700345758559408e+00
1.304127847613847146e+00
1.291749526174681195e+00
1.316167310636313870e+00
1.316691565301943090e+00
1.301506351757218738e+00
1.301402140191947776e+00
1.315909054314396531e+00
1.334187764202939608e+00
1.300125851604555960e+00
1.268396402653204413e+00
1.267318218659045925e+00
1.284916370678368391e+00
1.257827724609018816e+00
1.256835273570968470e+00
1.217802233438397774e+00
1.225844822879280649e+00
1.229733655152846827e+00
1.199408025796545374e+00
1.153568069698948317e+00
1.196926509725107390e+00
1.178812581022556927e+00
1.191411164668710221e+00
1.173126258925174081e+00
1.130353811762466520e+00
1.147572220655440400e+00
1.135905191543683745e+00
1.148576032151556792e+00
1.163130295059095376e+00
1.137373501443194490e+00
1.113923340837839282e+00
1.103320000217984598e+00
1.074884592048402032e+00
1.109209537750130758e+00
1.080947407595629794e+00
1.100275285721720842e+00
1.086858479883581197e+00
1.055751235048912218e+00
1.050569822849355184e+00
1.061826183883600283e+00
1.025854718075896121e+00
1.052100335146681109e+00
1.041577421053243580e+00
1.033748621728786565e+00
1.059244655352806319e+00
1.052482720935635774e+00
1.036054222302917216e+00
1.060624253311631238e+00
1.038084970603776691e+00
1.038069739403632896e+00
1.059872889207092106e+00
1.037877664407133471e+00
1.015055105889930864e+00
1.017488148638151735e+00
1.043796998764391581e+00
1.035035188922276861e+00
1.032115636529551628e+00
1.046489589504027817e+00
1.021409648647649826e+00
1.021605431040762069e+00
1.013468210644898448e+00
1.003747541078743089e+00
1.012264481107603586e+00
1.023244641982002490e+00
1.008790203191250789e+00
1.004197308907251784e+00
9.944188708742240923e-01
1.006459115765486967e+00
1.004516054371404676e+00
1.006743241336405914e+00
1.003782930200495693e+00
9.886047179309312982e-01
1.004331079876014554e+00
1.009393181598385647e+00
9.892348427359590746e-01
9.955568619511355744e-01
1.014429381492851556e+00
1.022254735578586926e+00
9.923504083737362258e-01
9.959411322490330232e-01
9.874855520050790370e-01
1.007127477537037130e+00
9.990180610108083670e-01
1.005088216302935544e+00
9.838768847395525929e-01
1.004970219041075419e+00
9.890126758374304661e-01
9.822432246044477955e-01
9.892238525635544955e-01
1.004083466870789643e+00
9.975426290081320646e-01
9.932501951370549254e-01
9.734765435510982501e-01
9.900646625983765547e-01
9.919654810671187928e-01
9.917617536833068792e-01
9.797436190579840165e-01
1.001929547486180017e+00
9.894177747934179701e-01
9.972387774564802632e-01
9.952636371681106153e-01
9.908553189592468335e-01
9.948833703048716171e-01
9.847704602102479443e-01
9.865194648914276110e-01
9.972178468788495120e-01
9.797435085808874344e-01
9.963512551817285123e-01
9.963894960124614064e-01
9.972657830830442549e-01
9.905281910495672415e-01
9.859609144319591012e-01
9.921026353438392453e-01
9.879280008155020276e-01
9.848830350448757320e-01
9.948196077216255873e-01
9.907517387190352132e-01
9.963955536298951809e-01
9.800757757992518693e-01
9.951306285942177476e-01
9.930036545265207293e-01
9.768417768524390032e-01
9.846321362689059997e-01
9.939755815877167056e-01
9.998918740249127524e-01
9.850855013335810817e-01
9.842657183994818482e-01
9.862242102635689900e-01
9.808386450261935563e-01
9.796204398890047127e-01
9.881583823374978648e-01
9.871979285506089496e-01
9.728870061097893984e-01
9.971731916587468492e-01
9.912072782576156760e-01
9.863875447858252432e-01
9.778815092704594703e-01
9.913845758124892882e-01
9.931212382248431059e-01
9.876219119559710435e-01
1.001762515675378440e+00
1.003534585143884605e+00
1.000607969209372783e+00
9.808872874770927508e-01
9.723974121061260689e-01
9.855779677609509681e-01
9.934491808590825146e-01
9.856911222294013619e-01
9.927246032398786557e-01
9.917945185407495146e-01
9.983038073833508941e-01
9.826735287037318134e-01
9.793207440964130095e-01
9.985579043286390011e-01
9.857186946931368876e-01
9.873734149572667151e-01
9.808471477760343227e-01
9.886055353623303121e-01
9.897577710643022941e-01
9.959721131410002037e-01
9.919633455280233436e-01
9.884857519763209366e-01
9.860208472910055866e-01
9.962053917446423990e-01
9.992543475841875189e-01
9.931254570533212256e-01
9.819529637078664441e-01
9.758573332580637860e-01
9.947379592977296792e-01
9.823650892225929132e-01
9.831739934279428716e-01
9.939789341766065434e-01
9.973340686793271681e-01
1.001361093718051709e+00
9.938759699428850736e-01
9.823217470339284940e-01
9.904972212151054167e-01
9.853959818635603662e-01
9.930148830090013146e-01
9.958923952166904847e-01
9.916891556483631298e-01
9.930058005174087210e-01
9.924020041436903972e-01
9.990252288700224303e-01
9.905263401855354255e-01
9.879451654108775127e-01
9.898013922590256364e-01
9.914429639699529062e-01
9.911252813537470008e-01
9.986999182810236686e-01
9.911999162806132135e-01
1.001055467563410240e+00
9.993348637916098509e-01
9.912639345645877231e-01
9.865975813536493888e-01
9.813629787840149055e-01
9.994038594949778975e-01
9.914031781456351666e-01
9.889504989229451759e-01
9.929366331468422180e-01
1.001593631750865132e+00
1.002064705509442488e+00
9.922705420126459730e-01
9.979764218610740478e-01
1.003761143717416315e+00
1.001019299079486391e+00
9.959614533112501888e-01
9.885588125523694369e-01
9.941387091022191314e-01
1.002649942865984967e+00
1.000273135745868069e+00
9.998922925444739818e-01
9.969024254629463844e-01
9.972124033330869164e-01
