0.000000000000000000e+00
0.000000000000000000e+00
0.000000000000000000e+00
0.000000000000000000e+00
0.000000000000000000e+00
0.000000000000000000e+00
0.000000000000000000e+00
0.000000000000000000e+00
0.000000000000000000e+00
0.000000000000000000e+00
0.000000000000000000e+00
0.000000000000000000e+00
0.000000000000000000e+00
0.000000000000000000e+00
0.000000000000000000e+00
0.000000000000000000e+00
0.000000000000000000e+00
0.000000000000000000e+00
0.000000000000000000e+00
0.000000000000000000e+00
0.000000000000000000e+00
0.000000000000000000e+00
0.000000000000000000e+00
0.000000000000000000e+00
0.000000000000000000e+00
1.222975306067013851e-02
6.794565226777629641e-02
2.550070601005552939e-01
5.629726190925875562e-01
9.846578881089014246e-01
1.485388078990538485e+00
2.123938790279597200e+00
2.132664975923741046e+00
1.959417473480278726e+00
1.601930694783769260e+00
1.382013848315126303e+00
1.055116055323166879e+00
8.539695381432755861e-01
7.753105167500783379e-01
8.117377759565815865e-01
8.060894669380905819e-01
8.889293173240285784e-01
9.686758827645015613e-01
1.139004274791365123e+00
1.228957407126480827e+00
1.299425046027620212e+00
1.428966615384807737e+00
1.533344360510398907e+00
1.632214089395653600e+00
1.732472791205939888e+00
1.877384581004205133e+00
1.993351766388592905e+00
2.049430559829028997e+00
2.100657698306017451e+00
2.086533321344465453e+00
2.108847282199098672e+00
1.988146400819800208e+00
1.944253011888339877e+00
1.841749947933540632e+00
1.730940707519408761e+00
1.606834856543229773e+00
1.558685907648597269e+00
1.436928934399695601e+00
1.440352671212164148e+00
1.349678330605358134e+00
1.343540898021601926e+00
1.377624944416027342e+00
1.372893790775149947e+00
1.376324611476187565e+00
1.369111613833901897e+00
1.352550117974050004e+00
1.436328758582346099e+00
1.398492892294939560e+00
1.379468907473392569e+00
1.362746745451949737e+00
1.364907772794144769e+00
1.339310509891077361e+00
1.347013569187304416e+00
1.287423465181695148e+00
1.293934931365487762e+00
1.304636791282017372e+00
1.247373592844357670e+00
1.235722243699299172e+00
1.208868291466007383e+00
1.226651339983235278e+00
1.216077353947992989e+00
1.211773643353629026e+00
1.213840395605722877e+00
1.195957243167868222e+00
1.166154614289711233e+00
1.196605383207034246e+00
1.148506593129486886e+00
1.165637588904699262e+00
1.136743819445557691e+00
1.149328144887259429e+00
1.106199512766529836e+00
1.146807040814727285e+00
1.117337967657922260e+00
1.116489438193642769e+00
1.127700193284555841e+00
1.089424554115762778e+00
1.090838021703568694e+00
1.103533641444797597e+00
1.098089651162285740e+00
1.081362093546451186e+00
1.062031503069912119e+00
1.060062016888124736e+00
1.065036029956620389e+00
1.081132661784501181e+00
1.045059105189297677e+00
1.070197041514206138e+00
1.049967353763551881e+00
1.058877459322184356e+00
1.063453245046331652e+00
1.066646701970947353e+00
1.051535763734981588e+00
1.034000736463952741e+00
1.048447614932486838e+00
1.038756503857096281e+00
1.043165307033480538e+00
1.030579119590980142e+00
1.015570435958129680e+00
1.051527854265823736e+00
1.024790803965346164e+00
1.030201788487352665e+00
1.036573290224797050e+00
1.010682082991034347e+00
1.031461959701816200e+00
1.034857647891637367e+00
9.987812357973423483e-01
1.021594664113861795e+00
1.017269772801227878e+00
1.029720408725586678e+00
1.017921824544845144e+00
1.026802707173328999e+00
1.030871365893852198e+00
1.010059794869321070e+00
1.010145119652293033e+00
1.018207805265663346e+00
1.022462376249229088e+00
1.024176406658398486e+00
1.028322000150921012e+00
1.022263133960979120e+00
1.036163635590484189e+00
9.944468166845182866e-01
1.008249612887456959e+00
1.016210814062535661e+00
1.010155370814534104e+00
9.974079304713284744e-01
1.006705973337434834e+00
1.004696549328012223e+00
1.017985741643142372e+00
1.003738458766981312e+00
1.006567829956255267e+00
1.002992727491182512e+00
1.010856037913976824e+00
9.981414316102754647e-01
9.806975939895387073e-01
1.013238213442038793e+00
1.010186279861289949e+00
1.004429970188837062e+00
9.930970311314066823e-01
1.008245255822812991e+00
1.013131541776019828e+00
1.009154386716895724e+00
1.009046531857372475e+00
9.980381461407081822e-01
9.978504406517042513e-01
1.029040959897538077e+00
9.916740053021093626e-01
1.010307548582802140e+00
1.013229711860823778e+00
1.014345875948982068e+00
1.005262930008168576e+00
1.011143675788643392e+00
1.001912999847469177e+00
1.020909804243580687e+00
1.010575002826831215e+00
1.001842365975061488e+00
1.010335046917131940e+00
1.016381492614801818e+00
1.001108191586309148e+00
1.013748323759848802e+00
1.001194127209495743e+00
1.005031851668234388e+00
1.016876345767318446e+00
9.962826099504287214e-01
1.010512697975648910e+00
9.964060429225636284e-01
1.000535327250533735e+00
1.006331298237954197e+00
1.022850065662824326e+00
9.982997017121238992e-01
1.011639518141337346e+00
1.001368939196706664e+00
1.010503705383351436e+00
9.982365560468767773e-01
1.005994750101870894e+00
1.006531996885538849e+00
1.005659074664633001e+00
9.995105680246928470e-01
1.009105131169602654e+00
9.976601320824912689e-01
1.005116101214045488e+00
1.011570609906325524e+00
1.000478357688837638e+00
1.005826397834557850e+00
1.010332414486188712e+00
9.890009494364947473e-01
9.985638282069919658e-01
1.003323697974071393e+00
9.976811540656350674e-01
9.878729983361210776e-01
1.004551573873403436e+00
9.913175916097760609e-01
1.008256087318086136e+00
1.002229859259618605e+00
9.937076579766566109e-01
1.001833227961562933e+00
1.000030328592165896e+00
9.932295962463671968e-01
1.001667767940287668e+00
9.941703152854425296e-01
1.002011965534597593e+00
9.961429944073468823e-01
1.007426098772367551e+00
9.943255799268312378e-01
9.962451565935435127e-01
1.002015569757839897e+00
1.005873505417852476e+00
1.004013305774566378e+00
9.959887973755972013e-01
9.939133977356248151e-01
9.971248889883677080e-01
9.919291715767637463e-01
1.001233842923979100e+00
1.000250010734103023e+00
9.969559272255605897e-01
9.940313610421172008e-01
9.928886538964800668e-01
9.927962157794653075e-01
9.901143199074192713e-01
9.980259308097372273e-01
9.892082759911473566e-01
9.917101512875955427e-01
9.872764769188027145e-01
1.005722938053030369e+00
9.950804671547642810e-01
9.967153517713344124e-01
9.899234982364718549e-01
9.973720896778021094e-01
9.896450914921500752e-01
9.988498267282587273e-01
9.958736186217643782e-01
9.908257530361712639e-01
9.950247763436158577e-01
9.829899553243639510e-01
1.003857938983289788e+00
9.889052679355468944e-01
9.957370159156311296e-01
9.814263292924164661e-01
9.884439914270628513e-01
9.895552564778390403e-01
9.919098902570412379e-01
9.902217307434693083e-01
9.924798597311069726e-01
9.892170193575454684e-01
9.866698194013795442e-01
9.829470844811705188e-01
9.896827237593962545e-01
9.878136893993236800e-01
9.791477118114654266e-01
9.916019645167142293e-01
9.902916881904519908e-01
9.903463330707913403e-01
9.914219677753109972e-01
9.791401886993518211e-01
9.862199438304884991e-01
9.821496579708468566e-01
9.855189335377650961e-01
