0.000000000000000000e+00
0.000000000000000000e+00
0.000000000000000000e+00
0.000000000000000000e+00
0.000000000000000000e+00
0.000000000000000000e+00
0.000000000000000000e+00
0.000000000000000000e+00
0.000000000000000000e+00
0.000000000000000000e+00
0.000000000000000000e+00
0.000000000000000000e+00
0.000000000000000000e+00
0.000000000000000000e+00
0.000000000000000000e+00
0.000000000000000000e+00
0.000000000000000000e+00
0.000000000000000000e+00
0.000000000000000000e+00
0.000000000000000000e+00
0.000000000000000000e+00
0.000000000000000000e+00
1.963501303310184742e-02
1.393180605497652325e+00
6.210213380888747636e+00
7.154471391659578572e+00
3.810653738693990267e+00
1.787694813763908597e+00
7.024983862798439560e-01
3.107069729935129643e-01
2.009032583980280007e-01
1.202240569591467440e-01
8.094036896706312267e-02
9.566864146440227923e-02
8.352166003159251784e-02
1.435666869374581933e-01
1.552094480318888803e-01
2.629797948468542979e-01
4.587519676487678000e-01
5.938356127123799455e-01
9.115561783196862722e-01
1.295308927522749842e+00
1.503662994393311969e+00
1.903961939498836742e+00
2.108524762642365324e+00
2.279056922361925697e+00
2.441403657677906569e+00
2.624334215580008678e+00
2.463136009615384925e+00
2.431164523266383881e+00
2.231363839754805678e+00
1.967131695565347060e+00
1.684429568306998526e+00
1.508124946894108476e+00
1.338151588144225634e+00
1.291656642773741703e+00
1.241357220444449627e+00
1.209982389598375674e+00
1.182914008907479220e+00
1.201897212431653372e+00
1.275484438648891494e+00
1.308467093688803207e+00
1.319869295662621234e+00
1.413738143569588157e+00
1.473476130598827760e+00
1.455245688189953812e+00
1.453173891080339786e+00
1.385125556318272055e+00
1.451764630467951234e+00
1.500026651042644321e+00
1.410969587284739646e+00
1.433619424434767087e+00
1.376187170936788329e+00
1.328689592375971618e+00
1.342339393855197516e+00
1.292715247748387419e+00
1.250985968258716108e+00
1.208648760695660629e+00
1.208059603840781149e+00
1.186039287861945679e+00
1.177927267494110142e+00
1.202782152009613137e+00
1.169126699238170586e+00
1.159543221166983828e+00
1.193246168305420518e+00
1.187529097851733439e+00
1.195043033219369777e+00
1.206060479764693438e+00
1.180736220727384156e+00
1.181555354625782428e+00
1.165298986829614192e+00
1.145192259366109022e+00
1.177035233146843662e+00
1.125609632529433579e+00
1.129522538737706805e+00
1.140438098567909009e+00
1.138063263553789284e+00
1.088692933622157799e+00
1.105638025089046295e+00
1.093367116503833891e+00
1.087859685091436601e+00
1.080425946841705898e+00
1.085186098718958325e+00
1.094573068734293164e+00
1.100854587371356885e+00
1.081870812688080052e+00
1.059545857788054102e+00
1.101006184878741356e+00
1.099552946344841464e+00
1.067621778237461960e+00
1.069392674858725467e+00
1.067729866244749415e+00
1.041762768525767990e+00
1.074421796123263384e+00
1.057556648910251251e+00
1.075095290686376881e+00
1.051150973404208600e+00
1.045144831472865299e+00
1.050093939072999305e+00
1.044428055201375827e+00
1.067698559098297251e+00
1.026489858152885626e+00
1.046767453290948557e+00
1.017369424385280441e+00
1.036496957751599890e+00
1.045167368041711731e+00
1.040761131760081115e+00
1.019117769611642910e+00
1.044982234979151325e+00
1.046809199480040364e+00
1.013547989372698410e+00
1.014979420574069202e+00
1.021235634308939932e+00
1.030091923741008886e+00
1.050553479731049622e+00
1.020809216605282899e+00
1.026823539436618304e+00
1.042231158310481298e+00
1.005571091867273559e+00
1.027478394414162555e+00
1.024286559847225275e+00
1.002412149578848721e+00
1.031085237496924600e+00
1.036366290461575579e+00
1.004264354886199806e+00
1.016054467216688462e+00
1.002508745838083692e+00
1.013546202337573421e+00
1.004269732521498204e+00
1.009384155672421013e+00
1.013484353385875725e+00
1.011497823294826848e+00
1.009048579677275459e+00
1.019150869599139142e+00
1.008666283979508194e+00
9.921989114128633158e-01
9.925489601686686703e-01
1.001787604768744178e+00
1.007548912572861832e+00
1.006522139435787500e+00
1.008916082569502715e+00
1.020321870300004541e+00
1.022937854482059983e+00
1.008975542165233774e+00
1.013939824879433127e+00
9.994008248753908363e-01
1.008447394398721553e+00
1.009057197646868742e+00
9.950849041045645160e-01
1.010715365593867432e+00
9.954743349798502727e-01
1.011481350764254161e+00
1.012216914066976337e+00
9.946375272735614725e-01
1.008214533546491598e+00
1.005537405011767360e+00
1.010323853229118107e+00
1.018031312995167914e+00
9.991681676154231528e-01
1.007135336674847670e+00
1.018832041018243650e+00
1.005402908048047106e+00
1.005937016651883731e+00
9.968335962519465632e-01
1.012751518718517874e+00
1.011800699015610983e+00
1.002408558790059967e+00
1.009221164745466970e+00
9.980939997266590202e-01
1.009846776754737219e+00
1.015435814951683557e+00
9.970507809469932869e-01
1.002762512375931170e+00
1.018021420609271477e+00
1.009157075200342479e+00
1.012073724538106623e+00
1.009008362643953660e+00
1.009164498469106830e+00
9.993250073863143568e-01
1.006967256847113745e+00
1.009609931728762566e+00
1.004462091303541138e+00
1.008385471259327870e+00
1.005941590810891073e+00
1.002308531115670753e+00
1.008538927560380216e+00
1.003364315067059698e+00
1.004199678586777500e+00
9.888270972840116357e-01
1.002423790826286965e+00
1.004050913389941124e+00
1.010314264636922976e+00
9.953236810750245578e-01
1.017341936045685458e+00
9.983276719027103230e-01
1.004283513619666390e+00
1.009959710210995842e+00
1.006494484256078348e+00
1.000509713371235954e+00
9.995030312580472920e-01
9.965104102609765313e-01
1.004068108396315884e+00
9.928540539443595492e-01
1.005643479208195412e+00
1.001754286244923797e+00
9.889008128733782765e-01
9.789090752531863782e-01
9.825775354710419851e-01
9.972264069174427981e-01
9.919902939898534999e-01
9.967622080177844790e-01
9.924732932288901077e-01
9.928926125622108412e-01
9.983010732492562100e-01
1.004159901322408510e+00
9.993428944884842346e-01
9.959577151923172389e-01
1.000842699182054707e+00
9.937958191901498095e-01
9.900206319237823127e-01
9.901927080882206855e-01
9.895779482141368044e-01
9.923884772050685088e-01
9.863669003215284059e-01
9.856657204795612470e-01
1.000877813385201431e+00
9.890430748358607360e-01
9.900258871921935322e-01
1.003743939376797067e+00
9.883035905700268131e-01
9.947829324952744967e-01
9.923576583531635853e-01
9.925592351696079785e-01
9.952020721519332369e-01
9.908348728760104640e-01
9.885157132684080361e-01
9.919144769974429510e-01
9.877638009819347253e-01
1.004833885895858980e+00
1.001503987361899828e+00
9.967890610801064533e-01
9.949954775630789339e-01
9.901703440263783795e-01
9.947827756550973177e-01
9.921066590293874388e-01
9.972278935062186545e-01
9.924457147083909359e-01
9.925976405942914527e-01
1.001600828486906458e+00
9.965086090026932242e-01
9.907304604683241367e-01
9.993608175652937131e-01
9.957347712399285955e-01
9.978765843221680809e-01
9.902235066582526501e-01
9.848294116268074827e-01
9.988632653238717074e-01
9.911091701191914183e-01
9.886189190821982331e-01
9.953018359820455796e-01
