0.000000000000000000e+00
0.000000000000000000e+00
0.000000000000000000e+00
0.000000000000000000e+00
0.000000000000000000e+00
0.000000000000000000e+00
0.000000000000000000e+00
0.000000000000000000e+00
0.000000000000000000e+00
0.000000000000000000e+00
0.000000000000000000e+00
0.000000000000000000e+00
0.000000000000000000e+00
0.000000000000000000e+00
0.000000000000000000e+00
0.000000000000000000e+00
0.000000000000000000e+00
0.000000000000000000e+00
0.000000000000000000e+00
0.000000000000000000e+00
0.000000000000000000e+00
0.000000000000000000e+00
0.000000000000000000e+00
0.000000000000000000e+00
0.000000000000000000e+00
9.091817943470654334e-03
2.357227482752325201e-02
1.438438595248508756e-01
2.765897409491305803e-01
5.489243408897237497e-01
8.376518922451962057e-01
1.033185395518013028e+00
1.090372057476224565e+00
1.061021904684599004e+00
9.388148576469961260e-01
8.669684427572211805e-01
7.153834509389679353e-01
5.801997818118391770e-01
5.887449950119590936e-01
5.623455463072729588e-01
5.522216132780669584e-01
5.561405385812340230e-01
6.310966555686891022e-01
6.517835719726207122e-01
6.807431732297856142e-01
7.499653398333571142e-01
8.093862332484241806e-01
8.652877491366944840e-01
9.199600498260327441e-01
8.971621908729475736e-01
1.004334187047509763e+00
1.063797773613148312e+00
1.139496707250722274e+00
1.195212059734682697e+00
1.188779632091249816e+00
1.193163709519891480e+00
1.217980449488453631e+00
1.236429860757302990e+00
1.191411234303852318e+00
1.143350763445922125e+00
1.118143912056981382e+00
1.060505156459973897e+00
1.068919891936654265e+00
9.915291484975058411e-01
9.701187553035607314e-01
1.011009025105815917e+00
9.960738615922860584e-01
9.657415620966224301e-01
9.745453581788611208e-01
9.716743494556082661e-01
9.497772401097728245e-01
9.375062721738739446e-01
9.694163422465333912e-01
9.887476270800472644e-01
9.922107154346430091e-01
9.573884728096287988e-01
9.880900950015163442e-01
9.781126994917531681e-01
9.871258261358422104e-01
9.955659084840599027e-01
9.989050037077494837e-01
1.014243643233109893e+00
1.003357070028230158e+00
9.704796941600142279e-01
9.996488844717338340e-01
9.809316638726999216e-01
9.838276974918931383e-01
9.704272154891353530e-01
9.804780221243257765e-01
9.730103591163480337e-01
1.011833972963578798e+00
9.711942404731687128e-01
9.675849919419241552e-01
9.576848941822985184e-01
9.714230272955037826e-01
9.676526076967281176e-01
9.691624735401213053e-01
9.580920066832098181e-01
9.848087773134054368e-01
9.396715414717660142e-01
9.697698899592204214e-01
9.742861178623165586e-01
9.653859538674461893e-01
9.826984090751794687e-01
9.847722360692653387e-01
9.759667258580807525e-01
9.755532142695746423e-01
9.849119776989273545e-01
9.864286516506178826e-01
9.891066361487601544e-01
9.796142819469852991e-01
9.742016633218651966e-01
9.676111816516479447e-01
9.684443466315854065e-01
9.706343097698041378e-01
9.702101764593770161e-01
9.844694245171743407e-01
9.759208613779262187e-01
9.818355783279391069e-01
9.757403702306771676e-01
1.006441058146942513e+00
9.905832400666453319e-01
9.881094534836041277e-01
9.866710187072283977e-01
9.914070141124157187e-01
9.920382706833212882e-01
9.936342096631113341e-01
9.951309706144875200e-01
9.994688305243296655e-01
1.015682942411298528e+00
9.856642147754451910e-01
9.805776883234222918e-01
9.862416189352627427e-01
9.830007174752375398e-01
9.933435054816772691e-01
9.730035139307359193e-01
1.004940008277004360e+00
9.940036677238539564e-01
9.903050712602693428e-01
9.852123535514076824e-01
9.990338141612107314e-01
1.000673421123257745e+00
9.915117362008275537e-01
9.899727744245705452e-01
9.954605790748549676e-01
9.990287566119808726e-01
9.981644941012786099e-01
1.003210685194893870e+00
9.869565063286594997e-01
9.971832319128219879e-01
9.819395655087754804e-01
9.803027405792300586e-01
9.792344412071365412e-01
9.839324688137268682e-01
9.838695088775301079e-01
9.798143696461210084e-01
9.825899864548954810e-01
9.887439915310285432e-01
9.860979685664579275e-01
9.877632818329525888e-01
9.877957785958516590e-01
9.897466395193178501e-01
9.839169992103493634e-01
9.864719398779524528e-01
9.849592035303825766e-01
9.911389825963624611e-01
9.860089514116339160e-01
9.940808530691092049e-01
9.826915712953869786e-01
9.946330265534575332e-01
9.884916453827703453e-01
9.936428325209931689e-01
9.935613893503681959e-01
9.899195176841558697e-01
9.977908265930824916e-01
9.907909188424327551e-01
9.909077398771428680e-01
9.932485835492608217e-01
9.885345787050309196e-01
9.936263390512540816e-01
9.940441631511605092e-01
9.900847972588144863e-01
9.818916790945777517e-01
9.937655191656988851e-01
9.925408226184949667e-01
9.952367834300118732e-01
9.863945550942980756e-01
9.958140120647678284e-01
9.825806563240310210e-01
9.921936341746369070e-01
9.879303611360074067e-01
9.892803823477949177e-01
9.841028755789803517e-01
9.860222940819980408e-01
9.961652356365588989e-01
9.913839572176844639e-01
9.966016210014626564e-01
9.939626101361609400e-01
9.897954468319433152e-01
9.936838843847137781e-01
9.871500153285006629e-01
9.898418277223500761e-01
9.958641809487618346e-01
9.960095814499424494e-01
1.002579891207993290e+00
9.981946038542113264e-01
9.987555357817060608e-01
1.004779779936818995e+00
9.936414137912816802e-01
1.002176237287808469e+00
9.978811163342550250e-01
9.894982163723807789e-01
9.967316877489383886e-01
9.929423653584111831e-01
9.960682629016086587e-01
9.917090404362736145e-01
9.950320597028046166e-01
9.919277991907698988e-01
9.983994895448994322e-01
9.958519213732542896e-01
9.954010832126595210e-01
9.984608929585180315e-01
9.981053555575009062e-01
9.979765980446198004e-01
1.003652806643703155e+00
9.973290704557602471e-01
1.002141859502259535e+00
9.937396185687731309e-01
9.951167564757082973e-01
1.005682341138011804e+00
9.947717079180867783e-01
9.972509662756869897e-01
9.905066423046704482e-01
9.968761962450131131e-01
1.007982841333124435e+00
9.976922357356058368e-01
1.000689825498385366e+00
9.905616107264157977e-01
9.796737814629890018e-01
9.947853805853142939e-01
9.985106857980160511e-01
9.898733349174171359e-01
9.879198783455580557e-01
9.999061023680623217e-01
9.864224355315381887e-01
1.001496277412359914e+00
9.962479202430442049e-01
9.939086282724861610e-01
1.002432563922803999e+00
9.954769539488566021e-01
9.934246105661866943e-01
9.900085862609113718e-01
9.939603525803231143e-01
9.905319633434680471e-01
9.900295984632245805e-01
1.002185120327028667e+00
1.000245533521301633e+00
9.907796160402533303e-01
9.952865580893692776e-01
9.958313859367887710e-01
9.890544115563698613e-01
9.977426345573566779e-01
9.957842773336341713e-01
9.925494834231533003e-01
9.919550207599127090e-01
9.950991493140675104e-01
9.891437841953247823e-01
9.990318549019558958e-01
9.918009810950593197e-01
9.862290419094580374e-01
9.881626878233016331e-01
9.944207872610900667e-01
9.918813775089961871e-01
9.886252419995805729e-01
9.941316570902107852e-01
9.947179366698357672e-01
9.965844988562551077e-01
9.871574618625035269e-01
9.845330287966058691e-01
9.890959649025603539e-01
