0.000000000000000000e+00
0.000000000000000000e+00
0.000000000000000000e+00
0.000000000000000000e+00
0.000000000000000000e+00
0.000000000000000000e+00
0.000000000000000000e+00
0.000000000000000000e+00
0.000000000000000000e+00
0.000000000000000000e+00
0.000000000000000000e+00
0.000000000000000000e+00
0.000000000000000000e+00
0.000000000000000000e+00
0.000000000000000000e+00
0.000000000000000000e+00
0.000000000000000000e+00
0.000000000000000000e+00
0.000000000000000000e+00
0.000000000000000000e+00
0.000000000000000000e+00
0.000000000000000000e+00
0.000000000000000000e+00
0.000000000000000000e+00
0.000000000000000000e+00
1.272764917580548535e-02
4.377400041303879108e-02
1.219459923361912446e-01
3.347955926290654416e-01
5.624719826222327468e-01
8.579290265059957843e-01
1.086734435927864562e+00
1.180966683352402402e+00
1.103090109400922447e+00
9.884180231342362122e-01
8.246879009111354186e-01
7.295332567826274817e-01
6.129505347277768301e-01
5.663679178520841795e-01
5.471494685910044398e-01
5.593913951458564515e-01
5.849362796256774022e-01
6.650923955044005798e-01
6.892297950834734843e-01
7.380169624620100954e-01
8.013155436074509419e-01
8.667478916968979208e-01
8.935262064264453130e-01
9.575959219316851900e-01
9.969911879387591824e-01
1.075201773323557708e+00
1.119896022863881235e+00
1.225644932009122945e+00
1.221980096112488923e+00
1.258361659525958798e+00
1.321677442377819478e+00
1.286419815649903597e+00
1.256728002629537100e+00
1.282197180764291122e+00
1.224097456271501239e+00
1.171690987378474658e+00
1.135460969476279169e+00
1.123936616622978502e+00
1.045709572276000143e+00
1.014389137790994599e+00
1.031608619351286116e+00
1.064988706971884191e+00
1.047681876394344069e+00
1.000432568442197967e+00
9.884970634244122367e-01
9.894402549523805268e-01
9.929511799270741568e-01
1.014114936967834391e+00
1.027857434382105195e+00
1.019197325814074961e+00
1.035317340824716936e+00
9.979209550437423415e-01
1.034348308290849117e+00
1.051529697394622431e+00
1.059292877370722197e+00
1.041897349671905726e+00
1.021471016667807596e+00
1.068608644797352625e+00
1.020271737606819551e+00
1.044125674620284938e+00
1.052033387814672816e+00
1.045707573505788357e+00
1.024876924455251803e+00
1.018151885938167300e+00
1.012503153988918880e+00
1.013206476727684047e+00
1.019569186092932345e+00
1.010219744171647616e+00
9.972476991276183478e-01
9.966448271040219131e-01
1.019574497664889057e+00
9.801413205256235273e-01
1.015491115581391046e+00
1.000948659431048160e+00
1.006489729198174254e+00
1.017935007320167395e+00
9.961397293307925338e-01
1.012250216498518984e+00
1.007575790483348666e+00
9.948812868256408093e-01
9.884340584277881980e-01
9.951881457661713171e-01
1.013697261738807809e+00
1.010566201125426167e+00
9.927844872547233468e-01
1.000947158925020730e+00
9.915385148760059719e-01
9.923015620244486357e-01
9.930674769834701987e-01
1.001502158930721142e+00
9.940741193855245905e-01
9.933737739092605157e-01
1.011823548216816304e+00
1.021006812552206489e+00
1.002831182869282189e+00
9.980638751265320519e-01
1.001887678819946004e+00
1.011915497159357802e+00
9.961373212876497574e-01
1.006060438122219125e+00
9.908423146517503222e-01
1.005904387566092018e+00
9.936061572593596347e-01
9.982527085827097579e-01
9.915678852710388957e-01
9.875389461879404696e-01
9.951421038959575860e-01
9.763387646969875489e-01
9.862488778172349146e-01
9.903975628876552362e-01
9.856224022458228706e-01
9.885593437257753635e-01
9.814250968080941995e-01
9.860436316595285744e-01
9.972347505701421033e-01
9.950100492250831818e-01
9.933389723769979751e-01
9.888215475505923724e-01
9.821510805970486979e-01
9.845174953364825843e-01
9.853857832679265849e-01
9.958904496362979142e-01
9.930852992984237071e-01
9.923027158084716248e-01
9.797599838805690631e-01
9.926768699946908470e-01
9.934738745596113363e-01
9.905547070335706250e-01
9.871753749721891014e-01
9.964321320293126893e-01
9.960296653190942040e-01
9.989355979761398441e-01
9.914391179479588034e-01
1.000902061949343391e+00
1.003915171940286344e+00
9.921328722763341768e-01
9.984267506839957784e-01
9.861314909696019537e-01
9.899854004396735352e-01
9.863318792573555482e-01
9.980628672392573009e-01
1.001593443919511106e+00
9.929572337447565289e-01
1.003112789254850812e+00
9.989256757132435327e-01
9.980215568259361847e-01
9.851302957668881533e-01
1.006843444970605628e+00
9.859609884759947818e-01
9.889833057227686020e-01
1.002084949193801311e+00
9.797164952292294338e-01
9.920902757104553826e-01
9.895783423139375978e-01
1.001887108697264717e+00
9.952807651302495451e-01
9.859948863816891951e-01
9.924733251312328752e-01
9.891304061231817046e-01
9.978551947303262448e-01
9.922458332355160726e-01
1.000773412048657773e+00
9.971901936427051139e-01
9.953569563618259730e-01
9.918274420659863866e-01
9.958437332439853407e-01
9.895331872870937184e-01
9.899050042982356912e-01
9.924901169853845850e-01
9.901250476498767439e-01
9.901694704533976488e-01
9.928566067282589280e-01
9.968634717866420303e-01
9.896057369588671104e-01
9.970899847847003450e-01
9.957577096934653316e-01
9.833942307826615270e-01
9.868837549847341295e-01
9.917992436475309148e-01
9.893898397812519452e-01
9.926642966529828360e-01
9.942484823356846357e-01
9.837547303121583209e-01
9.956114929886594744e-01
9.972832167122896996e-01
9.904989520323672636e-01
9.910939155762059638e-01
9.977089651439687845e-01
1.002704178236117682e+00
9.924001703284142106e-01
9.939053446581396223e-01
9.915058899920748958e-01
9.869338079288366705e-01
9.849795200442803544e-01
9.880755228133524248e-01
9.941636457309731556e-01
9.937872908134043337e-01
9.872151912047907318e-01
9.932903603012948057e-01
9.985379733797452584e-01
1.000607404935379696e+00
9.907543401931437899e-01
9.867928267034240530e-01
9.942993564445550270e-01
9.906597231274629767e-01
1.001779038530015598e+00
9.968277477356737304e-01
9.930618706583256294e-01
9.921865661016325832e-01
9.921501640787928622e-01
9.837421623757995892e-01
9.929452458118751546e-01
9.908063349598094094e-01
9.910796954349446741e-01
9.923240676368425550e-01
9.867467164052724504e-01
9.985217167019656559e-01
9.940435069288136027e-01
9.913001725446252133e-01
9.965990791842849195e-01
9.931464565915638643e-01
9.931614339442463857e-01
9.940317029960256123e-01
9.928835393453930847e-01
9.936783180116472991e-01
1.005791639926049807e+00
9.864804521178121011e-01
9.855073541833421213e-01
9.933327195084626915e-01
9.935381239665989073e-01
9.959197404498451034e-01
9.857611032921608230e-01
9.986635179945855256e-01
9.915535184146868630e-01
9.871922791131546582e-01
9.958676270745244752e-01
9.983467881896137541e-01
9.888328709991356380e-01
9.978271594125427413e-01
9.987642522488510144e-01
1.001369969161212792e+00
9.964830172639249639e-01
9.857746869128294342e-01
9.973898632278477283e-01
9.889435906124758313e-01
9.921493837388911663e-01
9.957784882347772148e-01
9.950122880149906424e-01
9.965069699531102776e-01
9.978750367638351548e-01
9.916255735695826967e-01
9.926940953909096921e-01
9.962704766078162022e-01
9.952726298760233847e-01
9.987590374770271007e-01
