0.000000000000000000e+00
0.000000000000000000e+00
0.000000000000000000e+00
0.000000000000000000e+00
0.000000000000000000e+00
0.000000000000000000e+00
0.000000000000000000e+00
0.000000000000000000e+00
0.000000000000000000e+00
0.000000000000000000e+00
0.000000000000000000e+00
0.000000000000000000e+00
0.000000000000000000e+00
0.000000000000000000e+00
0.000000000000000000e+00
0.000000000000000000e+00
0.000000000000000000e+00
0.000000000000000000e+00
0.000000000000000000e+00
0.000000000000000000e+00
0.000000000000000000e+00
3.337721764469995384e-02
1.030004026688770891e+00
3.395646078547668534e+00
3.378808376871678565e+00
1.869219199337761816e+00
8.454323457179548917e-01
3.847527680442917597e-01
2.150142229576956221e-01
2.278622275279357789e-01
3.722465097519785937e-01
5.583909440912993016e-01
7.014300642871905689e-01
7.786911254314625719e-01
8.025523653695196824e-01
8.078756658983730077e-01
8.203438318083384750e-01
8.602009273255755151e-01
9.313071993154247163e-01
1.012091712385895459e+00
1.069428228966700534e+00
1.113069718455138357e+00
1.148787356869708454e+00
1.183761389895777949e+00
1.207962475466017427e+00
1.224487422628296907e+00
1.216965096261552359e+00
1.187097928424584170e+00
1.148510175977411230e+00
1.099255905881092010e+00
1.045541465775801981e+00
1.002752997186738382e+00
9.817329323443588773e-01
9.610502557395507184e-01
9.569555090068738723e-01
9.630550817597098856e-01
9.646011471193367548e-01
9.650935211000288838e-01
9.707524407238877773e-01
9.714250313330371478e-01
9.704353336588174006e-01
9.742108718884904262e-01
9.748311649249852273e-01
9.796077244232836989e-01
9.796306214461408812e-01
9.845429919571012656e-01
9.883711016739901156e-01
9.923425260738980569e-01
9.938278014160318863e-01
9.976110099702505396e-01
9.969706783863998556e-01
9.996592643752146845e-01
9.965638320465328714e-01
9.982076125044092585e-01
1.001324059560469104e+00
1.001581617535721280e+00
1.006172460610805564e+00
1.008193136927126199e+00
1.009868771261849485e+00
1.009650106792899571e+00
1.016593198129215780e+00
1.013537672703512138e+00
1.013895920656403105e+00
1.012967864143820451e+00
1.009416786517772335e+00
1.008802325195914396e+00
1.006167247557432143e+00
1.004337142292289098e+00
1.001867970098284433e+00
9.994727180625240237e-01
9.963297761911853456e-01
9.956245054704103703e-01
9.928729288900608463e-01
9.938129684140012410e-01
9.930330142144043748e-01
9.924746891997477949e-01
9.934132521141187944e-01
9.946401368000493681e-01
9.915566084200664321e-01
9.961366872781879378e-01
9.964491963563937293e-01
9.975964208720162762e-01
9.992366248477085877e-01
1.002905816363695912e+00
1.001878945570457535e+00
1.004327505692755196e+00
1.002897861375703581e+00
1.004051513303909626e+00
1.002780326784662668e+00
1.004081225522237331e+00
1.003273534919307375e+00
1.002408467061246533e+00
1.003689906663123965e+00
1.001667482849155633e+00
1.001262184877661499e+00
1.000489986847229229e+00
1.000642438276156287e+00
9.989043199013422081e-01
9.999527856343329857e-01
9.991738469324931149e-01
1.000057131079729711e+00
9.989675484678476325e-01
1.001221491724771040e+00
9.977523193615371877e-01
9.998543682550241618e-01
9.990205087066948986e-01
9.988612887581311828e-01
9.998100909847451589e-01
1.001403563950004294e+00
9.991943304461823328e-01
1.001078804827369551e+00
9.984344820699287970e-01
9.994633560621611901e-01
1.000887458861417167e+00
1.000335050715649210e+00
9.988704872546415592e-01
9.993263441443502870e-01
1.000839246683708383e+00
1.000023293576242533e+00
1.000254204748137532e+00
1.001386832114998571e+00
1.000230837276685714e+00
1.001297349576095730e+00
1.000573727195922080e+00
1.000938378138647611e+00
1.000940799704476136e+00
9.997964523425261207e-01
9.987453400903875123e-01
1.000371775568173804e+00
9.984470080132497039e-01
1.000491856818201075e+00
9.999761834589990794e-01
1.001597884964293472e+00
1.000710857510858753e+00
9.997893989227097933e-01
9.997669562795858944e-01
1.000252633640483335e+00
1.000472755739417519e+00
9.985850529164623790e-01
1.000557004027480490e+00
1.000683439569809208e+00
9.995257049367705093e-01
1.000160131150485743e+00
9.991726025253506727e-01
1.000218487097001896e+00
1.000776475876234972e+00
9.991687157712163536e-01
9.996071349918206339e-01
9.995694830898246286e-01
9.999687807757081659e-01
9.998017094293728535e-01
1.000799483920840727e+00
9.996550426608384887e-01
9.998066903502875746e-01
1.000003361342245434e+00
1.000661002949698064e+00
1.000174953024879354e+00
9.992404440686302181e-01
1.000062148405516993e+00
9.998059560336272078e-01
1.000815540999048459e+00
1.000738397386348844e+00
1.000824161973152382e+00
9.995226745863993179e-01
1.000791306507235801e+00
9.996394190807211810e-01
1.000318971130272017e+00
9.995650851360929900e-01
1.000814807152535568e+00
9.996604414469272282e-01
1.000029196247937735e+00
1.000474253366363531e+00
9.991842913803198334e-01
9.998497130480689110e-01
1.000317241707089577e+00
9.998619165859496949e-01
9.990053419521321976e-01
9.997193262494573629e-01
9.996751034753033061e-01
9.996412816979259874e-01
1.000865511684350340e+00
1.000829427012904338e+00
1.000133525461939010e+00
1.000076211265681803e+00
9.995926426101868767e-01
1.000389024101876023e+00
9.996665298918308018e-01
9.995692777511433480e-01
9.995675078189606433e-01
9.999085902522792946e-01
1.000922290518134972e+00
1.000765072488454033e+00
9.995224507755721133e-01
1.000114971995187840e+00
9.990612063271846477e-01
9.998605725086372464e-01
9.995499371201468364e-01
1.000495252226873077e+00
9.997664428181433083e-01
9.998348555409281024e-01
9.997991538058007555e-01
9.996316555629413125e-01
1.000506002654314663e+00
9.999972510796070191e-01
9.997934828023680165e-01
9.996111281649261437e-01
1.000304409904488656e+00
1.000371383484878862e+00
1.000170715067266070e+00
1.000600375868681224e+00
9.999995834546874240e-01
9.998183770132453851e-01
1.000317154210289772e+00
1.000272764589548835e+00
9.999471573398688307e-01
1.000814563955709113e+00
9.990092346487593478e-01
1.000175851796597293e+00
9.995649422306295273e-01
1.000294918141272138e+00
9.993889919815734935e-01
9.997484846587714191e-01
1.000445400119771344e+00
9.999842587634228952e-01
9.995322775321872077e-01
9.998047168034818188e-01
9.995790268177260351e-01
9.987635852279694859e-01
1.000115857925901963e+00
1.000688360330852955e+00
9.997856878844285644e-01
1.000225547466188303e+00
1.000395855152556246e+00
9.995971118240211117e-01
1.000596107972807181e+00
1.000163024459681083e+00
9.994466927241608678e-01
1.000112378839154603e+00
1.000259580919179436e+00
9.998808686238714882e-01
1.000477991201099259e+00
1.000479833588188372e+00
9.992557238505022088e-01
9.995471863362959120e-01
1.000006106599509392e+00
1.000310538167245467e+00
1.000246032520596406e+00
9.999254927071826726e-01
9.999572303253986272e-01
1.000173576220822591e+00
9.998634798378587263e-01
1.000023660667348935e+00
9.997248822634203780e-01
9.994621350944296045e-01
9.999451568365230747e-01
9.994114616334781598e-01
1.000651695344800141e+00
1.000017495495381770e+00
9.999852323921136765e-01
9.998837481613120914e-01
