0.000000000000000000e+00
0.000000000000000000e+00
0.000000000000000000e+00
0.000000000000000000e+00
0.000000000000000000e+00
0.000000000000000000e+00
0.000000000000000000e+00
0.000000000000000000e+00
0.000000000000000000e+00
0.000000000000000000e+00
0.000000000000000000e+00
0.000000000000000000e+00
0.000000000000000000e+00
0.000000000000000000e+00
0.000000000000000000e+00
0.000000000000000000e+00
0.000000000000000000e+00
0.000000000000000000e+00
0.000000000000000000e+00
0.000000000000000000e+00
0.000000000000000000e+00
3.485571924601833793e-02
1.025383295244044701e+00
3.407727719927688970e+00
3.372747512040003226e+00
1.867877757275399730e+00
8.397860263593692753e-01
3.860095431266185040e-01
2.167730639032630080e-01
2.269489382530748001e-01
3.706475148939458730e-01
5.592966599742166256e-01
7.055749310379262340e-01
7.781740148720122097e-01
8.047451807493497533e-01
8.084114224735327037e-01
8.227624642829894919e-01
8.626493608446887951e-01
9.300154804187236168e-01
1.016001627962586307e+00
1.067834015566444084e+00
1.103851144907984860e+00
1.152333188195943769e+00
1.185867558487171181e+00
1.212927388601046097e+00
1.224714634010681369e+00
1.218148481192061539e+00
1.186232435988579859e+00
1.145733253045492672e+00
1.094422306669336820e+00
1.040559115419013247e+00
1.003377728509662115e+00
9.755064785065288291e-01
9.666626798361221962e-01
9.582107915381352647e-01
9.613644872099827987e-01
9.639998595518932678e-01
9.646941500963016614e-01
9.666546067229265793e-01
9.693948934950408214e-01
9.722590589115229776e-01
9.691726575346596428e-01
9.729583245166382177e-01
9.783637406975765893e-01
9.803959738687448855e-01
9.852114177275206330e-01
9.901717364985160863e-01
9.912841892416954792e-01
9.954682360860787060e-01
9.963747879560015397e-01
9.993468706807033808e-01
9.971389043451871492e-01
9.996797182777875657e-01
9.980839135558889907e-01
1.000509977286623275e+00
1.001231498601405923e+00
1.006163561276998575e+00
1.004204819406575577e+00
1.008079803479887238e+00
1.010382889281949748e+00
1.014216662633886212e+00
1.012847909596023666e+00
1.013673217719042619e+00
1.012560986487551995e+00
1.011203604852410898e+00
1.007538291621807414e+00
1.007441750562542371e+00
1.003452907025328411e+00
9.990852828655251150e-01
9.977903516479893486e-01
9.962453252900732581e-01
9.954593881610381834e-01
9.931152735091935968e-01
9.930513069237518753e-01
9.914100138252391892e-01
9.911987214381297040e-01
9.950424572930054445e-01
9.946483396556392576e-01
9.928132306558516973e-01
9.948047097504852943e-01
9.960574215251470909e-01
9.977121553873649074e-01
9.987843404226778299e-01
1.001235783948073221e+00
1.001905682992953350e+00
1.002426450347710274e+00
1.004458296082145097e+00
1.004477372677137881e+00
1.003178273090094441e+00
1.002530450838395204e+00
1.002792723529966956e+00
1.001306916696828253e+00
1.002576276594294713e+00
1.002496588029253566e+00
1.002076359720901699e+00
1.002511392249487043e+00
1.000929958463123048e+00
1.000418667283084595e+00
1.001134912893692608e+00
9.996162980505786111e-01
9.997391759794536092e-01
9.992205071632860314e-01
1.000743970681561068e+00
9.998521329095827470e-01
9.991963109794567144e-01
1.000530506420529431e+00
9.997233861706912306e-01
9.998474170434814567e-01
1.000266726243924653e+00
9.992087331409760242e-01
9.998715370394878343e-01
1.000318438110578079e+00
1.000251961663805256e+00
1.000137989992379239e+00
1.000276582136591319e+00
9.998386914190433572e-01
1.000673992504879095e+00
1.000631652474013755e+00
1.000109333420239111e+00
9.999783760755691642e-01
9.998092076933159378e-01
1.000710284141909101e+00
1.000974867749640174e+00
1.000966693246321482e+00
1.000166309882697391e+00
1.001419380242889901e+00
1.000894087236017249e+00
1.000707269254778709e+00
1.000523475919986582e+00
1.000152996524921178e+00
1.000843377672040457e+00
9.996028725192330766e-01
1.000687718381635616e+00
1.001493807528721192e+00
1.000754908689191813e+00
9.996531525004365148e-01
1.000666640493543813e+00
1.000350937609699287e+00
9.991503412890091473e-01
1.000080950028908289e+00
1.000717514336686653e+00
1.000283344036431821e+00
1.000084687448763665e+00
1.000191095437029443e+00
1.000350607765152944e+00
9.995978572439512266e-01
9.996687362100328267e-01
1.000170498645909234e+00
9.998992453898912780e-01
1.000518062039686518e+00
1.000469663542075116e+00
1.000689020710785249e+00
1.000079029131766939e+00
1.000201714805537989e+00
1.000024508571837778e+00
1.001786305680734568e+00
1.000494328097824459e+00
9.999206748988713755e-01
9.981879279826862961e-01
1.000186073208178650e+00
1.000902654121216484e+00
1.000057567500169498e+00
1.001427911819743555e+00
1.000804324787785582e+00
9.998244126865427628e-01
1.000111378394255013e+00
1.000995038777362511e+00
9.983348593221683664e-01
1.000449412043799002e+00
9.999267902471247194e-01
9.998384202373266083e-01
1.000039105308018650e+00
1.000063513714092522e+00
9.993774922094808000e-01
9.997244463093041267e-01
1.000440693968880579e+00
9.987313753454425402e-01
1.000327211405494188e+00
9.996348157730771122e-01
1.001158060850001918e+00
1.001170129849144663e+00
1.000566178169082887e+00
1.000019215043801646e+00
9.994775163908501403e-01
9.999200427697452209e-01
1.000362429411504106e+00
9.998951619800680035e-01
1.001253298866272345e+00
1.000229157647574141e+00
9.989583058340918420e-01
1.000351300312897207e+00
1.000336467836689280e+00
1.001240062110876572e+00
9.999080909867523737e-01
1.000168792877796031e+00
9.998826425444287125e-01
9.999802406657073428e-01
1.000018766666772585e+00
1.000327001915967351e+00
9.998035194563933414e-01
1.000294914834132687e+00
9.995480644682478433e-01
9.995912419147375827e-01
1.000054710436736327e+00
9.990325144608737107e-01
9.995427382186707899e-01
1.000017815610087402e+00
9.998269505448433847e-01
1.000308437128917260e+00
1.000175375104104258e+00
9.996643718230868725e-01
1.000587180011265565e+00
1.000559633327325448e+00
1.000666919140990707e+00
1.000571465265318150e+00
1.000063689473575046e+00
1.000715786945572505e+00
1.000416703798374440e+00
9.995289660513025920e-01
1.000602556243057606e+00
9.999052299859961801e-01
9.997559947385683543e-01
1.000544208270869762e+00
1.000418159562007414e+00
9.998993491147406543e-01
1.000655183942129600e+00
1.000581204546552749e+00
9.996512256768546045e-01
1.000340971491750608e+00
1.000275575800359862e+00
9.998251527875071654e-01
9.997922765517919252e-01
1.000310170872189985e+00
1.000105290601033703e+00
1.000405882439139083e+00
1.000162260759323241e+00
1.000750606548893806e+00
1.000602834811891384e+00
9.999846733287938161e-01
9.995014219074166428e-01
1.000453595993096245e+00
9.999428507049932247e-01
1.000058732934463679e+00
9.998056731756592708e-01
9.995266137185417898e-01
1.000602993371755511e+00
1.001029680890633600e+00
9.999751782141879097e-01
9.998819500634952284e-01
9.995537247196729647e-01
1.000946989046079594e+00
1.000458749431659689e+00
9.997210823957030090e-01
1.000301169282881153e+00
1.000403558317182862e+00
9.994237466441752149e-01
1.000369356892471195e+00
1.001103715211750789e+00
9.999581914668259630e-01
1.000024718384870503e+00
