0.000000000000000000e+00
0.000000000000000000e+00
0.000000000000000000e+00
0.000000000000000000e+00
0.000000000000000000e+00
0.000000000000000000e+00
0.000000000000000000e+00
0.000000000000000000e+00
0.000000000000000000e+00
0.000000000000000000e+00
0.000000000000000000e+00
0.000000000000000000e+00
0.000000000000000000e+00
0.000000000000000000e+00
0.000000000000000000e+00
0.000000000000000000e+00
0.000000000000000000e+00
0.000000000000000000e+00
0.000000000000000000e+00
0.000000000000000000e+00
0.000000000000000000e+00
0.000000000000000000e+00
0.000000000000000000e+00
0.000000000000000000e+00
0.000000000000000000e+00
0.000000000000000000e+00
0.000000000000000000e+00
0.000000000000000000e+00
0.000000000000000000e+00
0.000000000000000000e+00
0.000000000000000000e+00
0.000000000000000000e+00
1.366489181148959793e-03
5.504642126659128887e-02
8.030225906506369693e-01
3.486084197250165495e+00
6.915212415284382352e+00
8.497815258908127944e+00
7.693064848172996406e+00
5.916584746388462435e+00
4.199638503547527435e+00
2.914537197270442803e+00
2.082973173459701233e+00
1.533681647842477958e+00
1.219306542830181250e+00
9.512805524117377010e-01
8.381772055542855426e-01
7.523349618720370779e-01
7.072727643870430070e-01
7.047878659908902721e-01
7.163193797649003436e-01
7.265413632155974799e-01
7.614473006045192616e-01
8.158527936561964511e-01
8.401304911903849648e-01
9.062873879372440600e-01
9.173565909487165770e-01
9.821229279364288578e-01
9.976758673717135428e-01
9.994055938195703925e-01
1.007654025163826406e+00
1.011025543891754586e+00
1.015662516043755348e+00
1.002182329543266359e+00
9.798836298514106424e-01
9.569887148877036509e-01
9.515334565271688083e-01
9.032103604608288094e-01
8.841690555465240298e-01
8.592674266777010628e-01
8.557420065789704822e-01
8.564809379908817633e-01
8.720674503993843807e-01
8.905557628678014703e-01
9.042069169974318310e-01
9.193594259517351430e-01
9.524570779107914831e-01
9.816768487530592724e-01
9.911184245559738759e-01
1.004619063404382118e+00
1.014830595330395546e+00
1.028327030946397436e+00
1.025562892560465844e+00
1.038700771038130632e+00
1.044302417915239811e+00
1.030285126685765107e+00
1.029134152700347027e+00
1.021130014785739171e+00
1.001427859888438299e+00
1.000474562108065957e+00
9.945248864754996365e-01
9.876638765138667786e-01
9.910213300461483410e-01
9.778289488860546497e-01
9.718234594689615369e-01
9.738621839886705267e-01
9.698728987950352431e-01
9.703360950919097672e-01
9.628740880157702353e-01
9.752850030432109740e-01
9.730940332117937741e-01
9.820925778965579056e-01
9.910785191714377440e-01
9.949001612310320874e-01
9.964119854086619377e-01
9.931489167421633235e-01
9.970861652264464414e-01
1.008474935866620070e+00
1.010349993830252258e+00
1.006282359479917732e+00
1.001013642309822149e+00
1.011352627710289109e+00
9.994065173098274357e-01
1.002042559951564105e+00
1.013044397111101169e+00
1.002200592707310545e+00
1.006297580913734890e+00
1.002750110496401392e+00
1.005469551337577760e+00
9.971018262656875519e-01
9.892499810590975606e-01
9.923545577214900604e-01
9.855687951201850261e-01
9.873325395905735435e-01
9.886519281042132068e-01
9.928467338985891288e-01
9.827682196990026320e-01
9.900908191600541475e-01
9.975044192667843479e-01
9.895779702362730301e-01
9.942867778285446878e-01
9.897398981655781691e-01
9.978618123850775401e-01
9.881683233979265957e-01
1.000546712136068717e+00
9.945125767447822174e-01
9.964182860130583741e-01
9.950485399053313751e-01
9.959169670962862986e-01
9.960945890624528509e-01
9.858705828868141730e-01
9.950982965769563648e-01
9.980281222517932704e-01
9.922280406006925846e-01
9.916771517863794960e-01
9.948795324085459857e-01
9.938939135124914559e-01
9.949665809303306352e-01
1.001183013604679539e+00
9.989425087774247425e-01
9.898285274437222947e-01
9.897976934684850070e-01
9.972175659920581303e-01
1.004348449692262557e+00
9.963358412560719968e-01
9.919796104618456845e-01
9.902815295239030258e-01
9.914210206448211826e-01
1.001634727658960555e+00
9.986126254251702639e-01
9.949714600524046659e-01
9.975420130565151311e-01
9.934910115887404247e-01
9.914944723237893998e-01
9.997146814666528769e-01
9.976619755792308641e-01
9.972525132490110966e-01
9.988499280362261867e-01
1.002799945764613510e+00
9.993526488953242692e-01
1.000256787215785925e+00
9.963900021158714759e-01
1.000481563511468996e+00
1.000106774347494287e+00
1.002291540996425034e+00
1.000415651532153394e+00
1.006357823020931130e+00
1.005322312879787239e+00
1.000559086622608396e+00
1.001815613920765458e+00
9.970372357120739215e-01
1.003082288151796231e+00
1.002703169572309871e+00
1.002804277716428549e+00
9.991720453054726558e-01
1.001432454837300812e+00
1.001943659569142664e+00
1.005770241987087532e+00
1.000790266139894191e+00
1.002161919300998516e+00
1.005541886438350740e+00
1.003443656302180687e+00
9.964265201743416345e-01
1.001551748597902192e+00
1.005626307369044570e+00
9.971928276713885042e-01
1.000646853980500017e+00
1.004942128586298278e+00
1.006484602473519896e+00
1.005566564330498514e+00
1.007259467507650719e+00
9.992064566774260248e-01
1.004385967919517286e+00
1.002235329557073840e+00
1.003785632998034805e+00
1.003815937257320101e+00
1.001198851445455729e+00
1.005659262826425815e+00
1.001653969292499502e+00
9.996261138438614635e-01
9.962102535897683353e-01
1.003598452220330062e+00
1.001859692371802391e+00
1.005967842943537027e+00
9.991073367179997833e-01
1.000834644908357829e+00
9.971659791040891063e-01
1.005947293882027305e+00
1.004639749061935428e+00
9.987064190026104793e-01
1.000861003956792450e+00
9.992525337121358486e-01
9.955681484686675908e-01
1.001485983051918049e+00
9.982145781502639315e-01
9.954556111262045093e-01
1.003398214744407380e+00
1.002327554663692055e+00
1.003493083482489112e+00
9.985874683725743939e-01
9.983041883319678789e-01
9.986726557087189926e-01
9.968135536788105266e-01
9.997838966043431919e-01
9.990764967696902366e-01
1.000869655129943192e+00
9.979463315326975170e-01
1.000727985578758750e+00
9.978553424640997926e-01
1.000204821751499162e+00
1.000683964100428813e+00
9.972896132701885019e-01
9.981194009546859869e-01
1.002607245178119388e+00
9.950070799903277807e-01
1.001608501020807784e+00
9.990049886997717232e-01
1.002042655070081389e+00
9.999781933131832723e-01
9.961429965871937409e-01
1.001138129440764857e+00
1.002435049629057939e+00
1.001560919882604317e+00
1.002336046778860457e+00
9.998722838709107608e-01
1.001675048145963975e+00
9.984741370402481220e-01
9.996944692135862898e-01
9.968827386012172331e-01
9.990018588352760354e-01
9.977961257768336312e-01
1.000493151648549128e+00
9.959139945082472467e-01
1.000015542576313532e+00
9.995989402030340809e-01
9.968995098151733902e-01
1.000289290091011418e+00
1.000574742842417653e+00
9.965153562456986469e-01
9.992259017726676795e-01
9.991625875935966627e-01
9.995665707392880073e-01
9.989735496987212082e-01
1.000809332536631402e+00
9.930096876010721108e-01
9.775602103748400884e-01
9.691313110851701440e-01
9.579003557234953004e-01
9.544468681616927741e-01
9.388563049766424085e-01
