0.000000000000000000e+00
0.000000000000000000e+00
0.000000000000000000e+00
0.000000000000000000e+00
0.000000000000000000e+00
0.000000000000000000e+00
0.000000000000000000e+00
0.000000000000000000e+00
0.000000000000000000e+00
0.000000000000000000e+00
0.000000000000000000e+00
0.000000000000000000e+00
0.000000000000000000e+00
0.000000000000000000e+00
0.000000000000000000e+00
0.000000000000000000e+00
0.000000000000000000e+00
0.000000000000000000e+00
0.000000000000000000e+00
0.000000000000000000e+00
0.000000000000000000e+00
0.000000000000000000e+00
0.000000000000000000e+00
0.000000000000000000e+00
0.000000000000000000e+00
0.000000000000000000e+00
0.000000000000000000e+00
0.000000000000000000e+00
0.000000000000000000e+00
0.000000000000000000e+00
0.000000000000000000e+00
0.000000000000000000e+00
2.732363550042686009e-04
5.529120639644583696e-02
7.948401953318248170e-01
3.455070673872439269e+00
6.888960491986776624e+00
8.441926809326300685e+00
7.615785803991569125e+00
5.857725325202509659e+00
4.199749494618073342e+00
2.916060081818741878e+00
2.093849467069149206e+00
1.530286124428843930e+00
1.178805931806252261e+00
9.665412494696700163e-01
8.287785154823396061e-01
7.409088143266966409e-01
7.233099083328977663e-01
7.010955687142897963e-01
7.140079507038009643e-01
7.300778226012581973e-01
7.547836924577895346e-01
8.054847373890883233e-01
8.448971886801833753e-01
8.755371570366490275e-01
9.115446113421702412e-01
9.683711561580485849e-01
9.923912211944392325e-01
1.005784360525205035e+00
1.004194365242106146e+00
1.007898334977053389e+00
1.011444114456667487e+00
1.006967378253445400e+00
9.829932586845485654e-01
9.558988658225574531e-01
9.232549546570131271e-01
9.137127656696906186e-01
8.781266366843556437e-01
8.614642600149022833e-01
8.652472358813751985e-01
8.726044308036611241e-01
8.678078816900739456e-01
8.848524761645707448e-01
9.182520657661726871e-01
9.371275512969874377e-01
9.538703252397291443e-01
9.821287669746524562e-01
9.949703299274139656e-01
1.023710071406786826e+00
1.015893934441415514e+00
1.031745741852683640e+00
1.032583589762355869e+00
1.048071041548890969e+00
1.036953166943453297e+00
1.039292208067640111e+00
1.042673801554794943e+00
1.025725648444119731e+00
1.022907768568692921e+00
1.008969249063989881e+00
1.009066785313993853e+00
1.010435916870644490e+00
9.943403283160344719e-01
9.863249521153670818e-01
9.853731716864561063e-01
9.710164253648981836e-01
9.786740387462197210e-01
9.880919484264362174e-01
9.914539082775990497e-01
9.844530067068432144e-01
9.831339643552760021e-01
9.933581460968490262e-01
9.939324155566053864e-01
9.950535581632951043e-01
1.003165455020255559e+00
1.013152237787523280e+00
1.007091565301714065e+00
1.010520866609505131e+00
1.016693406052766147e+00
1.015564338885784013e+00
1.018280622862314910e+00
1.018159552003587764e+00
9.990676649017462552e-01
1.010734329660589070e+00
1.012398210324326975e+00
1.004960876350862620e+00
1.000031671626737229e+00
1.008942527988831772e+00
1.003229050577946646e+00
9.993231237228047403e-01
1.000138989997103822e+00
9.998151340725058844e-01
9.974066676104589302e-01
9.936012148742631167e-01
9.921909228620935384e-01
9.926233825731669569e-01
9.883369039854833504e-01
1.000876091366003084e+00
9.843451301311388901e-01
9.937957070656434633e-01
9.994694879579543167e-01
9.967445071989902150e-01
1.002076172076485694e+00
1.003768319231630013e+00
9.938599117974459274e-01
9.946975766600931745e-01
9.988120666377708901e-01
1.000595332929806291e+00
1.001741653531055709e+00
9.984512125596548549e-01
1.002039240394155373e+00
9.953933908476890746e-01
1.002636272352817715e+00
9.995315906310739962e-01
9.994161066605787846e-01
1.000531821938075439e+00
1.005787109412572322e+00
1.002291346069395850e+00
1.007593580687038415e+00
9.991568567657235223e-01
9.919760159126119747e-01
1.002577716720484791e+00
9.994009179926566233e-01
9.947760819609476890e-01
9.939835970806946142e-01
1.000207499743052120e+00
9.981664566468448907e-01
9.923382476291000565e-01
9.989622577957328886e-01
1.001020090759296322e+00
9.983330336651645709e-01
9.995972138707034382e-01
1.001476157101163889e+00
9.889068849345972190e-01
9.945300409205629633e-01
9.954459325917868195e-01
9.948001283532884598e-01
9.952509362772606893e-01
1.000541210240387668e+00
9.953002583854729801e-01
9.963482460929783402e-01
9.942326562406650359e-01
9.996551108270389507e-01
9.946274293076988737e-01
1.003449950823507741e+00
9.976416965731652597e-01
9.971165153547177917e-01
9.951748212593684029e-01
9.975439463319057953e-01
1.000255507928750953e+00
1.002332089064483345e+00
9.916943124413277744e-01
1.001472358921431605e+00
9.977956855246826740e-01
9.937665897692542494e-01
9.954531078563015889e-01
9.963410671091182946e-01
1.000453868509037614e+00
9.951389727443069599e-01
9.980222185313190053e-01
9.995097548853215663e-01
9.967247795054532400e-01
1.001132747401637824e+00
9.952520474781786364e-01
9.981291136965196875e-01
9.983882191241171267e-01
9.996368689167562938e-01
9.966875624420962199e-01
1.002969183207902626e+00
1.003686914722718093e+00
1.000348519076513565e+00
1.000616669222963662e+00
9.958403525190542283e-01
9.989711071839540990e-01
9.968652350546108876e-01
9.962702304122010855e-01
1.000222307216053874e+00
1.001491363824548397e+00
1.000465928824233686e+00
1.003425830825105836e+00
9.983636827732462748e-01
1.000675599894954804e+00
9.972623462455516563e-01
9.992005536322773329e-01
9.981423480043228880e-01
1.002107321986802857e+00
9.975635900736982142e-01
9.959040534702864322e-01
9.989969318537442744e-01
1.000590437499833119e+00
9.980060343511290011e-01
9.980923606594620523e-01
9.977520312127990953e-01
9.983312007479241412e-01
9.972512722055278944e-01
9.957765730175913710e-01
9.979121479976981179e-01
9.943672110613842596e-01
1.002493420122263279e+00
9.962147010125398383e-01
9.962705984910948942e-01
9.975916780427017683e-01
9.951903858015975768e-01
9.938893574701923583e-01
9.968939727406356255e-01
9.964863143082381969e-01
9.994402191502214094e-01
9.982309332605319163e-01
9.991531050641122569e-01
9.967091117811505141e-01
9.964867353054400745e-01
1.002167530187262345e+00
9.950530607380718706e-01
9.962870974534827617e-01
9.955702318129308059e-01
9.963308879118472072e-01
1.000210039590735178e+00
9.984435736219303692e-01
1.000968470380297237e+00
9.982511036274565042e-01
9.972378040016577350e-01
9.949267845728299031e-01
9.953734717738937920e-01
9.958585140461567731e-01
9.956590653684022074e-01
9.983856996655882110e-01
9.951610963463161097e-01
9.983291024791668411e-01
9.981443337993646248e-01
1.001438802633455083e+00
9.990092680354577537e-01
9.978200117947473302e-01
1.000301723234541473e+00
9.974876128395308017e-01
9.969193351891911803e-01
9.989354577590241480e-01
1.000555998103643818e+00
9.977883255078052738e-01
9.983370178353301316e-01
9.970817018154914946e-01
9.972613547999988892e-01
9.970197516282295336e-01
9.988071239305696958e-01
9.951860761270626687e-01
9.910357658613249132e-01
9.828428519431626764e-01
9.671313644570079804e-01
9.611068958570324616e-01
9.501908800760678897e-01
9.423471563685326124e-01
