0.000000000000000000e+00
0.000000000000000000e+00
0.000000000000000000e+00
0.000000000000000000e+00
0.000000000000000000e+00
0.000000000000000000e+00
0.000000000000000000e+00
0.000000000000000000e+00
0.000000000000000000e+00
0.000000000000000000e+00
0.000000000000000000e+00
0.000000000000000000e+00
0.000000000000000000e+00
0.000000000000000000e+00
0.000000000000000000e+00
0.000000000000000000e+00
0.000000000000000000e+00
0.000000000000000000e+00
0.000000000000000000e+00
0.000000000000000000e+00
0.000000000000000000e+00
0.000000000000000000e+00
0.000000000000000000e+00
0.000000000000000000e+00
0.000000000000000000e+00
0.000000000000000000e+00
0.000000000000000000e+00
0.000000000000000000e+00
3.203682961982961755e-05
6.922280352694707047e-03
2.120103833483808764e-01
1.297251673127989280e+00
2.772689956471817485e+00
3.155529190267571060e+00
2.474463561877763951e+00
1.626354137925938081e+00
1.028504995895567875e+00
7.029783737209099881e-01
5.462880419896886108e-01
5.027092450143796354e-01
5.233765549050594101e-01
5.784363083924911608e-01
6.637709812580991908e-01
7.634298367366767479e-01
8.648301065039459834e-01
9.689580099456299722e-01
1.059706481715050552e+00
1.136884881509006684e+00
1.186639189041665432e+00
1.215575740447819575e+00
1.222801723909748617e+00
1.208838193164145647e+00
1.182257002510314736e+00
1.147566892691429086e+00
1.108571078649405184e+00
1.066613699156866657e+00
1.024068898366467195e+00
9.853436667520625303e-01
9.455958163148282525e-01
9.146559679668940790e-01
8.870233538182954458e-01
8.704153619242162021e-01
8.611230581997780797e-01
8.688085012253368156e-01
8.863757492781813019e-01
9.124365748386602526e-01
9.407601917704561112e-01
9.703472655018458015e-01
1.000627437405843700e+00
1.027469133619973940e+00
1.045866811296628729e+00
1.060842464813237740e+00
1.066987338829053167e+00
1.070328684173032618e+00
1.067356504941078477e+00
1.060161315776112501e+00
1.052908415566099043e+00
1.041428223785602958e+00
1.031490400266878105e+00
1.018263170654158278e+00
1.006501244252015814e+00
9.954746431379676297e-01
9.896982940498687542e-01
9.855220415621851471e-01
9.798236053819238123e-01
9.797702524130624813e-01
9.828868927556538848e-01
9.812245064684761431e-01
9.852421282506742539e-01
9.890603792996122134e-01
9.926926386861201212e-01
9.936118427774762729e-01
9.980446948268535401e-01
1.001771369084737406e+00
1.001674516903620971e+00
1.005150000946333888e+00
1.004719251852068451e+00
1.005857631737684832e+00
1.004835792803190131e+00
1.003969696876399809e+00
1.004633048607037171e+00
1.000893549855028652e+00
9.985447083375549315e-01
9.987789690772707063e-01
9.988369181582055223e-01
9.992147477617414619e-01
1.000847840659684795e+00
9.989506282327972331e-01
1.000392783848170097e+00
1.001979425589707207e+00
1.000899299941109710e+00
1.001777298593946597e+00
1.002269680836683108e+00
1.002552896477081790e+00
1.002064947829358177e+00
1.000394954982271711e+00
1.001434861139416155e+00
1.003320967372891337e+00
1.001430673144493078e+00
1.001185955549606543e+00
1.001959351602150994e+00
1.001065348431240620e+00
9.981687539325881930e-01
9.993686187037026381e-01
1.001401961162437182e+00
9.984446908666367859e-01
9.998057548198262534e-01
9.985576917710193845e-01
9.989301725839156987e-01
9.981510071079588986e-01
1.000498857216065129e+00
9.998134511278979897e-01
1.001582096492718232e+00
9.999878608375740718e-01
1.000397384511372278e+00
9.989346931143464614e-01
1.000015742226528781e+00
1.000230239699861690e+00
1.000512027552823646e+00
9.985666675505018297e-01
9.999935973811742151e-01
1.000305754031602490e+00
1.001403963143012499e+00
1.001384326657383639e+00
1.000697853626339118e+00
1.000796706312728324e+00
1.002323818297986557e+00
1.000127908008001887e+00
1.000698717806020044e+00
1.000341002210402008e+00
1.001321083471060636e+00
1.001180777792191501e+00
1.000973135427035032e+00
1.000210970060313898e+00
1.000412164452926911e+00
1.001524788147567069e+00
9.996488970206508506e-01
1.001817641149661542e+00
1.000240528672771356e+00
9.995181571658148245e-01
1.001193022745884065e+00
9.992306999502045262e-01
1.000091385904893215e+00
1.000099406180157358e+00
1.000599291200664931e+00
1.000502931216105118e+00
1.001464141321087853e+00
1.000248720363730914e+00
1.000294018942520013e+00
1.001912236601051331e+00
9.994404645151857558e-01
1.001289234012454399e+00
1.000993787103926946e+00
1.000319592116414302e+00
1.000947555526442878e+00
1.001127473631341136e+00
1.001298795280362253e+00
1.000514341114820516e+00
1.001780427854774613e+00
9.998704309964414616e-01
1.000420566962521685e+00
1.001235634696622689e+00
1.001078925234581751e+00
1.001827612585722393e+00
1.001422172199286864e+00
1.000949449492322119e+00
1.001024085294042631e+00
1.001379966519086118e+00
1.001123389099496830e+00
9.996964025248628039e-01
1.000820745380470278e+00
1.001726278303391116e+00
1.001314204691097443e+00
1.000522449367124311e+00
1.000747561240430850e+00
1.000885763513724713e+00
1.001440110713972986e+00
1.001368499083317820e+00
1.000771617113096701e+00
1.000625454240535062e+00
1.001369158640331047e+00
1.000249023783306157e+00
1.000568157357772048e+00
1.000096525652347967e+00
1.001150384143887351e+00
1.000633681824854682e+00
9.995035806564067649e-01
1.000906381796846656e+00
1.000310803568298379e+00
1.000589352996508419e+00
1.000175231346241977e+00
1.001374418655920584e+00
1.001638558877551599e+00
1.000663423900726601e+00
1.000250009636645787e+00
1.000560761876563287e+00
1.000418071266477194e+00
1.000282458432006027e+00
1.000145298268099392e+00
1.001665989230583254e+00
1.000432074147565409e+00
1.000817555468680009e+00
1.000562473994332402e+00
1.000507884343179832e+00
1.000254489779859313e+00
1.001087812113957920e+00
1.001639687778688836e+00
1.000012710414305728e+00
9.997659259242507312e-01
1.001434451186694163e+00
1.000242486102457029e+00
9.999806250777553140e-01
1.000036014256792338e+00
9.998134446366224726e-01
1.000399980438002823e+00
1.000647944544898360e+00
1.000890615710990250e+00
9.993746377239277612e-01
1.000345505469987906e+00
9.998098658233203206e-01
9.998383957027994207e-01
1.000611491376923956e+00
1.000230603454091316e+00
1.000487171398112274e+00
9.994688595164001876e-01
1.000101291860182373e+00
1.000606423595182370e+00
1.001042715177891118e+00
9.997620696448965560e-01
1.000638247226398603e+00
9.996974832207983219e-01
9.998212785024002125e-01
9.999866591531683113e-01
1.000547591141380810e+00
1.000193127773527868e+00
9.996357471318633170e-01
1.000771572254264274e+00
1.000557745807530763e+00
1.000260212677612781e+00
1.000720708903645395e+00
1.001272565754673050e+00
1.000650713533825620e+00
1.000095934946733545e+00
1.000032741570139549e+00
1.000271495329676297e+00
9.998408723456769787e-01
1.000624128645533073e+00
1.000449604409467730e+00
1.000443947726811666e+00
9.998488076754770137e-01
1.000130330881891849e+00
9.999611550835203477e-01
1.000977166492597048e+00
9.996788783614887208e-01
9.943129503290881743e-01
9.840777992746789771e-01
9.723786700579076792e-01
9.618398935018971363e-01
9.516599950599244906e-01
9.400999606863833513e-01
