0.000000000000000000e+00
0.000000000000000000e+00
0.000000000000000000e+00
0.000000000000000000e+00
0.000000000000000000e+00
0.000000000000000000e+00
0.000000000000000000e+00
0.000000000000000000e+00
0.000000000000000000e+00
0.000000000000000000e+00
0.000000000000000000e+00
0.000000000000000000e+00
0.000000000000000000e+00
0.000000000000000000e+00
0.000000000000000000e+00
0.000000000000000000e+00
0.000000000000000000e+00
0.000000000000000000e+00
0.000000000000000000e+00
0.000000000000000000e+00
0.000000000000000000e+00
0.000000000000000000e+00
0.000000000000000000e+00
0.000000000000000000e+00
0.000000000000000000e+00
0.000000000000000000e+00
1.491628788424743252e-02
2.627280416326685519e-01
1.193960518643418123e+00
2.557669296580029616e+00
3.561772070430563097e+00
4.029423591027955887e+00
4.124621617117595562e+00
4.003615631230601046e+00
3.720864987724272321e+00
3.426255966713148471e+00
3.057966261029243071e+00
2.722921294961817562e+00
2.393864448039193071e+00
2.039781475643646758e+00
1.747396388895786634e+00
1.564658351075321807e+00
1.450987204156755306e+00
1.392783536533271471e+00
1.355124640041698969e+00
1.344967258028111567e+00
1.332232807624432969e+00
1.254514695361630405e+00
1.159500201106631101e+00
1.093174538503557169e+00
1.063208095152706756e+00
1.062668111654915259e+00
1.102674658289846343e+00
1.130278109058303393e+00
1.169239588133429875e+00
1.192909041196964948e+00
1.217290366235926014e+00
1.216884690227445942e+00
1.211549051509846597e+00
1.177849727920183609e+00
1.162532024093844374e+00
1.126523421462389152e+00
1.083554546423559417e+00
1.057155185552767218e+00
1.039928177710987445e+00
1.021545696030049077e+00
1.014514159953809447e+00
1.018202421202480057e+00
1.021100431762093086e+00
1.025370215980186739e+00
1.038076830382376636e+00
1.050645947045842465e+00
1.055187831191149339e+00
1.072169226200074377e+00
1.065884634892306115e+00
1.078999972117419714e+00
1.077403490048848722e+00
1.080237033260801782e+00
1.069141648753443752e+00
1.061235618124527047e+00
1.059908633851528004e+00
1.062006944823136401e+00
1.048168436528292613e+00
1.040274331893953796e+00
1.030959366609277561e+00
1.028927554267443423e+00
1.018026782248860229e+00
1.020682648096026934e+00
1.017292552488937796e+00
1.010563845718253972e+00
1.018186328096919446e+00
1.010597273392656259e+00
1.016564804559208168e+00
1.016828674873524685e+00
1.022000288706671700e+00
1.020421964931638170e+00
1.018011821980792320e+00
1.019822363348581229e+00
1.021373125855260078e+00
1.024726663641079005e+00
1.018689042789632238e+00
1.013782668905175877e+00
1.017965041428089856e+00
1.019178882348397375e+00
1.016106104336311322e+00
1.013148314956925811e+00
1.015961696910674616e+00
1.012481226439293946e+00
1.007377018596226526e+00
1.008076757592925921e+00
1.010726611458887758e+00
1.013291816014525670e+00
1.008646329103306316e+00
1.010792122919143443e+00
1.006497208701798263e+00
1.005407617696098876e+00
1.011801259274315523e+00
1.005659137454682828e+00
1.007769807359213621e+00
1.012911364173766593e+00
1.008814798395765155e+00
1.011544817311122335e+00
1.010523477022163608e+00
1.003826325759989091e+00
1.003964521346311090e+00
1.009871314638349116e+00
1.011587865360096261e+00
1.008774839668891143e+00
1.007659304391040012e+00
1.003334353810603208e+00
1.002833083270578296e+00
1.010113256814419547e+00
1.007146997119500620e+00
1.010899979745527366e+00
1.006422576642668432e+00
1.009329181734449854e+00
1.002405887574870924e+00
1.005300246849390788e+00
1.005146917901786674e+00
1.005919227588859988e+00
1.000433349182116016e+00
1.003136841284526959e+00
1.007796380421082993e+00
1.005987386504068271e+00
1.006748292473235606e+00
1.002721475128388162e+00
1.002274218937530881e+00
1.009218268452931611e+00
1.004968814330894800e+00
1.000258520987695743e+00
1.004590948457295019e+00
1.007323459894695183e+00
1.007476276709217355e+00
1.008189813570619098e+00
1.005247014092993885e+00
1.002636361180984537e+00
1.006085798103126150e+00
1.006578852537847846e+00
1.008037621382146476e+00
1.008211822050475215e+00
1.007673734336428373e+00
1.004264327934925038e+00
1.005712620460963658e+00
1.004543183937510742e+00
1.004614078219620676e+00
1.004688054742279180e+00
1.007792232493538886e+00
1.004945130937423547e+00
1.006728497902609654e+00
1.006067039892756254e+00
1.003003546238654176e+00
1.003079602835066142e+00
1.007678492754206845e+00
1.006892205805538065e+00
1.006105797828634740e+00
1.001190286061212964e+00
1.003900437876076523e+00
1.005581559925805113e+00
1.003672620913329316e+00
1.000715812790201165e+00
1.002945568447485503e+00
1.004429530330714471e+00
1.003781387672469716e+00
1.001277815224793866e+00
1.001165281892586911e+00
1.001415999428923564e+00
1.005405947354947260e+00
1.004037621899975363e+00
1.004749899336613961e+00
1.001288188007005919e+00
1.002878385318853649e+00
9.987042959551427623e-01
1.001393233238565328e+00
1.002198334362560894e+00
1.003222816338761980e+00
1.000480961258624735e+00
1.002069308900660038e+00
1.000169406626219892e+00
1.005732856229913708e+00
9.998871168040741608e-01
1.003825530928370791e+00
9.983674124132300154e-01
1.001195365325780795e+00
1.000334507079561508e+00
1.002041892106095622e+00
1.003834131133037877e+00
1.002617759374145434e+00
1.001380766605473038e+00
9.999632556310300568e-01
9.989967949535634162e-01
1.001227077916004182e+00
1.001990611641717210e+00
9.994300192041494224e-01
1.000224399569669576e+00
9.999959245610340330e-01
1.003602346725155581e+00
1.002079169038716966e+00
1.001427327923787525e+00
1.000412726297872812e+00
1.000209680917968358e+00
9.991072799129828708e-01
9.999470533863735744e-01
1.002474367681801537e+00
1.000370239202359235e+00
1.001647605844146582e+00
9.996309351697920675e-01
9.995298417687240589e-01
9.998119570241860155e-01
1.000329173111895509e+00
9.993814543710715093e-01
9.999475214435780135e-01
1.001950496287620895e+00
1.001794032604210516e+00
1.004241870987391927e+00
1.001267087666855904e+00
1.001235404800608464e+00
1.000103051087011696e+00
9.984429777611902868e-01
9.992668142442738821e-01
1.000114769823093441e+00
9.996735047711078348e-01
1.000124613173968724e+00
1.000047743512219034e+00
9.983368131473211449e-01
9.971215972347406975e-01
9.995338928853911842e-01
9.993177727368821595e-01
1.000091282611237142e+00
9.982278414060877791e-01
9.967782887784364387e-01
9.990467889816215807e-01
9.985425456461117788e-01
9.987888118354594225e-01
9.987862652941296160e-01
9.984816054184652012e-01
9.989569585062082480e-01
9.972372317991984314e-01
1.000255646721150748e+00
9.979632685165056305e-01
9.986189174642432498e-01
9.990375672892565229e-01
9.980549928466103671e-01
9.985525634328064060e-01
9.974806731986700647e-01
9.985314891845050722e-01
1.001636447556776055e+00
1.000634945878101867e+00
9.987954904838762804e-01
9.997025784231751144e-01
9.992891753171434521e-01
1.000126194350656972e+00
9.976885862473883204e-01
9.983347299395327612e-01
1.001879830986857067e+00
1.000882852962377445e+00
9.996082613405619099e-01
1.000122006735487679e+00
9.993970243258611941e-01
1.002682551347504614e+00
1.000273305298088999e+00
