0.000000000000000000e+00
0.000000000000000000e+00
0.000000000000000000e+00
0.000000000000000000e+00
0.000000000000000000e+00
0.000000000000000000e+00
0.000000000000000000e+00
0.000000000000000000e+00
0.000000000000000000e+00
0.000000000000000000e+00
0.000000000000000000e+00
0.000000000000000000e+00
0.000000000000000000e+00
0.000000000000000000e+00
0.000000000000000000e+00
0.000000000000000000e+00
0.000000000000000000e+00
0.000000000000000000e+00
0.000000000000000000e+00
0.000000000000000000e+00
0.000000000000000000e+00
0.000000000000000000e+00
0.000000000000000000e+00
0.000000000000000000e+00
0.000000000000000000e+00
0.000000000000000000e+00
2.447766252794099980e-03
5.425359357269306931e-02
3.106270394572442362e-01
7.998002266177436370e-01
1.262938313939497181e+00
1.520816702246730490e+00
1.571404497816715429e+00
1.509244828854481968e+00
1.406580361357238296e+00
1.313209796375641503e+00
1.232520160126490127e+00
1.167307967231421273e+00
1.093007413774891745e+00
1.011499323922304683e+00
9.656614130452718658e-01
9.513583888243202225e-01
9.637983405840075957e-01
9.815412392830000776e-01
1.006762461351915494e+00
1.031714045803411972e+00
1.047299077918010024e+00
1.043493188143629569e+00
1.037685222859396239e+00
1.029186892058501224e+00
1.026483202019137009e+00
1.029018690922612222e+00
1.029169008255171436e+00
1.030057344701385214e+00
1.028907801423495583e+00
1.026741240486716000e+00
1.019614337352800160e+00
1.014992613608560967e+00
1.002920379920598570e+00
9.882297265788010376e-01
9.755483436836818179e-01
9.698119578875393776e-01
9.620065463065232692e-01
9.606073318997124799e-01
9.607114303277606293e-01
9.644197140643492316e-01
9.729799791157942579e-01
9.813426154461436512e-01
9.875068236596101778e-01
9.987076578276895544e-01
1.003590595118372786e+00
1.011327168643323837e+00
1.014562295147383386e+00
1.018245684861095901e+00
1.020233433488723751e+00
1.020346827215250496e+00
1.018489529054507736e+00
1.019053342556054176e+00
1.013986617084704278e+00
1.010044078079014751e+00
1.004392451161432609e+00
1.002803774031651995e+00
9.980786623992750073e-01
9.946241816746870246e-01
9.923837986774495246e-01
9.884298920180724091e-01
9.871039939197068236e-01
9.889353992946608995e-01
9.889063296861096974e-01
9.893152296401600543e-01
9.907389144528285785e-01
9.929214768377735423e-01
9.945228712242362157e-01
9.950463585608252393e-01
9.981465611471619370e-01
1.000035607324721854e+00
9.990484712221627817e-01
1.001221288365710560e+00
1.001242577100323716e+00
1.001366533894605171e+00
1.001858690768313354e+00
1.001466863659084439e+00
1.001322109700945928e+00
1.002627796236221780e+00
1.001703640193409406e+00
1.000760048709986361e+00
1.001849121836164036e+00
1.001934269129081789e+00
1.000036656771033483e+00
1.001369991708050300e+00
1.001200624835416164e+00
1.000517710678083150e+00
1.000723391497973624e+00
1.000338315519783805e+00
1.000383081031972932e+00
1.000599586762088489e+00
9.995050788899931815e-01
9.999026018764541890e-01
9.994617889344399320e-01
1.000240950560031150e+00
9.988670825176581003e-01
1.000363134299658174e+00
1.000428418805921593e+00
9.996401168720779884e-01
1.000087095417188987e+00
9.982988870446559693e-01
9.987660623920218139e-01
9.994639944796684938e-01
9.992593240467988469e-01
1.000038661639387483e+00
1.000638105564503721e+00
9.990802395772883093e-01
9.993009117559009669e-01
9.999511136360172969e-01
1.000634436720425624e+00
1.000804428836351123e+00
1.000847758882468685e+00
1.001238611915677978e+00
1.001141500170238174e+00
1.000272037108407508e+00
1.000279085508905430e+00
1.000767391796951067e+00
1.000505572368905360e+00
9.997546743799037294e-01
9.999687751072928732e-01
9.998657400457101607e-01
9.992540213794928183e-01
1.000128662058573425e+00
1.000678160270751738e+00
1.000113213576956595e+00
1.000225179005533205e+00
1.000653835452082863e+00
9.997908225693096229e-01
9.995823767494453893e-01
9.999172923581794992e-01
1.000108278798493844e+00
9.996375104604990902e-01
1.000475915428143736e+00
1.000231880360278103e+00
1.000549867670317727e+00
1.000994865315300020e+00
1.000893873627744846e+00
1.000260312886183778e+00
1.000931683292323848e+00
9.999690881246948715e-01
1.000448796549833430e+00
1.000703099264570684e+00
9.997240602901149575e-01
1.000120926710274416e+00
1.000570826166778726e+00
1.000454754619350295e+00
1.000850759005359691e+00
1.000370279285218933e+00
1.000075672299270302e+00
1.000282486423171413e+00
9.999686235548236324e-01
9.998315680057632271e-01
1.000854757649584537e+00
1.000112981548927582e+00
1.000949238449664547e+00
9.999634405958369721e-01
1.000564932624253833e+00
1.000389025515172614e+00
1.000462812740767538e+00
1.000645422320388223e+00
9.998407666114244030e-01
1.000345261668921015e+00
1.001089538704799553e+00
1.000016073313750420e+00
1.000189459585843821e+00
1.000276987464295386e+00
1.000316983566795770e+00
9.999978769928881128e-01
1.000299456261113384e+00
1.000465936418269086e+00
9.993016381371939705e-01
1.000292149211871928e+00
1.000144891509440193e+00
1.000371583053012214e+00
9.998714258039358427e-01
1.000533466628625412e+00
1.000198790265534710e+00
9.998663742892466288e-01
1.000165604014762399e+00
9.997303362854713660e-01
1.000989088641752067e+00
9.998840734443439349e-01
9.999352465137437695e-01
1.000174849900826279e+00
1.000552520919901323e+00
9.995473946595490045e-01
1.000540318219095948e+00
1.000110535647978471e+00
9.997756828803389118e-01
1.000586288902232779e+00
9.999303824654700579e-01
9.999318483864348961e-01
1.000010313171588505e+00
1.000147784390134298e+00
1.000400189988705613e+00
1.000258181027487092e+00
9.997675444741843664e-01
9.998889544954838726e-01
9.994819435398393237e-01
1.000589952115268577e+00
1.000477159825587492e+00
1.000285826503302333e+00
1.000769254639528150e+00
1.000937192511597962e+00
1.000152712553188161e+00
1.000027669857399992e+00
1.000041242732359059e+00
1.000452329764217607e+00
1.000914936200841598e+00
1.000859920141819792e+00
9.998793641170840019e-01
1.000106119851712494e+00
1.000116491000743624e+00
1.000352743829376223e+00
1.000470265044993257e+00
1.000219296495689303e+00
1.000321562985901691e+00
9.996689905153328670e-01
1.000344299870536080e+00
9.994960031362517539e-01
1.000367208884469283e+00
9.998796418723826518e-01
9.999407632517010036e-01
9.999087160717472500e-01
9.998545397231853871e-01
9.998372492988668592e-01
1.000294041845829485e+00
9.998785322978672729e-01
9.998825903393133707e-01
9.997090577255578481e-01
9.997588924944408317e-01
9.999814102940446370e-01
1.000442603338291381e+00
1.000469142863415151e+00
9.993954817212055142e-01
1.000127265124936660e+00
9.995271835683815498e-01
1.000007814578204091e+00
1.000419775370676723e+00
1.000117816739708898e+00
9.998774147504077003e-01
1.000180348328815860e+00
9.998898238972162567e-01
9.997651185540781249e-01
9.999466625499036088e-01
1.000234740707891978e+00
9.999646166440789852e-01
9.994958861291743935e-01
9.995312177248552032e-01
9.997960064881306064e-01
1.000377539509683000e+00
9.995738140666977634e-01
9.997632921288400754e-01
9.997087512471130033e-01
9.998925817816619599e-01
