0.000000000000000000e+00
0.000000000000000000e+00
0.000000000000000000e+00
0.000000000000000000e+00
0.000000000000000000e+00
0.000000000000000000e+00
0.000000000000000000e+00
0.000000000000000000e+00
0.000000000000000000e+00
0.000000000000000000e+00
0.000000000000000000e+00
0.000000000000000000e+00
0.000000000000000000e+00
0.000000000000000000e+00
0.000000000000000000e+00
0.000000000000000000e+00
0.000000000000000000e+00
0.000000000000000000e+00
0.000000000000000000e+00
0.000000000000000000e+00
0.000000000000000000e+00
0.000000000000000000e+00
0.000000000000000000e+00
0.000000000000000000e+00
7.472160619168438135e-04
7.587441005963403706e-02
7.106439443047303239e-01
1.766497969601262374e+00
2.148881252813640064e+00
1.952181112692303655e+00
1.666251554199620566e+00
1.435520891176870872e+00
1.245508998260555611e+00
1.098532844535689001e+00
9.854419355247410195e-01
9.091936610178820155e-01
8.617503025899058144e-01
8.387954381215079191e-01
8.151515671440833222e-01
7.990989304694109396e-01
8.089819189696256796e-01
8.342090357552655044e-01
8.797476863468275399e-01
9.259669651732077567e-01
9.705425189278411580e-01
1.016179963913030893e+00
1.044119438563345659e+00
1.057331392949544924e+00
1.061926285465528697e+00
1.057523799986975988e+00
1.051628376621363214e+00
1.040272624978822114e+00
1.025904944947251263e+00
1.011594473260597704e+00
9.966956083134301814e-01
9.817662048395352503e-01
9.715969433618363293e-01
9.655833636295815259e-01
9.602527479464316729e-01
9.613558190725238761e-01
9.638234956544249332e-01
9.677392837996262598e-01
9.712086087571200066e-01
9.763754181290036360e-01
9.835566241881585903e-01
9.907581343672087204e-01
9.963539372956715656e-01
1.000974194354455005e+00
1.007839597075617544e+00
1.011674848243243163e+00
1.013973179181055118e+00
1.013385183025078407e+00
1.012060937420915741e+00
1.010178106996257874e+00
1.007228537659324852e+00
1.004691042160940961e+00
1.001109866040100771e+00
9.978976848892273654e-01
9.944875320582575728e-01
9.917096117570647351e-01
9.911811223190666320e-01
9.899502098298450514e-01
9.896239238026782736e-01
9.905575232408886377e-01
9.916093552054461302e-01
9.934936881480030957e-01
9.948809041881594428e-01
9.973588691763825009e-01
9.975766232078027151e-01
9.992420559712830164e-01
1.000341575423871809e+00
1.000398266815890613e+00
1.001212769445660733e+00
1.001267522763123585e+00
9.996743708257149752e-01
1.000439610477116714e+00
9.999547872453186104e-01
9.986874527364762999e-01
9.970522200692364390e-01
9.968068440993564927e-01
9.972508267585442621e-01
9.972170209496301618e-01
9.981364643570571626e-01
9.981062802802991296e-01
9.980592823025337124e-01
9.997094187358696038e-01
9.991559098867123234e-01
1.000246472863461911e+00
1.000378946925870816e+00
1.000294384970344952e+00
1.000017726207461877e+00
1.000810286705574148e+00
1.000580996910814813e+00
9.999186162377875497e-01
1.000942050953488316e+00
1.000022419192012846e+00
9.996788808132818227e-01
9.986015676073448644e-01
9.986921649642561682e-01
9.988176186363766362e-01
9.985863113030283289e-01
9.983105862890208071e-01
9.995187695147368379e-01
9.995865275778117454e-01
9.990627249369193885e-01
9.989137103387444316e-01
9.992418789949228941e-01
9.993256307746658518e-01
9.996087717515128590e-01
9.997276108145859430e-01
9.994978862308857570e-01
9.998925358340826630e-01
9.990182615677498656e-01
1.000711389680989605e+00
1.000239219313294070e+00
1.000446026768774477e+00
9.997101531671322983e-01
1.000315196255038286e+00
9.997115710060993088e-01
1.000050755084885168e+00
9.998368664518169080e-01
1.000207875659737899e+00
9.993784720256030374e-01
9.996397627023942967e-01
9.996815568053051271e-01
9.996756142749217977e-01
9.999875447559757324e-01
9.995393616282226557e-01
9.994715807799632312e-01
9.996243412684581164e-01
9.997638931798605855e-01
9.995110614364652868e-01
1.000196296627180237e+00
1.000003127941183179e+00
9.993991846594073580e-01
1.000623607425293660e+00
9.995342276627801059e-01
9.999844764235189531e-01
9.999530715057590724e-01
9.999228998118492306e-01
1.000016603927618153e+00
1.000259783567367888e+00
1.000844409223640596e+00
9.997571719561314518e-01
9.999345757348507835e-01
1.000559410439078922e+00
1.000098711959038544e+00
9.999217711287083921e-01
9.999328872974819760e-01
1.000232034359212152e+00
1.000408599676015253e+00
1.000380308190912171e+00
1.000064362233156645e+00
1.000110309819326471e+00
1.000466363191150787e+00
1.000218404609670264e+00
1.000363406552662981e+00
1.000470040501217905e+00
9.999914969090339945e-01
1.000274902913006247e+00
1.000372251513774291e+00
1.000385735089141859e+00
1.000427395969423205e+00
1.000541177582397578e+00
9.998714034301239284e-01
9.996692333543995002e-01
1.000853087647841200e+00
1.000924653742677695e+00
1.000575517260577474e+00
1.000990827834229657e+00
9.999403404949664953e-01
1.000075856238494820e+00
9.999998028537915307e-01
1.000415813751881267e+00
1.000308740357170434e+00
1.000473692185531061e+00
1.000368220856697299e+00
1.000359300268583551e+00
1.000335110779927428e+00
1.000508437760854186e+00
1.000388458487400989e+00
1.000357712848678693e+00
1.001232119500577777e+00
1.000345964632365359e+00
1.000506487476278572e+00
1.000726371713008156e+00
1.000240900430257263e+00
1.000150275045446069e+00
1.000219610775550549e+00
1.000126658753156761e+00
1.000600088140371824e+00
1.000657694053177726e+00
1.000338300873082620e+00
1.000493024948000853e+00
1.000545154533854175e+00
1.000592678641798683e+00
1.000109479128987289e+00
1.000072041789066501e+00
1.000663829829433693e+00
1.000806060207140691e+00
1.000252711237979097e+00
1.000041040131516512e+00
1.000742645660205765e+00
1.000014709406273905e+00
1.000397519748271513e+00
1.000523644130280720e+00
1.000473496179186572e+00
1.000543195037979061e+00
1.000229862201591713e+00
1.000170917121089520e+00
1.000653494751448935e+00
1.000385817891867202e+00
1.000615844813682820e+00
1.000303423125600277e+00
1.000549260213934311e+00
1.000714312079851842e+00
1.000253683575086150e+00
1.000231800236039081e+00
1.000830269210879031e+00
1.000227735794593009e+00
1.000482417662870605e+00
1.000140196405301607e+00
1.000155414638711937e+00
1.000590580083483339e+00
1.000521978482518559e+00
1.000412117506003451e+00
1.000614699774141858e+00
1.000516070722519801e+00
1.000219543080881790e+00
1.000300920102317637e+00
1.000430292450908532e+00
1.000297394690010222e+00
1.000144929122168680e+00
9.999862504039913613e-01
1.000642234466762259e+00
1.000065934039914728e+00
1.000250155112929029e+00
1.000723555374105400e+00
1.000722971708157605e+00
1.000313063653921475e+00
1.000224533809402905e+00
1.000612827605391608e+00
1.000774371045985989e+00
1.000564021518410618e+00
1.000449194701221733e+00
1.000201165400969483e+00
1.000393945869714640e+00
1.000425015177976995e+00
1.000448141952235526e+00
1.000415007075683427e+00
1.000383611866115130e+00
1.000317643027005987e+00
1.000586906463877712e+00
1.000402850609043659e+00
1.000327114020364005e+00
1.000492678761279564e+00
1.000658794061131340e+00
1.000225136986360841e+00
1.000617660326123648e+00
1.000766472306614752e+00
