0.000000000000000000e+00
0.000000000000000000e+00
0.000000000000000000e+00
0.000000000000000000e+00
0.000000000000000000e+00
0.000000000000000000e+00
0.000000000000000000e+00
0.000000000000000000e+00
0.000000000000000000e+00
0.000000000000000000e+00
0.000000000000000000e+00
0.000000000000000000e+00
0.000000000000000000e+00
0.000000000000000000e+00
0.000000000000000000e+00
0.000000000000000000e+00
0.000000000000000000e+00
0.000000000000000000e+00
0.000000000000000000e+00
0.000000000000000000e+00
0.000000000000000000e+00
0.000000000000000000e+00
0.000000000000000000e+00
0.000000000000000000e+00
0.000000000000000000e+00
0.000000000000000000e+00
0.000000000000000000e+00
0.000000000000000000e+00
4.763977024198749743e-03
2.147931828673852461e-01
1.486637280790373605e+00
3.288901554425958995e+00
3.642884031983554927e+00
2.748571957228257645e+00
1.772124277497663103e+00
1.131869305848967500e+00
8.062130690590758597e-01
6.594567455886268803e-01
6.107632523862563945e-01
6.067461230952376772e-01
6.439838035876962463e-01
6.917901039548737252e-01
7.651816549261173384e-01
8.388506848192854859e-01
9.303647927728546652e-01
1.020207539631382554e+00
1.103821453362821003e+00
1.162716180135399568e+00
1.203649858309665976e+00
1.218695212722511245e+00
1.221619327046724379e+00
1.213399495214162682e+00
1.172559083369926869e+00
1.133624371389293062e+00
1.085058854860275535e+00
1.035170568627994170e+00
9.956693741131087405e-01
9.517049941704065485e-01
9.237931804820789239e-01
8.984350100405791295e-01
8.908740757991322479e-01
8.905540838185163066e-01
9.034151235772650557e-01
9.228521531176822057e-01
9.455882753896512893e-01
9.650130018904367057e-01
9.870532990494372827e-01
1.006232472955781665e+00
1.024443031017303829e+00
1.039416948674417140e+00
1.050176921135566488e+00
1.060323889329723102e+00
1.064609528358453572e+00
1.064720930074247063e+00
1.059806334382612514e+00
1.048798374816946044e+00
1.042023856162467066e+00
1.023656503072877477e+00
1.012808111083032481e+00
9.986022724867381628e-01
9.879134369962635498e-01
9.826670595683150156e-01
9.772072261203172960e-01
9.795055226934138437e-01
9.771026839339685965e-01
9.806206771270781219e-01
9.837650128738862909e-01
9.893968702003762550e-01
9.920085505392016723e-01
9.971640560208581139e-01
1.000299821433488168e+00
1.002353556325473516e+00
1.003583628929672900e+00
1.004142081680480914e+00
1.008146034400924984e+00
1.008372735296322764e+00
1.004555686064021236e+00
1.003426680488854084e+00
1.002790138921237029e+00
1.004482566455089820e+00
1.001152616012577212e+00
1.001052097412958641e+00
1.000462960277088476e+00
9.988396114263833336e-01
9.974444307325204262e-01
9.950295314574839622e-01
9.983676233833457259e-01
9.982433673250467043e-01
9.992365587454405951e-01
9.976503784947047260e-01
1.001327331302148904e+00
1.002673273068215298e+00
1.001371332373354628e+00
1.000560219322555122e+00
1.001573362644727627e+00
9.998183564756424335e-01
1.002380792092199435e+00
9.992399311820908681e-01
1.001057194259681982e+00
9.996772924949524075e-01
9.979204737686631077e-01
1.000635091659136000e+00
1.001325854288035666e+00
1.001984809649733688e+00
9.995399227935213293e-01
9.984477739961048481e-01
9.995715871259516216e-01
9.999989810772325072e-01
9.989639763902489200e-01
9.987897197386570447e-01
9.992431505325720664e-01
9.996959671028493588e-01
9.997416717909733963e-01
9.994108964036361176e-01
1.000951996235757813e+00
1.000069824388057249e+00
1.000252555727654702e+00
9.996363287661548247e-01
9.993692871815621492e-01
9.989618203542662833e-01
1.000546442061579944e+00
1.000207668088847868e+00
1.000104585109049538e+00
9.996195723489925689e-01
1.000755497558858176e+00
1.000367508167409270e+00
1.000637083755074874e+00
1.000279228709518131e+00
9.990893282144022169e-01
1.000483643058742045e+00
1.000945598687576821e+00
9.999501819646352541e-01
9.990916769499005312e-01
1.001263827835095599e+00
9.992067364331341794e-01
9.991751156194842443e-01
9.986166354329318873e-01
9.999465866749914778e-01
9.988214870741559670e-01
1.000034262460221868e+00
1.000475084052979025e+00
1.000364543833716979e+00
1.000191907414338610e+00
1.001144190400065304e+00
1.000227387744407892e+00
9.989673861131008747e-01
9.998619096762264569e-01
1.000767609254781476e+00
9.999727038011575475e-01
1.000734056234924951e+00
9.995550387399187997e-01
1.000495195840396478e+00
1.000051198702686994e+00
1.000922672688923321e+00
9.998177532546018709e-01
9.996670071817370662e-01
9.993536470989058396e-01
1.000176245155668830e+00
9.992317782457821318e-01
1.000441669188878446e+00
1.000268604139545880e+00
9.999778677603704535e-01
1.000171699759244248e+00
1.000512236212966588e+00
1.000747590192029524e+00
9.989787638446538942e-01
9.998340165997191553e-01
9.999043515071884825e-01
9.998846910464198601e-01
9.999728717683723511e-01
1.000531488817204773e+00
1.000334773799493426e+00
9.994252996173823567e-01
1.000091267406377993e+00
1.000110357136017925e+00
1.001158826620918818e+00
1.000524802859627860e+00
1.000055067481090632e+00
9.993896495469163366e-01
1.000760614973476237e+00
9.988008418243875530e-01
9.996883543289043494e-01
9.997742525064660102e-01
9.994939225170244024e-01
9.998807015178069468e-01
1.000055539853855757e+00
9.998624665950721635e-01
1.000016442049604715e+00
9.999195087659906722e-01
1.000410758626250729e+00
1.000378200391000005e+00
9.991556691870489004e-01
1.000054602226166933e+00
9.997057380251371805e-01
1.000977207221721343e+00
1.000355873034562526e+00
1.001148982425268397e+00
9.999564082578198398e-01
1.000502708035531096e+00
9.997536691634854034e-01
9.997193773004562356e-01
1.000653728377318252e+00
9.998603692100528351e-01
1.000264336635329876e+00
9.992241865358252317e-01
9.998873624755697520e-01
1.000075774733804268e+00
1.000878916544472697e+00
1.000353308124109164e+00
1.000110977797563638e+00
1.000359178792369796e+00
9.999475659710621578e-01
9.995849036995804182e-01
9.996388794794739407e-01
9.996548634856927684e-01
9.994396702202227312e-01
9.995192494268446692e-01
9.999158296792521883e-01
1.000281505442534913e+00
1.000534853983614969e+00
1.000499759411103584e+00
1.000636091036927633e+00
1.000258258912154030e+00
1.000119715217260730e+00
1.000384184346928773e+00
1.000487769288509243e+00
9.994716404121586351e-01
9.996991043283347533e-01
1.000160189756711171e+00
1.000286801521383273e+00
9.994114358535257647e-01
1.000495738843818261e+00
1.000596289737485378e+00
1.000102262141993936e+00
9.995086740251029056e-01
9.996089334893712985e-01
9.996282316843052573e-01
1.000609673330563831e+00
1.000267994662724202e+00
9.995226417018794329e-01
1.000510223095979701e+00
9.997901702472324903e-01
9.999997198548561395e-01
1.000989839730485720e+00
1.000032722917567174e+00
9.994085526796596675e-01
9.999628479291697847e-01
9.997368439677238872e-01
1.000181929621634103e+00
1.000498288080466924e+00
1.000348009810185124e+00
1.000771730219724320e+00
1.000311958782798660e+00
9.994640099069019845e-01
9.915371505487399206e-01
9.807682926285854474e-01
9.698070381908527882e-01
9.588469196637638969e-01
9.481107403634598807e-01
9.382503342399598489e-01
