0.000000000000000000e+00
0.000000000000000000e+00
0.000000000000000000e+00
0.000000000000000000e+00
0.000000000000000000e+00
0.000000000000000000e+00
0.000000000000000000e+00
0.000000000000000000e+00
0.000000000000000000e+00
0.000000000000000000e+00
0.000000000000000000e+00
0.000000000000000000e+00
0.000000000000000000e+00
0.000000000000000000e+00
0.000000000000000000e+00
0.000000000000000000e+00
0.000000000000000000e+00
0.000000000000000000e+00
0.000000000000000000e+00
0.000000000000000000e+00
0.000000000000000000e+00
2.832635428821253867e-02
9.658241753730625323e-01
3.405665209540060356e+00
3.469665226840640049e+00
1.931060140686609472e+00
8.665986189326718714e-01
3.919469798842372676e-01
2.186405608752584606e-01
2.250329898508578730e-01
3.685683106386422603e-01
5.671298276525672533e-01
7.253271505488940729e-01
8.064624287176062056e-01
8.416185857917602986e-01
8.540784939014360866e-01
8.711028940765509487e-01
9.047153204568521012e-01
9.683469600237099018e-01
1.028059601264017298e+00
1.070810607545736426e+00
1.110343040250806546e+00
1.153788042066877573e+00
1.188883408011529585e+00
1.212944973216113942e+00
1.221501687513990575e+00
1.216338864886003179e+00
1.192869528701045567e+00
1.148171100134844691e+00
1.102164181015484745e+00
1.051657980437402884e+00
1.012320978621159773e+00
9.808027768451835771e-01
9.666565586101085739e-01
9.577315786203153269e-01
9.606374833176716255e-01
9.586962795158452399e-01
9.607138943887685301e-01
9.630799129301763628e-01
9.615154056618351319e-01
9.625038995074032266e-01
9.668847889883215307e-01
9.691802328122421928e-01
9.731964315512523500e-01
9.819115533776536786e-01
9.839615539459293236e-01
9.866286412959451857e-01
9.931922165752243847e-01
9.980896853187687379e-01
9.971875790762272374e-01
9.989453149332651050e-01
9.999996196099246726e-01
1.001084401527270185e+00
1.001458768745787431e+00
1.002602209037848358e+00
1.002809085166508130e+00
1.006348377604977973e+00
1.009680963596175873e+00
1.009572864022584726e+00
1.011863592355156882e+00
1.009957939081660205e+00
1.011272287431503880e+00
1.010728223944814541e+00
1.008128166211476495e+00
1.007775029010332446e+00
1.005681315013959853e+00
1.004165122712613378e+00
1.001344191156058328e+00
1.000544330893112566e+00
9.969596486032085147e-01
9.960597786304170587e-01
9.952979103016957874e-01
9.944553816026089343e-01
9.940881684808573482e-01
9.931513641319603680e-01
9.927496186114184162e-01
9.931384722090759176e-01
9.931222238876549202e-01
9.937210679612029640e-01
9.951740354350276929e-01
9.967496448924559882e-01
9.976482913430532173e-01
9.981612366870484809e-01
1.001176257598825448e+00
1.001986354246960254e+00
1.002735182407889170e+00
1.003868159496462242e+00
1.002639860768656188e+00
1.002621419942910652e+00
1.003273785666150886e+00
1.001424138495204952e+00
1.002193374901483747e+00
1.000856256634933494e+00
1.002163673944892475e+00
1.000423772224968255e+00
1.000229113472888232e+00
1.000421244508604035e+00
1.000673195599996346e+00
9.996864505759681663e-01
9.999699611563880319e-01
9.994152408967799106e-01
9.990782710787121657e-01
9.994039018940470420e-01
9.982596427951576645e-01
9.996605254944024299e-01
9.992846323295808686e-01
9.994841023552538672e-01
9.992648224921143463e-01
9.993888923913405442e-01
9.990674104588481708e-01
9.995474297154722798e-01
9.993294761873422472e-01
9.996204552750528327e-01
9.995393519817351580e-01
9.997606157514491443e-01
1.000614831891494250e+00
9.995414405339452246e-01
1.000211681061371705e+00
9.997322238052062104e-01
1.000938599273670349e+00
1.000975798328374688e+00
9.999611905173029225e-01
1.000678197536341685e+00
9.998991287802583283e-01
1.000618668347722950e+00
1.000796531381107579e+00
9.998406557905723524e-01
9.999517685525765032e-01
9.997898341124252797e-01
1.000245276124207994e+00
9.998735614037931319e-01
9.998223097118361657e-01
9.993704028800223238e-01
1.000275579641975110e+00
1.000279927277486047e+00
9.999886948262416420e-01
9.996228336486380206e-01
1.000365217856097999e+00
9.995420086213645527e-01
9.996701319895311411e-01
9.999271131317527539e-01
1.000072278894214239e+00
9.997609879573650105e-01
1.000623552734250188e+00
1.000408586907407749e+00
1.000613235250792155e+00
1.000662236298197838e+00
1.000335413092069192e+00
1.000332755643752014e+00
9.998410333823823937e-01
9.998555051419898421e-01
1.000488214047150493e+00
1.000406898015926638e+00
9.999796123479531840e-01
1.000360101833106752e+00
1.000215512747973490e+00
9.995619817788060635e-01
9.997735450145824876e-01
9.997071819465389586e-01
1.000076784467219149e+00
1.000250182367565799e+00
9.997035735424378844e-01
9.996439318027890986e-01
1.000256222600819589e+00
9.999313700353448242e-01
1.000933336573825105e+00
1.000152980614224418e+00
1.000271507075892963e+00
9.998969228630868455e-01
9.998275522340561716e-01
9.996982043793953832e-01
1.000422695161393705e+00
1.000254190285333467e+00
1.000290657356908364e+00
1.000092671222613472e+00
9.999900363871412345e-01
1.000189676581274778e+00
1.000189443569062142e+00
1.000704506923856041e+00
1.000133645600520316e+00
1.000171764306166278e+00
1.000096129565157810e+00
1.000443589540684686e+00
1.000765713704246940e+00
9.996651910913698647e-01
9.999799795225016164e-01
9.999758414416084484e-01
1.000252179519385720e+00
1.000148018220136104e+00
1.000192622242791263e+00
1.000509443755192240e+00
1.000313376638114038e+00
1.000506923808627491e+00
1.000784868373342684e+00
1.000452703545695377e+00
9.998484923666975943e-01
1.000429520594378952e+00
1.000192172213381525e+00
1.000369248809507949e+00
1.000057806749718115e+00
1.000568535281655125e+00
1.000019087810710694e+00
1.000415767135373279e+00
1.000132231651604142e+00
1.000362388925069457e+00
1.000673483366328886e+00
1.000354104541675060e+00
1.000771985370608741e+00
1.000184558227031228e+00
9.998373868647152385e-01
1.000394569942058665e+00
1.000443726811896639e+00
1.000334724389272845e+00
1.000675824886393839e+00
1.000398582420108484e+00
1.000365851270571760e+00
1.000560125935583855e+00
1.000152777440465934e+00
1.000638000394738603e+00
1.000051512946825039e+00
1.000191547820946880e+00
9.999927976309587185e-01
1.000064752220619191e+00
1.000515690994198126e+00
1.000784428848771501e+00
1.000582581595954812e+00
1.000318769414847653e+00
1.000144534148812880e+00
1.000099939623508183e+00
1.000284333984118978e+00
1.000408310440237925e+00
1.000401285975168975e+00
1.000050780544512019e+00
1.000239958084585323e+00
1.000103808265428107e+00
1.000400073378449273e+00
1.000298513981763504e+00
1.000049508189322589e+00
1.000360345430421738e+00
9.998272427574482757e-01
1.000434534375820972e+00
1.000150907474414153e+00
1.000390786656843556e+00
9.999804479773709565e-01
1.000109095983983121e+00
1.000205968890250929e+00
1.000392419200132332e+00
1.000513979822433841e+00
1.000455908252726012e+00
9.999771831860542193e-01
1.000073249270582609e+00
9.999355078471574565e-01
1.000355762480483968e+00
1.000176701194841034e+00
1.000411428480113551e+00
1.000341631507307261e+00
1.000513450830440965e+00
1.000235273690503135e+00
1.000165928194471476e+00
9.996800531399487877e-01
1.000336405587185507e+00
1.000240806595218634e+00
9.999751531406514404e-01
1.000414041402830634e+00
1.000557007702178813e+00
1.000183855140694744e+00
1.000203008839883223e+00
1.000302996674067302e+00
9.999271048008642193e-01
1.000149083477763323e+00
1.000019542058712352e+00
1.000280236404261558e+00
1.000190809372347056e+00
1.000645543165354479e+00
1.000075229822650069e+00
1.000436427649925131e+00
1.000141370028869714e+00
1.000233793131248383e+00
1.000080647024785385e+00
1.000300386650083473e+00
1.000284090376920121e+00
1.000141687749978692e+00
1.000143716144436645e+00
1.000506804082909262e+00
9.999775983287424452e-01
1.000075971925346474e+00
1.000217933043151097e+00
1.000624371923537259e+00
1.000046967709306678e+00
1.000393881981038735e+00
1.000236186800540938e+00
1.000142868446741495e+00
1.000258651359252848e+00
9.999665911483776037e-01
1.000270307333472664e+00
1.000252094982034601e+00
1.000541837244700138e+00
1.000175570858561125e+00
1.000322017307735623e+00
1.000061099488949390e+00
1.000319343193228461e+00
1.000015652104827346e+00
1.000038929829473400e+00
1.000216457184353480e+00
1.000201593602500161e+00
1.000655026685114857e+00
1.000539761368498537e+00
9.998624828413211763e-01
1.000366848402159725e+00
9.999311393582931418e-01
1.000084287035630126e+00
1.000331568094342982e+00
1.000346843209701131e+00
1.000280460568638841e+00
1.000348263491246170e+00
9.999849488670047304e-01
1.000101155298117828e+00
1.000165358769799617e+00
1.000129456251104720e+00
9.999438268517909512e-01
9.997651703042401694e-01
9.998918650009778197e-01
9.999144836296949279e-01
9.999949535349699214e-01
1.000193167802045702e+00
1.000077210193617061e+00
9.998438215758874703e-01
9.954703971550393771e-01
9.871190196269776784e-01
9.784919126129182354e-01
9.698775562186831012e-01
9.615729810152919832e-01
9.532123083225008120e-01
9.447028906202062926e-01
9.363898897039598657e-01
9.281187356888864759e-01
9.196998833620625424e-01
9.117540049313094253e-01
9.036811422943037408e-01
8.954411584995619622e-01
8.877058585297430415e-01
8.794963839574340136e-01
8.712352934290719109e-01
8.637669301330898053e-01
8.557782060205659791e-01
8.479523574856419055e-01
8.400146525145456566e-01
8.325473744142302124e-01
8.249924060238192913e-01
8.170377248601956577e-01
8.093707764777663405e-01
8.020140050884919658e-01
7.945860322514270990e-01
7.867407740139736871e-01
7.796085457381544126e-01
7.722867436322254919e-01
7.649154590394956488e-01
7.575633678953991312e-01
7.501924643315319718e-01
7.427516041734892882e-01
7.358291624223474159e-01
7.284050808233470953e-01
7.214140003789344391e-01
7.145169889601695745e-01
7.071628854086868810e-01
7.002955554912851932e-01
6.933996584764824389e-01
6.861414879426172009e-01
6.794897114896283341e-01
6.724429782521075261e-01
6.658386028983439564e-01
6.587886655357081400e-01
6.522128048323893035e-01
6.454486986224132750e-01
6.388536685948653648e-01
6.317771659836319831e-01
6.252089185311766606e-01
6.186694065877829107e-01
6.120814754462140517e-01
6.057737304042165594e-01
5.991043683506457329e-01
5.926506946162638512e-01
5.862432359966854856e-01
5.796754470436410456e-01
5.736216987473565787e-01
5.672161542790961075e-01
5.607364905555177748e-01
5.547350619452090514e-01
5.479996690245272362e-01
5.420622389405501673e-01
5.358993244602057171e-01
5.295025396012427166e-01
5.236161694683442169e-01
5.174742343898328656e-01
5.112891923292056662e-01
5.052967527398313230e-01
4.994313164437372832e-01
4.932489094552377495e-01
4.873001270713231414e-01
4.813877659282169152e-01
4.755583403662352326e-01
4.696513596624206088e-01
4.638856701544177841e-01
4.579231035906662917e-01
4.521159001735959304e-01
4.463672139198946454e-01
4.406356906844536292e-01
4.350129583644291587e-01
4.292961824025247064e-01
4.235112543507748573e-01
4.181181881726818150e-01
4.122599969610695192e-01
4.068862014311639408e-01
4.010562607246929145e-01
3.957907135729952786e-01
3.903876006819285149e-01
3.848740140874519211e-01
3.790164186445671435e-01
3.739132287821474443e-01
3.684435419483312879e-01
3.632907877557136067e-01
3.577573531958713748e-01
3.524362537224934866e-01
3.472789591050003954e-01
3.417064640958304422e-01
3.366238894969523221e-01
3.312121153888583081e-01
3.261778359418391893e-01
3.209844917328142366e-01
3.158251277809738244e-01
3.106193495487205025e-01
3.054783534404666989e-01
3.004623388405084361e-01
2.951966625723910775e-01
2.903298570935230472e-01
2.852884618405405748e-01
2.803175389967000886e-01
2.753622763713552413e-01
2.703066017273593191e-01
2.653666911093300329e-01
2.603583078892012792e-01
2.555251428922594714e-01
2.507500867218047658e-01
2.457864197946978135e-01
2.409422634976628175e-01
2.361221749595953101e-01
2.313794361809264344e-01
2.266309244945146906e-01
2.219275286994603635e-01
2.171810315172285344e-01
2.123708648302209123e-01
2.077175289912233935e-01
2.031514730539481228e-01
1.983962747265236026e-01
1.937224107460987221e-01
1.892117251669681310e-01
1.845111588213845522e-01
1.799650979829850173e-01
1.754486070809301301e-01
1.708916740424241687e-01
1.663771007950218817e-01
1.617798946586423703e-01
1.573281463988075168e-01
1.529609153490683882e-01
1.484783995929906120e-01
1.440567963707594101e-01
1.395711324241715734e-01
1.352540728632047606e-01
1.308257900353220204e-01
1.265980177600916912e-01
1.222727534330769333e-01
1.180974823838221721e-01
1.145066377494720899e-01
1.109188598657422364e-01
1.075007405070117217e-01
1.041120875575980986e-01
1.010932191786883955e-01
9.814748804228873302e-02
9.513942043961741424e-02
9.233861539182715295e-02
8.961018355671977742e-02
8.690971871048146224e-02
8.435358574670197285e-02
8.181011274472071992e-02
7.949167598471704177e-02
7.713257765516116915e-02
7.481694365045539474e-02
7.248660049856124610e-02
7.039428521068738509e-02
6.824570141697271219e-02
6.618342087552360475e-02
6.420271440815256137e-02
6.217728662368703085e-02
6.029339986658167200e-02
5.844065973893455140e-02
5.662028772760276107e-02
5.495911504811821363e-02
5.318760520169291822e-02
5.153039906703920509e-02
4.991639637290892773e-02
4.831179680873229354e-02
4.673166927283919914e-02
4.522721692646064495e-02
4.374275921567113284e-02
4.230764513931386389e-02
4.085804659733317107e-02
3.956146267104354575e-02
3.822108316683563850e-02
3.687850342164449013e-02
3.566114721144180572e-02
3.445385057177498267e-02
3.315972843655892038e-02
3.200282366535774081e-02
3.091902247983183832e-02
2.977025955343637342e-02
2.864033742732105536e-02
2.759209646162423188e-02
2.658731007905457480e-02
2.555291541612658007e-02
2.459075571788286313e-02
2.362769387138373769e-02
2.272378614122379237e-02
2.181239992461235164e-02
2.096828949392627595e-02
2.010638025046083618e-02
1.923863606139398011e-02
1.847637453294061205e-02
1.768750958959954683e-02
1.691418721032373826e-02
1.615145426671487500e-02
1.543994540376273858e-02
1.477209050300073989e-02
1.407253506306776689e-02
1.343266852658986377e-02
1.277352246736305347e-02
1.216909919425790756e-02
1.155585527553219805e-02
1.099831792584369042e-02
1.040620208106650749e-02
9.871999026392968765e-03
9.346867639316729787e-03
8.834318346291586410e-03
8.343415423244970180e-03
7.876730376175410456e-03
7.409907421129434575e-03
6.966486879828206850e-03
6.544939683991331941e-03
6.128483836350801656e-03
5.754865633727416531e-03
5.361033196295710880e-03
5.000842423996064087e-03
4.671894584066063096e-03
4.324890683010215731e-03
4.007204946524307171e-03
3.710070076641044413e-03
3.400095357200679305e-03
3.123269857018758609e-03
2.857893642717064704e-03
2.600988684773400134e-03
2.367334097860411199e-03
2.136568158032181673e-03
1.930239514346419232e-03
1.726295414757656474e-03
1.536796396738170090e-03
1.362045768525221856e-03
1.186903648784369547e-03
1.041390140288134302e-03
8.919570588040939439e-04
7.671308158414009287e-04
6.444278137546857483e-04
5.358447209256340243e-04
4.367770629730136404e-04
3.469253038625524596e-04
2.676928898985187909e-04
1.970642300534762104e-04
1.458173814732707677e-04
9.715153513735735186e-05
5.783628494443497696e-05
2.943721895553280175e-05
1.164547944281700679e-05
2.346305861310188830e-06
1.243888740642345409e-07
0.000000000000000000e+00
0.000000000000000000e+00
0.000000000000000000e+00
0.000000000000000000e+00
0.000000000000000000e+00
0.000000000000000000e+00
0.000000000000000000e+00
0.000000000000000000e+00
0.000000000000000000e+00
0.000000000000000000e+00
0.000000000000000000e+00
0.000000000000000000e+00
0.000000000000000000e+00
0.000000000000000000e+00
0.000000000000000000e+00
0.000000000000000000e+00
0.000000000000000000e+00
0.000000000000000000e+00
0.000000000000000000e+00
0.000000000000000000e+00
0.000000000000000000e+00
0.000000000000000000e+00
0.000000000000000000e+00
0.000000000000000000e+00
0.000000000000000000e+00
0.000000000000000000e+00
0.000000000000000000e+00
0.000000000000000000e+00
0.000000000000000000e+00
0.000000000000000000e+00
0.000000000000000000e+00
0.000000000000000000e+00
0.000000000000000000e+00
0.000000000000000000e+00
0.000000000000000000e+00
0.000000000000000000e+00
0.000000000000000000e+00
0.000000000000000000e+00
0.000000000000000000e+00
0.000000000000000000e+00
0.000000000000000000e+00
0.000000000000000000e+00
0.000000000000000000e+00
0.000000000000000000e+00
0.000000000000000000e+00
0.000000000000000000e+00
0.000000000000000000e+00
0.000000000000000000e+00
