0.000000000000000000e+00
0.000000000000000000e+00
0.000000000000000000e+00
0.000000000000000000e+00
0.000000000000000000e+00
0.000000000000000000e+00
0.000000000000000000e+00
0.000000000000000000e+00
0.000000000000000000e+00
0.000000000000000000e+00
0.000000000000000000e+00
0.000000000000000000e+00
0.000000000000000000e+00
0.000000000000000000e+00
0.000000000000000000e+00
0.000000000000000000e+00
0.000000000000000000e+00
0.000000000000000000e+00
0.000000000000000000e+00
0.000000000000000000e+00
1.070654237967277921e-05
2.751779775237867681e-02
9.629403670392843173e-01
3.398792854098755090e+00
3.477053088798438107e+00
1.932739526195024204e+00
8.723907605769294360e-01
3.907421250155349579e-01
2.168461972020999939e-01
2.242884736234100063e-01
3.728361578948913846e-01
5.660240383295824795e-01
7.225117076063978239e-01
8.055820751113511591e-01
8.421968943587982981e-01
8.506312609731365715e-01
8.700529616319068182e-01
9.061764639432721147e-01
9.697610600134172198e-01
1.030646539998647748e+00
1.072144427230752317e+00
1.114004742112729929e+00
1.156357981843118887e+00
1.190152614771402106e+00
1.213069783072110219e+00
1.222402222651773229e+00
1.214814934550005665e+00
1.192627126175486163e+00
1.152009638136949343e+00
1.102666348175470157e+00
1.049158449331154985e+00
1.006977098020199302e+00
9.804034240878446438e-01
9.655891346771471317e-01
9.595052853201577747e-01
9.566301814701158035e-01
9.592314269391085668e-01
9.613904088126529190e-01
9.619206572826402013e-01
9.625499781515500786e-01
9.640177427699296864e-01
9.646450744450001391e-01
9.695937784067387710e-01
9.727871368910580019e-01
9.780589622581234988e-01
9.832134188974448463e-01
9.889916487325296490e-01
9.906856614776973213e-01
9.959926122780045077e-01
9.956715332550484243e-01
9.988448421572501124e-01
1.000013962457524830e+00
1.001265516344042039e+00
1.000765515776555592e+00
1.003955481094717994e+00
1.004537465860615431e+00
1.006422496014555135e+00
1.008618889103942706e+00
1.009528109386013117e+00
1.010372472633276786e+00
1.011585810242192185e+00
1.011953346910186902e+00
1.009308246000384601e+00
1.008277689167736968e+00
1.007551168704077682e+00
1.005690569004361157e+00
1.002644766392297937e+00
1.001727694488400600e+00
9.989818100104935761e-01
9.975146329150222924e-01
9.953548007854988722e-01
9.942987093356132622e-01
9.937075746071557525e-01
9.903582783522254518e-01
9.923457733514804424e-01
9.937179764761395750e-01
9.936384068193341301e-01
9.928748844216224168e-01
9.950409297551154886e-01
9.951528791463101209e-01
9.957063085519028967e-01
9.976886181759874184e-01
9.981694898258223203e-01
1.000550329429560570e+00
1.000464032459358998e+00
1.003384486143213294e+00
1.001891342258532935e+00
1.002371445135021633e+00
1.002720296184056448e+00
1.003618904560986902e+00
1.002205688621239377e+00
1.001690342153263913e+00
1.001807892435077507e+00
1.002242304452198196e+00
1.001940333054293975e+00
1.001704635540529464e+00
9.999900990191842309e-01
9.995070824276797161e-01
9.994096861736051496e-01
9.996542516458283290e-01
9.991576964543007477e-01
9.991394968640244789e-01
9.986324496647751570e-01
9.987932365439760041e-01
9.992863061704442273e-01
9.980745323410060710e-01
9.991827871279411744e-01
9.991411652918791297e-01
9.990389532011514362e-01
9.988958682060522509e-01
9.998590908169784353e-01
1.000239074963773067e+00
9.994686414408473496e-01
9.993647222281695219e-01
9.998151104188447436e-01
1.000173294377399325e+00
9.997277474610404280e-01
9.999476824092419225e-01
1.000202276145119695e+00
1.000226112540168355e+00
1.001057787918238962e+00
9.997870707072894492e-01
1.000830412237696088e+00
9.998574886123386962e-01
1.000094489261813324e+00
9.999074221124623074e-01
1.000603298319448387e+00
1.000797707296991801e+00
1.000151889925564364e+00
9.999465858159153342e-01
1.000134858166013219e+00
9.993232288759024140e-01
9.988601445233796783e-01
9.997013471340966406e-01
9.998112255474764787e-01
1.000436191752975379e+00
1.000280249144552602e+00
1.000452519747696778e+00
9.996675353517081586e-01
9.998357285958269225e-01
1.000349095756095874e+00
9.996652229034070913e-01
9.996707051983374503e-01
9.993580011849301226e-01
9.995599027492989563e-01
9.999645973841683189e-01
1.000589755155395721e+00
9.998716684013463363e-01
1.000282222113916930e+00
9.996089802456518125e-01
9.994737249496159492e-01
1.000013741759947727e+00
9.999742508285153209e-01
9.998728147933904076e-01
9.996453544143780734e-01
1.000210850537594398e+00
1.000528780166909604e+00
1.000934623409362789e+00
1.000292890976896665e+00
1.000009318453828566e+00
9.998557019597007489e-01
1.000304038206511148e+00
9.996610356476195447e-01
1.000093789431157676e+00
9.998714604765148728e-01
9.999873521306652524e-01
1.000491332476479922e+00
9.999950304902787135e-01
9.997983035368820381e-01
9.993864803426307786e-01
1.000293765338893470e+00
9.998126104062639019e-01
9.999370505550028154e-01
9.997186181392395676e-01
1.000093713089010850e+00
9.999576344569616193e-01
9.997293930719576283e-01
9.996985070390870254e-01
9.998598602528921964e-01
9.997821990416051463e-01
9.995214430223507973e-01
9.999552331353854795e-01
1.000119585420640833e+00
9.999359682202014765e-01
9.998234631241309511e-01
9.999487189488190930e-01
1.000136951608508129e+00
9.997525080691562760e-01
1.000403340636906835e+00
9.997041699895095057e-01
9.998052097735553589e-01
9.995956572909527882e-01
1.000263933109064141e+00
1.000372931385881792e+00
1.000036277038470756e+00
1.000508274070631032e+00
9.996921667473661621e-01
1.000122543781521767e+00
1.000104733429850290e+00
9.998403320168899322e-01
1.000365307927303382e+00
1.000498385662951462e+00
9.996827149015372616e-01
9.999143696339624077e-01
1.000342073118317687e+00
9.998476018509304675e-01
1.000002950400344037e+00
1.000081112605744504e+00
1.000258632962601535e+00
1.000188062273037470e+00
1.000289854294810654e+00
1.000157915759196658e+00
9.996760396971252627e-01
1.000398707144473764e+00
1.000147042429056388e+00
9.994097242390688196e-01
9.997399643614759412e-01
1.000032648887923203e+00
9.998407296151582413e-01
9.999129232303314296e-01
1.000004199306449015e+00
1.000255671104692601e+00
9.999135549448288085e-01
9.998255054073328374e-01
9.998202438344550025e-01
1.000156951431379504e+00
1.000154374044092132e+00
9.998689549489323536e-01
9.996758295132214256e-01
9.999675346662080244e-01
1.000288637817297932e+00
9.999441430488981153e-01
9.999700577784140787e-01
1.000117950339947326e+00
1.000038862718860111e+00
1.000412731563283586e+00
1.000196326704156480e+00
1.000117214980087432e+00
9.997358908931547328e-01
1.000279240154362981e+00
1.000090123637044526e+00
9.999628257687858124e-01
9.993538744104434324e-01
1.000202758385616786e+00
9.999383199663188782e-01
1.000205424735859383e+00
9.998487956706487712e-01
9.998972617402890339e-01
9.996703808398351709e-01
1.000231462447376041e+00
1.000308815002873386e+00
9.998247814756199281e-01
9.998165875046785001e-01
9.996052029321379484e-01
9.999428813546913375e-01
9.998409788694839762e-01
1.000215501479714719e+00
9.995926984992884456e-01
1.000208279823864954e+00
9.998106671318188754e-01
1.000215789511772035e+00
1.000100158552965413e+00
1.000092147323921932e+00
1.000337089295652016e+00
1.000098458610503727e+00
9.999980714930918335e-01
1.000060413892225331e+00
9.999175861369048457e-01
1.000098586168807202e+00
1.000249254682701094e+00
1.000264349320083568e+00
1.000258342349952700e+00
1.000072495333989231e+00
1.000509323528421257e+00
9.999822379791355464e-01
1.000157696194761581e+00
1.000575975292375297e+00
1.000101124891354942e+00
1.000264893842766734e+00
1.000162157681826702e+00
1.000075462298890772e+00
9.999700387998700091e-01
9.999940015962556217e-01
9.999858726183985524e-01
1.000261380317880811e+00
1.000179048551493644e+00
9.999921334098376136e-01
9.998778234666797493e-01
1.000343848801915625e+00
9.997527872383528136e-01
1.000264572178564793e+00
1.000197504373163904e+00
1.000208274235140138e+00
1.000173231652146777e+00
1.000482947121906552e+00
1.000485354277052208e+00
1.000232973882809073e+00
1.000368876829833331e+00
1.000140782041178733e+00
1.000034501180856461e+00
1.000169434807409496e+00
1.000137093887715656e+00
1.000389630223494697e+00
1.000339601730039218e+00
9.996510183995486187e-01
1.000179888839073161e+00
1.000314230211577060e+00
1.000109566115431114e+00
1.000315894275066286e+00
1.000327909947248628e+00
1.000479055641737558e+00
1.000528311555808791e+00
1.000059250203494621e+00
1.000050617360238370e+00
1.000435992251960560e+00
1.000261780506947140e+00
1.000168305737582974e+00
1.000177493698078957e+00
1.000404102922682004e+00
9.999686774168210501e-01
1.000030870188685750e+00
1.000462965641029989e+00
1.000349805056213626e+00
1.000078546468366136e+00
1.000003194834656606e+00
1.000307360857503491e+00
9.998995732322412122e-01
9.956704707346178962e-01
9.871696045569471334e-01
9.784316750549352237e-01
9.700038604693768107e-01
9.612389552289931638e-01
9.528533309615236924e-01
9.447844750341586328e-01
9.367817381973071456e-01
9.283060119828903112e-01
9.200950304608828123e-01
9.122032064032300491e-01
9.035819421186592759e-01
8.955556886570651409e-01
8.873406639721950206e-01
8.795507624327920659e-01
8.719867253162763010e-01
8.636078434035415752e-01
8.557176853258651184e-01
8.481908442629834122e-01
8.401451378926469982e-01
8.326014092677727074e-01
8.247261725886174677e-01
8.171537210377481930e-01
8.097860666984014744e-01
8.019644545898632071e-01
7.945958142673108515e-01
7.870661181504660098e-01
7.796283502299383716e-01
7.722241366860311818e-01
7.647273150227520411e-01
7.575355193148571864e-01
7.501197926301382823e-01
7.429562181277847843e-01
7.359307849037531879e-01
7.284462343832917020e-01
7.214412924083944967e-01
7.145489833891736087e-01
7.072267889008170272e-01
7.002620232999698935e-01
6.934064114009410584e-01
6.864829442096610501e-01
6.795703154175912752e-01
6.727799012993080918e-01
6.655007316859241628e-01
6.588403203702668520e-01
6.523540094560287272e-01
6.452001575977875936e-01
6.387764626056836592e-01
6.318967968174676875e-01
6.252802469720526446e-01
6.188663718533914393e-01
6.123550397869630402e-01
6.058201391260564783e-01
5.991051200655148623e-01
5.926136654701336104e-01
5.862392756379014580e-01
5.799996065134584988e-01
5.734990847039190820e-01
5.671929183682645759e-01
5.608011479449771519e-01
5.547034837408336694e-01
5.482098132970898430e-01
5.420605731563956642e-01
5.358386184222888593e-01
5.300687629063243200e-01
5.234428546350676781e-01
5.175828084181495203e-01
5.115676630709045103e-01
5.052922001298362220e-01
4.994088334772705529e-01
4.934623938339486315e-01
4.872221381859632716e-01
4.814311636526631966e-01
4.757565599256728950e-01
4.696808557127389316e-01
4.637192429918152725e-01
4.580354412604303316e-01
4.522497439588842871e-01
4.467046844490226709e-01
4.407545421537371055e-01
4.352300554487850137e-01
4.292869579784002743e-01
4.236590728735468714e-01
4.182639656546879303e-01
4.124453834489242299e-01
4.069655296388396959e-01
4.012786640796259796e-01
3.957241177308189473e-01
3.901711202058214534e-01
3.847420334861947344e-01
3.793111916777724413e-01
3.740045652123090147e-01
3.684787722826635137e-01
3.629632730650835248e-01
3.576886521151820264e-01
3.523446184049208174e-01
3.472686980680714797e-01
3.418615426172346705e-01
3.366935484050087579e-01
3.315040811133589949e-01
3.261891971030172477e-01
3.207674395021626879e-01
3.158413232775635904e-01
3.106837888125378311e-01
3.056294411936365529e-01
3.005957869116897552e-01
2.954163962447953762e-01
2.902904994156107477e-01
2.851301953846169801e-01
2.802392829442721389e-01
2.752652674989723436e-01
2.701767286460921569e-01
2.654424265681484263e-01
2.603166573439448239e-01
2.554736563776757174e-01
2.507782848004514453e-01
2.458938725330977459e-01
2.409096332719479483e-01
2.361939240963929487e-01
2.313610274247449583e-01
2.265396016518022304e-01
2.218471775452107164e-01
2.171558233345459721e-01
2.124427210582534864e-01
2.077663718203777155e-01
2.031120435323242046e-01
1.984282369649823796e-01
1.937025762018040609e-01
1.890828041798683912e-01
1.846142724679980529e-01
1.798728375538642676e-01
1.754753580104759514e-01
1.709119017267473339e-01
1.663635703313004477e-01
1.619458285652859431e-01
1.574524783089245039e-01
1.530126846636388760e-01
1.484521680875483807e-01
1.441830986807124682e-01
1.396432130895376433e-01
1.352623171075466590e-01
1.308684678222057085e-01
1.265482547615436604e-01
1.221363183589300599e-01
1.181457051047539175e-01
1.143940787973624501e-01
1.108891678704630318e-01
1.075461396407070003e-01
1.042301027953982107e-01
1.010673083234264885e-01
9.805922682887786845e-02
9.518868110985284625e-02
9.228787920001062239e-02
8.959973002016685673e-02
8.700487921985938788e-02
8.435976834948655245e-02
8.191956564054098111e-02
7.947005612384512585e-02
7.716570332030893431e-02
7.478381498367056568e-02
7.255841724662394354e-02
7.036968352480844902e-02
6.826950263471466551e-02
6.615215252240069788e-02
6.427173371948852187e-02
6.220529843884022719e-02
6.033019771445033430e-02
5.852352578264079924e-02
5.668705134878538471e-02
5.485511922618459962e-02
5.320223132595978954e-02
5.148334969669365185e-02
4.990357746938115652e-02
4.828591961538657856e-02
4.677059071045876204e-02
4.523738630709057268e-02
4.372176811575480965e-02
4.235653307433766973e-02
4.089181751403917625e-02
3.954697892340924142e-02
3.821065984848431157e-02
3.684085267402375380e-02
3.561904015761188647e-02
3.436700803218013106e-02
3.315722567576125102e-02
3.199132307278692439e-02
3.086862714581027969e-02
2.973034657654479232e-02
2.867451353188546839e-02
2.763148255670991316e-02
2.658804805871087598e-02
2.558467935132906559e-02
2.460986665871207207e-02
2.365562697059001365e-02
2.274081445170205926e-02
2.181126409462499222e-02
2.092959026094803193e-02
2.008652631789790977e-02
1.923222690873755900e-02
1.847686052227137665e-02
1.766098628143524321e-02
1.692324330528493376e-02
1.617517389809835018e-02
1.541438060285556938e-02
1.474717963675297935e-02
1.404539955777028663e-02
1.341561849966786506e-02
1.278678689364448444e-02
1.215660247690776574e-02
1.158375596380417302e-02
1.099068450389742088e-02
1.041443564732885685e-02
9.883204675093666333e-03
9.358073075908189195e-03
8.830136007575865864e-03
8.355159899512272850e-03
7.873901821906248780e-03
7.412310056592365422e-03
6.979318345325955311e-03
6.549292983127212413e-03
6.146986061541879348e-03
5.768771379797851817e-03
5.373289022059421841e-03
5.009938119489112419e-03
4.653821345125879090e-03
4.312599972281882035e-03
3.999301367464849592e-03
3.687528874819268054e-03
3.400249410102861546e-03
3.121655528715473402e-03
2.858031380118270653e-03
2.594784394240700134e-03
2.359682179677611864e-03
2.137628260520501363e-03
1.926602420307731460e-03
1.730009859796277161e-03
1.538374199573938443e-03
1.355033429461187378e-03
1.192101621033646265e-03
1.038030412608747849e-03
8.894334848840518759e-04
7.561593334274865300e-04
6.426649584141547189e-04
5.318961609287775920e-04
4.378605119140297061e-04
3.476481566051321716e-04
2.683000895747910146e-04
2.011471437693104932e-04
1.425399274291494673e-04
9.805999313380623565e-05
5.869216412053285796e-05
3.001447916167825533e-05
1.123199857621031671e-05
2.146571679830222929e-06
1.617018770193720983e-07
0.000000000000000000e+00
0.000000000000000000e+00
0.000000000000000000e+00
0.000000000000000000e+00
0.000000000000000000e+00
0.000000000000000000e+00
0.000000000000000000e+00
0.000000000000000000e+00
0.000000000000000000e+00
0.000000000000000000e+00
0.000000000000000000e+00
0.000000000000000000e+00
0.000000000000000000e+00
0.000000000000000000e+00
0.000000000000000000e+00
0.000000000000000000e+00
0.000000000000000000e+00
0.000000000000000000e+00
0.000000000000000000e+00
0.000000000000000000e+00
0.000000000000000000e+00
0.000000000000000000e+00
0.000000000000000000e+00
0.000000000000000000e+00
0.000000000000000000e+00
0.000000000000000000e+00
0.000000000000000000e+00
0.000000000000000000e+00
0.000000000000000000e+00
0.000000000000000000e+00
0.000000000000000000e+00
0.000000000000000000e+00
0.000000000000000000e+00
0.000000000000000000e+00
0.000000000000000000e+00
0.000000000000000000e+00
0.000000000000000000e+00
0.000000000000000000e+00
0.000000000000000000e+00
0.000000000000000000e+00
0.000000000000000000e+00
0.000000000000000000e+00
0.000000000000000000e+00
0.000000000000000000e+00
0.000000000000000000e+00
0.000000000000000000e+00
0.000000000000000000e+00
0.000000000000000000e+00
