0.000000000000000000e+00
0.000000000000000000e+00
0.000000000000000000e+00
0.000000000000000000e+00
0.000000000000000000e+00
0.000000000000000000e+00
0.000000000000000000e+00
0.000000000000000000e+00
0.000000000000000000e+00
0.000000000000000000e+00
0.000000000000000000e+00
0.000000000000000000e+00
0.000000000000000000e+00
0.000000000000000000e+00
0.000000000000000000e+00
0.000000000000000000e+00
0.000000000000000000e+00
0.000000000000000000e+00
0.000000000000000000e+00
0.000000000000000000e+00
0.000000000000000000e+00
0.000000000000000000e+00
0.000000000000000000e+00
8.536545261544918953e-03
1.054680111721828795e-01
4.464024983379757949e-01
1.053038913636255236e+00
1.692098813002693491e+00
2.134320467367961882e+00
2.499782746608691486e+00
2.597037112795653968e+00
2.552884194510614435e+00
2.351664097643471507e+00
2.098142221661340123e+00
1.870200760977138277e+00
1.510865299955421515e+00
1.321027556998702224e+00
1.082923187005617960e+00
9.787802224135153661e-01
9.725885811288751404e-01
9.497928228220965385e-01
1.075085226714770581e+00
1.136586327447391298e+00
1.263618788073395338e+00
1.313928616881271383e+00
1.362873185424787303e+00
1.447867558335786731e+00
1.553529088778029310e+00
1.630723113084748155e+00
1.670786235481138693e+00
1.784870046082700057e+00
1.778956781381197949e+00
1.844284744161034828e+00
1.843053031381511442e+00
1.809828749900919354e+00
1.775156685823242153e+00
1.661604618949294343e+00
1.561735708533139366e+00
1.436175123790200514e+00
1.345118732074542578e+00
1.269553096690683835e+00
1.207767520553104656e+00
1.177360805321489012e+00
1.176986750452705177e+00
1.164898351904537277e+00
1.166495691898315590e+00
1.157722887542510737e+00
1.157971841589518602e+00
1.171206403670436602e+00
1.185296999479769742e+00
1.167088706822854149e+00
1.168137389959257089e+00
1.167146802308728359e+00
1.157797647911886330e+00
1.163574835646647765e+00
1.134610531509799625e+00
1.152330740280878674e+00
1.126037613148284544e+00
1.130760604986823958e+00
1.116560658016272578e+00
1.089616324773983624e+00
1.076123055931344608e+00
1.077705319117045146e+00
1.071851267625970605e+00
1.037293378728385784e+00
1.040076255175075959e+00
1.044614450567371344e+00
1.030551613715517734e+00
1.044717770623108999e+00
1.030332041480045424e+00
1.038363871012544681e+00
1.043708614998850814e+00
1.035040541913807122e+00
1.023343594275702095e+00
1.035968034415859940e+00
1.034474472872284112e+00
1.013579854155507665e+00
1.039376351133004750e+00
1.049481489327595662e+00
1.022437407252537733e+00
1.024732435931415164e+00
1.021312379258477732e+00
1.012252388645041190e+00
1.005362276519702336e+00
1.018533803018166539e+00
1.003431913726271718e+00
1.004333443562048345e+00
9.934289831359703893e-01
1.001406693387825397e+00
1.005220964062354394e+00
9.981422221915355886e-01
9.984687691451336056e-01
9.985728068239925204e-01
1.001812239534245474e+00
1.006944513824964416e+00
1.001600823572509569e+00
1.000410599771739406e+00
9.894069509408857099e-01
1.009425742933464987e+00
9.999134057500200790e-01
1.001756071084268784e+00
9.949616952981120699e-01
1.001361466788174726e+00
9.884346568822841572e-01
9.992147822619688036e-01
1.002299772085031515e+00
1.005078530780673329e+00
9.969155912597290614e-01
9.943909686093436173e-01
9.924276040441899482e-01
9.905656152940683912e-01
9.981106465857028098e-01
9.836772455550170102e-01
9.960183520524129586e-01
9.897148969390033857e-01
9.887344890429868860e-01
9.898455184181571553e-01
9.899647060407601451e-01
9.908200030230835953e-01
9.842112357896136698e-01
9.991521229283213401e-01
9.965850611674317294e-01
9.939913962203935638e-01
9.953963076207223981e-01
9.984737467378819176e-01
9.819963536170333018e-01
9.900713449418316880e-01
9.845560239798389901e-01
9.985251734457153416e-01
9.969953063391038262e-01
9.992837273751061788e-01
9.770379870239556119e-01
9.908834638195300748e-01
9.915652201492007878e-01
9.920052706298979617e-01
9.910149224189774841e-01
9.829559368881117809e-01
9.942999238667425965e-01
9.849301489150861233e-01
9.938529336480802501e-01
9.828144803982579170e-01
9.845749282505378286e-01
9.835393924374769004e-01
9.881247720781609623e-01
9.917795530577054874e-01
9.963315586083785202e-01
9.794915605368964551e-01
9.942157840584463502e-01
9.898281570962311759e-01
9.858731169518479831e-01
9.894960744767032912e-01
9.856393958394040755e-01
9.844991042091720823e-01
9.880632819825080349e-01
9.936933728119627940e-01
9.853319777538074309e-01
9.904148617756745043e-01
9.815528972128326757e-01
9.873500686014279326e-01
9.856824613097198151e-01
9.962509289944568858e-01
9.953631839493456424e-01
9.896824726946232831e-01
9.878268447333456992e-01
9.947190656232107742e-01
9.917748708941470648e-01
9.929419226563114265e-01
9.889313239020560697e-01
1.000342516540270621e+00
9.960588106758851978e-01
9.898422506959118072e-01
9.927008871628372200e-01
9.831773591197298101e-01
9.947191156526608014e-01
9.988144790494641878e-01
9.924116248578355171e-01
9.883897193996826758e-01
1.000906698664429495e+00
9.955997677508173771e-01
9.831391266307729637e-01
9.936978269392482410e-01
9.863477465072789663e-01
9.908058367369008135e-01
9.890132162543107119e-01
9.960183779590481290e-01
1.002154828924242569e+00
9.987748137191815312e-01
9.867151731997800823e-01
9.929377486482298121e-01
9.930116036209883923e-01
9.992109633886597786e-01
9.910644348413746307e-01
9.959144848160745855e-01
9.926655462372724337e-01
9.908684450308359315e-01
9.939062340945055141e-01
9.984264917333295353e-01
9.853653147317036343e-01
9.872442830503320721e-01
9.932842071546356122e-01
9.886730572667583594e-01
9.882780991439082952e-01
9.933062164386218251e-01
9.878355229130794113e-01
9.949986412692892745e-01
9.976513708445521322e-01
1.001229538613279457e+00
9.957134770950802904e-01
9.940998127555924491e-01
9.905325520980817755e-01
9.990461985565131098e-01
9.943300131267511777e-01
9.960625743813700250e-01
9.941092953989634218e-01
9.902911956625265466e-01
9.979669813791349764e-01
9.982642550928270131e-01
9.979360160874666263e-01
1.000254357950400186e+00
1.000667380307169507e+00
9.967068703872880020e-01
9.970622470736564269e-01
9.968509870770186909e-01
9.972002898052420017e-01
9.908852574054813900e-01
9.945639992761658998e-01
9.961995232144758017e-01
9.991726864948562437e-01
9.981390628352668770e-01
9.983017611197023689e-01
9.926228561879413270e-01
9.989507039729363935e-01
9.974561815845960355e-01
9.955872479976961564e-01
9.995509071850686711e-01
9.955287267661032669e-01
1.003322563923559452e+00
9.956566524257621786e-01
1.001173119487507757e+00
9.992332863394979281e-01
9.968172327899857965e-01
9.902126900926855324e-01
1.000551680985990677e+00
9.934956429583372550e-01
9.975126176705426673e-01
9.962714450657814691e-01
9.950018086578150678e-01
9.977144729319192828e-01
9.928472530794704154e-01
9.910016216796760924e-01
9.961154991703721207e-01
9.924737171556375914e-01
9.966141111911118733e-01
9.949405239277927526e-01
9.990574488275869580e-01
1.002698015376933816e+00
9.879078548372725033e-01
9.978835175719165118e-01
9.949334595295861172e-01
1.002105290061217513e+00
