0.000000000000000000e+00
0.000000000000000000e+00
0.000000000000000000e+00
0.000000000000000000e+00
0.000000000000000000e+00
0.000000000000000000e+00
0.000000000000000000e+00
0.000000000000000000e+00
0.000000000000000000e+00
0.000000000000000000e+00
0.000000000000000000e+00
0.000000000000000000e+00
0.000000000000000000e+00
0.000000000000000000e+00
0.000000000000000000e+00
0.000000000000000000e+00
0.000000000000000000e+00
0.000000000000000000e+00
0.000000000000000000e+00
0.000000000000000000e+00
0.000000000000000000e+00
0.000000000000000000e+00
0.000000000000000000e+00
2.439283035537687366e-03
6.003365393084329760e-02
2.351382577406734564e-01
5.145882896473198409e-01
8.844422093337886981e-01
1.112059326720778341e+00
1.249255777800823974e+00
1.370347651533346145e+00
1.320030059511789089e+00
1.218052019672160036e+00
1.108309111868783114e+00
1.029714712349126149e+00
9.556867069447353424e-01
8.261760709874438335e-01
7.642615157457935959e-01
7.575707158915970796e-01
7.317888189336310134e-01
7.279265954148381734e-01
7.404007680331060604e-01
7.669450892415967669e-01
8.381746248182530001e-01
8.645403545106118415e-01
9.066762220107215109e-01
9.302520026051646074e-01
9.491191192087060635e-01
1.012620807442019988e+00
1.055697540549720204e+00
1.112959867950880311e+00
1.179498956958044964e+00
1.188885208900723134e+00
1.238291295259394964e+00
1.219008497679096470e+00
1.215498088939836352e+00
1.212208861642465330e+00
1.161549865628590528e+00
1.134973663859076387e+00
1.101521171709336722e+00
1.078199809796318354e+00
1.065952390916866221e+00
1.028062936159440444e+00
1.026093271136620411e+00
1.021564640821667647e+00
1.009138366055353009e+00
1.003313544561079684e+00
1.003745874582474107e+00
1.004371540855363953e+00
9.872525497344081247e-01
9.771316578728119762e-01
9.980866817953630843e-01
9.928510763411259044e-01
1.003988812135700570e+00
1.008106265929751055e+00
1.011122971331034348e+00
1.023365060547957617e+00
1.015015331274425447e+00
1.025449445857224084e+00
1.009620322614694699e+00
1.020452464346367938e+00
1.004286531586427111e+00
1.012947342438109244e+00
1.013951223594648621e+00
1.011982503839958358e+00
1.006188013258960234e+00
1.005521243129174014e+00
9.933597580611308597e-01
1.009698919335783041e+00
1.010346851285623737e+00
9.993693505170546665e-01
1.008139620322411112e+00
1.011929520939730320e+00
9.987990233900476689e-01
9.901435978358893442e-01
1.003862322914742533e+00
1.000851856428154996e+00
1.003244956814935307e+00
9.902683977350468236e-01
1.000470672254940574e+00
9.985678174412070396e-01
1.014232805757931510e+00
1.002137613121016013e+00
1.006133909390732439e+00
9.986598306563200245e-01
1.004118011712778591e+00
9.897153454530115413e-01
9.956958245008743491e-01
1.004579024668609266e+00
9.946013996962889125e-01
9.946115147506757737e-01
9.947321922718423970e-01
9.924293120363720799e-01
9.931380530431085374e-01
9.929513838772321410e-01
9.915870675320066496e-01
9.910413016928107943e-01
9.888334226686820161e-01
9.798904002825998827e-01
9.938680398323114229e-01
9.937481511369858911e-01
9.939538733454589270e-01
9.868154631118843945e-01
9.911278842476053397e-01
9.837014714207552579e-01
9.946265499650507325e-01
9.954654517552917747e-01
1.003262585055398226e+00
9.889731379859513227e-01
9.935015661172450496e-01
9.906950914318404244e-01
9.980653544044321146e-01
9.880453277977783166e-01
9.878886887955101725e-01
9.901410243506872932e-01
9.853217024780510647e-01
9.840980560021540535e-01
9.901455994194188204e-01
9.944942248560739717e-01
9.925416495093013491e-01
9.825754045422036009e-01
9.953832763478803747e-01
9.880803359605170311e-01
9.896671692055621916e-01
9.970195966654412656e-01
9.912216500365503835e-01
9.899926635267338737e-01
9.923130007497050764e-01
9.876843929061710492e-01
9.889225897760829387e-01
9.920631790601360800e-01
9.932886316112312652e-01
9.866048110300428275e-01
9.919752247731383754e-01
9.922280129616899425e-01
9.978666360660531920e-01
9.972708515268678964e-01
9.940570035190905429e-01
9.967840761873847377e-01
9.988881928595483295e-01
9.971492570382142206e-01
9.900303127040607221e-01
9.920796567028055124e-01
9.958319308098650957e-01
9.989469261535730560e-01
9.929125997595302788e-01
9.933416000851110761e-01
9.927051727823722471e-01
9.887633154520018008e-01
9.936847326598617913e-01
9.926181524507482479e-01
9.954482281266192611e-01
9.853891703602075669e-01
9.841669302003366315e-01
9.909053218847102551e-01
9.922978032441787111e-01
9.883188605762299739e-01
9.910373294110614850e-01
9.937598690230297072e-01
9.897222407031813773e-01
9.917607260048185713e-01
9.977023905134485560e-01
9.910663012260498839e-01
9.920774814459671909e-01
9.930679387416185833e-01
9.917280876076073337e-01
9.876386531392247203e-01
9.942144506311009211e-01
9.909265250493071164e-01
9.919389205298072554e-01
9.962724878212467772e-01
9.923883257205853292e-01
9.910123322897640419e-01
9.911050061287391966e-01
9.962184110377446666e-01
9.932001054241105242e-01
9.957743519545999566e-01
9.934790831582133164e-01
1.004266906494096112e+00
9.924640483117695977e-01
9.934811048762780539e-01
9.961629338410123990e-01
9.975195844457297456e-01
9.949056116109307180e-01
9.940024027860827616e-01
9.948562123087512088e-01
9.925742598143189044e-01
9.947020805881364724e-01
9.977817473288191907e-01
9.940117829323772414e-01
9.932176266079713045e-01
9.991482183169642095e-01
9.997468522252463963e-01
9.976228980718315764e-01
1.000392498760932725e+00
9.927543080217590132e-01
9.966399579376469253e-01
9.962755809383825323e-01
9.982042733999015871e-01
9.939255155458114332e-01
9.991532281166550788e-01
9.931588807381768191e-01
9.921779517857522990e-01
9.949777790419687129e-01
9.911525072916126389e-01
9.957349595734815706e-01
9.923128857741428943e-01
9.963443763203674308e-01
9.951453045126783525e-01
9.948373361642252055e-01
9.960884761919872599e-01
9.958919482285597535e-01
9.951323064653201378e-01
9.944973839830787421e-01
9.966056458382980265e-01
9.943849647616225251e-01
9.907630019368337537e-01
9.954728605504251648e-01
9.919330234017057490e-01
9.967793123458736915e-01
9.953788820073594668e-01
9.947470721706462848e-01
9.948879582970047153e-01
9.946294134783609797e-01
9.943418049847405626e-01
9.909353941223786322e-01
9.952067270570258417e-01
9.923276035712503829e-01
9.988495880585234188e-01
9.936237548215292037e-01
9.972899509973917054e-01
9.949982875495912982e-01
9.942700545834742831e-01
9.959176409693482057e-01
9.960734023379048674e-01
9.912326248857185051e-01
9.933789625102196208e-01
9.937705446354394567e-01
9.945144730759939433e-01
9.975032741137869197e-01
9.939693811389740397e-01
9.894406660252200725e-01
9.950508915836921986e-01
9.972197474050061849e-01
9.985041395390860108e-01
9.906000257803763143e-01
9.962691713162271645e-01
9.989170149644781560e-01
9.968350670414635184e-01
9.947100806074992141e-01
9.939840093253784481e-01
9.972627367024033962e-01
9.940709381236723097e-01
9.944428207345521464e-01
9.933256527647803535e-01
9.970710868414454087e-01
9.968506423300462771e-01
9.960344821776767610e-01
9.960163900607678089e-01
9.944208771545821612e-01
