0.000000000000000000e+00
0.000000000000000000e+00
0.000000000000000000e+00
0.000000000000000000e+00
0.000000000000000000e+00
0.000000000000000000e+00
0.000000000000000000e+00
0.000000000000000000e+00
0.000000000000000000e+00
0.000000000000000000e+00
0.000000000000000000e+00
0.000000000000000000e+00
0.000000000000000000e+00
0.000000000000000000e+00
0.000000000000000000e+00
0.000000000000000000e+00
0.000000000000000000e+00
0.000000000000000000e+00
0.000000000000000000e+00
0.000000000000000000e+00
0.000000000000000000e+00
0.000000000000000000e+00
0.000000000000000000e+00
0.000000000000000000e+00
0.000000000000000000e+00
1.840798647957832737e-05
2.164725043165866003e-03
5.069743637468852870e-02
2.945477023685140749e-01
7.840692050476184560e-01
1.265868126847201180e+00
1.557848875623475848e+00
1.625308827475541396e+00
1.559404921633927854e+00
1.452660716721870804e+00
1.327079087090254461e+00
1.230572767824388292e+00
1.142462997730325780e+00
1.052674578020361462e+00
9.714498023864553966e-01
9.237432220682867401e-01
9.129115877978979388e-01
9.264733616567557561e-01
9.514453221688210505e-01
9.863619995389576456e-01
1.026136063848162694e+00
1.041760136853034036e+00
1.043739147965091707e+00
1.040523265178411538e+00
1.040889882524683729e+00
1.042190794608345294e+00
1.055339368457042237e+00
1.063920760189191794e+00
1.066135423679970051e+00
1.064018709238650384e+00
1.060591449469785452e+00
1.047111753184936100e+00
1.031848990671085708e+00
1.014025167074837253e+00
9.970500375600352960e-01
9.799601336197788504e-01
9.718392425216474395e-01
9.672963139460193371e-01
9.637843688323621816e-01
9.696861362617051894e-01
9.720687929036775365e-01
9.796339087296811465e-01
9.904550125025826102e-01
9.978764978079148751e-01
1.005246992725059352e+00
1.014479057814968055e+00
1.019798313762573683e+00
1.028384758795305887e+00
1.032794548180974381e+00
1.035030554240347733e+00
1.030078768355267682e+00
1.031103769896086098e+00
1.026590969859803248e+00
1.021354240146390202e+00
1.019526360296467926e+00
1.012613194379400339e+00
1.006254723487237435e+00
1.002365752398217236e+00
9.990395059701582259e-01
9.955454288321561318e-01
9.941480079739046793e-01
9.944718626385294913e-01
9.955345073146070201e-01
9.967310627370924436e-01
9.942259229981524893e-01
9.978418646926358049e-01
9.979888799884695239e-01
1.000237057588175826e+00
1.001865479992422481e+00
1.001695922322061616e+00
1.003325942031579432e+00
1.001976561960072676e+00
1.004285591127446864e+00
1.004790709851639985e+00
9.997813550507932412e-01
1.006984143351863148e+00
1.002470349267802874e+00
1.002819230027575559e+00
1.002516049696075218e+00
1.001076064927798548e+00
1.002017403739827062e+00
1.000485192078001351e+00
1.001800052923918827e+00
9.991595706413625155e-01
1.001816478747939332e+00
1.000997209577764613e+00
1.001942023241989554e+00
1.000844131676804194e+00
1.000210939604939009e+00
1.001948130631026723e+00
1.001975947764845998e+00
1.001707867726314261e+00
1.000264087277924485e+00
1.000971696045478199e+00
1.002842671285882670e+00
9.988276759157083129e-01
1.000399053669700944e+00
1.000946177536776505e+00
9.987983059817164833e-01
1.000369782007679564e+00
9.989218871178995318e-01
1.000030118535417234e+00
1.000602307332489893e+00
9.997349914011226524e-01
9.995488336120246231e-01
9.991666005534579620e-01
1.000071849045982786e+00
1.000536702787376386e+00
1.001560591514631282e+00
9.994259353563061943e-01
1.000842162733758256e+00
1.001747390874629495e+00
1.001261722781375374e+00
1.000953940487807614e+00
1.000323207394592240e+00
1.001121416367849459e+00
1.000447762831767839e+00
1.001033777763187471e+00
1.001773186827788376e+00
9.997211567426816936e-01
1.000205321199481689e+00
1.000370077638365940e+00
1.000801047005358324e+00
1.000017942934564585e+00
9.998110542471220219e-01
9.987803497180686163e-01
1.000034120517154568e+00
9.999899152533741065e-01
9.995637366271492574e-01
9.999073158277068663e-01
1.000850053636918480e+00
9.992119477534544547e-01
1.000921446838929363e+00
1.000631375083581798e+00
9.996242522602946101e-01
9.996756071692727286e-01
1.000526616629401122e+00
1.000373419936437136e+00
1.000184034652866316e+00
1.000359292397694277e+00
1.000819621228714817e+00
1.001026613525487496e+00
1.000336811076535160e+00
1.000142217429380809e+00
9.996363088179428535e-01
1.000950024044219289e+00
9.990482759982195482e-01
1.000051248135777726e+00
1.001175163682633817e+00
9.998291923978008811e-01
9.992004982979906247e-01
9.995955101959502764e-01
9.991993217904004965e-01
1.000362585218841360e+00
1.000361236192263581e+00
1.001685962538247043e+00
1.000375932326437178e+00
9.998610776862125737e-01
1.000660721167609513e+00
9.996329598277674533e-01
1.000496501720795184e+00
1.000703119847520028e+00
9.996521888600807815e-01
1.001408702759299052e+00
9.999545794532365139e-01
9.996273187530333448e-01
1.001748956727511297e+00
9.996000606103243591e-01
1.000192254521173663e+00
9.992815155098002666e-01
1.000307484133459601e+00
9.998814981007428937e-01
1.000773041295099697e+00
9.995010535742154811e-01
1.000106377502347765e+00
9.996987824575761516e-01
9.997798285086643144e-01
9.995282148197232042e-01
9.999510271741636203e-01
1.000609483540173317e+00
9.994669653304831813e-01
1.000348701578266386e+00
1.000220055644221340e+00
9.997743990773712008e-01
1.000492867954907661e+00
1.000273997489554478e+00
1.000063231284773257e+00
9.999868268833325136e-01
1.000415293871799616e+00
1.000663268368973124e+00
9.994398553045420464e-01
1.000378202568211083e+00
9.999032091439257197e-01
1.000862615993511229e+00
1.000295862086335807e+00
1.000152226330980998e+00
1.000405946347753039e+00
1.000191052118038382e+00
1.001191898636264677e+00
1.000346938649419704e+00
1.000059520750978592e+00
9.992248024448638910e-01
1.000340474510623467e+00
1.000268254552224123e+00
9.998676952957050723e-01
1.000603576357862901e+00
1.001281414467242392e+00
1.000128726280645308e+00
9.997692165461928848e-01
1.000717210239788324e+00
9.998104872408163368e-01
1.000037774701669990e+00
1.000691220532727632e+00
9.997788531397322487e-01
1.000885420404554305e+00
1.000246020573059447e+00
1.000367581285810381e+00
1.000271332839487215e+00
1.000032881269711016e+00
9.997187991548448505e-01
1.000238879775468437e+00
1.000653404054639761e+00
1.000546068260300014e+00
1.000140908600779532e+00
1.000282398490540015e+00
1.000467212247897253e+00
1.000267138315246385e+00
1.000520277758330634e+00
9.999942641632538765e-01
1.000881530778683581e+00
1.000089434300699853e+00
1.000508537157149824e+00
1.000634601622403919e+00
9.997674463948242884e-01
9.997548256304206182e-01
9.997535074330103910e-01
9.998047243886590829e-01
9.995367048903790463e-01
1.000614835884171328e+00
1.000191237904279662e+00
1.000597653488121352e+00
1.000957847373417975e+00
9.997651186559196601e-01
9.990093781850469812e-01
1.000818964568645830e+00
1.000251286691407060e+00
1.000112555675105153e+00
9.999070006173385039e-01
1.000201355414810367e+00
1.001224472595892978e+00
1.000012303620160914e+00
1.000364817842117393e+00
1.000537358012084210e+00
1.001023657009941781e+00
9.998606890251908741e-01
