0.000000000000000000e+00
0.000000000000000000e+00
0.000000000000000000e+00
0.000000000000000000e+00
0.000000000000000000e+00
0.000000000000000000e+00
0.000000000000000000e+00
0.000000000000000000e+00
0.000000000000000000e+00
0.000000000000000000e+00
0.000000000000000000e+00
0.000000000000000000e+00
0.000000000000000000e+00
0.000000000000000000e+00
0.000000000000000000e+00
0.000000000000000000e+00
0.000000000000000000e+00
0.000000000000000000e+00
0.000000000000000000e+00
0.000000000000000000e+00
0.000000000000000000e+00
0.000000000000000000e+00
0.000000000000000000e+00
0.000000000000000000e+00
0.000000000000000000e+00
0.000000000000000000e+00
2.386469069776908213e-03
5.027340580539989973e-02
3.002413113405442702e-01
7.856755224856899478e-01
1.273930493986600965e+00
1.550725316879678628e+00
1.618423573335862953e+00
1.551198445438585427e+00
1.442558301323699332e+00
1.329256770773064700e+00
1.226763380454954255e+00
1.145824659786838007e+00
1.061095415140256515e+00
9.768543886778743301e-01
9.260450504730916022e-01
9.171844016498590380e-01
9.290665453574399324e-01
9.554055305962685374e-01
9.820624505976487395e-01
1.024162711053170360e+00
1.042703905593237002e+00
1.044816395611181781e+00
1.038133946685639408e+00
1.039600515935628744e+00
1.051756438803803873e+00
1.053441223182388198e+00
1.064912023713621370e+00
1.069246794719565852e+00
1.063722376963368133e+00
1.057404674637784536e+00
1.044323375228847883e+00
1.032366309543979010e+00
1.013697005726527989e+00
9.961252331793127857e-01
9.850227584649298151e-01
9.691498003412911677e-01
9.647767348859390690e-01
9.658196174817993418e-01
9.650654718922219155e-01
9.714885514301986325e-01
9.804459565576298941e-01
9.896850212017838100e-01
9.986237971155933479e-01
1.006054630597188693e+00
1.017684783392788228e+00
1.025041237913921988e+00
1.027263912044853011e+00
1.033760451073483244e+00
1.032584011331012075e+00
1.032163209381088409e+00
1.030863138932238465e+00
1.027366544349960220e+00
1.021441292302422532e+00
1.016779048369122140e+00
1.010485464150892687e+00
1.007262199087499477e+00
1.001177975517338226e+00
9.977233957716475921e-01
9.958695544143413292e-01
9.938748273644585352e-01
9.942992993050318029e-01
9.914394471292099498e-01
9.927295828507229913e-01
9.972211366469787563e-01
9.963014823419318322e-01
9.983781286621425943e-01
9.998387454554235054e-01
1.003829860721925815e+00
1.000508771955982201e+00
1.003391059942209118e+00
1.002663857560852190e+00
1.002877347122672846e+00
1.004253839628503897e+00
1.002801783685572490e+00
1.003756813879031373e+00
1.001017886643841948e+00
1.003367641733069249e+00
1.001870514510506460e+00
1.002326366223122989e+00
1.002576386210995762e+00
1.000609488477636644e+00
1.000416011745984379e+00
1.000419649156996105e+00
9.994704793418847100e-01
1.000836012114618256e+00
1.000494553666807063e+00
9.989655472791443280e-01
1.001125655072169218e+00
1.001562444932617479e+00
1.001548698168344576e+00
1.000363717458665258e+00
1.000242733304540499e+00
1.001188876256327243e+00
1.000635426248492221e+00
9.978417374518091520e-01
9.997783810766746049e-01
9.984092145764099646e-01
1.000319709884477382e+00
9.990341504091992952e-01
1.000471017322921874e+00
9.993115232573100970e-01
9.989643919180568599e-01
9.995662709312128635e-01
9.991531293546471737e-01
9.997768684627751368e-01
9.993501848349557459e-01
1.001029834370053662e+00
1.000363346914082685e+00
1.000969237586262439e+00
1.000510669589725898e+00
9.996252073649367631e-01
1.000045086039437203e+00
1.000304970005367000e+00
1.000824390037623690e+00
9.993312653369194054e-01
1.000624621445882267e+00
1.000163220872889447e+00
1.000100003993507514e+00
1.000071739307256458e+00
1.000035160326082417e+00
1.000291279311780190e+00
1.000539342320922120e+00
9.985369013870422084e-01
1.002518578404542504e+00
9.988570506004165184e-01
9.993043594081225667e-01
1.001125857873742309e+00
9.987514060143822814e-01
9.987276746454931686e-01
1.000985636831486003e+00
9.997845140659175067e-01
1.000628646334937200e+00
9.994957609540771060e-01
9.995817300824749729e-01
9.995224339842042616e-01
1.000577255451427172e+00
9.999731263837920991e-01
1.000572710415573718e+00
1.000121139393759240e+00
9.999181622306920758e-01
9.990208357425222063e-01
1.000199926375783699e+00
9.996100912653717030e-01
9.997941705754012087e-01
9.997799749472942032e-01
9.992076364903037522e-01
1.000773273739137936e+00
9.990377185199683652e-01
9.989914964898647387e-01
1.000609228940028572e+00
9.991705469875147294e-01
1.000510709326613235e+00
1.000305575172813599e+00
9.996167040367751611e-01
1.000380171655654626e+00
9.997200389681307753e-01
1.000826994118944935e+00
9.998857494980104565e-01
1.000734210646107014e+00
1.000547436399533030e+00
1.000010069003228086e+00
1.000758383817874186e+00
9.996471289843431585e-01
9.997717450440546383e-01
9.996413805270185637e-01
1.000292991042640800e+00
9.996009825732764531e-01
1.000045205563792727e+00
9.998204826948338120e-01
1.000428218556171478e+00
9.983518245158525817e-01
9.994062579500900823e-01
1.000004157034312779e+00
1.000019786236897801e+00
9.993989626166470686e-01
9.997782058580948483e-01
1.000542672976856728e+00
1.000548591871462500e+00
1.000110340967928169e+00
1.000613259211811767e+00
9.990089056075153184e-01
9.995438681000700099e-01
1.000320334881286799e+00
1.000041386868341098e+00
9.998760430499720187e-01
9.999260401657319441e-01
9.996378490158339680e-01
9.999738326950060596e-01
1.000176066583953416e+00
9.999656783946190286e-01
1.000234227535080178e+00
1.000766350921572956e+00
9.991559729246333177e-01
9.996365140583772790e-01
9.996949471578867596e-01
1.000351394422586582e+00
1.000309026784885313e+00
1.000123825646713094e+00
9.998131447279575701e-01
1.000061931275517235e+00
9.997800925324368260e-01
9.997874718238479730e-01
1.000483754899483158e+00
9.997681931003857825e-01
1.000762439359463185e+00
9.990128123542343364e-01
9.997810086397599383e-01
9.989821162226784068e-01
9.998751687611660000e-01
9.988469939768581662e-01
1.000660294423016516e+00
1.000548624852325874e+00
9.999138731176200334e-01
9.998836806742453787e-01
1.000223864366601489e+00
9.995847984039955003e-01
9.999823043994728877e-01
1.000226301431221598e+00
1.000741473447168239e+00
9.998883585302403842e-01
1.000157525602482167e+00
1.000472377631012932e+00
1.000242607101369030e+00
1.000661343436673567e+00
9.999395251022022979e-01
1.000066487868006115e+00
9.996455605021207225e-01
9.998717515236871245e-01
1.000628027091730710e+00
9.997798732113849507e-01
1.000126047353608882e+00
9.998363436980748364e-01
1.000055266569246593e+00
9.999964938491936461e-01
9.999042080863358439e-01
9.998933315976130665e-01
1.000664118078986586e+00
9.995590940942414848e-01
1.000227855934215482e+00
9.998972430169514869e-01
1.000163242447918766e+00
1.000028237846106949e+00
9.998427501036835086e-01
1.000232806859585599e+00
9.997549886272600883e-01
1.000167729169605613e+00
1.000345639025704170e+00
9.998921016296226094e-01
1.000333475360447144e+00
1.000276314190022164e+00
1.000294813971073671e+00
1.000206535411789499e+00
9.997183382584775568e-01
9.996320327821744955e-01
