0.000000000000000000e+00
0.000000000000000000e+00
0.000000000000000000e+00
0.000000000000000000e+00
0.000000000000000000e+00
0.000000000000000000e+00
0.000000000000000000e+00
0.000000000000000000e+00
0.000000000000000000e+00
0.000000000000000000e+00
0.000000000000000000e+00
0.000000000000000000e+00
0.000000000000000000e+00
0.000000000000000000e+00
0.000000000000000000e+00
0.000000000000000000e+00
0.000000000000000000e+00
0.000000000000000000e+00
0.000000000000000000e+00
0.000000000000000000e+00
0.000000000000000000e+00
1.695967096167087578e-03
2.583779011031847594e-01
2.085234028491697256e+00
3.512651609317051005e+00
2.541296384510543849e+00
1.292759882240418268e+00
6.219894379659154371e-01
4.446766577911778762e-01
5.610816088570618199e-01
7.494393345257345240e-01
8.684160144257053737e-01
9.032155168999606021e-01
8.768464528363228982e-01
8.408295586926890497e-01
8.082436345952445089e-01
8.008741344477615653e-01
8.176459592716776026e-01
8.416556420554675011e-01
8.731380558529023839e-01
9.283905532696747898e-01
9.989110043397863015e-01
1.066728979870516847e+00
1.126096605861254041e+00
1.172004831218185661e+00
1.196632191121250521e+00
1.198728260344214425e+00
1.182897825248769408e+00
1.147541549958067675e+00
1.104213445594409260e+00
1.067208798140939940e+00
1.027270989220407937e+00
1.001440135835527601e+00
9.811354016060749306e-01
9.696530043413909006e-01
9.642141614248596060e-01
9.662199439402222589e-01
9.638436961843472872e-01
9.644253731498061422e-01
9.629427608785294801e-01
9.656859194632489984e-01
9.662633064031249663e-01
9.695028430104322137e-01
9.766043528840836485e-01
9.800491214161963782e-01
9.865325119619211547e-01
9.938125119577470024e-01
9.963861618759453087e-01
9.992161715100785768e-01
1.002266219467593089e+00
1.002858929797518117e+00
1.003422346460327574e+00
1.001856116122802787e+00
1.000058461743361882e+00
1.002670558657917210e+00
1.000974304012517635e+00
1.003314991363441822e+00
1.003995541781927736e+00
1.005328108565236578e+00
1.004705233038588164e+00
1.006504499527414387e+00
1.007468334302404678e+00
1.008024890358437453e+00
1.006478628127156494e+00
1.005236639283642264e+00
1.004396050235516924e+00
1.006613216594112625e+00
1.004044748904505457e+00
1.001056501799221898e+00
1.001731325611894041e+00
9.977406502480083983e-01
9.977191640800671113e-01
9.953681589807173991e-01
9.952393752040774588e-01
9.946069005535190799e-01
9.946882012062414624e-01
9.925754363569619931e-01
9.953691530663620890e-01
9.936787485966706024e-01
9.939769448769218974e-01
9.963018778978350865e-01
9.976606008347478349e-01
9.984236849139896952e-01
9.990063578257626364e-01
1.001303449561202541e+00
1.002691720488972704e+00
1.002968140696660404e+00
1.002101563396169626e+00
1.003067609754018985e+00
1.001885015922896693e+00
1.002950368329243336e+00
1.002725539954039125e+00
1.003242591867153477e+00
1.001626020233938652e+00
1.001078199807239333e+00
1.001550860299278423e+00
1.000311464047824561e+00
1.000866572012773403e+00
9.985184990025984808e-01
1.000237085020765804e+00
9.990407007711332721e-01
9.993552664741807146e-01
9.996026367751840169e-01
9.996324981139130816e-01
9.991655796037313131e-01
9.996430168947624262e-01
9.988692668498319049e-01
9.998365849617831813e-01
9.997659180817616287e-01
9.997851950380514108e-01
9.986029165052385803e-01
9.996641005438082761e-01
1.000162991366756238e+00
1.000348080237219772e+00
1.000040252142286423e+00
1.000065114408589251e+00
1.000914154251200783e+00
9.996240442463658615e-01
1.000021260174314142e+00
9.988643265122063575e-01
1.000362045436908209e+00
1.000614705538224847e+00
9.998904581262146873e-01
9.999614369021984084e-01
1.000562178384340140e+00
1.000439597635747191e+00
1.001161376583107332e+00
9.999823270658155794e-01
1.000803960527899994e+00
9.998894336749402090e-01
1.000280407203907318e+00
9.997715441825204552e-01
9.997620987494719724e-01
1.000679833701619170e+00
9.995061767103834427e-01
9.998469978693372839e-01
9.996901312940963402e-01
9.999862545952762360e-01
9.989344990503798982e-01
9.992369056750123324e-01
9.994867727036569338e-01
1.000381775919044092e+00
9.997356837500854798e-01
1.000309452743547878e+00
9.996748674605245855e-01
9.998295406751822600e-01
9.990559783302179753e-01
1.000337351037483336e+00
1.000061925722793177e+00
9.994339683383702821e-01
1.000457140993905147e+00
1.000366971509196734e+00
9.997127893764261586e-01
1.000171780288652945e+00
9.998807886172241810e-01
9.992514313636372547e-01
1.000706552411554595e+00
1.001229639169976648e+00
1.000754725268260481e+00
1.000127715388284377e+00
1.000093193699612915e+00
1.000801628412911093e+00
1.000126228512262960e+00
9.998232645483978720e-01
9.995563594626600823e-01
9.991838551804219648e-01
1.000800533017751848e+00
9.994335233517935846e-01
9.997955678161499771e-01
1.000227504467280815e+00
9.999845447188441261e-01
1.000213898775391241e+00
9.990005849205416677e-01
9.995484877324558592e-01
1.000383901485503824e+00
9.992348335794133396e-01
9.999170016350977797e-01
1.000041887323314782e+00
1.000188247085474824e+00
1.000078703040538253e+00
1.000233954404388559e+00
1.000058249471363458e+00
1.000277016541509356e+00
1.000689483340224228e+00
9.997775531606053478e-01
9.994096811507481304e-01
1.000138425483052762e+00
9.998002575705592365e-01
9.996765789313064587e-01
1.000734201651118926e+00
9.999934207143617027e-01
1.000103395894670566e+00
1.000403221238251428e+00
9.997808609423507464e-01
1.000056220840898291e+00
1.000135721498926156e+00
1.000312830221267379e+00
9.999393114615499067e-01
9.996135806129129442e-01
9.993183550363885503e-01
1.000441741998905343e+00
1.000069697328228369e+00
9.997676449508422492e-01
1.000176972582819124e+00
1.000069656919883698e+00
9.998056639381575073e-01
1.000294633742454753e+00
9.998742348256661749e-01
1.000587354475272361e+00
1.000120512747717294e+00
9.995890530430557863e-01
1.000126747884126699e+00
9.994859312629060799e-01
9.999906345650604322e-01
9.998908153766311591e-01
9.998459877981143995e-01
1.000602152339599593e+00
1.000417630305912020e+00
1.000313186155622036e+00
1.000136156821740396e+00
9.997353083300871690e-01
9.995422174902166557e-01
1.000430593848068650e+00
9.996779148621063316e-01
9.992891353874000515e-01
9.993787991768585677e-01
1.000291819247039360e+00
1.000060562807328024e+00
1.000285166050556063e+00
1.000423757723504226e+00
1.000096446269433503e+00
1.000168717701227505e+00
9.998523831760336433e-01
9.997291584958747368e-01
9.999035745910344053e-01
1.000380494795481967e+00
1.000259640151428764e+00
9.996492922191536623e-01
9.997900189780385416e-01
9.999006689439446927e-01
1.000401592886062785e+00
1.000019733884649709e+00
1.000227474893500723e+00
9.996274912276620350e-01
9.994279631730135227e-01
9.999043659755458835e-01
1.000052879699177444e+00
9.998711856945062815e-01
1.000181367435997171e+00
1.000029237207057387e+00
9.996583057966815788e-01
9.999140856213896145e-01
1.000301372691312141e+00
9.999556359430302743e-01
9.999603751383867589e-01
9.998397269737110404e-01
1.000170434994192448e+00
1.000321257781953577e+00
1.000125337424475624e+00
9.999449923499398318e-01
