0.000000000000000000e+00
0.000000000000000000e+00
0.000000000000000000e+00
0.000000000000000000e+00
0.000000000000000000e+00
0.000000000000000000e+00
0.000000000000000000e+00
0.000000000000000000e+00
0.000000000000000000e+00
0.000000000000000000e+00
0.000000000000000000e+00
0.000000000000000000e+00
0.000000000000000000e+00
0.000000000000000000e+00
0.000000000000000000e+00
0.000000000000000000e+00
0.000000000000000000e+00
0.000000000000000000e+00
0.000000000000000000e+00
0.000000000000000000e+00
0.000000000000000000e+00
0.000000000000000000e+00
0.000000000000000000e+00
0.000000000000000000e+00
9.530802355592317638e-04
8.009535949603498184e-02
7.514893121974376422e-01
1.835182293882476889e+00
2.224372703583469946e+00
1.987499270880298097e+00
1.690492955206485126e+00
1.458121554503285511e+00
1.266200127327762770e+00
1.116799248701537239e+00
9.948290354576887484e-01
9.097411932081159724e-01
8.564539900250376370e-01
8.207533603870592609e-01
7.964648631425601533e-01
7.784234851639618702e-01
7.872723539565056328e-01
8.240098133663580349e-01
8.675571772738774889e-01
9.216958524478939818e-01
9.794578229466980313e-01
1.028715872719460078e+00
1.065532409798936930e+00
1.086661668395255909e+00
1.090690309797287982e+00
1.084662986589912892e+00
1.082066941599470367e+00
1.077078057679325296e+00
1.062609546193052479e+00
1.048614699725886723e+00
1.026482829411850206e+00
1.007080233774631628e+00
9.876993545148713416e-01
9.774632549261564884e-01
9.647761295714829544e-01
9.600332702310854227e-01
9.567760091077976981e-01
9.579363930766648938e-01
9.608049366974558136e-01
9.684699733515161890e-01
9.774408495599283819e-01
9.844604347636984887e-01
9.948494383088785087e-01
1.002456132061437133e+00
1.008866558849135231e+00
1.012654030122957183e+00
1.014306123254034020e+00
1.016728835978748746e+00
1.017616226267791246e+00
1.016220812824073949e+00
1.013245518553386404e+00
1.009130911626514360e+00
1.005534933709108403e+00
1.000539960111803461e+00
9.970797470450393218e-01
9.956554249813804880e-01
9.953963984423704892e-01
9.919458592462625512e-01
9.939030435797147067e-01
9.924384479191431518e-01
9.971098899996914122e-01
9.961283317544897820e-01
9.994889833525836265e-01
9.973775232948954850e-01
1.000824448326030458e+00
1.001264042831608636e+00
1.001736493507088266e+00
1.002435336769553098e+00
1.004006770146519401e+00
1.003146929858869996e+00
1.002191521604977265e+00
1.000391894195432396e+00
9.994331442948446442e-01
1.000029199488108755e+00
9.970226235284281868e-01
9.965600332890161006e-01
9.975611373226925815e-01
9.976620227947311514e-01
9.987343134065282957e-01
9.984826440255333280e-01
9.996304737251509032e-01
1.000637047557165538e+00
9.996660511092673174e-01
1.000831611105670982e+00
1.000285222444755373e+00
1.002664680955889009e+00
1.000171411775386821e+00
1.000439302918281870e+00
1.001605031001628898e+00
1.001518639586549186e+00
1.001508902928385458e+00
1.000688200871807432e+00
1.000484525856751405e+00
1.000376591139153115e+00
9.986022065288168159e-01
1.000507839188338632e+00
9.982330817696317693e-01
9.997264030073769181e-01
9.997216153400544369e-01
9.997720415680755313e-01
9.983211994622158691e-01
9.997038650534029181e-01
9.996485659239477961e-01
9.993869994787089039e-01
9.980298195805704653e-01
9.999104272657689529e-01
1.000818322744925437e+00
1.000181508283321197e+00
9.998298485200238783e-01
1.000533397456980333e+00
1.001998912674756159e+00
9.992070325808571907e-01
9.995827660490095301e-01
1.000863433303686101e+00
9.989662257855850269e-01
1.000879743486839502e+00
1.000281263875287152e+00
9.996190766018508977e-01
9.993277200971172336e-01
9.998207747984614313e-01
1.000664657847511796e+00
9.991737508603130147e-01
9.987956177265224778e-01
9.991406959997263248e-01
1.000087932172022187e+00
9.985822185485715430e-01
9.994569351071612706e-01
1.000098858772420662e+00
1.000168743137457961e+00
9.998188322823533536e-01
1.000643291475059593e+00
9.996704866067067652e-01
9.991388300327062044e-01
9.991950027743004004e-01
9.999179341825988887e-01
9.999017760136793553e-01
9.984413553831527066e-01
9.989295439033654134e-01
9.995010201821262763e-01
9.987949179577937375e-01
9.989049525377619032e-01
9.999633767744090518e-01
1.000480448064483774e+00
1.001254073332515038e+00
9.993271213892592764e-01
9.998884860956019915e-01
9.994934125996420837e-01
9.998015162659940058e-01
1.000474667845872911e+00
9.994675067604943397e-01
9.992972453213703199e-01
1.000197374440946918e+00
9.991780681744997228e-01
1.000206615093686802e+00
9.996057975961294417e-01
1.000486441932893378e+00
1.000718986346242456e+00
1.000113589941872272e+00
9.989845390713854023e-01
9.993935272133731562e-01
9.995120282367172537e-01
1.000160335435910985e+00
1.000155969650697863e+00
9.988643549690455758e-01
1.000001413984993315e+00
9.988931940230088014e-01
9.992734823743496531e-01
9.996484810753352157e-01
9.997255074243518447e-01
9.997824363104329537e-01
9.988738776408488951e-01
9.994378845837164071e-01
9.999993719184135932e-01
9.990433184798931388e-01
9.993070054358782484e-01
9.992333939371198515e-01
9.997853093384510004e-01
1.000237724229802394e+00
9.997779000279317652e-01
1.000064490790560034e+00
9.999649316232143148e-01
9.996744865246455225e-01
1.000458455564769311e+00
1.000286051789238240e+00
9.987587326775299035e-01
1.000325179050458146e+00
9.994591865481478044e-01
1.000004144300143727e+00
1.000421206677855945e+00
1.000251345168171158e+00
1.000214316827854111e+00
1.000184179157687536e+00
1.000131495879989840e+00
1.000248584244070038e+00
1.000005744833385224e+00
9.992832689760330345e-01
1.000381870152235786e+00
1.000121056788944029e+00
9.995955394682967121e-01
1.000411710497588480e+00
9.995918635411531472e-01
9.997967963998687368e-01
9.990827059294561385e-01
9.998368096602733290e-01
1.000568418197230081e+00
1.001044577178469508e+00
1.000187207825927516e+00
1.000138601284553452e+00
9.993821996201812663e-01
1.000021127523986753e+00
1.000386674449176727e+00
1.000624509975246879e+00
9.995218558187264346e-01
9.993385319956242796e-01
1.000432479955503329e+00
9.993317507028163238e-01
9.998358921895685869e-01
1.000802389855953045e+00
1.000446040113968316e+00
9.995539700073637901e-01
1.000228551861581661e+00
1.000214345472738131e+00
1.000370344469548645e+00
1.000326918570098922e+00
9.991916785395317246e-01
1.000258103798451703e+00
9.998585923695341160e-01
1.000073825455598975e+00
1.000756679834567731e+00
1.000064132482448631e+00
1.000199588200929579e+00
1.000254991793148696e+00
9.999680218232409601e-01
1.000025405874951367e+00
9.996707012128782655e-01
1.000286339425407789e+00
9.999621799436053671e-01
9.995734566581869762e-01
1.000658137194636810e+00
1.000251594024522017e+00
1.000624375847450898e+00
1.000802977421403339e+00
1.000093582733339037e+00
1.000368267248213261e+00
1.000044930562981715e+00
1.000024353025861901e+00
9.999633183263563208e-01
1.000260347444954512e+00
1.000524928705438077e+00
9.997515396131918530e-01
9.993508233258812101e-01
9.998832473504086771e-01
1.000665947749265872e+00
9.995906189625889393e-01
1.000301654678713792e+00
1.001136553151793063e+00
1.000084162736448068e+00
9.997105088516685667e-01
1.000290492562036393e+00
1.000256766795611707e+00
1.000677887948412392e+00
1.000176033887766769e+00
9.998484186352224468e-01
1.000589378942999375e+00
1.000012505710636379e+00
1.000344050075308910e+00
1.000063618469068993e+00
9.998615644143896697e-01
1.000055666637264418e+00
1.000418790503619038e+00
9.999226989453371406e-01
1.000527412070770561e+00
1.000002792131388540e+00
9.998703681206069227e-01
9.998633876874108983e-01
1.000470265147168414e+00
9.998907455334270500e-01
1.000084032453961047e+00
1.000667128628750735e+00
1.000606474740935337e+00
1.000017156803571172e+00
1.000101530850997955e+00
1.000217296753592944e+00
9.999979198918992340e-01
1.000162933705285750e+00
1.000114476227510041e+00
1.000514286881762027e+00
9.997887991486513748e-01
1.000833772847933290e+00
1.000180535633561796e+00
1.000286684950041804e+00
1.000447746483283273e+00
9.998976146330732506e-01
1.000252870197488431e+00
9.996519235294845096e-01
1.000355550339122601e+00
1.000143718207441523e+00
1.000295859834360535e+00
9.996641820706431147e-01
1.000059767149101386e+00
1.000047552374925708e+00
9.998068121919909679e-01
9.998635829467462655e-01
1.000071220867328359e+00
9.999508796594454019e-01
1.000356683048794659e+00
1.000107531730761279e+00
1.000045447747090588e+00
1.000253492342795703e+00
1.000656930857516391e+00
1.000782956338940100e+00
9.998956977063040430e-01
1.000709692894537151e+00
1.000213516442686190e+00
1.000506099268356763e+00
1.000072417567987371e+00
1.000261410216163771e+00
9.998389721900541316e-01
1.000262300824541706e+00
1.000622129786461700e+00
9.993226772842159766e-01
1.000139714782326772e+00
1.000360436991720503e+00
1.000078315721035782e+00
9.998900639352934494e-01
9.999828648547859355e-01
9.998054232367676875e-01
9.999493369125753706e-01
1.000198464596881553e+00
9.997038690227388891e-01
1.000665223560889938e+00
9.999902754487000056e-01
1.000115883335383149e+00
1.000515601439458280e+00
9.999456244520218418e-01
1.000341472011350374e+00
1.000163811808714609e+00
1.000299525137894552e+00
1.000201469159206491e+00
9.992607200299284953e-01
9.927961327802080627e-01
9.847225278453938246e-01
9.770344566852726675e-01
9.681170822270251941e-01
9.610713838416239385e-01
9.526122095289264458e-01
9.449105129258019709e-01
9.368341509190896144e-01
9.287873650110909374e-01
9.207533900109644565e-01
9.124728869761240535e-01
9.057686087247052154e-01
8.976910461148531750e-01
8.893186844272252811e-01
8.826805733761244888e-01
8.745248042856675896e-01
8.673530573299480517e-01
8.595099843050206800e-01
8.517343100611910467e-01
8.446942249414608472e-01
8.376279887227340293e-01
8.297619119198413884e-01
8.227396260954468188e-01
8.154113681439424388e-01
8.084174302552618041e-01
8.005001304889755032e-01
7.936803196564422569e-01
7.868681658718716943e-01
7.795737795452268859e-01
7.726504698557308259e-01
7.655800525053525485e-01
7.583280291223730707e-01
7.510721763066199319e-01
7.442985405549139566e-01
7.377242087337940735e-01
7.305313000458025785e-01
7.238242844560671685e-01
7.173890420129217516e-01
7.105733322828980958e-01
7.038009090218730890e-01
6.972634471018466229e-01
6.909036877120153797e-01
6.835826055996194750e-01
6.770356837484622359e-01
6.706898347276322170e-01
6.641043861820998817e-01
6.573636553850730202e-01
6.515295341665090501e-01
6.449511275874184602e-01
6.385298073581681111e-01
6.320517805014292945e-01
6.257640897875041963e-01
6.192170815769342251e-01
6.127998654354839259e-01
6.068932148270382854e-01
6.003447977212241771e-01
5.945350496542155527e-01
5.883096133825349572e-01
5.822621779461427671e-01
5.761525538147490577e-01
5.698923764959314964e-01
5.638198507279630345e-01
5.576701676845280398e-01
5.516442089564950191e-01
5.460701703441868116e-01
5.400519386816429179e-01
5.342623801254854365e-01
5.282215624818453747e-01
5.227237057461576741e-01
5.167983393599850928e-01
5.108376909589300574e-01
5.050888997660866186e-01
4.992024282013504122e-01
4.935762802049483144e-01
4.882350414376273595e-01
4.821881095643574811e-01
4.768482736381787768e-01
4.711530495256335827e-01
4.655158467268133426e-01
4.600699758278587459e-01
4.543988103908842002e-01
4.487160504305164888e-01
4.434008054168910307e-01
4.379188311586660887e-01
4.325076367253551379e-01
4.267490447620532201e-01
4.215921229802207515e-01
4.161535019392613166e-01
4.107545153279532069e-01
4.056544223503257829e-01
4.000389740676659200e-01
3.952316083524116674e-01
3.896937077169689290e-01
3.848236121672864996e-01
3.793644576067801699e-01
3.741622891945849405e-01
3.690060081262166447e-01
3.639858452866369110e-01
3.587280753853723247e-01
3.538222923411218357e-01
3.488796311852613852e-01
3.437406298914919556e-01
3.387425462265288290e-01
3.334103627160764360e-01
3.286596789439952260e-01
3.237212631714805888e-01
3.187117505831795206e-01
3.139826873946285346e-01
3.088651395355321849e-01
3.039464419479153690e-01
2.989068971918155126e-01
2.946712014437370963e-01
2.894589764207046167e-01
2.848592705899583577e-01
2.799298458028440240e-01
2.750649399744783952e-01
2.703823152815273412e-01
2.658130087631053740e-01
2.608463423604702180e-01
2.566433344209571588e-01
2.517255312018165658e-01
2.469151843666549662e-01
2.424268399913303562e-01
2.378116299881460338e-01
2.332369357347796324e-01
2.287417094784711946e-01
2.242012945155773818e-01
2.197097978925226514e-01
2.149326630952548001e-01
2.106307138698512160e-01
2.062425696755487703e-01
2.016027312085599266e-01
1.973675204922022142e-01
1.929836426041082742e-01
1.884406062463233333e-01
1.840053183785444468e-01
1.796698744284416782e-01
1.752626482923366480e-01
1.709910141330775180e-01
1.665052522965888016e-01
1.624135722373359625e-01
1.580523414742243948e-01
1.537686902592309279e-01
1.496557782691055882e-01
1.454195207051660887e-01
1.411872228246805194e-01
1.369620010581148739e-01
1.327275708876375082e-01
1.286193606243954679e-01
1.244350927117018613e-01
1.203444233044802109e-01
1.166605488029204690e-01
1.131954419515006777e-01
1.098613125909958660e-01
1.065907478699622962e-01
1.034709314738875702e-01
1.005975081224321221e-01
9.783402132634512471e-02
9.493639783178552116e-02
9.231028200212312851e-02
8.960643813948590553e-02
8.712237044186968427e-02
8.474682354694583475e-02
8.238845300935215832e-02
7.993452592252485445e-02
7.760561293881242106e-02
7.543775449079830053e-02
7.335508381388300414e-02
7.122781379967202398e-02
6.922736184920905145e-02
6.718113429451064156e-02
6.527069076425960625e-02
6.334516840778653402e-02
6.149094351859051705e-02
5.966400285979743534e-02
5.802883762778462962e-02
5.625369706852853535e-02
5.453257009370816172e-02
5.297450021824205713e-02
5.142945447383059226e-02
4.975090645779656900e-02
4.834838533825526474e-02
4.678239264538362058e-02
4.533090565843482522e-02
4.394580467682998592e-02
4.254233940708913170e-02
4.129447093533650942e-02
3.985748620593643904e-02
3.858775449523269702e-02
3.741868994621690842e-02
3.615148405851066615e-02
3.498579164032816075e-02
3.382970104656009280e-02
3.263106510223770518e-02
3.149703022772474409e-02
3.046517247561369296e-02
2.942298056135807943e-02
2.838602714095899912e-02
2.737113111401971374e-02
2.642570913814920597e-02
2.540072456550971150e-02
2.453040976283074256e-02
2.364727211011095898e-02
2.269233260559347029e-02
2.186815208493027296e-02
2.105787021641653337e-02
2.018211499420611080e-02
1.942830559593906187e-02
1.866646010263867811e-02
1.792339423932126988e-02
1.718401063820411759e-02
1.639821798787973253e-02
1.577050132662240547e-02
1.507445696519502457e-02
1.443012704695755856e-02
1.379236913792025558e-02
1.314824827404919606e-02
1.252654297514795706e-02
1.195694156548910911e-02
1.139437042210344336e-02
1.086132931507437401e-02
1.033450551281563101e-02
9.799345301082767329e-03
9.298417569467498991e-03
8.834562330347553796e-03
8.354227090867794719e-03
7.881209904614671496e-03
7.457871529326489356e-03
7.051089835573782875e-03
6.628616164693085927e-03
6.255004832354697959e-03
5.871168987978595162e-03
5.473061019813240877e-03
5.132769606496345900e-03
4.803188869979127702e-03
4.468657823700591253e-03
4.167521822414835438e-03
3.869376524373490701e-03
3.579758412017574731e-03
3.295445754371992102e-03
3.047883437991661098e-03
2.785300559221206770e-03
2.557507112352706662e-03
2.342722441322643134e-03
2.113269852194716789e-03
1.903965901936289411e-03
1.709055131645603179e-03
1.531575535957354099e-03
1.367935246838258411e-03
1.215735939570817322e-03
1.039646686158566570e-03
9.295522333006201897e-04
7.959090171592957119e-04
6.736863413528612881e-04
5.676295488277462121e-04
4.667542160048728937e-04
3.873025872226338131e-04
3.052012659484600390e-04
2.322335457282452922e-04
1.754219442699632328e-04
1.247857464195981461e-04
8.302588606735925405e-05
4.942559272888821716e-05
2.478488626062925844e-05
8.882163378016502941e-06
1.716307266565374669e-06
5.431324798368902833e-08
0.000000000000000000e+00
0.000000000000000000e+00
0.000000000000000000e+00
0.000000000000000000e+00
0.000000000000000000e+00
0.000000000000000000e+00
0.000000000000000000e+00
0.000000000000000000e+00
0.000000000000000000e+00
0.000000000000000000e+00
0.000000000000000000e+00
0.000000000000000000e+00
0.000000000000000000e+00
0.000000000000000000e+00
0.000000000000000000e+00
0.000000000000000000e+00
0.000000000000000000e+00
0.000000000000000000e+00
0.000000000000000000e+00
