0.000000000000000000e+00
0.000000000000000000e+00
0.000000000000000000e+00
0.000000000000000000e+00
0.000000000000000000e+00
0.000000000000000000e+00
0.000000000000000000e+00
0.000000000000000000e+00
0.000000000000000000e+00
0.000000000000000000e+00
0.000000000000000000e+00
0.000000000000000000e+00
0.000000000000000000e+00
0.000000000000000000e+00
0.000000000000000000e+00
0.000000000000000000e+00
0.000000000000000000e+00
0.000000000000000000e+00
0.000000000000000000e+00
0.000000000000000000e+00
0.000000000000000000e+00
0.000000000000000000e+00
0.000000000000000000e+00
2.157957716899933792e-03
4.169375606605595086e-02
2.309291276523838532e-01
5.277901643933979869e-01
8.793568324336595854e-01
1.123928488989681007e+00
1.301014607452325667e+00
1.406720909609349368e+00
1.375283052655067229e+00
1.289702169731884229e+00
1.219169841272602639e+00
1.102460169848894056e+00
9.636802220852573875e-01
8.284041725224788877e-01
7.966797299570957946e-01
7.140214778434963439e-01
7.272165374774243185e-01
6.932030245490025111e-01
7.114102076904372796e-01
7.363944095929042533e-01
8.270109714909070764e-01
8.275773292782133694e-01
9.101977968513829120e-01
9.310032368474597808e-01
9.820199596252103813e-01
1.001733023559244318e+00
1.117812703442185640e+00
1.123522309804631192e+00
1.163451092200873838e+00
1.262685806718744752e+00
1.203849143308150627e+00
1.219465998456821909e+00
1.217708147758285842e+00
1.177226209570401583e+00
1.157184429625903510e+00
1.110647891573412371e+00
1.091473110577170891e+00
1.076205015159366507e+00
1.039601027218084672e+00
1.057556170091850545e+00
1.018302910029878827e+00
1.028228209081448963e+00
1.000961586563759553e+00
9.783614570708171199e-01
1.016556430668358102e+00
1.000301777333570952e+00
9.865290370394695918e-01
1.021090712851848714e+00
9.964592419850142324e-01
1.012698122532160738e+00
1.021512765339773976e+00
1.043021406854767630e+00
1.021011553704357366e+00
1.035022499934042939e+00
1.021780583779037910e+00
1.039820219440227511e+00
1.038719136145914046e+00
1.061078165731934586e+00
1.023356353096744664e+00
1.030920096995394664e+00
1.015948686380259369e+00
1.007068526555104260e+00
1.023269287310398346e+00
1.013605727558915204e+00
1.017657965933915110e+00
9.982903241300925545e-01
9.932186500282440544e-01
1.010391706072964135e+00
9.794586632915539548e-01
1.002415201291645630e+00
1.015990551790236340e+00
1.010885147478802537e+00
1.001195607346794914e+00
1.000520020717045266e+00
1.019847684377801933e+00
9.999824965263275356e-01
9.902167631065861286e-01
1.007073379938999924e+00
1.004450105289850903e+00
9.975394553504186579e-01
1.007174338016850745e+00
1.010147312232194672e+00
9.785593420808404996e-01
9.950522698602939364e-01
1.006948857826465371e+00
9.980917084121400107e-01
1.016625932743283833e+00
9.952827826885699558e-01
9.983145644682607234e-01
9.835651748799472127e-01
1.011553833367729416e+00
1.003598917074934205e+00
1.004075871640358608e+00
1.010887255192976841e+00
1.008861878815290547e+00
1.014145155698702006e+00
9.941549157221800659e-01
1.007355924282631099e+00
1.021604236223632611e+00
1.009202799135741291e+00
1.027857044344854920e+00
9.998004054023585940e-01
9.934659875910529792e-01
1.018042343524748095e+00
1.004775272802828967e+00
1.015544520182711130e+00
1.008663004442969191e+00
1.003202108386413327e+00
1.000340336801968988e+00
1.015916621918375951e+00
9.911236198946126175e-01
9.967995612649169779e-01
1.004537642519923946e+00
1.003178899807063429e+00
9.972141795506686002e-01
1.011759227424444907e+00
9.911809435758968112e-01
9.942696623323760141e-01
1.000982232823803386e+00
9.967850371885570437e-01
9.947488193278717361e-01
1.001292828486431752e+00
9.933194113583981855e-01
9.996310880186511927e-01
1.013022004462715620e+00
1.010396596043776185e+00
1.001617759122390705e+00
9.889829612243906665e-01
9.925877789907645576e-01
1.003752215514754242e+00
1.004627664307401469e+00
9.896176639550332554e-01
1.004731470504926172e+00
1.011933708125873244e+00
9.969143527710266905e-01
9.842323830198383972e-01
9.949804652980547282e-01
1.000573098633961822e+00
9.961719642740708425e-01
9.858449184905425655e-01
9.977657368233149304e-01
9.869050566296537763e-01
9.982522105433700998e-01
9.907686814481607707e-01
9.984310849493099882e-01
9.945916834017340946e-01
9.964982098411090394e-01
9.916495553306403643e-01
9.958422760685257114e-01
1.003876979137973580e+00
9.900021662815747803e-01
9.915268252968676421e-01
1.008315662946825508e+00
9.975728204722590364e-01
9.972973769151358692e-01
9.921772234140945335e-01
9.910301543501122135e-01
9.899938632563304308e-01
9.989425307047670177e-01
1.011250574015055248e+00
9.912678972552845247e-01
9.968334268925724828e-01
9.960560548826213889e-01
9.946554410241903454e-01
9.926516084971788167e-01
9.960683969567853957e-01
1.004303477910873266e+00
1.002096785836938286e+00
9.939659909139113569e-01
9.970786667871573972e-01
1.009878718939489994e+00
9.938183526247662547e-01
9.913178322383243701e-01
9.963794346483506592e-01
9.956043744706302157e-01
9.862336304182879321e-01
1.005959295621602800e+00
9.953568472713691939e-01
9.897584937534712468e-01
9.908781414986846947e-01
9.936261480051140627e-01
1.004025359157262764e+00
1.001390083283912658e+00
9.894508307897308397e-01
9.964081111790787926e-01
1.001130389443746438e+00
1.002377054681979240e+00
9.953506471269383260e-01
9.939275983692665850e-01
1.009010605083076717e+00
9.966781791995454887e-01
1.003079534400462158e+00
9.971283358906634087e-01
9.946006507043750888e-01
1.004549016018480012e+00
9.929284959017200540e-01
1.005325527039855560e+00
9.940948435658916171e-01
1.002169069748875652e+00
9.992000542244252603e-01
1.000180994329048279e+00
9.988582004549108051e-01
9.898312884181702520e-01
9.921925508351838729e-01
9.931844975547038379e-01
9.890076018462887752e-01
9.921297564454738538e-01
9.945100402084020574e-01
9.929869204603729571e-01
9.864479299075082919e-01
9.946967350690228971e-01
9.960717033926127506e-01
9.924660001213561067e-01
9.883101681298960273e-01
9.935288134389012038e-01
9.941202602711758374e-01
9.881840424879618778e-01
9.885558771855574856e-01
9.802021109220047101e-01
9.949771688002683190e-01
9.892741440820482790e-01
9.923040567618681695e-01
9.938279959357430027e-01
9.952357463489766021e-01
9.872486108462112941e-01
9.868851295975565874e-01
9.919335154682472622e-01
9.874677114691622348e-01
9.877900568225058686e-01
9.993679894757206972e-01
9.788495285992644401e-01
9.863908769440842272e-01
9.818799509747425658e-01
9.909602220553141994e-01
9.962210026350790670e-01
9.835516833033977058e-01
9.842517559031500607e-01
9.879331531085764340e-01
9.873463315662138751e-01
9.860824527742667600e-01
9.836591257698582558e-01
9.952315383009449068e-01
9.967441493564710431e-01
9.891101139510320994e-01
9.914230884034179736e-01
9.995434906964738575e-01
9.915979469158104909e-01
9.783179380465408803e-01
9.877146473443692010e-01
9.881833074597972111e-01
9.849219932170264480e-01
9.893695666444821679e-01
9.946375412122347992e-01
9.923981873828965350e-01
9.856765717705542329e-01
9.845425400023125606e-01
9.911502252213520991e-01
9.885646986519055490e-01
9.943387817995548161e-01
9.865947993095048885e-01
9.880851785813246080e-01
9.914887947569815951e-01
9.818354881280179081e-01
9.787688990770037067e-01
9.949575478162663300e-01
9.858953704370977400e-01
9.872166182054386008e-01
9.935950303360050473e-01
9.863407457142098211e-01
9.860304054721368283e-01
9.880812724297219907e-01
9.953175752820315747e-01
9.883877340182970483e-01
9.891210382948382174e-01
9.869402335497369227e-01
9.870137186994563105e-01
9.902001182382437205e-01
9.895076808349859698e-01
9.906251976259465852e-01
9.913025454631857469e-01
9.901379046450535792e-01
9.892242534090200934e-01
9.943802738484351922e-01
9.860498455020203501e-01
9.929959712393409133e-01
9.979528999398810107e-01
9.997019615013525984e-01
9.917400317477818028e-01
9.939690224987813849e-01
9.932932076533556032e-01
9.947523299354559256e-01
9.899307166445889816e-01
9.938553643680669847e-01
9.891794187301004015e-01
9.961180530200649530e-01
9.911770305141677229e-01
9.913340555802361287e-01
9.873505946795261279e-01
9.938910060778927136e-01
9.942576386367210084e-01
9.932568187915054025e-01
9.927361566128634074e-01
9.959267919814550618e-01
9.900591340303456223e-01
9.946571011143183760e-01
9.916479986875473829e-01
9.979885575866592751e-01
9.882702067907270793e-01
9.952779744356932135e-01
9.957042832600465632e-01
9.916495335809197842e-01
9.874656132911078243e-01
9.914886623175910296e-01
9.825413348437255223e-01
9.928315412058249523e-01
9.916655515156403977e-01
9.982725154619851438e-01
9.968586905151808342e-01
9.925417244620488022e-01
9.893961021028652159e-01
9.947555812568265043e-01
9.951051130968155967e-01
9.869067531228777890e-01
9.929230009333269713e-01
9.916286265205902506e-01
9.908234277414923463e-01
9.941484794952566428e-01
9.876591486791780339e-01
9.934695372114286105e-01
9.956202369268365437e-01
9.871529041812625582e-01
9.875666875238148235e-01
9.911856532549022658e-01
9.894779163045239745e-01
9.891819637405827592e-01
9.930286484989497842e-01
9.864881454106763092e-01
9.907719984501054400e-01
9.885086139608053601e-01
9.901190940477805347e-01
9.847510577120980324e-01
9.719180792165806881e-01
9.686145467561639855e-01
9.628834569214062000e-01
9.533348383318692720e-01
9.453589368380804769e-01
9.389568586556255037e-01
9.376287790916145726e-01
9.229496973480616484e-01
9.116529335202516737e-01
9.098792783122372496e-01
8.982958193007591907e-01
8.921735935674622864e-01
8.842117581906224766e-01
8.738793881897856108e-01
8.671213933595148804e-01
8.626651950881176756e-01
8.578074771147791155e-01
8.422032621691197818e-01
8.417076072462283953e-01
8.334823056020468357e-01
8.259841094505012693e-01
8.173974622883899421e-01
8.056331015249551530e-01
8.028297899708861651e-01
7.957644571184246951e-01
7.882503329490705424e-01
7.832335154739291649e-01
7.726819020666577664e-01
7.699102158584887334e-01
7.643855577961407022e-01
7.564561963280357348e-01
7.482618788521140374e-01
7.438251298553023583e-01
7.330266591268206344e-01
7.324596796657090181e-01
7.241298235591626664e-01
7.156881537880582789e-01
7.094139667169586660e-01
7.017144230780126835e-01
6.968716120395417324e-01
6.892343365435587010e-01
6.822944687758757398e-01
6.771383983780013827e-01
6.673447625156188057e-01
6.623815168974863665e-01
6.524050768987640359e-01
6.516352600712080889e-01
6.432913639441295572e-01
6.410867823145303124e-01
6.330473360835776608e-01
6.255149699703559385e-01
6.171294621997813756e-01
6.167324620380061351e-01
6.054802259413731846e-01
6.018755450245852900e-01
5.948305453120606989e-01
5.894432451519884264e-01
5.789814518753489958e-01
5.751689363119131260e-01
5.681229196423248640e-01
5.619107161247183235e-01
5.543088204777569805e-01
5.513586969027312046e-01
5.479148511608775696e-01
5.386093565913877557e-01
5.318656105175569859e-01
5.286901198563375148e-01
5.237330930951412666e-01
5.163120329728333457e-01
5.094929147600052444e-01
5.014620345962679249e-01
4.989166603011648271e-01
4.937243951317945023e-01
4.912333188531759487e-01
4.846190333781703052e-01
4.759432812279584812e-01
4.713891983520497320e-01
4.675991071571983793e-01
4.621461819682962102e-01
4.529502659410311050e-01
4.527243009286990305e-01
4.456735592952142389e-01
4.385916903915769716e-01
4.339255661991685553e-01
4.293085010208068653e-01
4.237666303666651202e-01
4.165371680835929791e-01
4.152612392805875019e-01
4.065472908991450418e-01
4.006299546769145348e-01
3.958281537805570793e-01
3.940173870941997558e-01
3.886553862097416046e-01
3.837122923504768801e-01
3.763195495246769440e-01
3.699019656776501574e-01
3.632105202428602686e-01
3.596235165691989977e-01
3.541138637412030721e-01
3.509508227730344654e-01
3.452539848760556307e-01
3.389097406534957169e-01
3.353661050236270702e-01
3.296464137271298833e-01
3.247707044867979564e-01
3.203444472189997394e-01
3.165128074235428191e-01
3.095046221240538298e-01
3.047684525471341388e-01
3.006117454741504269e-01
2.971914169374438863e-01
2.913616893276609332e-01
2.847855554255273036e-01
2.822818735398304191e-01
2.769855270673997061e-01
2.718708298598458972e-01
2.686341051319229289e-01
2.618283050558014025e-01
2.566534451625169244e-01
2.547261329864896062e-01
2.474861517912509690e-01
2.422757031001487316e-01
2.396390243089226713e-01
2.340929978595087668e-01
2.270369578472012928e-01
2.241304758824192167e-01
2.191749648912731663e-01
2.166755349593106894e-01
2.107253217908430787e-01
2.069944738578121113e-01
2.034139079116915605e-01
1.988167844346047097e-01
1.938391908862594770e-01
1.898679236279081917e-01
1.857254820528442263e-01
1.793168267344995293e-01
1.763361243985485938e-01
1.730317873687906571e-01
1.682229453246159023e-01
1.625105848355319627e-01
1.585046044210809413e-01
1.547342562525311216e-01
1.508065761413550088e-01
1.475194869480485060e-01
1.432613919548239023e-01
1.363036078935904449e-01
1.341510972336048824e-01
1.292490661397357188e-01
1.267530273266877505e-01
1.227475856258989084e-01
1.186147018386529139e-01
1.144008007900632340e-01
1.122068284434655228e-01
1.084667658074659341e-01
1.061512454477880202e-01
1.022098149522484289e-01
9.894898618030396886e-02
9.522153766526228469e-02
9.398422687838713097e-02
9.114645746455024566e-02
8.864590890964568759e-02
8.551629018235853974e-02
8.492516355654569638e-02
8.136514906696194760e-02
7.830511654476984829e-02
7.618585861466940778e-02
7.375166335449268029e-02
7.246177652063176544e-02
7.045805803946356138e-02
6.936500656292578226e-02
6.623116171044744760e-02
6.446276117388662075e-02
6.238821631735309847e-02
6.024201171390144299e-02
5.796333360791969258e-02
5.767494360887587962e-02
5.476081443177981817e-02
5.418071190914678509e-02
5.181850352374157975e-02
4.986469374430450158e-02
4.879725895492854904e-02
4.734477201938520896e-02
4.543565212625088473e-02
4.326578891237317648e-02
4.307251631311104917e-02
4.254878303813772189e-02
4.087225098613838509e-02
3.862368680838100532e-02
3.727746952519291057e-02
3.688611896129467133e-02
3.562900810601541540e-02
3.400603320852500083e-02
3.332971671194346480e-02
3.181818588905449552e-02
3.002684748680613941e-02
2.991199379026739796e-02
2.897827233235143393e-02
2.713991617146148394e-02
2.650858630936430566e-02
2.538607841645134505e-02
2.522888937584643471e-02
2.411849769036211732e-02
2.293407377940680225e-02
2.204651461197028664e-02
2.120193228722925052e-02
2.084824008654982339e-02
1.949347394912178191e-02
1.841810349430653138e-02
1.858292149714277711e-02
1.723530907950548627e-02
1.643504298722811216e-02
1.612246464861299966e-02
1.549636077311285741e-02
1.497813565915461290e-02
1.370479088394921559e-02
1.339133891032606369e-02
1.236548209580262160e-02
1.247808390020915988e-02
1.147277295140974179e-02
1.109040817620008876e-02
1.042102097969390545e-02
1.037154685125464375e-02
9.369463716049551000e-03
8.823060196672068145e-03
8.393883668679645929e-03
8.379149295180472745e-03
7.547503896659565718e-03
7.174521642768955793e-03
6.729317542523688585e-03
6.307373414691976737e-03
6.272682539642475581e-03
5.905440693040769386e-03
5.363083006287100440e-03
4.871060860677014874e-03
4.791574733033239844e-03
4.467178482498796593e-03
3.959814838782802632e-03
3.498624538989494621e-03
3.434485339558632222e-03
2.935499287871681188e-03
2.844251265875171169e-03
2.675565738851514667e-03
2.456131875498033731e-03
2.176764361604008324e-03
1.863809347054466888e-03
1.716526249891734378e-03
1.605374898223406368e-03
1.514065887169454639e-03
1.229540580488272354e-03
1.000695707521989360e-03
8.333054862927089055e-04
8.620620707505691682e-04
6.773789220570313862e-04
5.157676632602783886e-04
4.798277962117042600e-04
3.913199721453604666e-04
2.476569418864149608e-04
2.221745562014689466e-04
1.691718385072975013e-04
1.287717109950355695e-04
6.723600288535741727e-05
3.046417798070664127e-05
2.125690255626562031e-05
6.054058706193614056e-06
0.000000000000000000e+00
0.000000000000000000e+00
0.000000000000000000e+00
0.000000000000000000e+00
0.000000000000000000e+00
0.000000000000000000e+00
0.000000000000000000e+00
0.000000000000000000e+00
0.000000000000000000e+00
0.000000000000000000e+00
0.000000000000000000e+00
0.000000000000000000e+00
0.000000000000000000e+00
0.000000000000000000e+00
0.000000000000000000e+00
0.000000000000000000e+00
0.000000000000000000e+00
0.000000000000000000e+00
0.000000000000000000e+00
0.000000000000000000e+00
0.000000000000000000e+00
0.000000000000000000e+00
