0.000000000000000000e+00
0.000000000000000000e+00
0.000000000000000000e+00
0.000000000000000000e+00
0.000000000000000000e+00
0.000000000000000000e+00
0.000000000000000000e+00
0.000000000000000000e+00
0.000000000000000000e+00
0.000000000000000000e+00
0.000000000000000000e+00
0.000000000000000000e+00
0.000000000000000000e+00
0.000000000000000000e+00
0.000000000000000000e+00
0.000000000000000000e+00
0.000000000000000000e+00
0.000000000000000000e+00
0.000000000000000000e+00
0.000000000000000000e+00
0.000000000000000000e+00
0.000000000000000000e+00
0.000000000000000000e+00
4.315711952726361197e-03
4.963308374283424695e-02
2.858987734710762840e-01
5.617051702838071758e-01
9.061045517317860565e-01
1.113605096758660595e+00
1.361207946655219381e+00
1.424590073934491219e+00
1.431668217862902104e+00
1.360723959456467735e+00
1.295572370198162737e+00
1.122433772760197623e+00
9.853851313548841473e-01
8.471509339838861896e-01
7.618950107128623639e-01
7.992160892099801073e-01
7.607915153647597517e-01
8.007062025650952819e-01
7.528967059963563857e-01
8.326934857494425746e-01
8.779885308878446759e-01
9.448982905149007072e-01
9.930532416097701542e-01
9.959997235348606592e-01
9.920099702499448613e-01
1.075152886880158976e+00
1.098303779444792960e+00
1.127675339483453110e+00
1.215971503929650366e+00
1.244897618673172612e+00
1.285405428927200999e+00
1.298455387023912833e+00
1.274528607318957230e+00
1.260800976351642788e+00
1.193177531795538204e+00
1.200097895964272743e+00
1.102194474454177398e+00
1.092109361752526375e+00
1.073584028474901420e+00
1.057506309832055624e+00
1.084168062345564509e+00
1.022450114755533379e+00
9.973029909621058398e-01
1.023053717596820178e+00
1.023571223325671964e+00
1.017526661607734306e+00
1.017819013900999270e+00
1.047659698513243143e+00
9.987435965012640970e-01
1.026708667235170180e+00
1.018817179946096552e+00
1.035456475608941052e+00
1.050026270155618224e+00
1.058801313856743809e+00
1.054275450669065028e+00
1.046927358732582025e+00
1.053190425904573457e+00
1.013577062983748611e+00
1.029588270716125020e+00
1.003729470906663979e+00
1.020858069088474540e+00
1.015033148432949561e+00
1.018166892455745209e+00
1.029805449996454625e+00
1.014029593641832427e+00
1.002199709995454713e+00
1.031410798129240192e+00
1.025769169758061761e+00
1.021549998962268058e+00
1.016297456319888992e+00
9.999918607936785220e-01
1.004164412030953191e+00
9.913473169327672307e-01
9.898499447620140446e-01
1.015286104816017998e+00
1.016887571606759799e+00
9.884846817992062329e-01
1.023546127800406103e+00
9.963045925714085760e-01
1.001576324063886192e+00
9.896590099715725231e-01
1.028435370280293526e+00
1.002178277235525439e+00
1.016862058758412068e+00
1.016286616136146126e+00
1.009485009346932527e+00
1.007433074448033095e+00
1.001678146236259614e+00
1.009004648861180131e+00
9.904874349365428987e-01
1.021498153611869908e+00
1.018278963644229984e+00
1.003224452286833657e+00
1.016723206795919099e+00
1.003203076058845067e+00
1.011296437178401453e+00
1.004624173713506874e+00
1.002958092887578756e+00
1.005489552514100549e+00
1.015826794081258644e+00
1.009757661851041544e+00
1.011902246474107425e+00
1.010975002303849513e+00
1.018366746834757253e+00
1.020637559080543655e+00
1.015929719020844502e+00
1.003569529314982667e+00
1.008473616768801318e+00
1.024967945409160697e+00
1.007111235817822248e+00
1.008531079882663439e+00
1.020602418653575150e+00
1.019161007234626659e+00
1.010551783460074793e+00
1.003975487248200071e+00
1.022274135162114961e+00
1.000321021802202726e+00
1.000079323759134775e+00
1.000042145064809818e+00
1.008300719879371199e+00
1.021904870447465807e+00
9.998756935487813635e-01
1.012470332278867069e+00
1.005414865159973914e+00
1.010618617185460755e+00
1.009159931860761361e+00
1.019221470443571587e+00
1.005932526145657757e+00
1.011754132515402249e+00
1.006472319257875281e+00
1.007261203573205588e+00
9.971105002875305656e-01
1.009218807974414212e+00
1.018406760756501050e+00
1.010320352267412458e+00
1.008239115029431421e+00
1.003413235714860852e+00
1.016534339735651660e+00
1.016002716051823906e+00
1.018476341744962488e+00
1.009533667970314186e+00
1.012668537913471445e+00
1.011694405001590802e+00
1.009595730837928640e+00
1.007092578427097651e+00
1.011587894250651987e+00
1.009186887173695757e+00
1.012307317985334798e+00
9.967678609314130078e-01
1.006673473196425084e+00
1.012207020222081644e+00
1.009837196123865022e+00
9.992906063741724410e-01
9.947711433175731033e-01
9.949049543428145626e-01
1.000509483363272611e+00
1.003560301283666245e+00
1.007616324433489252e+00
1.011341376483782417e+00
1.013850961683832930e+00
1.006264334455704956e+00
9.995874732528210460e-01
9.979487418493175888e-01
1.012803858737745255e+00
9.992156193518815233e-01
9.986377780666126913e-01
9.949961818845436401e-01
1.001491222247556045e+00
1.006399180561673212e+00
9.960667573685934029e-01
9.996767715308382263e-01
9.933304232714186277e-01
1.007174840284191131e+00
1.002228099650026794e+00
9.923185581027790247e-01
9.912386081396460380e-01
9.969879974028299507e-01
9.877497029627280156e-01
1.002480979472673006e+00
9.878667782059015190e-01
9.934929611937259875e-01
9.977081474562536911e-01
1.005548059563126984e+00
9.973419985708255053e-01
9.920428492196611270e-01
9.941742514278114617e-01
9.826965038949084796e-01
9.933939673579511576e-01
9.857542668821913656e-01
9.889827835939081213e-01
9.999257512564666550e-01
9.847439554736129308e-01
9.788083868887336170e-01
9.968168241805250851e-01
9.868403641735303822e-01
9.973003705890582937e-01
9.854634784236701028e-01
9.938028400411208496e-01
9.893438687622299055e-01
9.954935734800156588e-01
9.809743698619728391e-01
9.853082276120898042e-01
9.929488193158100273e-01
9.833873084271962384e-01
9.889695659455357557e-01
9.791909776563745282e-01
9.811081109341169837e-01
9.847049364141897687e-01
9.981663390736409402e-01
9.853651472568165648e-01
9.869114141507144833e-01
9.967399811004173937e-01
9.890452412202807020e-01
9.944431498897078336e-01
9.895940846040983674e-01
9.929838345716210934e-01
9.883244584674780731e-01
9.816680902541885523e-01
9.815250873399532505e-01
9.846546500247762568e-01
9.927854415641750307e-01
9.836443785121977701e-01
9.902413857185498047e-01
9.833805683727576685e-01
9.962495043622804358e-01
9.858928728744245085e-01
9.849558336993400331e-01
9.884088237199946114e-01
9.911352032286576685e-01
9.853378205590765937e-01
9.855914802187956125e-01
9.841546218773344901e-01
9.912727868769027895e-01
9.892831137278431664e-01
9.961201091498682603e-01
9.902652278396716357e-01
9.944353670475692963e-01
9.908196572507691480e-01
9.912736604730506551e-01
9.846349253209419894e-01
9.865480871162715104e-01
9.913855516385979838e-01
9.963928108463490085e-01
9.867140815420760713e-01
9.859797409888922948e-01
9.866672608944939693e-01
9.883020381372445984e-01
9.881428169536446982e-01
9.932463898724509521e-01
9.838030665155289567e-01
9.941647318490846041e-01
9.859854233730405149e-01
9.925806754147619149e-01
9.886255019350358442e-01
9.920996425256737306e-01
9.909039213513927136e-01
9.886166593258820523e-01
9.902298238642769368e-01
9.963675110041264604e-01
9.865184159408242337e-01
9.918793512236848686e-01
9.932090632549588349e-01
9.904455067519217781e-01
9.883061166360253003e-01
9.887679690546964384e-01
9.941685907527380017e-01
9.928299801460200857e-01
9.889440447265868128e-01
9.890854962691195684e-01
9.888814937068881594e-01
9.897088302805385762e-01
9.914091229244459402e-01
9.939100228608763743e-01
9.943075306998125917e-01
9.927515575844488849e-01
9.911940817574187435e-01
9.928905727138203074e-01
9.981326385777224974e-01
9.941972360934406838e-01
9.947073926974362434e-01
1.000804843504996322e+00
9.987926376542128892e-01
9.935288636080193969e-01
9.912685030589770685e-01
9.918399397177417587e-01
9.960273798325137706e-01
9.939189106731751711e-01
9.830396476518622473e-01
9.888738148266226213e-01
9.922578051606022465e-01
9.987921814164356649e-01
9.898840447002449361e-01
9.881809170465724046e-01
9.860987785566720509e-01
9.881731762306182887e-01
9.916590091619745806e-01
9.867571594181948624e-01
9.875593086138430010e-01
9.854150944922313027e-01
9.917584395533843855e-01
9.865362020017761635e-01
9.899049687849686974e-01
9.906939592115840965e-01
9.938808713698007447e-01
9.899875235462662904e-01
9.927830251455006527e-01
9.909047809362566683e-01
9.874379923832471428e-01
9.892659328798102392e-01
9.953662648217116438e-01
9.912170054868501001e-01
9.936611293252463062e-01
9.975091818641561581e-01
9.972100165955676276e-01
9.920522894235503930e-01
9.944272679197428966e-01
9.904493530774972632e-01
9.965135746518785087e-01
9.927299845929423716e-01
1.000566315941193274e+00
9.949309066749416619e-01
9.974182016006213347e-01
9.963055820752010350e-01
9.962116515206574929e-01
9.911772076578155843e-01
9.956932083658659449e-01
1.001907437804892442e+00
9.974986053932847208e-01
9.961140904420587860e-01
9.948251276236587115e-01
1.001565547187377669e+00
1.001708171309733553e+00
9.945716991757858061e-01
9.970179651116439778e-01
9.973977050041551440e-01
9.979802634628298641e-01
9.970838365432243000e-01
9.962003259172265146e-01
9.993698302026422509e-01
9.928569040186048245e-01
9.895845406112594445e-01
9.887193101526046135e-01
9.770712806389155736e-01
9.672302457282166976e-01
9.629707838981137469e-01
9.568035217185053565e-01
9.447265064198657747e-01
9.372806839506800936e-01
9.260064586248425433e-01
9.225272822662941019e-01
9.199862084038815668e-01
9.043550749047032378e-01
8.982683053962869923e-01
8.889121911603991011e-01
8.826282561631134671e-01
8.726794635719875570e-01
8.621693648649594310e-01
8.564663520632020965e-01
8.498367099950857595e-01
8.435741585303987433e-01
8.330864391867860430e-01
8.244618000942371960e-01
8.162762238862477648e-01
8.125205079535874342e-01
8.006488323954609188e-01
7.967771903706801773e-01
7.921176651371469868e-01
7.772642877251210169e-01
7.736097048696155554e-01
7.616577613091279897e-01
7.624175168839422145e-01
7.511439986377714817e-01
7.463750451174001599e-01
7.370049003910426055e-01
7.300653809475506906e-01
7.218502088092619839e-01
7.162470753924929934e-01
7.094127856698362322e-01
7.076208578556372197e-01
6.976424306495746519e-01
6.885154314751652516e-01
6.821725144040711175e-01
6.772536608452135454e-01
6.694825702910816023e-01
6.656337835188694818e-01
6.574863671531911979e-01
6.472640396442501665e-01
6.458047642680128098e-01
6.362787833960207307e-01
6.320277889174419350e-01
6.277198058618118637e-01
6.185623094409555822e-01
6.151673326800187747e-01
6.094205688829530398e-01
6.012191383993003013e-01
5.943479817921963893e-01
5.899058644795247552e-01
5.834905636758654923e-01
5.776526970647757331e-01
5.729117590173923302e-01
5.673585026919099050e-01
5.591129328367016038e-01
5.547369142072835491e-01
5.506512760501228732e-01
5.426848165749356134e-01
5.367145108293521760e-01
5.328032181352505559e-01
5.282857660163901015e-01
5.203861740612844011e-01
5.154020324906197770e-01
5.078072168809995013e-01
5.024737437946562579e-01
4.946827511775134245e-01
4.911989580314828907e-01
4.864715368877493562e-01
4.821477905582976509e-01
4.738044317059226795e-01
4.716249509168072285e-01
4.619211338359295871e-01
4.588252873830531153e-01
4.552012206535129835e-01
4.499281172482048063e-01
4.428481147768099091e-01
4.345296545040774894e-01
4.311078321326448637e-01
4.258872300544865319e-01
4.224430149800935674e-01
4.156483778979127020e-01
4.108508175868534340e-01
4.051252988346915052e-01
3.990869268767424649e-01
3.953190644457933445e-01
3.900408997640683606e-01
3.862120842611967420e-01
3.774930946848536473e-01
3.763868498271411567e-01
3.702570862144739516e-01
3.653740964291197768e-01
3.555830150760059261e-01
3.534954077498727587e-01
3.504127794849192234e-01
3.465026987370055100e-01
3.391412744275381086e-01
3.331103166516515279e-01
3.289273947996305680e-01
3.258522640520277180e-01
3.176583107572793496e-01
3.157333582371536496e-01
3.083266545848060702e-01
3.049943165998026395e-01
2.990027777401862985e-01
2.932389670164571305e-01
2.884065348690990072e-01
2.855332708279909593e-01
2.803606031439088153e-01
2.756450741309818264e-01
2.704687597609346517e-01
2.669437174270278823e-01
2.620370152541134368e-01
2.568307669029848417e-01
2.515174510490290061e-01
2.479314439731489517e-01
2.431036500868277717e-01
2.377695613089773619e-01
2.326877803057144922e-01
2.284696722964787707e-01
2.253534960513987606e-01
2.192637091318180853e-01
2.158561855922164485e-01
2.112313282050223839e-01
2.078411357297804130e-01
2.012304863733301308e-01
1.982248819658095074e-01
1.938058776482383394e-01
1.900130665686092790e-01
1.849493408646478432e-01
1.807940104324536335e-01
1.774316437661149770e-01
1.706352010961835197e-01
1.673229147923772642e-01
1.617695089701882694e-01
1.591105720624668429e-01
1.568725132148086343e-01
1.496380049912821308e-01
1.459669289313210994e-01
1.418764357623074901e-01
1.396534182335197605e-01
1.325029487365626812e-01
1.302041746607454364e-01
1.244600502729524549e-01
1.224525156604152620e-01
1.169026656168405676e-01
1.134266387277414606e-01
1.112901297349574714e-01
1.078385904820727270e-01
1.044482910463744169e-01
1.016573825867067571e-01
9.879474537113469568e-02
9.606285720218478430e-02
9.221169915050833610e-02
8.947214114804301344e-02
8.743731113241322295e-02
8.557699788157729914e-02
8.265097723265618646e-02
8.001207298179234539e-02
7.808806933798079219e-02
7.559987897292655412e-02
7.370583626820030598e-02
7.244992204255913670e-02
7.005542822141387627e-02
6.715492417132500058e-02
6.565232452333837065e-02
6.497510049257328169e-02
6.103123370830374622e-02
6.025979853083147930e-02
5.855656502732136531e-02
5.667307484154718994e-02
5.622285829458986001e-02
5.357658440944469691e-02
5.219673334776667867e-02
5.029003402900012604e-02
4.941002082620408326e-02
4.757084145889163562e-02
4.612389182438281915e-02
4.467923429339887981e-02
4.320914149173874647e-02
4.199417019664303946e-02
4.082706248991457149e-02
3.944477490295096589e-02
3.790432724989827029e-02
3.667819151235657271e-02
3.569322588834489968e-02
3.460309947818594745e-02
3.362832954541156161e-02
3.262581204148610331e-02
3.124051038000907887e-02
3.015044692546436228e-02
2.917418276155401419e-02
2.758470976133401559e-02
2.722680522227577046e-02
2.590286375235908642e-02
2.529128344586463115e-02
2.469877122325916941e-02
2.377603531575439230e-02
2.288925030432297295e-02
2.152176781332108130e-02
2.103834783155636087e-02
2.002353751165793921e-02
1.899380006215352010e-02
1.858931819032748345e-02
1.776356219586086929e-02
1.679177033672401079e-02
1.601374668514886357e-02
1.547411344334045924e-02
1.494169236386167464e-02
1.398549283464660224e-02
1.381659806640874767e-02
1.283883974513436166e-02
1.253741577662066849e-02
1.168650215083740299e-02
1.082033947703013761e-02
1.034029123590831864e-02
1.015550118348040702e-02
9.854104475771776825e-03
8.953861627821016120e-03
8.599969792725016549e-03
7.871158819021102301e-03
7.437769099579901073e-03
7.153744118998705062e-03
6.885172836977668763e-03
6.658972989595743006e-03
5.891322443933551430e-03
5.807695164778976793e-03
5.396326907738173591e-03
4.637138139552922020e-03
4.578399989483923106e-03
4.553189966843735302e-03
3.913355363653074973e-03
3.587403478359522425e-03
3.565655094334960456e-03
3.010626552649396052e-03
2.818024350814627051e-03
2.590917809317780634e-03
2.391213542026099023e-03
2.079777680936657856e-03
2.037540057762753359e-03
1.645862523119599394e-03
1.579716752598689855e-03
1.386500229972726338e-03
1.226305654081865943e-03
1.130479507948545844e-03
8.963924258824228393e-04
7.739316464870798530e-04
6.303090007600344090e-04
5.407490845420471733e-04
4.206084316877565002e-04
3.788792521466112506e-04
3.157477137476360921e-04
1.974791834749304502e-04
1.414825032798135607e-04
1.226339427016126299e-04
6.417679507069689161e-05
3.960156420470775001e-05
3.643868633817261429e-05
1.210754655487924202e-05
0.000000000000000000e+00
0.000000000000000000e+00
0.000000000000000000e+00
0.000000000000000000e+00
0.000000000000000000e+00
0.000000000000000000e+00
0.000000000000000000e+00
0.000000000000000000e+00
0.000000000000000000e+00
0.000000000000000000e+00
0.000000000000000000e+00
0.000000000000000000e+00
0.000000000000000000e+00
0.000000000000000000e+00
0.000000000000000000e+00
0.000000000000000000e+00
0.000000000000000000e+00
0.000000000000000000e+00
0.000000000000000000e+00
0.000000000000000000e+00
0.000000000000000000e+00
0.000000000000000000e+00
