0.000000000000000000e+00
0.000000000000000000e+00
0.000000000000000000e+00
0.000000000000000000e+00
0.000000000000000000e+00
0.000000000000000000e+00
0.000000000000000000e+00
0.000000000000000000e+00
0.000000000000000000e+00
0.000000000000000000e+00
0.000000000000000000e+00
0.000000000000000000e+00
0.000000000000000000e+00
0.000000000000000000e+00
0.000000000000000000e+00
0.000000000000000000e+00
0.000000000000000000e+00
0.000000000000000000e+00
0.000000000000000000e+00
0.000000000000000000e+00
0.000000000000000000e+00
1.578855762750720759e-03
2.549184086459110321e-01
2.088907431747880405e+00
3.511203095450192713e+00
2.545536647079623904e+00
1.287182359657130348e+00
6.252461096824623032e-01
4.399673523503260242e-01
5.508970813312620285e-01
7.399653920713511468e-01
8.530656128698974605e-01
8.851378390037840660e-01
8.624879567654316626e-01
8.252740736401503741e-01
7.980054131706921794e-01
7.919270760463944514e-01
8.020471099888498712e-01
8.260506979415676021e-01
8.651672650758536198e-01
9.243815010563682932e-01
9.927025950489353212e-01
1.061811324153921099e+00
1.125574815468685541e+00
1.173058714835204963e+00
1.193788431597805122e+00
1.204038924488798123e+00
1.187200091044645855e+00
1.154297363118179431e+00
1.110918003583758473e+00
1.069559658031169702e+00
1.034183115661046592e+00
1.002347497508646157e+00
9.833718965862409123e-01
9.690766367777430279e-01
9.634823423619448546e-01
9.640490290799015316e-01
9.596757171879322090e-01
9.610829516714473053e-01
9.616510895306927820e-01
9.654429615610662374e-01
9.671251063074306487e-01
9.724051313957685627e-01
9.780681397533221855e-01
9.848916843992310266e-01
9.872277939030617011e-01
9.971447245280338212e-01
9.971511473373193546e-01
9.978554504796932623e-01
1.004871460773020697e+00
1.002004641766743420e+00
1.004344440805519101e+00
9.996539252716402091e-01
1.003158906682352081e+00
1.003331708223246244e+00
1.001919392879732529e+00
1.000899723794114626e+00
1.002526196702581363e+00
1.003252495818146794e+00
1.006977952922799124e+00
1.006469439701531465e+00
1.005444964072219394e+00
1.005776507125000219e+00
1.008943117233743303e+00
1.007973155930583120e+00
1.007055680902666284e+00
1.005367219731291728e+00
1.004886090579636182e+00
1.002048237403639463e+00
1.000709813109299295e+00
1.000138371310359542e+00
9.972999839910655639e-01
9.965115505174522159e-01
9.955432466819663651e-01
9.949935604552484492e-01
9.942672961444265489e-01
9.933019547121094694e-01
9.942852364315464264e-01
9.951977406454507458e-01
9.952136485543352507e-01
9.961828804816619254e-01
9.974679345946759756e-01
9.977604330511995467e-01
9.978083559607846542e-01
1.000719997212649481e+00
1.002427208310503692e+00
1.002365665921579163e+00
1.003788216234723141e+00
1.001339937239546396e+00
1.001353152419341974e+00
1.002421252357206471e+00
1.001690149524678164e+00
1.002610212534144507e+00
1.001843397719099471e+00
1.001522641918170420e+00
9.995258139584878299e-01
1.000487604411964604e+00
1.000644543278732090e+00
9.988511363872109028e-01
1.000767487804256950e+00
9.998651007634802301e-01
9.987694556422932468e-01
9.991570887924596800e-01
9.979894185993066769e-01
1.000839059108844298e+00
9.977089884055236890e-01
9.999149420194729521e-01
1.000852863280067728e+00
9.998177100389654681e-01
9.998753894111643836e-01
9.994754061514381505e-01
1.000594608920114092e+00
1.000408834038329475e+00
9.991562278578898226e-01
1.000255923024772953e+00
9.999328473281415830e-01
9.998523301980448696e-01
1.000001089416337141e+00
1.000691590252202223e+00
1.001008603339655911e+00
1.000611082884382608e+00
9.997800360680909604e-01
1.001264178076023192e+00
1.000575901060542838e+00
1.000675429299418218e+00
9.998354745892916728e-01
9.994422948246231009e-01
9.995480728586946251e-01
1.000100209340396340e+00
1.001688390332293732e+00
1.000068492074566162e+00
1.000241508056239015e+00
9.988589401523044753e-01
9.995431226553729287e-01
1.000653915446979347e+00
1.000790528998098061e+00
1.000066620690793107e+00
1.000312000725648520e+00
1.001048868844993223e+00
9.990784631320382969e-01
9.994687243523145970e-01
9.999929292632532274e-01
9.989988445787175708e-01
1.000098527817127492e+00
1.000362643528942552e+00
9.994394268792723413e-01
1.000310099461378055e+00
1.001244519613533779e+00
1.000637544403574442e+00
1.000179529922635924e+00
1.000178511962973360e+00
1.000281773457721401e+00
9.995574818721174593e-01
9.996499341976856634e-01
1.000420928761530437e+00
9.998743183932654599e-01
9.994126338093561879e-01
9.992774089170984864e-01
9.997920006083659272e-01
9.998230037946914672e-01
9.988736783008055342e-01
9.997781025061854843e-01
1.000106433216944923e+00
1.000401717396924184e+00
1.000648886014768868e+00
1.000676301500490029e+00
1.000848667549650406e+00
1.000244719651347314e+00
1.000095398368398003e+00
1.000450419105733291e+00
1.000089171136832045e+00
1.000566068325177360e+00
1.000105993840230134e+00
1.000025413729574097e+00
1.000080042504608802e+00
1.000602227483635254e+00
9.998687835458089923e-01
9.995515613404704069e-01
1.000222229156884746e+00
9.999966510882479787e-01
9.996181873586209576e-01
1.000127803882056243e+00
1.000693284446726894e+00
1.000241579239795842e+00
1.000572224396794052e+00
1.000860263054834443e+00
1.000172937796478978e+00
1.000674241592419467e+00
1.000650520872751192e+00
1.000158041611631132e+00
1.000818750430645387e+00
9.999005900132547087e-01
9.999701819436648265e-01
1.000005433845536640e+00
1.000355160186800596e+00
1.000046726630543503e+00
1.000115590199892823e+00
9.994115952959339300e-01
9.997321904910380086e-01
9.995549649308238527e-01
1.000808930645990635e+00
1.000201923416480065e+00
1.000332966017452252e+00
1.000353069776914738e+00
1.001171867790484837e+00
1.000059698688983811e+00
1.000651634232701204e+00
1.000086774610039475e+00
1.000302062287641958e+00
1.000821697664751042e+00
9.998318810251458633e-01
1.000462257044334446e+00
1.000254259901348641e+00
1.000377357735577677e+00
1.000510588351698926e+00
1.000920787877230822e+00
1.000193178909634995e+00
9.998665092106724384e-01
9.996469595878135772e-01
1.000140480161098244e+00
1.000046904108078616e+00
1.000054571724862562e+00
1.000125396888134288e+00
9.997237385087858197e-01
9.998527382968184218e-01
1.000265814800714415e+00
1.000203985203487633e+00
9.999436642766739158e-01
1.000353944875817858e+00
1.000413066693891295e+00
1.000348182644622774e+00
1.000354014029575689e+00
1.000867326110145950e+00
1.000306747308846278e+00
9.995743985907736828e-01
9.995162880203685152e-01
1.000818655435808058e+00
1.000674499319336830e+00
9.995440464292681959e-01
1.000318480037852398e+00
1.000237552131934882e+00
9.997077392514929217e-01
9.996691782830288142e-01
1.000268139389650424e+00
9.999191255099326714e-01
1.000454297972070528e+00
9.994766082795456530e-01
1.000105282476009494e+00
1.000083107895186174e+00
9.998777945578393167e-01
9.999691729531375861e-01
1.000387996238110810e+00
9.999160615248915418e-01
9.999223822237472969e-01
1.000481469535407841e+00
9.997767863279442002e-01
9.998657103177630567e-01
9.997626181163679071e-01
1.000285704371531192e+00
1.000185538003310892e+00
9.998590393124086040e-01
1.000262411764342607e+00
1.000431513587783039e+00
9.996675270504499222e-01
1.000003190796448616e+00
9.999457523776437151e-01
1.000101720752063050e+00
1.000264704527576320e+00
9.998070962328029498e-01
9.999800295479474022e-01
1.000185404161059388e+00
1.000060728217953221e+00
1.000697049475726574e+00
1.000541838353289137e+00
9.994939389090542470e-01
1.000068622891496117e+00
9.994049506844923103e-01
9.998500995576011796e-01
9.995537645182975828e-01
1.000068657878999456e+00
1.000188309046319501e+00
9.999005792626257660e-01
9.999480098452708798e-01
1.000301978698531657e+00
9.996639434601487517e-01
9.998585403816595552e-01
9.999421323030912578e-01
1.000096355063592624e+00
9.996888738612446090e-01
1.000364895622531503e+00
1.000278843659313965e+00
1.000091962784555033e+00
9.999158941957334568e-01
9.999115463228301914e-01
9.993926839714122323e-01
9.995699020752514263e-01
9.997313602510472519e-01
9.994687506046771031e-01
9.997043282690240007e-01
9.999506094791131838e-01
1.000004538417758715e+00
1.000365487649750973e+00
9.997017901086120428e-01
1.000340943939860727e+00
9.999939565075269821e-01
1.000084728047869076e+00
9.994417779489387366e-01
1.000029265237641907e+00
1.000457888463267997e+00
9.996737492863700947e-01
9.998699111962329189e-01
9.995119685692597233e-01
1.000298797137242124e+00
9.997154102397549646e-01
9.994785786823159324e-01
9.994983164844838397e-01
9.993339782110892688e-01
9.997711267643186739e-01
9.999233555444350108e-01
1.000365930077123933e+00
1.000000548511954301e+00
1.000154497303762824e+00
9.997506090624780350e-01
1.000054188907405717e+00
1.000135154344737654e+00
9.998378191501261503e-01
9.997879682600245843e-01
9.999695264135508577e-01
1.000457004366077207e+00
9.995308577456781807e-01
9.996458787353919018e-01
9.994578264064000184e-01
1.000227890288103216e+00
1.000080378319888386e+00
9.994425684404524279e-01
1.000075965496629138e+00
9.999416537061185384e-01
9.999416060716231902e-01
9.997318055860703323e-01
9.998909369731983077e-01
9.993415613173066703e-01
9.998450656706155959e-01
1.000128404912441482e+00
9.955848744430393360e-01
9.872506011287538463e-01
9.798961011607777438e-01
9.710891910076283606e-01
9.626470920250032037e-01
9.550721713184210371e-01
9.467565409569046464e-01
9.391988767079284539e-01
9.307337009663368965e-01
9.230997513559789924e-01
9.150285445076631330e-01
9.075689507689079782e-01
9.001064547861884479e-01
8.920887529453126463e-01
8.842110567108658614e-01
8.766423262239407821e-01
8.690531097119610360e-01
8.617189714091395558e-01
8.539530864123706655e-01
8.469049087227994432e-01
8.391526624878824503e-01
8.318530273410968956e-01
8.246293722061813769e-01
8.172697583565863289e-01
8.103364863077144875e-01
8.027516713229487788e-01
7.954900385069423319e-01
7.888215408094237935e-01
7.811467829613596425e-01
7.742743974961322495e-01
7.671895863479264444e-01
7.601820892704820309e-01
7.529280475462846178e-01
7.466738339947812664e-01
7.392287934915210412e-01
7.322114448415864008e-01
7.257417645151408303e-01
7.189567963237084580e-01
7.121484953088637049e-01
7.054103578015734621e-01
6.983605670826242839e-01
6.919253747780255148e-01
6.852130544833026082e-01
6.787678994247675623e-01
6.723565404201948814e-01
6.654759207260797504e-01
6.593603656195077267e-01
6.524874621079695958e-01
6.461816650422114172e-01
6.396591957642733250e-01
6.331372523801149788e-01
6.269762509791161342e-01
6.208044160987529203e-01
6.144997776335261452e-01
6.083000172699304375e-01
6.017935050532340346e-01
5.955467597686741055e-01
5.894547330977499833e-01
5.832272244120244586e-01
5.774676608774671482e-01
5.710438647955046187e-01
5.649716746442072779e-01
5.592839416708350608e-01
5.531239599245169059e-01
5.472973092719133348e-01
5.413625707400505638e-01
5.351172468175439123e-01
5.292656648256873764e-01
5.235921214960144177e-01
5.175491574500176162e-01
5.119612607328337672e-01
5.064060725051482414e-01
5.005596271502980033e-01
4.945662735114620956e-01
4.890701351013655995e-01
4.831709142353590725e-01
4.772813013823232753e-01
4.719416767965872173e-01
4.665226678655478021e-01
4.610925617983008817e-01
4.549905953567125461e-01
4.496294076736971346e-01
4.443004672345948758e-01
4.388005067693682149e-01
4.332902173205689378e-01
4.280486309596190364e-01
4.224689991128399158e-01
4.171441981247125952e-01
4.116690629470092788e-01
4.061308291067804443e-01
4.010459219027334155e-01
3.959212373960266373e-01
3.904933739431685757e-01
3.850630646949668168e-01
3.801290058771905067e-01
3.750081220494616008e-01
3.695922576865993681e-01
3.646708804054640818e-01
3.595630437458361417e-01
3.542091241151736902e-01
3.494722399812735247e-01
3.441570797052952435e-01
3.389232553385385649e-01
3.340454587442515666e-01
3.290361124328795017e-01
3.242685777647767997e-01
3.194360729326706227e-01
3.142307582875255023e-01
3.094201393984200021e-01
3.045481935148047770e-01
2.997461533698629887e-01
2.950496916116563395e-01
2.899717679256803016e-01
2.850256893222268273e-01
2.802628059660786652e-01
2.755865752491166720e-01
2.709057424469697994e-01
2.663417907035878773e-01
2.613534169338785351e-01
2.567726689446411803e-01
2.519849964028839095e-01
2.474051034215062062e-01
2.427780629922343114e-01
2.382425866342938181e-01
2.334384824148446613e-01
2.289989384319514043e-01
2.245646563425988118e-01
2.199173218311313016e-01
2.153932737863074320e-01
2.109395237572287141e-01
2.065516268918700937e-01
2.019431547511417735e-01
1.974220632607678605e-01
1.928832036761623514e-01
1.887409654653290358e-01
1.843824256996621780e-01
1.801417417198122040e-01
1.755439531283826404e-01
1.712453570962232940e-01
1.669472022731240402e-01
1.627601447615473762e-01
1.584318495069581556e-01
1.541134749385844604e-01
1.496567527791945462e-01
1.456367529559914054e-01
1.413534671410013877e-01
1.372131057675435029e-01
1.329051604889527061e-01
1.287550854737663786e-01
1.245491009752508066e-01
1.205971512253283945e-01
1.166997733129531978e-01
1.132419550426926880e-01
1.099573702672322628e-01
1.067985147155376124e-01
1.036199035336557439e-01
1.008339506237822120e-01
9.773804748135136999e-02
9.506189037009278586e-02
9.229833734013644098e-02
8.971558812778723802e-02
8.724256963096398143e-02
8.475213918137222691e-02
8.233059558301338010e-02
8.009560670048515574e-02
7.768099911545710279e-02
7.547069503247683109e-02
7.334087483878937164e-02
7.133122362705210384e-02
6.918819066741116464e-02
6.713655499019600958e-02
6.530038452217040712e-02
6.334204871157346484e-02
6.150726954368483657e-02
5.974142769626925725e-02
5.793344200194581323e-02
5.622971938391750635e-02
5.453088474000092334e-02
5.295212836327935907e-02
5.134181023954251244e-02
4.975678350272613737e-02
4.829162850700403908e-02
4.678330233088667800e-02
4.536249168899549045e-02
4.387564070964233842e-02
4.254457811545299395e-02
4.116268176055882383e-02
3.985266685197713654e-02
3.858085027807391792e-02
3.735324356812214780e-02
3.608470323318400952e-02
3.484995542519299383e-02
3.378144320036682163e-02
3.258152177510600239e-02
3.145073712905649410e-02
3.043245532507613330e-02
2.931775380102320111e-02
2.838377201318514204e-02
2.733905925420871894e-02
2.632985061363470741e-02
2.540555136410626094e-02
2.447614334096025537e-02
2.357016357249457766e-02
2.265436692317574635e-02
2.178747102428521196e-02
2.096153718086769466e-02
2.019680337602084916e-02
1.933584519777597002e-02
1.856012425193971985e-02
1.782618618031872604e-02
1.705867183230295667e-02
1.637835004042795251e-02
1.573412117297313256e-02
1.502145769503470014e-02
1.436023900652651404e-02
1.371094020870667826e-02
1.312229311950801648e-02
1.251531846064073659e-02
1.191742195499881710e-02
1.137303431889491456e-02
1.081326198388265873e-02
1.025429699793707627e-02
9.773235302993565909e-03
9.277666487218009378e-03
8.775646572445805829e-03
8.317307254018104640e-03
7.832370199034058289e-03
7.415286736792620070e-03
6.986372150523353572e-03
6.586819801010944039e-03
6.183183340106892384e-03
5.804941985025290595e-03
5.474792240650399808e-03
5.071669761376727294e-03
4.751105281103591184e-03
4.433072700293937997e-03
4.130096730985275549e-03
3.825986918286527951e-03
3.549005417026386555e-03
3.264880002062757469e-03
3.009820912208821357e-03
2.752082610881393526e-03
2.516671022762904247e-03
2.304391057916836509e-03
2.086484111007104979e-03
1.870488811987343477e-03
1.694157253971025155e-03
1.505231652374580458e-03
1.334268282493411908e-03
1.189192075747853676e-03
1.042544082287857150e-03
8.944556534043505373e-04
7.685467035861161776e-04
6.642649619597067916e-04
5.496747328676478573e-04
4.529109055541710358e-04
3.718447969314489184e-04
2.915215464725871689e-04
2.237464828659303003e-04
1.689817410182789244e-04
1.169968598286563836e-04
7.550045686828059887e-05
4.310326959003949154e-05
2.100427653476374040e-05
6.706505809605789787e-06
1.087021379642830749e-06
2.708926302557429012e-08
0.000000000000000000e+00
0.000000000000000000e+00
0.000000000000000000e+00
0.000000000000000000e+00
0.000000000000000000e+00
0.000000000000000000e+00
0.000000000000000000e+00
0.000000000000000000e+00
0.000000000000000000e+00
0.000000000000000000e+00
0.000000000000000000e+00
0.000000000000000000e+00
0.000000000000000000e+00
0.000000000000000000e+00
0.000000000000000000e+00
0.000000000000000000e+00
0.000000000000000000e+00
0.000000000000000000e+00
0.000000000000000000e+00
0.000000000000000000e+00
