0.000000000000000000e+00
0.000000000000000000e+00
0.000000000000000000e+00
0.000000000000000000e+00
0.000000000000000000e+00
0.000000000000000000e+00
0.000000000000000000e+00
0.000000000000000000e+00
0.000000000000000000e+00
0.000000000000000000e+00
0.000000000000000000e+00
0.000000000000000000e+00
0.000000000000000000e+00
0.000000000000000000e+00
0.000000000000000000e+00
0.000000000000000000e+00
0.000000000000000000e+00
0.000000000000000000e+00
0.000000000000000000e+00
0.000000000000000000e+00
0.000000000000000000e+00
1.625034976225869700e-03
2.555139096581655056e-01
2.080686783775391291e+00
3.502833489466685712e+00
2.543053525990067953e+00
1.292067116538243576e+00
6.161925753268381323e-01
4.381403223065289954e-01
5.511426908104932743e-01
7.390750982795496471e-01
8.499776050483155432e-01
8.882996752572803745e-01
8.641681792361346481e-01
8.219512721894647322e-01
7.956221406203457525e-01
7.881441821455575925e-01
8.038584281925663655e-01
8.274329955466391828e-01
8.647962028224798203e-01
9.222654307878073165e-01
9.968512497570793940e-01
1.066265716481523906e+00
1.123371495605706150e+00
1.170710212475158052e+00
1.197606500816489561e+00
1.204195453841514496e+00
1.182730701108956506e+00
1.153023844517849783e+00
1.110395810227849500e+00
1.067361582781684914e+00
1.029405986559141617e+00
1.000662135895266980e+00
9.829909808471729571e-01
9.695914483740454282e-01
9.658487514328386592e-01
9.643298728943265896e-01
9.620425819816681434e-01
9.623167345738889988e-01
9.650395416653485547e-01
9.585427923999112476e-01
9.702832975239740199e-01
9.730367465765819013e-01
9.737501081711590345e-01
9.810721471156583773e-01
9.885872582816894738e-01
9.913171543833625421e-01
9.957822439387485902e-01
1.001622299869943111e+00
1.003430029274819946e+00
1.002845560202581865e+00
1.001974486789831698e+00
1.002341836403269237e+00
1.003655457346411817e+00
1.003079791007641886e+00
1.004187535185853575e+00
1.004104502438102342e+00
1.003777124532398091e+00
1.004563410605769702e+00
1.005753528150698850e+00
1.006501968558214832e+00
1.007029026669786775e+00
1.007960309296352497e+00
1.006723459342971250e+00
1.005460898109170831e+00
1.004444113516052672e+00
1.005762928693661795e+00
1.002276327295937630e+00
9.992761031308153852e-01
1.000572569995578753e+00
9.999771596753365133e-01
9.981327958789445454e-01
9.963485173146920948e-01
9.942792262104090950e-01
9.963969956440812403e-01
9.946592102013955827e-01
9.963059042388969777e-01
9.942720901003080369e-01
9.955299912495049197e-01
9.958559058359875982e-01
9.971778760757675775e-01
9.989349750278492257e-01
9.990528506840410383e-01
9.991279760561661005e-01
1.000046304700175304e+00
1.000960665204471578e+00
1.002638223499843884e+00
1.002171834655868343e+00
1.003274445062062092e+00
1.003717755098143538e+00
1.002306249968056617e+00
1.000917498650228943e+00
1.001246177094243572e+00
1.001352941266917762e+00
1.001768252105162293e+00
1.000477599748626600e+00
1.000153401211445026e+00
9.993516535329414197e-01
1.001918984420512304e+00
9.982818717582915280e-01
9.981254725013395390e-01
1.000750065982186188e+00
9.996352077115244761e-01
1.000575573585037237e+00
9.994450536977761423e-01
9.991630792291585905e-01
1.000109852323194159e+00
1.001405890501370965e+00
9.997339198065798849e-01
1.000515557072519046e+00
9.994688051400587581e-01
9.991449357991997182e-01
1.000450110078727306e+00
9.995861619804180531e-01
9.995259671027708626e-01
9.994510198801347389e-01
9.996816879674380596e-01
9.999957972044306587e-01
1.000254828528352569e+00
1.000466009310061688e+00
1.000487214464952812e+00
9.998670129795976802e-01
1.000744407255714785e+00
9.997860533275964023e-01
1.000233012760216367e+00
1.000445515950996178e+00
9.995738631618740211e-01
1.002086590012717382e+00
9.999932153170051352e-01
1.000319891788221893e+00
1.001042425372176359e+00
9.996012523992062748e-01
1.000899634874059529e+00
9.998046100623120269e-01
1.000337870233818593e+00
1.000890612122294687e+00
9.996560662571608580e-01
9.997328267014612413e-01
1.000866208941591839e+00
1.000308051682138988e+00
9.995668944251721033e-01
1.000000197451998973e+00
9.995862782600969387e-01
1.000053165725321769e+00
9.997304397145759802e-01
1.000057598509393797e+00
1.001736125964685531e+00
9.997234905302395669e-01
9.995633015950815548e-01
9.998961581932375164e-01
9.998910616243580352e-01
9.994458797822861618e-01
1.001571450931066920e+00
1.000796748280262660e+00
1.000540043194637407e+00
1.000362528446724797e+00
1.001443657653648955e+00
1.001370721820747933e+00
9.994926596194538826e-01
1.000384317377036592e+00
1.000082426401583957e+00
1.000147382437018617e+00
1.000741549519081675e+00
1.000414889745482538e+00
9.996997533849926176e-01
1.000364477043730105e+00
1.000218769680600861e+00
9.996657241023759743e-01
1.000247636274063989e+00
1.001185736342748323e+00
9.996274415306423133e-01
1.000398922266620971e+00
1.000705394179570273e+00
9.994365742619371051e-01
9.999733805415307319e-01
1.000168642064934277e+00
9.994886955447090937e-01
9.996126410444874377e-01
9.998568778745634544e-01
9.993489008303361176e-01
9.998980718602115125e-01
1.000404324462186079e+00
9.991353473930062457e-01
1.000522789134945523e+00
9.991878295144619448e-01
1.000412331637148267e+00
1.000188012848941321e+00
1.000800739171938458e+00
9.996331587151162656e-01
1.000038574242914091e+00
9.992893134691207546e-01
1.000362515626801896e+00
1.000306715075197639e+00
9.998739424630028738e-01
1.000317837029805590e+00
1.000190908567141213e+00
9.994438520846939955e-01
1.000447655033937844e+00
9.997173179433779255e-01
1.000829524238851409e+00
1.000783125446087274e+00
9.998694068830695780e-01
1.000041446061840755e+00
9.997758894851827005e-01
1.000108696132083086e+00
1.000293288083135224e+00
1.000355929445716496e+00
1.000049091662790879e+00
9.992473926904460457e-01
1.000370783254129758e+00
1.000317959421632263e+00
1.000905628381532519e+00
1.000241586170810493e+00
1.000267745873401060e+00
9.998140247146315440e-01
9.994671963105459245e-01
9.989987462814263752e-01
1.000827756450014761e+00
1.000640570902042725e+00
9.985796505316270055e-01
9.999183889111861179e-01
1.000221356579638288e+00
9.990299647098153102e-01
9.992140389318371341e-01
1.000240533471475013e+00
9.999252056068844707e-01
9.999809109885116065e-01
9.997546171616759070e-01
9.996798092804789482e-01
1.000192362537348556e+00
1.000056487621389989e+00
1.000277855973709329e+00
1.000191636652719707e+00
1.001040507261483858e+00
1.000291001766241417e+00
9.996649203625547209e-01
9.990689105286927330e-01
9.997309186392108193e-01
1.000554377951833551e+00
1.000084950268238293e+00
9.994575246655872380e-01
1.000140624329034500e+00
1.000062681475521353e+00
1.000218353591233456e+00
1.000290771993045391e+00
9.996838701236212543e-01
9.993488000382753089e-01
9.999838953081627846e-01
1.000597752646662064e+00
9.998967232612830935e-01
1.000019048007209754e+00
1.000267514718811590e+00
9.993328491429311899e-01
9.991195806975555760e-01
9.993396973083568113e-01
9.996715640040656492e-01
1.000061080258590307e+00
1.000013578766436817e+00
1.000199462282409302e+00
1.000177656837943241e+00
9.999127504730693783e-01
1.000527879297305134e+00
1.000289956292677696e+00
1.000199949995094872e+00
1.000129718945457880e+00
1.000073456182460685e+00
1.000513897004359665e+00
9.991683131832460596e-01
1.000026645041141915e+00
1.000404789046176690e+00
1.000159584429871407e+00
9.999370117109595002e-01
9.998497797665489850e-01
1.000165764034582905e+00
9.996439616950990592e-01
9.999545383933274856e-01
1.000443785235252792e+00
9.998886147097300059e-01
1.000206180678099743e+00
9.995920388780262789e-01
9.996579207514940668e-01
1.000186919394861818e+00
9.996585513099605080e-01
9.999700961213513484e-01
1.000267452117704847e+00
9.999602385398628224e-01
1.000191790110232404e+00
9.999564999181335123e-01
1.000104374284049413e+00
1.000352041417656324e+00
1.000086610208770654e+00
9.994649363250369678e-01
9.998037188508027695e-01
9.996296985585036987e-01
1.000275276662492052e+00
1.000452670662575594e+00
1.000204239789068472e+00
9.994102424741775348e-01
1.000163911268479477e+00
1.000297362778168164e+00
9.996954027087202599e-01
1.000767380038226406e+00
9.996667934127422273e-01
1.000670191071754589e+00
1.000398128781206486e+00
1.000560802152295370e+00
1.000292335763467211e+00
9.997248921392742904e-01
1.000366780442849768e+00
1.000168085766848680e+00
9.994474367424140970e-01
9.997396565900310561e-01
1.000392883964059010e+00
1.000589823901579356e+00
9.997867628503175341e-01
1.000612408798847719e+00
1.000477321604302583e+00
1.000404754515412442e+00
9.997299535150451222e-01
1.000399408496367881e+00
9.998541992823724023e-01
1.000194232635728486e+00
9.998473514730864542e-01
9.992991653116942707e-01
1.000209527123007591e+00
1.000605292145915648e+00
9.997738059571793512e-01
1.000578896099409976e+00
1.000138410018642787e+00
9.999526362288012615e-01
9.999271676269063658e-01
1.000397204371837878e+00
1.000196346856882190e+00
1.000227563865676572e+00
1.000057778716752610e+00
1.000171907698241602e+00
1.000262095513349436e+00
1.000762150482198187e+00
9.999626054313398571e-01
9.999243061323829229e-01
1.000350952618921818e+00
1.000414605853602756e+00
9.999267715887319996e-01
9.953556867300706879e-01
9.866085430466394746e-01
9.792969890843709058e-01
9.710920592363373460e-01
9.626358239115221371e-01
9.554454704410034749e-01
9.466074368624546320e-01
9.391303268981159302e-01
9.308297633675275407e-01
9.231389420624925846e-01
9.152497492452441596e-01
9.073432310377058663e-01
8.993116044979023727e-01
8.920358836243598155e-01
8.835029677838809326e-01
8.768981374872983903e-01
8.693369617023684048e-01
8.611894259076742220e-01
8.539182637994363612e-01
8.470486487769248729e-01
8.393409918986883822e-01
8.315221292321371971e-01
8.248293172843301768e-01
8.172317004738527402e-01
8.104603832632739646e-01
8.026156332791387626e-01
7.954535343662954006e-01
7.882174208211829569e-01
7.813146436085203206e-01
7.744439533545506293e-01
7.672568186663941692e-01
7.602794759436879435e-01
7.529957730256858772e-01
7.459618908400049708e-01
7.390956798379383352e-01
7.324702438889261202e-01
7.254570151831994940e-01
7.186818649141155646e-01
7.117678496546376854e-01
7.046912514211108869e-01
6.982955130587299442e-01
6.916846602018225099e-01
6.851061634556835367e-01
6.784745676617757182e-01
6.715940146771155472e-01
6.656186662037562041e-01
6.589860318320593935e-01
6.525220848940913587e-01
6.460904831476341759e-01
6.391499092003820603e-01
6.335247235490875095e-01
6.267343383308379146e-01
6.205944437390051860e-01
6.143985011128130225e-01
6.080933400305628123e-01
6.014004355678226332e-01
5.955835132466510418e-01
5.893612639641523376e-01
5.831618074243035688e-01
5.769241212799602891e-01
5.712315846751975235e-01
5.649540973917396292e-01
5.588099257212539861e-01
5.526204503819327485e-01
5.471298323039919254e-01
5.409459334471525827e-01
5.351207733288976254e-01
5.291385948830962249e-01
5.232449688925019382e-01
5.172976522616058448e-01
5.118466680408503278e-01
5.057953500042530193e-01
5.003992730321612514e-01
4.944564177595399124e-01
4.887154087509020806e-01
4.832049312616532033e-01
4.772266230556422850e-01
4.718499710777114275e-01
4.660688136780547497e-01
4.606389266683143524e-01
4.552844309065298689e-01
4.494074754254085979e-01
4.440324123630293163e-01
4.386540481829184213e-01
4.330503248948080475e-01
4.277244267635823549e-01
4.221991423807122668e-01
4.169685278368716608e-01
4.115252302228204484e-01
4.060293173033633352e-01
4.010464145769775390e-01
3.957333938749123536e-01
3.902448118355485440e-01
3.850007181126691158e-01
3.798113611810016721e-01
3.744843603527975295e-01
3.694985260429495266e-01
3.643308379572764988e-01
3.592766361130290131e-01
3.542118140720598718e-01
3.493556738544174034e-01
3.442497021895866705e-01
3.391528321195645956e-01
3.336073062535651612e-01
3.288095042517956146e-01
3.239933967779772828e-01
3.188963194347075314e-01
3.140789202812482861e-01
3.093336106798383334e-01
3.044475964567714965e-01
2.994369078532307382e-01
2.948052651434459603e-01
2.900101890006013816e-01
2.850182625912904832e-01
2.801489792509981869e-01
2.756003464909594358e-01
2.707519172723029666e-01
2.660797659499339884e-01
2.611953129009111363e-01
2.564466240344295822e-01
2.519310362647899093e-01
2.473120113124361863e-01
2.427310054650018423e-01
2.380271823528947173e-01
2.334179503815590195e-01
2.289123420451530944e-01
2.244016100797931179e-01
2.197436204527616344e-01
2.153016716218507376e-01
2.106569512788896981e-01
2.063011231905420295e-01
2.018196176733516589e-01
1.975564388666302129e-01
1.929283767611135181e-01
1.886394857392468538e-01
1.840826423735076045e-01
1.798764496039911009e-01
1.754656874416987145e-01
1.710340157875789580e-01
1.668292998030460328e-01
1.626086373222754289e-01
1.582149829072736769e-01
1.537418008605178077e-01
1.496732691086437861e-01
1.454897260398428649e-01
1.412719031709508966e-01
1.370369628448382393e-01
1.328130847056583907e-01
1.286464282476225129e-01
1.244295226606820653e-01
1.204773668798546915e-01
1.167919591959526576e-01
1.129747582818572960e-01
1.099263358083718972e-01
1.067142097711843290e-01
1.035732510040091869e-01
1.006605941327965714e-01
9.770872304809720410e-02
9.502680781002964538e-02
9.229738297252798596e-02
8.959734260973624409e-02
8.714653161500526823e-02
8.466955681155836910e-02
8.228741721541746323e-02
7.988128895537886798e-02
7.755397851039580459e-02
7.545574178516598063e-02
7.331658370843746608e-02
7.121451780208178095e-02
6.915704484834300780e-02
6.711995112399822550e-02
6.518983461830789305e-02
6.329510027514294312e-02
6.152354410522914430e-02
5.970431471488415326e-02
5.777938866728039163e-02
5.614004595667883291e-02
5.455548671636278185e-02
5.289651326860131397e-02
5.128104469720314029e-02
4.972204234245632820e-02
4.815795428729975625e-02
4.671193418897782307e-02
4.528626401639209570e-02
4.389267318435648157e-02
4.254221992286634502e-02
4.115896273604141564e-02
3.982481425628572186e-02
3.857208594843634930e-02
3.725966535135785684e-02
3.603932331306625853e-02
3.485158531247569552e-02
3.367681935560024736e-02
3.258384124751198541e-02
3.145535010238674489e-02
3.042415436709270532e-02
2.925687552230396560e-02
2.829232388897056152e-02
2.724168623739952819e-02
2.626546490488126592e-02
2.533834842160064341e-02
2.440907562884444409e-02
2.355169213398966913e-02
2.260415352625286256e-02
2.173979211562786923e-02
2.095891072879874431e-02
2.012731609834193108e-02
1.932842619867634545e-02
1.857952701084094466e-02
1.782755109287135348e-02
1.709323339528687549e-02
1.636430619054782612e-02
1.564344875769291265e-02
1.502201450971878995e-02
1.432674518195626266e-02
1.372775213700591461e-02
1.306217215523166122e-02
1.248565589634476926e-02
1.190369283800900811e-02
1.136015967826384254e-02
1.076366274201172486e-02
1.025326789009853995e-02
9.737214619453819081e-03
9.248175858287355222e-03
8.780318741728167231e-03
8.252024253219700581e-03
7.823036274651033045e-03
7.431225031122788878e-03
6.990080589901066441e-03
6.560827481032999002e-03
6.199845248790082988e-03
5.792876449684954826e-03
5.444566007055405381e-03
5.078919525263902134e-03
4.732043046225249336e-03
4.425807762953909603e-03
4.128038239719429743e-03
3.833833259978297603e-03
3.545861775732250549e-03
3.252210301266235219e-03
2.997231894177300286e-03
2.743598406092319364e-03
2.529240620446362130e-03
2.297693988734846125e-03
2.065621228409960340e-03
1.873235813191371666e-03
1.682909786051639588e-03
1.497361743516394290e-03
1.333913194306637776e-03
1.179304946130974724e-03
1.041951025304770594e-03
8.957634139788843170e-04
7.681981871313261611e-04
6.562243925303506281e-04
5.490246137813929598e-04
4.482658060206629654e-04
3.623891105964297627e-04
2.885761778133242011e-04
2.215714250565433720e-04
1.649388036313491823e-04
1.142450407311698354e-04
7.279148466304059156e-05
4.210886527720425466e-05
2.045404627858205194e-05
6.868989741787271975e-06
7.607943083719054677e-07
0.000000000000000000e+00
0.000000000000000000e+00
0.000000000000000000e+00
0.000000000000000000e+00
0.000000000000000000e+00
0.000000000000000000e+00
0.000000000000000000e+00
0.000000000000000000e+00
0.000000000000000000e+00
0.000000000000000000e+00
0.000000000000000000e+00
0.000000000000000000e+00
0.000000000000000000e+00
0.000000000000000000e+00
0.000000000000000000e+00
0.000000000000000000e+00
0.000000000000000000e+00
0.000000000000000000e+00
0.000000000000000000e+00
0.000000000000000000e+00
0.000000000000000000e+00
