0.000000000000000000e+00
0.000000000000000000e+00
0.000000000000000000e+00
0.000000000000000000e+00
0.000000000000000000e+00
0.000000000000000000e+00
0.000000000000000000e+00
0.000000000000000000e+00
0.000000000000000000e+00
0.000000000000000000e+00
0.000000000000000000e+00
0.000000000000000000e+00
0.000000000000000000e+00
0.000000000000000000e+00
0.000000000000000000e+00
0.000000000000000000e+00
0.000000000000000000e+00
0.000000000000000000e+00
0.000000000000000000e+00
0.000000000000000000e+00
0.000000000000000000e+00
1.207439242680881071e-03
2.528572644729618069e-01
2.091298655472094925e+00
3.507355528576843184e+00
2.563052484296242994e+00
1.289574612797330655e+00
6.283103125012875489e-01
4.376173373230102248e-01
5.524996239296078304e-01
7.380290254985346632e-01
8.607050357022238973e-01
8.857445159881009999e-01
8.658061003308537007e-01
8.223698761804427715e-01
7.969502726063746323e-01
7.893843243841265345e-01
8.015499401175941729e-01
8.259019343351596820e-01
8.657329746699590212e-01
9.201879406858836097e-01
9.975420203032412392e-01
1.064436329288434235e+00
1.121495720432702736e+00
1.169324467128879830e+00
1.202925279007501791e+00
1.205770911604569395e+00
1.188096082341567827e+00
1.156549737575104597e+00
1.113641269704079173e+00
1.069423339681202734e+00
1.031749376912188598e+00
9.993478351523794601e-01
9.838450145345328801e-01
9.718000579390428939e-01
9.637927923344447034e-01
9.613074455486176895e-01
9.607677448382393459e-01
9.626765868951041583e-01
9.621354657688676593e-01
9.634061424508851834e-01
9.693766745291606535e-01
9.719795413203490275e-01
9.745006906556830106e-01
9.845741889685741821e-01
9.880255036979181948e-01
9.953018880369506327e-01
9.941463001067595284e-01
1.000860596045531015e+00
1.002656896879290382e+00
1.002830447640421507e+00
1.005455867096737954e+00
1.001555386047750407e+00
1.001742075377522134e+00
1.003037561128283572e+00
1.002792842744261170e+00
1.002539069781694936e+00
1.005061862376275705e+00
1.003492311564713635e+00
1.003539703527080329e+00
1.005282860472959561e+00
1.006726099904732497e+00
1.008039404818975138e+00
1.007515576592681539e+00
1.008061623078396529e+00
1.006541470262927174e+00
1.005586483831408140e+00
1.007063450447675423e+00
1.002875845224545648e+00
1.002040392935780178e+00
9.996322925125750158e-01
9.966856116684433831e-01
9.968615259492401570e-01
9.983405947693341220e-01
9.943157135749979281e-01
9.934624517295831403e-01
9.945888913420581900e-01
9.934660249485216532e-01
9.936551143341594283e-01
9.950455949658966182e-01
9.957835487962423127e-01
9.966432661727779863e-01
9.981802447626186847e-01
9.976360964081890659e-01
1.001647583858468415e+00
1.003857549238108771e+00
1.002795611693908739e+00
1.001653150842424456e+00
1.003365124780393414e+00
1.002398131645197532e+00
1.003940128319451786e+00
1.002967150082369807e+00
1.000600178867870893e+00
1.001635576003631733e+00
1.002141676396566261e+00
1.002559827309549512e+00
1.000239012816454443e+00
9.998787579434349482e-01
1.001074640158318152e+00
9.992151455009213867e-01
9.994240417896694817e-01
9.983155379862794776e-01
9.990013718196287806e-01
9.996636844885022910e-01
9.999328039457902051e-01
9.978089935165082025e-01
9.987761308841416330e-01
9.998326462307627338e-01
9.998401822019227225e-01
1.000310776101910992e+00
1.000955940995718052e+00
9.995065634534104904e-01
1.000694999102451632e+00
1.000003423095315869e+00
1.000225197363764140e+00
1.000372447450236457e+00
1.000368854388201889e+00
9.996843408753905980e-01
1.000338971193223347e+00
1.001617442117321621e+00
1.000509016898636139e+00
1.001614239819602847e+00
9.997172071396616122e-01
1.000133036793207308e+00
9.993717174199516773e-01
1.000154404906155481e+00
1.000125393916225569e+00
9.996262661626227342e-01
1.001100291289645172e+00
1.000643868401071446e+00
1.001285141178444027e+00
9.995777345419024629e-01
1.000546820792475700e+00
1.000318791440372390e+00
1.000402736829357764e+00
1.001372312781907414e+00
9.998712207321428513e-01
1.001044742017267897e+00
9.998485975677505744e-01
9.987083105214179524e-01
9.996336840841353322e-01
1.000083841230086534e+00
9.995207230933136344e-01
1.000543829621410641e+00
1.000075376737768584e+00
1.000460725920383931e+00
1.000420046576621980e+00
9.993765329719379586e-01
1.001272032397183986e+00
1.000599164743772418e+00
1.001203700943729347e+00
9.995164553226846271e-01
9.997476749605510582e-01
9.999267859677244408e-01
1.000683074674104889e+00
1.000662242246737721e+00
9.998443082293612116e-01
1.000156094368477522e+00
1.000562911751788242e+00
1.000046649210061700e+00
1.000596736342494131e+00
1.000088546127420708e+00
9.996728787919185732e-01
1.000187533072548041e+00
1.000821863855312577e+00
1.000036038005760686e+00
1.000266271902126691e+00
9.997204770573292487e-01
9.995550280580470792e-01
1.000723312959522326e+00
9.991047085318558452e-01
9.997556277486011611e-01
9.999474529724042826e-01
1.000217824759393803e+00
9.993937163353828756e-01
9.999151796211879217e-01
1.001104117207335165e+00
1.001553932937290448e+00
9.990722142440097153e-01
1.000166699898334732e+00
1.000021637233296401e+00
1.000193470145360530e+00
1.000095327326165684e+00
1.000331874745808314e+00
1.000196897572445787e+00
9.996711864364681288e-01
1.000266035536208742e+00
9.992778386488433418e-01
9.999420242268549641e-01
9.995989934148097333e-01
1.000303944133134948e+00
1.000630033093287130e+00
1.001518107235535249e+00
9.999170356920306091e-01
9.994266112814353953e-01
1.001085096095065907e+00
1.000275124369566448e+00
1.000243076494680361e+00
9.995056973256720712e-01
9.995635111236876869e-01
9.990783892342769423e-01
9.992984354628168253e-01
9.999184956019789849e-01
1.000087951176381162e+00
1.000138886461919174e+00
1.000636632750906641e+00
9.999103845455888928e-01
9.994925736034667718e-01
9.997403653115755073e-01
9.990551926653380432e-01
1.000615577340383311e+00
9.997434457234547489e-01
9.993904392007348925e-01
1.000382131134189390e+00
1.000192011766498412e+00
9.998010216975578013e-01
1.000312134914507656e+00
9.994229726198399222e-01
1.000470833789612213e+00
1.000672090301752082e+00
1.000112115074612174e+00
9.996829873747254958e-01
1.000225118877095420e+00
9.997945456970950273e-01
1.000108836502939358e+00
9.995352058124572503e-01
9.999778731898749662e-01
1.000366746037700816e+00
1.000499156668388068e+00
9.994903207921326249e-01
9.996167048439750236e-01
9.996112099451798239e-01
1.000401701760953221e+00
1.000061437726682545e+00
1.000341198040907598e+00
9.997257083929007582e-01
9.996348685039978532e-01
9.993268239865751301e-01
1.000420880887059827e+00
1.000037953697907600e+00
9.998736116270627861e-01
1.000226973032733557e+00
9.991800700108461886e-01
1.000093585867238843e+00
1.000379492556763061e+00
1.000235080556698408e+00
1.000327066075460847e+00
9.996698931460724635e-01
1.000122298419121369e+00
1.000232884530734445e+00
1.000670438374539950e+00
1.000664882601691508e+00
1.000063855476233998e+00
9.998769758696518517e-01
1.000465115133830185e+00
1.000590950694965953e+00
1.000035426483028900e+00
9.999438449463577960e-01
9.996360924484826160e-01
1.000234865383774485e+00
9.993067465652886172e-01
9.999102877710244197e-01
1.000251171268104367e+00
1.000354001666695192e+00
9.998530556012142911e-01
9.998160862321376907e-01
9.997593243386075912e-01
9.996947442333080636e-01
9.997852860975858791e-01
1.000567521821286610e+00
9.995628530479626628e-01
9.996662494340352589e-01
1.000179395789074555e+00
1.000020414451774142e+00
9.998161402494853967e-01
1.000373512719867630e+00
9.994430737348375393e-01
1.000189246010886546e+00
1.000477815727707442e+00
1.000260079350403064e+00
1.000713325049953584e+00
9.997271723415058764e-01
1.000511885674399970e+00
1.000165999536656747e+00
1.000303363620720587e+00
1.000251977513106016e+00
1.000276756758901486e+00
1.000194112101241650e+00
9.996350181507789312e-01
9.998634549745976097e-01
9.997903962326966099e-01
9.996539636228066739e-01
1.000107921706622660e+00
9.993604402661804276e-01
9.996897630118585232e-01
1.000573018687918259e+00
1.000620973309279016e+00
9.998531684704808908e-01
1.000100624558885043e+00
1.000049337352238554e+00
9.998373959245417941e-01
1.000099690535812380e+00
9.999708141265920558e-01
9.997471722513431303e-01
9.997298470837486795e-01
1.000283571566281671e+00
1.000033821375971632e+00
9.998134054785687841e-01
1.000024407888865152e+00
1.000665424005887649e+00
1.000092547357684492e+00
1.000103097308230993e+00
1.000084455872844780e+00
1.000655175585289491e+00
9.998798432609240505e-01
9.998951985644013440e-01
9.996587238683464216e-01
1.000428096092780716e+00
9.997241596685372267e-01
9.999741221497817634e-01
9.997101035062051499e-01
1.000862427116033126e+00
9.999017364841589206e-01
9.999465350498630833e-01
1.000019644263965279e+00
1.000031986596243039e+00
1.000007141693577628e+00
9.999750874699886438e-01
9.998508279268861765e-01
9.997342024774931168e-01
1.000136293557146505e+00
9.998442403436971215e-01
1.000006892669606184e+00
1.000297578058196191e+00
9.998383489305436855e-01
1.000268441638069383e+00
1.000254875692617063e+00
9.995614746434732245e-01
1.000276722937301521e+00
9.995725621511716286e-01
9.998780906795908807e-01
1.000100623095782959e+00
9.998357331955314287e-01
9.951902829466071632e-01
9.875578091428235394e-01
9.793287079382337890e-01
9.711675595117176263e-01
9.625616385809258047e-01
9.548605352243518807e-01
9.471166960833895532e-01
9.391328965247290883e-01
9.314466416555846617e-01
9.232114887848628104e-01
9.156316053173728653e-01
9.075204488658008550e-01
9.002149573670734650e-01
8.922765179789009515e-01
8.842049963204346996e-01
8.772733558478547078e-01
8.692547726760133653e-01
8.617241591527301514e-01
8.540588657103013182e-01
8.467665047898772501e-01
8.391097258843790430e-01
8.319821455937710386e-01
8.245973339089106569e-01
8.173883841160373143e-01
8.105526278216809155e-01
8.028932882740151822e-01
7.957944675381287691e-01
7.883975702299106381e-01
7.815311908048410139e-01
7.741345816569844551e-01
7.675023813770135428e-01
7.601626133460674950e-01
7.533727392628200015e-01
7.463506404590251053e-01
7.394178435357969814e-01
7.325502186046300990e-01
7.255024091759546545e-01
7.189476583132538012e-01
7.119007790409628278e-01
7.054686798426395011e-01
6.982928894497750782e-01
6.921758549313192788e-01
6.852453929041223413e-01
6.787198377519649828e-01
6.723633996526483525e-01
6.657450538426069597e-01
6.592194927977902408e-01
6.522043940646247151e-01
6.462438281746739621e-01
6.400424119940327783e-01
6.333188575797558117e-01
6.269442075169838757e-01
6.204224138798000165e-01
6.145705332244948416e-01
6.084109315697293630e-01
6.019338728238594616e-01
5.954091612355337793e-01
5.897349191565489646e-01
5.836432660958964513e-01
5.774821493254610472e-01
5.711299304104557883e-01
5.651142459900454496e-01
5.591345661951225843e-01
5.532939817331714583e-01
5.470184209758024441e-01
5.413099785902792949e-01
5.351921040376106387e-01
5.294149680762899601e-01
5.234319401316273046e-01
5.179895031353526358e-01
5.121167050696694423e-01
5.060212946457712802e-01
5.005456062916011639e-01
4.944206802576718851e-01
4.887678957284223302e-01
4.832511395390902686e-01
4.776794352989410797e-01
4.722132045245296950e-01
4.665382500561679469e-01
4.607421636141463828e-01
4.553920353210775263e-01
4.498137717106429068e-01
4.440496029037270809e-01
4.387883304194934997e-01
4.335074132281983017e-01
4.281338345234479981e-01
4.225430633597642704e-01
4.171204843669837348e-01
4.116935082916239330e-01
4.062708983606896918e-01
4.011763891531915927e-01
3.958266106188038091e-01
3.905502651082012333e-01
3.851813332886552255e-01
3.801423235391508393e-01
3.753977214054206590e-01
3.696773386056612654e-01
3.645326289963788935e-01
3.596676584683729527e-01
3.543840533718658481e-01
3.491864726804765340e-01
3.443738328046669905e-01
3.393799061359394353e-01
3.342926932514427851e-01
3.292843647727841661e-01
3.242338786760662894e-01
3.192227058981872423e-01
3.144680314751214234e-01
3.096215077483044920e-01
3.047857435727608921e-01
2.995962028086976980e-01
2.949181235384421007e-01
2.899138591484658467e-01
2.851688203210432926e-01
2.804707392419351075e-01
2.756311349030250435e-01
2.709031470290657051e-01
2.660243787619236966e-01
2.615658206750672843e-01
2.567514631860422503e-01
2.521060856817460838e-01
2.472450272308911734e-01
2.428584760413838306e-01
2.381192354259344390e-01
2.337249594871813885e-01
2.290189970153960752e-01
2.245098064338826582e-01
2.200474944038977310e-01
2.154089589318952669e-01
2.107981889888035365e-01
2.065860279992459136e-01
2.019405118956187350e-01
1.975796593614451424e-01
1.931354237535186924e-01
1.885839318986385904e-01
1.843333979000094658e-01
1.801441418263531880e-01
1.756856282533500735e-01
1.711935950774502724e-01
1.669502967270174720e-01
1.626536153075006097e-01
1.583842140109743557e-01
1.541693881910337072e-01
1.497812403426970196e-01
1.454354091796764559e-01
1.415429813434265494e-01
1.372154618039079510e-01
1.329112976446252536e-01
1.287419222363025417e-01
1.245650931623648872e-01
1.206722144112320344e-01
1.167160024165159043e-01
1.133163805833451027e-01
1.100459294902801921e-01
1.067634881698470567e-01
1.037368915239104683e-01
1.007123391388475009e-01
9.778925543695797529e-02
9.502488304339808123e-02
9.249198212742032466e-02
8.970703938615516571e-02
8.714954531541718730e-02
8.479542914780609231e-02
8.237168629025150290e-02
7.999223926507245674e-02
7.770668011526513097e-02
7.559903891745969884e-02
7.341898700153964841e-02
7.127808664728038646e-02
6.915254592566021097e-02
6.719639068322838527e-02
6.527504410122650369e-02
6.335854499562938724e-02
6.149726792897135946e-02
5.975573882331627201e-02
5.791631372980903664e-02
5.625268660161232559e-02
5.463168410480481046e-02
5.290719039775067939e-02
5.129333403095959198e-02
4.986474077041125330e-02
4.821961576336233207e-02
4.669537606815049591e-02
4.532883029739048081e-02
4.390021297320404609e-02
4.252195381773526961e-02
4.113092224848179795e-02
3.987202869404005146e-02
3.860116241974704404e-02
3.729537244160123499e-02
3.601862703185986642e-02
3.488830173734196877e-02
3.376417013504010023e-02
3.254569461407065545e-02
3.150042500649882088e-02
3.034427335441354165e-02
2.937138618985147068e-02
2.834380204223087285e-02
2.732623958770184075e-02
2.635718886416118373e-02
2.539767865283379389e-02
2.447353278678751631e-02
2.356536017109426076e-02
2.263417171915441464e-02
2.175152855224393028e-02
2.094699714400763066e-02
2.014119190767736309e-02
1.936277133135088507e-02
1.859571878529987787e-02
1.782659855210623132e-02
1.709585456232680378e-02
1.636754891545174825e-02
1.569800417230296161e-02
1.499114015524040909e-02
1.434971864165357318e-02
1.371286331828039558e-02
1.306701610999927432e-02
1.251158124919263259e-02
1.190972453690815856e-02
1.133558955434932694e-02
1.082945073561394564e-02
1.025182525968198512e-02
9.740961523427014643e-03
9.245690903448304868e-03
8.751431407523978592e-03
8.310411795695025680e-03
7.854228924283548560e-03
7.414047537184804450e-03
6.980968429598836261e-03
6.581562618828249063e-03
6.188006879568675074e-03
5.822604847816088489e-03
5.460619281577698547e-03
5.095987716684573406e-03
4.771112176293757466e-03
4.430575371637134226e-03
4.114983640233505109e-03
3.846034718694513535e-03
3.543599832349406988e-03
3.270978633500085629e-03
3.020127862176104003e-03
2.751586881759811743e-03
2.519646591150529521e-03
2.290795749862992430e-03
2.084118924309093495e-03
1.878149357204872416e-03
1.693921263374880424e-03
1.508239241274776177e-03
1.342107073212858237e-03
1.179626339343101170e-03
1.026896348445511826e-03
8.969022453035233565e-04
7.729042556575580966e-04
6.582920865572865037e-04
5.550881294708775093e-04
4.536421037205108902e-04
3.742467929169498260e-04
2.923770885022396854e-04
2.270684765757196178e-04
1.678015306660808224e-04
1.170321256054809183e-04
7.729462145614736184e-05
4.373717676163961168e-05
2.092359675736501939e-05
6.979584386615019568e-06
1.059915152184103796e-06
5.418206897474877709e-08
0.000000000000000000e+00
0.000000000000000000e+00
0.000000000000000000e+00
0.000000000000000000e+00
0.000000000000000000e+00
0.000000000000000000e+00
0.000000000000000000e+00
0.000000000000000000e+00
0.000000000000000000e+00
0.000000000000000000e+00
0.000000000000000000e+00
0.000000000000000000e+00
0.000000000000000000e+00
0.000000000000000000e+00
0.000000000000000000e+00
0.000000000000000000e+00
0.000000000000000000e+00
0.000000000000000000e+00
0.000000000000000000e+00
0.000000000000000000e+00
