0.000000000000000000e+00
0.000000000000000000e+00
0.000000000000000000e+00
0.000000000000000000e+00
0.000000000000000000e+00
0.000000000000000000e+00
0.000000000000000000e+00
0.000000000000000000e+00
0.000000000000000000e+00
0.000000000000000000e+00
0.000000000000000000e+00
0.000000000000000000e+00
0.000000000000000000e+00
0.000000000000000000e+00
0.000000000000000000e+00
0.000000000000000000e+00
0.000000000000000000e+00
0.000000000000000000e+00
0.000000000000000000e+00
0.000000000000000000e+00
0.000000000000000000e+00
1.694797554115004372e-03
2.576092282254806576e-01
2.089266031781327193e+00
3.506224658070043354e+00
2.554734879555949245e+00
1.292707437675147508e+00
6.205782465757938571e-01
4.371138120089851919e-01
5.495285327111723017e-01
7.408111310968242824e-01
8.533792434014637607e-01
8.883921274268531398e-01
8.619331635662849100e-01
8.231267701931641589e-01
7.980878331463204800e-01
7.853391661448617667e-01
8.011744692708189231e-01
8.307419697941454961e-01
8.673605306034475326e-01
9.238217138702804476e-01
9.949514536045626079e-01
1.065478470819565038e+00
1.129133420104745378e+00
1.171350158050170842e+00
1.199167639286529807e+00
1.204274495229198605e+00
1.188716833154517927e+00
1.154263284347913254e+00
1.113390693933514974e+00
1.067061463679893185e+00
1.032966223063431999e+00
1.002858176744394703e+00
9.790433168726014879e-01
9.712490895781470401e-01
9.654631320679726292e-01
9.676518925582037189e-01
9.620025630305608644e-01
9.666242441881336411e-01
9.664166174588251224e-01
9.639877608257289010e-01
9.658643344776419726e-01
9.713487991149001299e-01
9.775367290492619210e-01
9.810244866242401329e-01
9.877930886545506217e-01
9.929518284752015811e-01
9.987469635814807400e-01
9.996311350682849373e-01
1.001740087516307609e+00
1.003364707105587339e+00
1.004847315249086215e+00
1.002961072917034846e+00
1.000445155481797466e+00
1.003697056446801072e+00
1.002073309861452932e+00
1.003882928691576915e+00
1.005396535342850450e+00
1.005676843804548026e+00
1.006693211225977436e+00
1.008776788181589890e+00
1.009495740192946744e+00
1.008961066447792376e+00
1.007728148944664115e+00
1.005655809502822073e+00
1.006336336821869626e+00
1.005087129679374858e+00
1.003637433131589374e+00
1.001988015336630289e+00
1.001534799779313145e+00
9.985764984530318689e-01
9.984242201600066480e-01
9.966149759245012119e-01
9.966445482183439175e-01
9.952501423619011245e-01
9.955124133972076406e-01
9.962025118946310487e-01
9.945254963738584530e-01
9.947365238424313860e-01
9.944107814387390665e-01
9.940625000784900633e-01
9.967740122484896048e-01
1.000171772125921343e+00
9.998800352221270948e-01
1.001200219525777868e+00
1.002155908189051425e+00
1.002597446169852580e+00
1.002722873876452647e+00
1.002183744615321670e+00
1.000826461281118407e+00
1.003321169904728194e+00
1.002468868088877807e+00
1.001115027098146371e+00
1.001079512756712919e+00
1.001160234225704215e+00
1.001197515605168231e+00
1.000971319214931876e+00
1.000138176686647284e+00
1.000908805968274917e+00
1.000430558008279736e+00
1.001270256635808042e+00
9.987236446226250841e-01
1.001016764836269113e+00
9.983666555110767282e-01
9.981775907989444141e-01
9.991864399767237392e-01
9.997167964514581673e-01
9.998560843908209650e-01
9.987427924954864755e-01
1.000513028842711538e+00
1.000664822138171095e+00
9.995163072028045992e-01
1.000735110332042543e+00
1.000509901474894159e+00
1.000511811499812387e+00
9.996744957589333014e-01
9.997641000773533904e-01
9.999196505101196619e-01
9.994393786977537886e-01
9.987967051118786799e-01
9.995054051664340466e-01
1.000287901410235047e+00
1.000703215908963717e+00
1.000640277579953219e+00
1.000351625147302581e+00
9.997588382923354722e-01
9.998336391557149927e-01
1.000735124214229055e+00
9.993284871224384913e-01
1.001494726843903837e+00
9.996569490461664209e-01
1.000301848461080612e+00
9.995068393206582025e-01
9.991459395306183655e-01
9.996585079705021526e-01
9.996757800799001004e-01
1.000056680109609353e+00
1.000137046257499440e+00
9.988446020207490950e-01
1.000579932130941652e+00
1.000544562206252319e+00
1.000528816327484360e+00
9.999649368072928146e-01
1.000418854398897217e+00
9.994027293997183037e-01
9.998742087403224010e-01
1.001235294482436311e+00
1.000266862559958669e+00
9.992149085294642630e-01
9.994626692388879352e-01
1.000490663509646661e+00
9.996542786316882090e-01
1.000886333213764523e+00
1.000356663192772499e+00
1.000279197179591462e+00
1.000500967520116413e+00
9.994944217942917097e-01
9.998090401637714786e-01
9.996280759809328398e-01
1.000998447181738804e+00
1.000310001120941594e+00
1.000887067075670434e+00
1.000143290751488889e+00
1.000724075245733369e+00
1.000227658070746761e+00
1.000323838746384197e+00
1.000423710905782304e+00
1.000827874530371364e+00
1.000431903600585093e+00
1.000352592683429798e+00
1.000154737651619108e+00
1.000512907218634284e+00
1.000615891231907417e+00
1.000685096182736045e+00
1.000573436404682992e+00
1.001181187184447374e+00
1.000498015711630329e+00
9.992632771894209842e-01
1.000612565015819300e+00
1.000451525383970308e+00
1.000408651699755236e+00
1.000468032891625780e+00
1.000474048286968287e+00
9.997631738939242174e-01
1.000075773957134873e+00
1.000762471351865690e+00
1.000277672006902208e+00
1.000307149449243482e+00
1.000548063772656260e+00
1.000339199930074807e+00
1.000286075428421517e+00
1.000492050100233010e+00
1.000378874036217614e+00
9.997397687310407566e-01
9.999401709021552564e-01
9.997071279639577757e-01
1.000187288921162043e+00
9.999955811506769932e-01
1.000361714031482663e+00
1.000627102881585406e+00
1.000350477150594664e+00
1.000642745664067634e+00
9.997476106759521919e-01
1.000026992454664532e+00
1.000570966471837853e+00
1.000157683863710956e+00
1.000376547011101680e+00
1.000074059516532499e+00
1.000591480041799430e+00
9.988836096313941093e-01
9.999077279704698951e-01
1.001084607205138255e+00
1.000304016655620742e+00
1.000306223047089382e+00
9.994992424512781914e-01
1.000538869266020203e+00
1.000584105981369376e+00
1.000516798898531068e+00
1.000390528998378104e+00
9.997395190552584854e-01
1.000637099422782672e+00
9.998713343759273453e-01
1.000475360288538118e+00
1.000107433206391949e+00
9.993330056766268621e-01
1.000779282028303463e+00
9.993022005562997023e-01
9.998064875173879873e-01
9.995524369512155394e-01
9.999884928296145503e-01
1.000607428016474287e+00
1.000680411311376528e+00
1.001026922209022008e+00
1.000492831622527001e+00
1.000097951232118199e+00
9.998564964529474963e-01
1.000491734239074226e+00
9.996114218427601950e-01
1.000379215367412700e+00
1.000813496613212505e+00
9.993477202605938192e-01
1.000179158408716740e+00
9.997713655419413481e-01
1.000204649426545966e+00
9.999614924076445366e-01
9.998172583997849694e-01
1.000192308879671588e+00
1.000274910257461514e+00
1.000153442980633800e+00
1.000053670116013205e+00
1.000244013136892596e+00
1.000471697784872216e+00
1.000453727312457186e+00
9.998035794659925202e-01
1.000110412352208877e+00
9.997360691561886226e-01
1.000116805319480218e+00
1.000336189132802422e+00
1.000004776747101642e+00
1.000875484249379443e+00
1.000553703288570073e+00
1.000349253417344153e+00
9.996881932112604563e-01
1.000046963246369547e+00
9.997544402547098308e-01
1.000421604716126067e+00
9.998423713212537534e-01
9.998691333401753534e-01
9.998172070711933701e-01
1.000277988033544840e+00
9.998846676386423660e-01
9.996664613860339887e-01
1.000031689200675755e+00
1.000086010813187487e+00
1.000250814397700916e+00
1.000437810306173070e+00
1.000954098029844141e+00
1.000061088490519667e+00
1.000438222047554726e+00
9.996113932842940475e-01
9.999770401295450251e-01
1.000710237012168102e+00
1.000044060375788746e+00
9.992278835595855835e-01
9.998741735507080675e-01
1.000374904759228523e+00
1.000368395815940836e+00
1.000061561112224773e+00
1.000588841212006974e+00
1.000121296920712277e+00
9.995452661963289964e-01
1.000283999509238519e+00
1.000033279469052516e+00
1.000222017939071506e+00
9.999939952488898776e-01
1.000447303296308155e+00
9.998697281347588284e-01
1.000421019803312328e+00
1.000590054805982509e+00
9.998648438908510627e-01
1.000040903201828701e+00
1.000091479263764960e+00
1.000245319245119502e+00
1.000442968717452530e+00
9.998532531587803751e-01
9.999873912531340725e-01
1.000426054435138878e+00
9.996841502846406380e-01
9.995180881507740311e-01
9.996958845658420190e-01
9.998619770292450637e-01
9.997571429320215586e-01
9.998531520653529681e-01
9.996103065411556798e-01
1.000054989141863970e+00
1.000200741026874063e+00
1.000685703921166958e+00
1.000161501792229402e+00
1.000442599796518284e+00
1.000321406168759308e+00
9.999457984651352049e-01
9.994484556237371864e-01
1.000170286318528223e+00
1.000229995405038430e+00
1.000155215507489315e+00
1.000031001715368406e+00
9.999589676912103986e-01
1.000125683508361174e+00
9.996742001744154393e-01
9.998119376099672273e-01
1.000163279982757336e+00
1.000145030616698349e+00
9.997275189360033121e-01
1.000351798119207825e+00
1.000247034278923142e+00
9.998415662101404200e-01
1.000229429147110549e+00
9.998880653223666259e-01
1.000221945518350752e+00
1.000505165777168415e+00
9.997949360874451852e-01
9.996049656916099480e-01
9.995094488381538467e-01
9.951858873815951911e-01
9.873013065918312403e-01
9.792937153029959152e-01
9.710277915858712694e-01
9.626022025309293184e-01
9.548211106265981352e-01
9.468855836111309543e-01
9.387579546907982575e-01
9.310270692551826377e-01
9.229636900050024462e-01
9.148581723880845340e-01
9.074379061539936675e-01
8.998058201836773851e-01
8.919997501413868823e-01
8.848528916194654537e-01
8.769186269155095914e-01
8.691611260293554686e-01
8.614083805947800876e-01
8.545423883206704208e-01
8.465954337729187928e-01
8.399221000382602886e-01
8.321779534592822491e-01
8.241442893269500525e-01
8.171288358631531024e-01
8.099371892917536231e-01
8.024164596470992894e-01
7.952074124433448077e-01
7.881527451586144428e-01
7.811119270089943445e-01
7.740143718988314880e-01
7.673041040978649807e-01
7.601315368687298069e-01
7.531539101270240399e-01
7.462933120447512447e-01
7.393359552120143396e-01
7.325623695721393824e-01
7.250587048121730493e-01
7.189803343738162544e-01
7.119300988419141607e-01
7.051979675997559482e-01
6.986788057255460815e-01
6.919351615255632248e-01
6.851202732832141207e-01
6.783587253495236835e-01
6.718984519213858642e-01
6.653355737456356778e-01
6.587824953446876908e-01
6.526607312076869727e-01
6.464686611956902418e-01
6.396355625439278381e-01
6.330953934412172357e-01
6.269745411093718968e-01
6.206365554462264233e-01
6.139135005016922442e-01
6.082534396120592435e-01
6.018391531176477960e-01
5.955181392641722971e-01
5.894089948771388254e-01
5.833732862645364392e-01
5.769064017919928178e-01
5.711779529283959045e-01
5.650376469157325499e-01
5.587827456325648035e-01
5.528421627473042443e-01
5.468849689533836766e-01
5.409865346047441070e-01
5.347814030272320940e-01
5.293833708524253723e-01
5.231939602528931088e-01
5.173164671666309333e-01
5.116464780659478739e-01
5.055735352163915897e-01
5.002782069213845828e-01
4.946327075485938973e-01
4.888105709399328536e-01
4.829879960084721424e-01
4.772566360798131679e-01
4.718685051871199243e-01
4.663307345154086292e-01
4.602786736210511265e-01
4.553261237405951123e-01
4.493996030813742770e-01
4.443012960305931514e-01
4.386409844886721143e-01
4.332842143140550051e-01
4.276761443464432988e-01
4.223026500537619965e-01
4.171390922539426338e-01
4.115255577401027431e-01
4.063745849934573551e-01
4.008674545774372766e-01
3.954591037610132864e-01
3.903301324335436417e-01
3.850011012441493796e-01
3.799941143107787855e-01
3.747687914852000923e-01
3.696441758499541264e-01
3.646106516002435294e-01
3.592527133500124092e-01
3.541521723049177450e-01
3.489384700491455771e-01
3.440722364725898874e-01
3.390122341269828921e-01
3.342274820197690399e-01
3.289048822438390696e-01
3.240918464712678748e-01
3.189463216130049572e-01
3.141935873932184542e-01
3.094429186331421611e-01
3.043350818949471792e-01
2.995533076391604932e-01
2.948486188828895460e-01
2.896619328982464880e-01
2.850726085157002654e-01
2.804253714485250293e-01
2.756079932023847712e-01
2.707326638316707168e-01
2.660342640571995987e-01
2.612570999670478789e-01
2.568989686676819151e-01
2.519111442593928163e-01
2.473056236338376235e-01
2.427489858820683077e-01
2.381115412589512315e-01
2.334338272627060895e-01
2.286906809707360266e-01
2.241873685317929410e-01
2.197681403906892872e-01
2.152827890135794175e-01
2.107809504348941709e-01
2.062480386262637577e-01
2.017980098905253761e-01
1.974312402150800727e-01
1.929866405939723306e-01
1.885101399023410285e-01
1.841404918426677029e-01
1.798904605934467105e-01
1.755455439299166143e-01
1.711913098542140466e-01
1.668549657804841435e-01
1.624291545100889356e-01
1.581691295861225866e-01
1.539894378414906895e-01
1.497462611204757599e-01
1.454723281604398122e-01
1.412067886607446809e-01
1.370504507436487440e-01
1.327223481559758611e-01
1.286190536921908711e-01
1.244892445864440311e-01
1.204773858045757040e-01
1.167306463693553731e-01
1.133153867225708267e-01
1.099183124857519567e-01
1.066411331932434897e-01
1.036432794542837821e-01
1.006880989224125666e-01
9.781676698784935731e-02
9.498244471139243028e-02
9.231891931537966611e-02
8.970370298334651160e-02
8.710231749173463767e-02
8.460126227445811942e-02
8.231484172698397273e-02
7.992242760118217770e-02
7.765915062750486375e-02
7.534634482568047797e-02
7.328592311065469656e-02
7.121606608180156006e-02
6.919699771671136701e-02
6.713745557708837575e-02
6.523011247235489807e-02
6.339863298859016449e-02
6.142688775820844688e-02
5.979760960872099185e-02
5.794665587045149530e-02
5.622181173805050614e-02
5.455378128973225466e-02
5.282494127454060578e-02
5.133119586867149198e-02
4.975632488941458820e-02
4.822705993285852227e-02
4.669178263301840270e-02
4.527637724203759095e-02
4.383919410263648064e-02
4.252367404140516144e-02
4.111434193576780916e-02
3.982376721310883910e-02
3.851548855314970710e-02
3.729261024518337048e-02
3.610710954751356755e-02
3.485262018759541919e-02
3.372115318993949146e-02
3.257183468484343980e-02
3.149239032853091286e-02
3.034048888365116839e-02
2.936867433806534741e-02
2.829949086516670570e-02
2.726653281453647604e-02
2.633015807381571677e-02
2.540295682496254009e-02
2.443762447532311574e-02
2.351168112147505179e-02
2.264375903607540944e-02
2.181219883332614906e-02
2.089617491078698749e-02
2.015800928091866437e-02
1.936473240365695070e-02
1.858249918198379147e-02
1.778772740840976752e-02
1.708554911678792851e-02
1.637091137841253582e-02
1.568751377171107367e-02
1.503446301277924432e-02
1.438191105261541272e-02
1.370811874849612970e-02
1.309296848534219869e-02
1.247333990397946762e-02
1.196880321497349742e-02
1.137464982053502070e-02
1.077901014146886820e-02
1.027723261769172315e-02
9.757776347346175383e-03
9.280742985055689606e-03
8.765973059240345089e-03
8.284522232652120552e-03
7.821821427720464584e-03
7.417367798831276532e-03
6.978726144848597726e-03
6.595254532409955579e-03
6.187205034667837486e-03
5.805823419070562860e-03
5.441495248611562079e-03
5.093965062827519874e-03
4.755012781232412396e-03
4.431150716476288040e-03
4.129938958034390199e-03
3.815258677262876614e-03
3.538514294423206284e-03
3.259297174752073031e-03
3.018100184844560354e-03
2.736064539092299304e-03
2.514983659912696685e-03
2.295665761118194197e-03
2.083593957886450618e-03
1.875076825132902802e-03
1.677479602776323813e-03
1.510080201023333412e-03
1.339287964011804831e-03
1.182219735758719987e-03
1.032213477919689208e-03
9.007434939555381123e-04
7.736067313614071244e-04
6.628221411420095154e-04
5.477961705841862330e-04
4.521130879629078718e-04
3.689030574232753513e-04
2.903247645297790105e-04
2.220037121029776270e-04
1.657258948534360101e-04
1.147776135248650695e-04
7.398002282370929196e-05
4.159054922954646575e-05
2.122118606332702687e-05
6.814949331648053979e-06
6.521548986879282432e-07
2.708685697573982201e-08
0.000000000000000000e+00
0.000000000000000000e+00
0.000000000000000000e+00
0.000000000000000000e+00
0.000000000000000000e+00
0.000000000000000000e+00
0.000000000000000000e+00
0.000000000000000000e+00
0.000000000000000000e+00
0.000000000000000000e+00
0.000000000000000000e+00
0.000000000000000000e+00
0.000000000000000000e+00
0.000000000000000000e+00
0.000000000000000000e+00
0.000000000000000000e+00
0.000000000000000000e+00
0.000000000000000000e+00
0.000000000000000000e+00
0.000000000000000000e+00
