0.000000000000000000e+00
0.000000000000000000e+00
0.000000000000000000e+00
0.000000000000000000e+00
0.000000000000000000e+00
0.000000000000000000e+00
0.000000000000000000e+00
0.000000000000000000e+00
0.000000000000000000e+00
0.000000000000000000e+00
0.000000000000000000e+00
0.000000000000000000e+00
0.000000000000000000e+00
0.000000000000000000e+00
0.000000000000000000e+00
0.000000000000000000e+00
0.000000000000000000e+00
0.000000000000000000e+00
0.000000000000000000e+00
0.000000000000000000e+00
0.000000000000000000e+00
0.000000000000000000e+00
0.000000000000000000e+00
0.000000000000000000e+00
0.000000000000000000e+00
0.000000000000000000e+00
0.000000000000000000e+00
0.000000000000000000e+00
0.000000000000000000e+00
0.000000000000000000e+00
0.000000000000000000e+00
8.408056261186380373e-03
1.168340188649276273e-01
5.055222088771991196e-01
1.236585658717944014e+00
1.978872881447215404e+00
2.538878360367568643e+00
2.879420143856168401e+00
2.993993910010679382e+00
3.040171622115423133e+00
3.003168411289634854e+00
2.830516393087446403e+00
2.756049852143561019e+00
2.553452966071296348e+00
2.449816133624362458e+00
2.302850888046176880e+00
2.166125494288144271e+00
2.073726516631461791e+00
1.990426716010609054e+00
1.901030857346538205e+00
1.837531920877221836e+00
1.734884641760449542e+00
1.624019269820365929e+00
1.494404138307161567e+00
1.339530341889802578e+00
1.238989021517787226e+00
1.164483344879131410e+00
1.123071035604675805e+00
1.101460932182440233e+00
1.112276325935076526e+00
1.130138772812804504e+00
1.127234543329605376e+00
1.135416616035577642e+00
1.143131762310105159e+00
1.136874079852558506e+00
1.132731600757664880e+00
1.122662178758982554e+00
1.111161813709686363e+00
1.084439090764396374e+00
1.070370724520439909e+00
1.063303295688228678e+00
1.060357868098340317e+00
1.042221780678228571e+00
1.043335422749698038e+00
1.018583971701130686e+00
1.029166109648041560e+00
1.031425010273894216e+00
1.027205807270745952e+00
1.034374189252207810e+00
1.025622745253818247e+00
1.026533361779610187e+00
1.031330164813276218e+00
1.016031525323972895e+00
1.013431408314507065e+00
1.009451850382178106e+00
9.971053862596215289e-01
9.990420148801352207e-01
1.003854037664920318e+00
9.818291178818677745e-01
9.931693253417556155e-01
9.939237756422670822e-01
9.783385253635219492e-01
9.820439001364624776e-01
9.836578405167005767e-01
9.864631991235283115e-01
9.868394700501598171e-01
9.906469178848051893e-01
9.868869923691938606e-01
9.837914011078877641e-01
1.001654123653901829e+00
9.859503991317825067e-01
9.896663352713761519e-01
9.932157286377447658e-01
9.952430703888646146e-01
1.011878266352531419e+00
1.000064420762673656e+00
9.978928719219798404e-01
9.997500501267669870e-01
1.006626078102560662e+00
1.007112517154537867e+00
1.004085349547447548e+00
1.002290591531050268e+00
1.003834249240247889e+00
1.000202612183422879e+00
1.006753288292873361e+00
1.003025313511846983e+00
1.000992611591592363e+00
9.971712428371671821e-01
9.989061372322977084e-01
9.912169228081724182e-01
9.975547642885609356e-01
9.928589201491686556e-01
9.939977161519917281e-01
9.934880272955487479e-01
9.948176756763942308e-01
9.897545047150622111e-01
1.000954998314145028e+00
9.975265160502809758e-01
9.936830789413158005e-01
9.984833647692710201e-01
9.909559688568829738e-01
9.994838762706894641e-01
1.004810741462661250e+00
9.994110012462469328e-01
1.003592009064748103e+00
9.947033679616023027e-01
9.971615665361556191e-01
9.923639075707532120e-01
1.004636370543737334e+00
9.995742254835356944e-01
9.933387311544243925e-01
9.946278054890791420e-01
9.980942225587686734e-01
9.888240632749922820e-01
9.920014521180141598e-01
9.986768026517113261e-01
1.006179545832547761e+00
9.998852480217933492e-01
9.893806532319509017e-01
9.928013861262481310e-01
9.941102263854291188e-01
9.999632663810013034e-01
9.994787649809437902e-01
9.929611633346984156e-01
9.937081113540050525e-01
9.962228364962273375e-01
1.005249441726410842e+00
9.935620134485019239e-01
9.954425121612784366e-01
9.961183311754494563e-01
9.956204312607017659e-01
9.929524704023138248e-01
9.953564143619163529e-01
9.998252560674749656e-01
9.911879051060230594e-01
9.961269536632039179e-01
9.946686857171126439e-01
9.919474067496623082e-01
9.961263649153624389e-01
9.966167145092912349e-01
9.939416607266332582e-01
9.952207025004503604e-01
9.969992101888703884e-01
9.970423113287603112e-01
9.886389062946988604e-01
9.983422658067300226e-01
9.904430630596123830e-01
9.968260127869484899e-01
9.941444298854407169e-01
9.967259660110828756e-01
9.952413248920213285e-01
1.001749294718184524e+00
9.957071600574920467e-01
9.972427814360564913e-01
9.998101154825547177e-01
9.958993469738939286e-01
9.983815623210484658e-01
9.994292263295565526e-01
9.940780322560034410e-01
9.909427057543940265e-01
1.000664605729154610e+00
1.002593410508934246e+00
1.001895185558215662e+00
9.952618667775583461e-01
9.986273435201296067e-01
1.000416707402098870e+00
9.981564321772206094e-01
9.993664568360501876e-01
1.004251301940765506e+00
9.967157737462393197e-01
9.997874807654438811e-01
9.994784634488121933e-01
9.994998024414808446e-01
9.960557549344163375e-01
9.998799886430177475e-01
1.000059399475294875e+00
9.935521567980055702e-01
9.963767471923505870e-01
1.005291274304936477e+00
9.966438865850012485e-01
9.938738673078949537e-01
1.002372858356370688e+00
9.941542907692777487e-01
9.986144136681104344e-01
9.997748630703393591e-01
9.973149927133188042e-01
9.994563150163382481e-01
9.966659055624578212e-01
9.975254896802164817e-01
9.976642380543709887e-01
9.998687791930520596e-01
1.000767072772311694e+00
9.978729808602947449e-01
9.986234269305525046e-01
1.000259030304853303e+00
9.970885573968204518e-01
9.971537897626905345e-01
9.988653266259555075e-01
9.955216420388520726e-01
9.944225427745310153e-01
9.994426524921932176e-01
9.896397127653642212e-01
9.963934964029762531e-01
9.976713338357534600e-01
1.004252251737994150e+00
9.996218549332080983e-01
9.945799637062842091e-01
9.995780930585498325e-01
9.957667147196079815e-01
9.969902309727172174e-01
9.987179856690779900e-01
9.966574721320405894e-01
9.981439745662029628e-01
1.000240908004127016e+00
1.002392336792174543e+00
9.993822937194333234e-01
1.002000762653838972e+00
9.980404432872088671e-01
9.973483931912652256e-01
9.989976808233601568e-01
1.000073658144774003e+00
1.000309510829429316e+00
9.941959343653388181e-01
9.966085120773970907e-01
9.958501760745751552e-01
1.000670245942251180e+00
9.978288361444063170e-01
9.970565852335954160e-01
9.959594424773283716e-01
9.998779179494103886e-01
9.979487139873758350e-01
9.918661634559609031e-01
9.994441097468805824e-01
1.000875239613861378e+00
9.940768248735798451e-01
9.948536313743501225e-01
1.001410885831713227e+00
9.989224303726899068e-01
1.003141350186662839e+00
9.961414984207518364e-01
9.994184566763976152e-01
9.959796407801004836e-01
9.956636122956238344e-01
9.986253489567069597e-01
1.000290313257559793e+00
9.996238214307772152e-01
1.000054868639351779e+00
9.986118108470402044e-01
9.968409365507573394e-01
1.000298759255874970e+00
