0.000000000000000000e+00
0.000000000000000000e+00
0.000000000000000000e+00
0.000000000000000000e+00
0.000000000000000000e+00
0.000000000000000000e+00
0.000000000000000000e+00
0.000000000000000000e+00
0.000000000000000000e+00
0.000000000000000000e+00
0.000000000000000000e+00
0.000000000000000000e+00
0.000000000000000000e+00
0.000000000000000000e+00
0.000000000000000000e+00
0.000000000000000000e+00
0.000000000000000000e+00
0.000000000000000000e+00
0.000000000000000000e+00
0.000000000000000000e+00
0.000000000000000000e+00
0.000000000000000000e+00
0.000000000000000000e+00
0.000000000000000000e+00
0.000000000000000000e+00
0.000000000000000000e+00
0.000000000000000000e+00
0.000000000000000000e+00
0.000000000000000000e+00
0.000000000000000000e+00
3.736583847241754970e-04
7.006251607424734441e-03
5.199593789173166669e-02
2.583196852308152214e-01
5.972250709492518128e-01
9.765455153463669102e-01
1.267920450663713838e+00
1.453704793773638038e+00
1.505927021173840252e+00
1.532350445426372998e+00
1.491630718065268812e+00
1.482678640074899246e+00
1.413440895449218138e+00
1.394487628756286179e+00
1.322339538200140829e+00
1.263260639382594697e+00
1.225589623305348930e+00
1.212662553249183484e+00
1.209058698351532346e+00
1.207165095221038653e+00
1.181367892059697056e+00
1.179711932441666944e+00
1.154937556269148180e+00
1.106519705034644252e+00
1.046625605929292213e+00
1.012015079315463639e+00
9.855477115746796857e-01
9.736986379571908046e-01
9.685777248813475238e-01
9.837699132035861993e-01
9.809592222186017674e-01
9.824050601760775381e-01
9.933128013314138638e-01
9.952927147333151536e-01
9.977595279727572430e-01
1.016911845616408794e+00
1.016429258656784240e+00
1.008433220642051653e+00
1.009209371060668214e+00
1.016828329024233701e+00
1.010812901508037154e+00
1.022991227817116711e+00
1.011268090369795480e+00
1.014342418569155191e+00
1.019550240941046404e+00
1.017145472363680803e+00
1.009022722152704166e+00
1.019353666572180739e+00
1.018877432017453399e+00
1.017139921090306709e+00
1.011499186465932620e+00
1.012290714734674246e+00
1.008073602549833803e+00
1.011370272627854172e+00
1.010383340229612070e+00
9.902158209694985613e-01
9.950270760972399486e-01
9.947297909507293312e-01
9.886660310186423661e-01
9.848149623905404493e-01
9.925424973761178826e-01
9.881559999784782500e-01
9.801102664997861647e-01
9.872711243947698279e-01
9.901351093538447445e-01
9.968559815281182734e-01
9.973196213349384553e-01
9.944646237685035306e-01
1.004077527146979731e+00
1.006380961395830553e+00
1.002061557857592433e+00
1.015296028807007866e+00
9.967071385861980826e-01
1.003241550178802122e+00
1.005699620643970338e+00
1.010258326125969885e+00
1.005244047883913305e+00
1.005279216575046819e+00
1.001864579672361533e+00
1.004393327821762494e+00
1.005855459423428799e+00
1.002434223156212001e+00
1.011032991919725177e+00
1.006747939691444271e+00
1.007296770511993067e+00
1.001408714526387911e+00
1.001695004518606158e+00
9.983644404268773309e-01
9.978129218725039218e-01
1.004674136742290891e+00
1.004395886882304412e+00
1.002248077403154358e+00
1.005862334529769919e+00
1.006630327371473843e+00
1.000336425688344466e+00
9.999964453530372221e-01
1.004788376717361098e+00
1.003319990327260269e+00
1.004354371137962110e+00
1.001775581994148068e+00
1.006699898068754706e+00
1.002302754403372687e+00
1.004586090372055818e+00
1.006630275792041118e+00
1.006706119035025715e+00
1.004502183935469972e+00
1.002469093634618558e+00
1.005978256812990690e+00
1.007524061305308916e+00
1.003849120210273060e+00
1.004895827593739188e+00
1.004493269231462760e+00
1.004234105736676597e+00
1.007775737556069640e+00
1.006337028974594094e+00
1.007133185778299245e+00
1.003408299530217596e+00
1.009853630860940932e+00
1.003747112072366887e+00
9.997350259624750990e-01
9.985261670673594159e-01
9.990643321178320768e-01
1.004368006915413725e+00
9.993356008048158712e-01
1.001266397840926636e+00
1.003050654621970184e+00
1.000712279798513515e+00
1.002269043427038708e+00
1.003886862287356685e+00
1.002071825885707534e+00
1.002599002004958884e+00
9.990978813426930616e-01
9.997601482343675405e-01
1.000994717416810786e+00
1.005593984692839005e+00
1.003746037382147627e+00
1.003267969093875056e+00
1.004464375373057550e+00
9.987359372637236721e-01
1.002249941923927246e+00
9.959508671450877371e-01
9.991558489618649341e-01
1.000064375688157980e+00
1.002554343533651471e+00
9.998415080748466188e-01
1.005059611202141268e+00
9.980941677114348876e-01
1.006988398495544335e+00
1.000008622233320210e+00
1.003915890601933425e+00
1.003183422690963944e+00
1.003540506059238169e+00
1.004179192804965037e+00
1.002266673995651614e+00
1.001056467592921218e+00
9.997685722758935523e-01
9.973562826123382186e-01
1.001820510509409567e+00
1.000719011216821830e+00
9.999672818059679447e-01
1.001930120899325205e+00
1.001541467021495713e+00
1.003133096109107170e+00
1.001444602238092951e+00
1.000527973471869281e+00
1.000341655884224190e+00
9.957813554241131682e-01
1.004754751677562119e+00
1.004189504198057969e+00
9.957154946925216299e-01
1.001464009591546134e+00
9.986634163822329935e-01
9.997009446279128131e-01
9.987476082708638403e-01
9.967717337210213469e-01
9.998206014428435706e-01
9.978725118182245613e-01
9.999563636591866089e-01
9.962409202894605409e-01
1.003421362506365266e+00
1.002618588854669257e+00
9.980558908369594473e-01
9.988231999152986651e-01
9.983579175486532176e-01
9.986020819024782336e-01
9.995921872626193361e-01
9.999577814505035134e-01
9.989406687383555195e-01
9.959415704491376697e-01
9.957405701339309134e-01
9.973218700350052757e-01
9.953728635889911303e-01
9.953776266667697659e-01
9.950397278256034594e-01
9.945028016836421347e-01
9.987763251149569532e-01
9.968847673929319697e-01
9.965863513578567812e-01
9.966943863790177494e-01
9.955449908405330506e-01
9.911392401267715702e-01
9.965993502448045049e-01
9.950577174182541063e-01
9.946025278485969290e-01
9.945866942070995531e-01
9.958609494123566996e-01
9.934951106409003474e-01
9.940456957963781370e-01
9.960005203987095657e-01
9.949185066430142887e-01
9.926660704631851129e-01
9.926370109197489855e-01
9.937333005769326544e-01
9.946374252215699485e-01
9.961913510239774894e-01
9.939264024982498169e-01
9.953497260668570101e-01
9.973957985021418837e-01
9.955347193236131487e-01
9.966254869448166742e-01
9.964068281261888593e-01
9.929395452469073069e-01
9.945938447377192793e-01
9.929644252036722296e-01
9.942790580951704760e-01
9.925286997157385382e-01
9.963232427480586129e-01
9.962463815352899932e-01
9.934617257165504478e-01
9.948717351994801339e-01
9.939563854155172296e-01
9.935393543046386888e-01
9.946586962316067426e-01
9.948763139205114570e-01
9.937628409948112695e-01
9.952170871160403998e-01
9.943724875963259047e-01
9.944842949386699660e-01
9.944583593877118766e-01
9.943096982681591811e-01
9.941384248520267475e-01
9.961592087681184760e-01
9.962533716118444627e-01
9.968957872091540606e-01
9.952579599801757437e-01
9.958847224026803335e-01
9.935345052611446182e-01
9.962346709441315395e-01
9.944199761165305462e-01
9.927792459492430499e-01
